120 10000
1 1371 66 104 103 54 18 120 85 33 88 57 5 20 46 111 81 42 89 74 25 115 102 100 83 101 55 63 7 77 93 14 49 35 59 15 86 109 99 96 50 16
2 1683 68 83 35 22 86 111 94 77 92 49 29 58 24 40 93 99 16 116 70 38 87 51 79 8 90 44 5 32 7 102 26 113 63 46 6 115 21 48 88 112 12 101 11 95 62 17 74 30
3 1337 114 57 107 29 60 48 83 81 11 18 59 111 66 22 30 101 16 33 27 119 88 72 113 117 82 20 38 96 79 109 7 46 51 49 95 50 34 13 76 89 70 40 44 4
4 1360 105 107 44 106 119 92 100 99 96 116 39 108 104 98 74 75 46 87 112 85 7 62 94 19 70 73 103 54 109 60 66 80 95 68 22 58 37 12 36 5 8 77
5 509 29 86 82 6 34 102 75 25 44 16 68 38 92 48 120 100 32 27 95 64 94 17 45 119 65 33 54 107 113 89 80 63 14 112 79 52 97 66 105 117 99 67 104 77 101 18 110 8 55 40 12 41 91 7 106
6 723 110 102 49 56 23 75 112 25 93 36 26 106 63 59 21 70 44 58 115 97 9 95 30 43 62 32 7 113 34 14 37 107 55 41 65 38 64 42 40 108 101 98 78 85 91 48 68 22 96
7 1869 102 12 21 79 52 65 72 23 108 30 80 34 36 74 8 104 49 94 89 56 86 44 50 113 114 33 61 31 69 14 39 38 117 13 37 96 60 107 18 24 109 9
8 862 75 27 14 26 81 23 61 114 33 45 100 34 13 48 85 60 70 99 12 10 78 42 113 80 118 120 29 21 103 49 104 50 119 30 107 35 94 17
9 1704 68 93 33 80 86 40 49 91 56 87 110 41 112 58 85 28 73 31 24 115 76 38 114 60 44 62 19 59 102 46 116 97 57 25 67 52 83 15 100 89 92
10 1188 40 43 89 12 74 52 82 87 102 32 108 115 39 72 64 46 69 53 61 65 83 47 42 92 54 99 31 98 110 117 73 119 81 36 48 62 114 29 45 107 78 50 71 24 85 11 68 80
11 913 30 15 65 13 27 115 57 96 31 40 22 47 56 19 119 64 17 71 26 93 83 99 25 34 53 58 35 91 117 82 37 79 118 89 61 97 104 63
12 1064 66 49 35 18 76 33 41 106 50 46 73 53 113 111 47 120 67 116 21 58 80 103 90 24 29 42 63 56 112 40 108 96 77 51 38 25 104
13 2380 68 25 69 109 51 49 89 14 39 108 56 38 35 24 43 44 19 59 32 87 111 119 62 74 42 61 82 46 45 20 105 23 64 47 26 41 104 67 80 76 120 100 71 77 99 107 73 112 40
14 2004 47 56 70 118 44 16 60 98 113 79 30 48 81 33 27 100 74 102 94 89 52 116 72 90 40 67 108 41 22 39 97 51 82 28 76 119 35
15 2391 20 56 119 48 73 62 83 79 22 42 82 103 31 53 67 85 75 63 104 70 41 21 114 111 106 100 101 98 51 65 44 76 47 77 17 80 29 26 43 54 35
16 1952 98 95 38 89 111 41 64 117 48 114 68 82 120 22 43 20 34 36 81 55 35 113 99 73 51 62 74 115 59 47 79 54 29 57 86 37 78 119 103 72 97 25 101 109 24
17 1239 31 103 28 119 53 76 74 67 98 27 40 73 81 107 101 77 46 25 93 57 45 70 18 59 52 35 50 58 96 62 88 66 117 26 37 89 63 61 110 78 91 24 120 21
18 558 104 39 95 98 33 61 79 28 84 30 60 100 71 91 47 87 40 49 64 56 35 34 32 29 22 86 116 102 88 105 67 107 43 53 69 99 27 20 93
19 1092 20 31 100 118 44 36 51 66 32 95 52 75 57 28 109 43 84 111 55 116 80 96 73 83 38 37 22 117 68 119 65 23 90 33 102 24 26 93 108 46
20 2259 63 33 34 35 51 71 119 84 81 85 72 110 83 64 55 23 76 44 108 31 41 94 47 114 62 28 107 103 69 43 22 29 80 25 32 77 79 46 90 58 111 59 74 40 52
21 2078 47 48 39 56 80 95 119 31 44 34 71 43 102 59 85 22 37 104 99 28 120 81 113 89 67 54 110 101 24 74 87 38 55 53 105 91 79 82 72 69 103
22 1847 49 57 47 96 83 26 82 73 38 36 102 63 99 58 60 33 109 70 66 59 25 120 64 30 91 88 31 29 40 56 87
23 936 85 68 26 39 34 73 57 33 82 97 51 67 29 98 66 77 103 45 111 41 49 84 44 56 92 120 100 58 48 86 46 47 81 64 94 62 116 88 42 54
24 2482 97 95 98 118 41 35 61 87 116 75 73 55 113 107 111 49 110 93 67 94 64 74 99 79 27 88 39 102 96 85 43 68 33 29
25 688 59 49 120 103 83 46 27 30 47 114 66 72 98 33 56 31 99 108 53 79 100 60 107 91 95 36 78 32 110 116 109 75 115 64 39 44 97 28 105 57 61
26 860 34 113 47 112 82 101 100 52 31 86 45 53 28 97 84 81 118 120 71 85 41 42 39 77 62 111 79 50 63 68 76 115 59 56 58 119 33 94 96 109 30 91
27 1911 107 112 94 98 81 117 29 118 53 83 111 71 43 77 89 40 66 110 42 44 90 36 108 33 85 93 38 50 39 47 45 86 88 106 99 51 34
28 2448 111 29 67 84 37 71 34 92 119 69 99 95 106 57 108 36 47 81 91 115 94 82 53 44 32 62 73 30 55 35 88 75 66 79 31 77 93 112 83 101 120
29 546 105 87 49 110 120 96 98 90 77 50 101 39 112 66 75 109 45 43 42 102 59 74 78 32 54 100 104 69 91 53 37 119 94 73 40 35
30 2391 60 59 49 57 39 36 111 84 42 119 55 82 89 66 72 101 64 103 45 46 58 52 100 109 85 34 75 32 80 40 93 87 69 48 61
31 1177 59 115 41 61 92 49 73 52 36 105 53 46 94 47 60 91 100 77 64 35 86 116 32 95 120 98 109 76 69 71 75 78 74 80
32 974 75 99 40 34 106 83 67 35 107 91 120 90 76 50 77 78 89 69 116 36 84 95 41 100 52 101 60 94 68 111
33 1573 92 62 70 101 117 34 49 68 38 65 107 53 40 45 87 112 96 115 44 56 69 71 93 86 85 104 67 42 64 89 98 79 51 95 116 80 48
34 1571 60 104 61 103 45 118 88 99 91 55 79 47 65 69 58 48 43 96 73 66 102 42 101 49 86 120 44 72 51 93 35 37 54 83 40
35 1391 53 112 36 62 60 118 37 49 103 65 61 66 84 109 45 56 59 117 89 55 43 105 98 54 92 69 86 50 38 119 57 111 80 44 106 71 39 102 46 85 75 100
36 1139 40 117 67 98 69 61 50 97 37 96 44 101 52 87 91 55 81 73 120 85 46 82 78 43 99 62 84 76 86 60 105 65 53 109 102 103
37 1351 67 117 74 92 48 44 61 107 105 99 77 115 91 97 111 69 51 114 75 113 96 119 90 76 53 62 85 58 98
38 759 112 50 89 118 78 86 42 83 47 79 90 100 46 98 75 81 95 87 120 80 43 76 107 104 72 84 91 117
39 1501 45 101 55 42 109 68 58 99 115 116 117 86 67 79 83 87 91 56 81 105 119 71 96 54 95 85 70 49 97 88 62 61 113 78
40 555 65 116 84 118 106 97 114 82 64 43 87 72 117 47 93 55 42 59 83 48 58 68 100 45
41 1005 97 76 110 98 79 43 68 86 87 113 63 69 108 64 92 119 99 102 85 74 66 109 78 116 91 106 105 52 88 65 57 89 84 70 56 117
42 1471 68 57 119 98 96 79 54 58 70 103 99 60 109 120 78 84 86 82 114 117 110 81 85 83 71 113 108 67 92 73 43 97 105 90 56
43 676 115 110 112 97 74 62 91 51 69 73 99 63 95 56 83 52 57 53 64 100 93 54 45 96 109 79 107 58 71
44 884 112 91 63 47 70 85 97 100 102 72 87 119 106 92 90 56 108 116 98 115 54 45 68 53 73 69 58 117 78 52 48
45 975 48 77 69 86 93 120 52 51 73 87 102 117 61 76 106 114 99 78 115 75 83 53 95 116 70 60 91 74 103
46 567 87 62 82 79 89 47 91 112 76 101 99 80 118 59 65 56 57 54 51 75 105 110 58 78 63 94 97 81 114 103
47 2337 109 111 52 107 59 50 87 117 83 63 100 94 58 96 101 76 81 64 119 110 55 78 67 85 82 114 93 112 62 73 116 102 120 103 69 98
48 1271 93 98 94 108 92 97 49 79 53 117 50 113 62 81 109 74 65 64 69 83 76 118 90 68
49 2183 52 72 104 95 73 69 89 116 86 90 55 62 77 82 58 87 65 98 74 84 59 97 120 96 79 110 83 81 108 112 78 57 56 113 100
50 2486 81 63 109 85 86 105 53 69 83 117 76 56 59 104 58 115 97 62 118 61 80 93 79 96 52 111
51 1029 105 111 99 102 118 78 66 86 65 85 110 108 113 95 72 84 98 89 59 103 94 80 53 79 93 92 88 64 76
52 1317 91 81 120 53 55 64 113 60 87 111 73 119 108 93 61 110 88 89 69 54 75 85 71 114 82
53 1389 57 71 88 77 79 65 113 117 56 101 92 60 62 64 107 99 119 80 84 87 67 96 85 91 110 82 104 74 93 58 108
54 1022 113 77 58 82 76 60 96 64 102 105 68 55 88 90 93 72 107 110 87 85 91 84 79 100 116 65 81
55 1298 62 111 108 63 74 119 57 98 73 84 82 105 93 104 60 89 100 95 83 65 91 118 70 96 85 64 115 113 116
56 1134 81 60 116 88 68 71 67 77 90 69 109 102 115 112 65 120 64 66 63 113 108 62
57 1383 69 73 76 75 85 104 98 93 58 70 77 82 106 66 116 62 64 103 95 100 78 88 65 113
58 2267 76 117 69 120 86 101 96 80 82 97 68 81 79 87 59 62 102 114 104 115 100 73 111
59 1082 113 106 100 76 118 83 108 61 74 78 85 99 105 120 63 75 117 110 112 81 95 104 98 94 64
60 986 101 65 106 114 99 84 117 79 76 85 73 100 98 108 113 93 74 62 120 67 86 89 97 119 95 66 103 77 70
61 2157 86 66 98 99 65 110 87 62 106 70 117 93 113 81 88 90 116 67 96 82 105 76
62 1316 116 108 114 83 78 98 90 91 95 105 80 118 99 63 106 111 109 75 71 94 104 113
63 1460 101 119 75 104 108 81 96 77 100 94 117 78 98 67 90 116 115 99 92 111 76 69 105 84 83 120
64 1229 105 107 73 98 119 65 110 112 93 87 89 115 116 91 67 102 120 78 72 117 79 101 108 95 77
65 1945 80 103 119 117 88 116 92 113 96 79 99 98 68 87 104
66 2352 115 69 105 71 99 118 112 103 94 95 81 114 111 117 74 86 106 87 84 79 88 97 72 100 108 113 104
67 1869 102 95 77 83 72 75 115 110 92 106 114 94 87 99 103 113 120 108 117 90 85 78 82
68 795 78 119 103 116 83 73 99 72 98 101 108 95 80 90 79 91 114 75 110 70 106 105 96 87
69 2168 108 88 119 113 79 90 111 101 89 77 97 81 116 102 110 103 73 117
70 2427 81 92 117 97 118 98 86 80 100 73 110 91 82 74 107 113
71 2408 114 100 84 104 111 102 73 85 76 98 91 87
72 672 94 98 99 76 91 84 86 96 102 119 74 100 114 73 112 95 93 120 103 104 113 118 80 79
73 1398 90 83 89 110 109 105 114 96 106 108 75 112 85 78 107 98 111 77 87 101
74 2142 100 104 85 105 110 76 75 99 78 92 114 108 103 106 87 83 113 98 79 96 93 95 94 119
75 614 104 76 114 120 97 93 113 100 103 84 88 110 91 101 108 85 78 118 81 115
76 1873 88 100 79 82 94 81 111 116 83 86 78 93 107 80 108 77 117 101 103 105 120 114 118 90
77 2209 108 84 106 120 100 95 112 101 110 119 80 91 118 87 88 109 99
78 2008 114 119 99 104 87 118 96 109 103 85 101 98 94 91
79 643 100 110 85 102 95 109 112 108 99 91 111 113 94 97 81 89 86 120
80 1448 112 108 114 107 118 82 97 94 106 91 95 101 103 84 111 102
81 1993 104 89 90 117 114 92 110 119 97 115 113 101 95
82 729 110 96 92 95 112 111 85 104 91 100 107 90
83 1822 111 85 84 106 95 98 99 115 117 89 88 96 116 105 119 86
84 2439 94 105 113 120 104 95 96 103 102 119 107 101 98 117 100 112
85 1252 120 87 86 109 114 108 104 115 101 116 96 117 113 107 95 89
86 2177 89 91 99 94 120 116 111 112 101 95 100 102 108 115 113
87 1073 90 112 100 89 106 111 117 120 99 118 108 116
88 1692 107 99 119 109 118 101 113 115 120
89 1943 100 98 105 108 119 91 106 92 94 96 99 115 93 116 114 97 117
90 1212 103 113 120 112 99 91 100 118 96 110 109 115
91 2178 111 104 95 96 116 100 113 120 108 97
92 1599 111 99 112 93 114 105 106
93 1585 100 102 118 103 94 104 97 98 111 107 120 115 109 116
94 694 95 98 115 99 100 104
95 1886 113 104 120 97 111 117 106 102 116 114
96 1029 100 113 109 115 114 104 116 108 106 118 119
97 2103 98 99 102 101 104 118 106 119 114 107 116 113
98 811 100 104 116 120 115 119 99 113 117 109 114 101 102
99 882 118 116 103 101 105 112 106 110 109
100 1328 113 119 105 102 110 116 112 103 109 101
101 737 119 105 113 112 118 108 106 102
102 2347 118 103 105 108 119 109 113
103 1057 107 116 105 119
104 1635 110 115 106 112 107 119 120
105 1988 117 106 110 115
106 1171 119 109 120
107 564 108 113 116 114 115 117
108 1253 114 117 120 110 119
109 678 110 114 119 120 115
110 2265 113 115 117
111 2201 113 115
112 2171 119 120
113 2052 117 115
114 1522 117 118 116
115 1667 120
116 2361 117
117 1199 120
118 1797 119
119 1552
120 2199
