250 10000
1 2264 133 145 161 126 243 124 159 110 99 189 122 173 116 153 246 164 130 206 88 98 226 154 38 191 31 152 166 135 42 169 26 196 168 56 102 165 62 68 32 8 21 13 33 82 213 212 128 59 227 242 198 11 119 84 220 139 170 238 186 155 215 74 94 202 64 249 136 23 6 143 233 111 158 149 91 192 144 55 66 120 193 97 85 184 24 29 214 151 180 235 16 25 46 5 58 125 118 179 107 17 89 106 232 34 201 157 105 93 146 63 228 197 176 96 223 76 86 81 83 218 156 73 35 250 123 204 131 7 95 113 18 43 240 60 90 129 199 67 211 54 37 121 167 225 163 230 36
2 2368 61 66 111 196 243 106 182 172 246 155 126 21 13 63 142 165 53 200 97 65 154 211 153 98 81 143 110 32 121 83 244 124 184 160 88 164 151 27 38 179 14 75 193 223 212 156 116 218 198 125 208 138 188 132 140 168 227 112 17 137 104 158 195 186 56 148 129 103 123 93 117 5 72 149 167 28 49 136 194 25 247 163 169 225 175 214 217 89 69 73 29 101 224 229 235 77 48 41 60 57 33 114 139 54 231 90 35 52 181 131 34 207 130 215 79 192 249 248 226 210 216 80 204 3 15 115 152 45 64 8 43 119 127 71 22 187 150 197 144
3 2078 146 71 129 187 159 225 4 189 60 12 160 66 15 34 106 96 49 151 204 191 6 199 56 77 193 133 169 147 19 140 10 210 70 194 134 73 203 197 69 9 198 173 14 245 74 75 156 59 114 228 40 172 68 218 208 123 20 47 62 31 148 235 240 13 119 42 24 130 183 145 128 184 22 192 230 51 214 236 158 116 67 243 141 185 55 161 150 53 166 216 207 249 45 143 122 250 170 17 131 18 90 79 234 205 132 247 174 206 115 222 98 30 171 155 227 7 57 223 35 196 107 81 220 125 162 105 44 111 142 179 144 233 87 176 8 5
4 865 89 190 42 111 246 200 216 84 163 96 33 132 123 91 71 128 43 245 81 27 131 248 54 178 23 49 8 143 192 93 218 61 52 227 82 55 240 22 76 74 9 101 183 5 249 155 79 202 97 226 201 31 241 67 153 65 28 161 173 189 185 70 59 164 18 77 213 175 142 247 181 135 117 154 187 7 87 229 198 150 194 244 235 35 193 225 48 159 78 239 195 106 199 146 148 46 83 113 139 188 34 63 45 114 10 223 231 136 238 170 72 203 236 68 177 129 230 90 197 53 210 219 40 120 122 64 186 26 124 88 224 75 17 41 228 29 25 95 169 166
5 2453 229 231 197 80 193 176 27 75 59 155 124 246 54 145 82 167 148 53 50 118 109 77 169 97 218 63 39 12 213 9 121 241 203 96 211 236 198 17 133 243 158 212 139 147 178 196 13 34 207 239 185 64 55 235 194 181 29 22 159 130 83 222 85 162 166 216 204 19 209 206 110 170 46 76 227 102 18 103 172 188 179 36 23 7 157 92 135 79 153 182 177 171 33 113 123 187 132 6 180 11 86 129 78 134 62 40 100 154 30 163 217 106 25 244 144 21 161 74 68 195 105 242 210 28 186 214 228 230 143 35 151 94 174 31 71 101 89 99 120 199 192 72 238 225 60
6 1399 220 21 124 13 96 249 169 52 200 168 142 34 71 67 221 229 11 117 129 126 131 150 90 39 176 242 20 208 149 141 237 109 83 80 147 88 16 137 231 183 54 166 198 182 41 165 143 19 215 115 66 241 233 128 139 106 26 111 245 230 72 30 119 62 232 97 213 47 77 136 154 8 140 10 25 110 240 181 12 86 100 44 63 113 199 104 75 211 55 32 9 162 107 217 172 85 227 43 132 127 78 27 204 163 56 74 218 222 60 14 179 98 65 59 223 205 17 244 135 157 160 202 248 93 64 224 170 121 155 87 18 33 82 103 153 94 31 122 24 46 112 38 144 152 234 185 184 226 145 108 175 123
7 835 78 52 181 9 142 201 230 83 21 25 166 199 176 248 116 173 119 65 85 180 131 57 210 242 98 71 96 233 12 189 104 15 235 20 229 106 128 48 225 93 125 129 44 47 167 150 8 100 58 132 123 114 218 212 68 227 157 237 144 30 177 213 88 172 124 247 95 34 239 209 192 241 169 120 115 170 66 31 197 87 51 193 224 194 175 139 94 113 39 217 107 73 178 152 134 37 219 102 137 174 10 79 232 42 179 214 185 163 126 228 18 154 103 133 250 121 191 32 84 146 29 36 206 155 147 223 245 187 138 148 135 140 80 207 112 91 198 151 149 64 203 204 161 211 118 130 69
8 1421 154 222 37 120 156 218 158 242 52 69 175 34 100 239 58 114 173 135 181 118 71 184 85 217 83 210 36 88 232 14 185 62 11 76 105 220 191 23 250 212 29 187 55 28 78 80 133 109 98 137 39 149 213 228 195 124 151 150 131 13 192 50 93 142 198 24 77 172 157 139 45 40 138 127 155 174 233 178 215 10 144 193 202 146 107 201 225 221 27 197 140 223 190 238 61 32 206 171 244 9 229 147 99 188 75 183 94 43 134 26 248 108 129 84 119 200 64 18 60 123 170 82 204 112 67 116 22 21 16 152 179 189 102 211 182 65 125 33 31 205 219 227 41 48 51 110 143 245 207 132
9 709 142 217 224 40 225 152 32 176 52 168 219 208 190 122 139 37 85 229 50 156 33 160 63 51 198 77 187 233 13 249 195 12 20 24 146 75 154 90 70 16 102 91 57 104 92 35 103 220 71 188 96 127 126 48 157 95 111 246 74 149 155 10 39 130 169 221 82 194 230 243 172 189 199 87 113 119 41 212 181 184 60 11 202 34 165 145 204 23 147 69 179 215 241 80 112 44 196 98 43 58 180 128 15 38 240 29 30 244 47 231 131 121 110 36 78 132 134 68 222 143 84 211 153 81 86 210 205 247 144 73 19 218
10 2112 44 66 151 110 220 102 16 127 193 241 36 138 152 23 137 250 11 156 249 237 236 58 206 219 26 64 222 74 153 106 131 246 59 42 117 190 162 67 239 171 15 229 173 40 71 84 139 46 65 55 108 18 80 168 119 31 188 230 51 29 94 142 25 208 209 116 105 191 163 17 47 28 247 97 244 141 195 99 216 135 52 226 192 125 178 177 232 115 143 180 227 79 210 88 129 234 123 221 187 202 175 166 33 39 149 194 89 213 203 136 130 85 69 50 199 147 82 90 215 92 22 98 174 34 245 63 159 62 111 211 160 120 207 154 169 182 200 167 12 109 217 201 104 161 38 214
11 809 237 131 129 209 83 42 155 55 149 93 70 47 79 24 136 180 168 36 57 44 132 203 239 58 43 114 63 167 16 104 242 190 92 247 32 121 165 199 86 192 46 158 153 156 225 230 229 212 123 218 144 99 34 166 53 148 139 72 210 19 25 228 214 206 78 191 235 88 119 14 12 173 68 172 75 100 181 106 122 94 223 201 184 222 33 196 37 81 112 183 137 145 189 105 127 216 90 98 182 45 84 176 227 49 208 54 31 39 20 152 40 64 76 150 71 17 134 186 211 245 193 151 135 116 41 29 232 142 143 82 117 217 204 187
12 1589 60 84 27 162 239 14 19 44 116 220 104 205 176 32 204 111 214 58 57 107 129 88 128 174 182 102 25 154 122 68 183 120 247 232 219 121 64 65 22 110 100 206 210 194 133 118 108 136 211 215 167 153 109 97 234 163 74 72 18 93 159 103 213 87 70 53 24 21 173 209 158 89 186 50 222 157 69 132 185 73 33 76 37 188 114 15 13 227 166 81 170 156 66 42 193 40 45 43 83 228 17 41 135 161 240 201 241 77 178 221 233 244 237 49 98 202 59 117 249 39 30 82 172 165 149 130 46 155 90 138 242 144 145 225 148 195 80 113 180 127 31
13 933 215 234 193 192 77 195 245 203 56 184 36 216 68 244 58 16 175 168 130 149 147 161 28 172 117 132 93 187 115 52 151 163 218 74 92 167 19 190 105 224 119 73 78 88 238 174 18 170 15 217 171 144 81 213 75 45 111 158 33 128 143 97 142 183 129 210 131 196 80 63 23 235 91 138 181 38 211 99 154 24 21 118 155 126 230 159 148 188 240 55 250 182 22 29 107 109 89 62 51 61 236 67 82 110 204 219 70 226 122 37 228 205 103 101 145 137 112 79 180 146 201 233 157 64 71 166 207 86 121 96 84 194 42 83 248 198 220 53 136 59 100 65 60 243 41 197 49 186 153 202 26 221
14 1839 39 101 98 136 145 177 205 112 46 157 48 158 109 248 113 64 233 124 122 15 128 84 123 52 249 114 82 120 188 223 23 187 75 154 234 141 69 108 140 83 94 22 88 87 220 106 215 61 197 34 73 148 168 199 24 99 226 198 222 81 131 57 74 200 40 221 146 203 192 41 155 184 151 179 211 62 196 240 161 228 86 17 207 111 247 91 237 152 107 110 50 79 102 47 117 85 170 174 27 26 250 208 232 54 103 36 150 137 190 144 63 229 242 178 72 105 104 115 245 235 31 139 153 213 149 16 118 191 18 246 76 167 42 241 59 195 95 162 225 127
15 813 212 54 176 151 95 141 148 205 114 50 23 62 42 49 172 79 58 99 137 153 241 165 57 64 96 128 184 93 32 223 238 136 78 250 218 182 117 196 90 60 21 197 77 249 245 51 115 91 155 139 191 210 56 27 84 129 162 101 39 189 146 240 190 226 105 200 157 31 55 215 214 98 225 167 29 104 198 17 130 119 233 156 112 34 208 132 85 73 181 144 113 125 201 72 134 52 71 143 227 80 216 133 41 47 177 221 48 243 199 111 123 224 109 118 234 122 247 231 66 166 163 185 45 53 180 206 70 24 126 229 195 160 110 107 179 82
16 932 162 31 125 117 44 145 82 226 46 65 32 240 197 128 121 239 175 204 52 90 75 110 192 178 56 189 167 103 61 105 163 222 181 45 183 208 123 87 179 23 201 206 168 139 79 89 190 67 217 34 98 172 218 71 20 196 228 157 185 60 199 184 144 193 159 37 241 26 59 38 140 94 147 236 93 160 101 122 25 171 62 18 245 133 130 169 180 153 143 211 17 27 69 207 29 136 213 35 114 191 186 230 84 223 43 113 92 74 247 42 235 73 216 78 234 81 165 24 53 85 151 203 124 72 148 102 166 99 33 200 30 225 83 57 22
17 1589 77 144 209 88 153 167 68 183 89 143 214 64 29 226 224 198 127 203 107 204 175 63 141 125 102 154 74 67 241 103 152 46 147 218 45 194 30 163 52 156 65 142 50 32 101 178 245 217 98 242 202 187 210 215 206 145 112 213 84 240 113 216 162 196 124 149 238 108 179 231 19 244 236 87 79 161 171 54 173 86 126 208 81 151 120 44 73 225 166 200 33 248 189 21 104 207 116 122 58 186 195 131 165 115 220 140 94 36 18 24 91 184 43 56 205 82 136 190 39 227 160 193 109 157 76 228 100 211 75 212 106 105 85 80 191 169 111 148 219 60 95 139 96 72
18 2415 135 218 39 123 89 113 84 19 105 78 169 98 229 178 71 219 179 233 202 177 170 158 53 246 217 65 96 48 40 155 194 137 38 37 234 208 243 35 203 242 143 125 104 215 159 153 110 103 127 56 171 172 232 75 50 106 80 200 206 36 29 191 211 85 152 131 195 54 145 92 240 61 142 45 116 120 21 30 99 176 186 100 237 115 228 250 118 130 72 33 154 58 136 209 184 175 156 230 173 223 47 34 134 114 57 20 93 197 190 244 79 24 64 44 66 124 117 189 185 43 26 196 204 144 224 166 207 107 86 168 174 101 32 162 69 248 216 88 23 140 187 51 77 249
19 1617 74 221 212 134 205 197 230 81 86 226 115 207 67 249 141 32 60 42 112 132 244 144 140 160 161 137 235 80 92 96 82 209 59 55 45 71 77 23 129 228 175 173 200 150 193 20 227 63 87 31 241 151 48 124 149 125 94 238 131 93 184 156 22 208 70 170 180 43 225 106 211 139 111 245 101 190 183 187 35 64 195 75 136 166 84 143 199 219 26 120 62 154 104 242 128 203 68 165 110 217 49 194 174 33 109 73 148 201 248 179 229 122 155 181 223 169 91 98 243 90 196 102 220 216 57 95 105 127 147 178 30 113 138
20 2162 166 80 160 220 127 240 198 91 44 75 250 214 228 221 105 95 51 225 39 118 133 126 224 188 172 128 215 183 142 212 199 70 153 124 175 209 186 98 78 196 121 47 28 229 232 48 49 235 189 132 147 185 222 122 193 97 81 237 32 54 162 134 216 99 230 169 71 119 123 154 73 43 182 37 21 113 114 140 74 159 110 244 187 149 167 23 30 31 206 138 207 148 245 63 234 60 87 226 141 227 242 197 191 200 33 92 135 139 29 50 120 231 67 217 76 143 24 168 66 86 202 246 41 201 116 178 34 72 115 64 243 152 129 163 90 62 27 56 248 25 106 89 170 157 238 131 208 145 181 125
21 1887 214 61 163 205 25 193 217 237 55 130 87 58 39 160 215 227 216 169 159 218 208 40 150 153 62 201 111 54 107 85 219 32 136 182 34 238 51 242 65 207 188 186 212 234 240 97 239 112 117 145 235 56 156 52 146 110 172 43 171 66 116 137 47 98 236 140 151 75 152 94 106 158 232 96 89 64 114 199 73 161 69 187 233 196 127 141 178 162 35 138 50 27 185 180 57 45 246 88 24 71 105 67 93 108 92 222 175 37 22 121 83 245 148 70 31 224 33 230 210 168 198 84 209 226 133 228 102 122 194 42 202 203 174 60 91 119 131 53 77 63 120 125 249 26
22 2379 143 151 80 106 165 77 93 244 199 98 221 104 86 92 118 46 145 178 210 100 208 61 23 89 130 146 203 24 224 174 249 234 71 163 200 120 243 48 213 217 58 83 186 43 79 78 35 189 62 194 218 192 50 229 102 206 28 211 60 95 179 156 225 162 52 74 201 134 31 55 230 181 185 53 236 103 187 171 191 25 148 228 219 82 49 197 34 212 33 135 65 129 73 69 128 112 105 152 235 39 223 159 241 180 37 85 26 27 161 41 44 117 136 220 184 183 76 88 239 207 63 188 175 214 237 141 133 149 195 126 240 232 119 109 204 51 132 40 32 144
23 1277 131 204 67 27 107 50 29 215 122 124 41 63 56 198 185 173 25 75 98 161 250 84 176 34 127 156 51 195 192 194 71 104 135 201 164 181 178 228 202 101 233 90 66 209 48 243 158 37 70 117 145 113 168 231 238 93 64 242 58 76 244 240 118 77 68 160 36 226 159 191 157 211 87 125 43 95 212 236 180 229 106 35 249 38 105 97 225 237 112 224 123 134 235 32 115 245 108 65 72 78 189 39 49 88 45 102 96 60 53 136 200 190 218 196 31 151 155 220 248 92 144 223 165 74 62 86 111 55 132 109 170 46 197 83
24 1414 88 42 27 171 77 241 38 159 124 157 54 172 233 102 213 116 186 230 202 105 228 206 212 92 249 184 142 29 183 242 70 247 64 187 208 196 83 158 219 65 52 238 224 26 60 95 221 97 120 96 239 141 237 190 58 79 231 99 34 225 59 50 194 103 53 215 170 45 107 117 90 185 91 48 162 148 129 193 98 173 126 218 139 234 35 199 28 160 179 109 114 226 101 222 68 43 244 131 84 246 192 25 201 122 197 72 76 248 136 232 31 152 188 245 161 39 56 104 115 175 46 100 130 127 49 118
25 753 153 240 157 52 70 152 147 150 58 194 197 146 31 245 62 117 106 155 116 29 156 37 67 127 104 119 141 40 164 135 235 79 113 193 182 165 49 188 180 139 108 34 138 97 95 130 77 88 184 36 43 84 176 159 41 228 63 210 227 105 27 173 83 124 30 125 128 226 238 66 189 28 198 26 38 100 94 39 170 44 203 249 144 219 137 209 192 186 68 86 85 171 102 129 54 65 143 73 242 133 78 163 91 57 109 161 175 136 99 123 241 231 196 236 87 229 61 32 35 120 122 212 181 167 71 134 101 59
26 2095 62 190 115 142 244 134 125 75 92 204 63 40 224 147 143 127 82 90 64 57 43 76 129 78 232 246 149 97 181 189 96 138 110 173 197 215 126 158 100 53 230 168 27 194 93 145 119 105 248 104 72 118 180 68 228 31 41 47 151 83 91 250 176 227 239 89 56 178 136 155 135 29 69 111 81 203 94 208 84 49 120 166 113 163 124 171 117 132 28 85 152 205 160 211 226 218 36 77 141 65 185 234 70 241 148 128 150 35 60 156 139 209 116 154 212 161 237 200 44 192 174 108 157 159 245 175 170 238 45 123 114 249 54 59 206
27 1293 40 138 103 93 210 181 101 57 165 97 244 214 211 145 212 32 133 174 87 186 64 43 147 202 130 236 108 173 154 216 115 180 160 191 76 193 111 114 92 209 146 102 150 149 28 135 128 91 79 176 175 49 44 241 200 123 163 185 238 30 142 168 118 119 45 127 141 31 71 243 249 88 35 158 73 105 56 85 151 120 70 100 148 203 159 69 67 106 166 63 225 81 190 58 68 77 221 220 228 55 140 33 246 239 240 213 155 245 98 51 89 112 36 121 65 152 59 217 60 144 223 113 110 182 188 54 50 222
28 1604 183 170 61 53 238 81 114 95 29 58 152 43 178 144 191 246 107 126 167 225 211 30 210 142 168 203 187 71 215 156 42 204 39 97 177 130 239 200 113 198 119 153 88 94 158 189 151 104 175 216 231 75 93 121 70 193 72 76 235 79 96 55 202 101 229 159 111 35 209 208 32 205 40 74 233 212 50 226 245 91 196 181 73 127 171 125 241 134 92 112 182 59 174 179 100 145 190 56 244 57 188 69 147 138 184 89 219 38 116 249 173 66 83 34 243 146 115 82 131 84 77 36 218
29 1145 90 191 134 116 41 129 175 240 44 100 167 170 108 177 153 42 159 143 85 135 128 95 246 229 40 133 145 125 221 230 75 171 141 214 165 59 236 38 124 87 205 196 114 79 216 66 200 192 123 160 154 74 91 35 203 136 49 138 151 238 204 147 172 140 202 105 112 63 70 182 158 228 146 130 223 208 232 243 83 209 61 88 76 118 189 103 193 96 144 190 157 52 207 248 47 132 150 249 239 65 50 210 57 194 137 82 149 115 32 33 77 93 101 34 120 152 139 48 213 174 212 164 198 54 45 72 217 162 169 109 69 231
30 2126 131 84 135 96 221 120 33 248 60 174 149 107 87 48 155 110 152 65 86 74 170 210 165 182 61 200 80 66 32 234 160 184 211 250 175 95 124 164 209 129 214 130 168 245 197 94 42 176 88 64 133 205 213 138 125 190 240 158 117 76 224 100 35 59 83 109 212 161 56 157 144 122 40 43 180 85 105 226 242 44 121 46 207 236 218 37 233 118 153 78 77 82 192 150 193 148 145 67 36 169 249 104 181 69 219 187 143 222 232 229 52 62 195 137 171 113 92 241 47 177 93 103 203 90 146 54 172 108 243 225 156 179 141 127 185
31 1274 130 179 89 246 85 242 61 219 74 181 77 227 199 86 213 57 233 223 192 139 37 43 214 137 243 83 138 88 208 72 166 100 66 144 203 127 54 157 170 113 103 64 115 55 96 47 81 190 122 156 42 191 75 33 183 218 171 200 34 41 126 102 105 247 174 154 49 87 236 51 129 38 206 224 98 141 201 237 70 163 110 193 92 91 205 132 249 119 120 189 116 40 147 145 165 50 225 151 65 238 125 164 76 239 152 124 118 146 36 240 202 235 69 204 62 150 117 45 48 169 185 168 106 231 101 35 195 184 197
32 908 34 51 114 155 168 57 250 143 164 249 193 227 79 106 46 78 231 120 243 181 171 216 67 167 36 213 45 221 140 102 197 76 170 83 151 127 144 52 211 223 190 122 43 48 135 196 58 169 98 224 121 232 119 202 49 240 116 248 63 191 226 134 215 82 42 246 90 225 108 200 179 124 159 109 105 40 100 84 239 103 99 75 207 125 37 156 154 218 65 175 56 69 166 201 81 47 141 61 107 237 233 71 189 158 238 86 87 85 183 66 117 177 35 131 126 104 152 242 137 161 89 235 142 178
33 1994 219 82 98 112 149 52 138 109 126 116 179 42 234 104 215 121 159 93 38 203 244 132 220 85 70 75 135 212 73 214 169 246 131 46 188 88 194 174 239 57 151 101 37 232 76 230 161 123 78 187 172 198 155 231 180 111 68 233 144 166 160 235 74 213 71 245 176 147 191 90 92 237 158 221 45 152 124 162 129 227 241 175 103 143 40 240 50 35 177 95 209 120 225 118 170 108 167 186 86 106 107 39 141 100 89 223 72 83 54 156 163 142 181 199 53 96 206 224 168 67 133 192 110 60 190 114 185 183 148 77 250 94 87 66 41 125 165 102 139 157 128 236
34 2409 173 99 170 68 60 46 150 119 120 111 237 127 138 122 52 192 75 82 213 69 53 243 178 38 210 110 130 44 91 227 216 191 160 132 48 65 161 81 159 140 157 163 58 231 242 224 55 195 184 211 172 74 92 85 41 36 149 147 72 134 194 83 222 64 125 109 73 144 167 86 183 250 103 153 113 118 148 181 143 96 189 116 37 126 35 141 51 94 229 200 115 197 187 193 155 124 145 128 67 201 176 114 218 104 78 223 188 245 215 71 42 45 249 93 199 162 98 101 88 205 185 146 177 220 214 232 169 171 212 70 151 208 156 244 174 186 179 139 80 207 182 158 234
35 831 190 174 245 108 219 55 116 133 78 171 53 129 234 123 180 41 236 127 243 212 185 169 159 132 229 161 238 240 67 66 214 84 44 73 203 187 183 146 114 68 45 109 217 246 100 119 248 103 122 121 239 211 230 149 199 221 113 164 87 139 120 91 42 135 125 85 58 163 136 201 117 124 79 40 130 194 220 192 71 95 197 228 202 137 94 232 88 156 233 177 99 76 152 46 148 63 112 143 223 82 204 38 128 64 70 224 249 104 153 193 215 140 227 206 81 226 160 74 165 110 97 61 98 200 47 167 115 144 179
36 1503 195 85 111 199 180 170 105 120 239 226 204 246 247 132 55 133 189 147 68 43 112 242 241 124 79 74 248 73 178 153 221 207 205 75 49 131 96 167 83 154 135 224 108 129 216 181 127 140 95 130 109 157 114 58 122 54 213 191 90 160 77 227 117 103 249 177 64 65 176 218 198 231 123 174 206 238 142 223 179 143 37 110 53 146 102 42 175 92 88 145 106 156 94 186 243 61 107 235 233 84 211 190 104 158 164 162 173 245 230 236 52 244 201 41 121 59 165 237 78 71 240 225 229 82 44 185 137 63 202 184 141 203 161 200 219 128 69
37 1307 181 171 235 59 105 197 185 229 146 82 97 175 107 115 66 139 120 226 69 206 71 116 149 187 83 156 180 196 153 90 202 244 245 228 200 182 150 109 241 199 214 151 224 234 106 236 93 62 45 41 212 112 134 216 65 165 95 39 148 239 129 126 137 75 231 102 58 222 72 47 117 49 136 247 220 207 191 145 101 184 104 79 183 100 194 81 74 127 154 218 237 87 46 73 215 195 48 130 38 186 133 64 56 128 144 249 164 232 138 173 96 230 103 160 188 140 246 124 121
38 1166 115 195 164 64 221 141 127 117 101 208 45 190 202 120 44 185 228 50 223 206 71 162 114 230 46 85 189 246 233 65 103 170 130 129 180 94 119 231 58 48 224 168 87 210 110 155 132 106 102 161 241 177 172 59 192 169 52 84 200 49 171 88 89 150 217 68 83 219 191 235 76 214 220 97 51 124 91 197 78 82 96 238 165 216 211 194 232 167 250 128 108 159 187 144 240 118 198 72 79 154 60 160 222 236 166 199 126 66 237 178 184 95 182 135 205 105 99 248 112 147 43 67 196 40 69 109 104 125 245
39 1981 206 87 194 249 138 51 63 104 211 147 191 167 247 232 123 124 150 250 106 219 159 73 192 139 116 222 117 81 186 43 156 68 111 105 215 213 120 229 102 61 90 131 246 196 183 58 130 236 178 115 74 42 171 177 50 80 187 56 69 154 83 142 71 175 199 40 223 52 112 164 113 57 198 72 134 221 161 160 184 53 77 97 153 95 157 216 70 108 224 85 197 149 203 146 155 169 86 121 241 180 181 248 245 217 48 88 136 143 128 168 234 189 204 208 46 233 243 45 127 79 118 210 172 151 244 122 119 240 144 238 214 209 231 65
40 1516 46 157 153 244 53 118 237 145 90 207 126 170 179 116 58 177 158 89 135 81 94 191 147 101 112 61 160 159 107 111 228 80 114 181 83 43 110 242 124 65 99 205 215 180 45 133 226 178 209 250 236 222 239 84 129 130 70 86 144 182 162 229 152 63 79 217 77 210 100 115 104 192 146 49 195 166 143 185 224 141 137 168 62 91 171 235 57 211 156 119 113 88 117 167 95 233 42 216 92 197 93 155 172 150 184 225 243 103 59 85 232 220 96 198 69 47 214 194 50
41 2335 208 158 140 61 120 49 235 220 135 164 236 56 105 107 186 75 153 131 44 80 176 95 150 78 195 82 243 43 147 71 156 189 222 103 212 79 117 77 168 179 230 247 227 102 134 76 133 209 119 97 205 45 57 73 70 63 132 100 223 67 183 207 129 148 182 228 166 128 169 123 192 242 65 187 52 233 53 194 72 225 231 152 165 81 188 141 109 138 217 244 115 146 68 191 64 202 122 190 213 136 175 112 159 151 55 237 245 98 224 96 60 177 171 62 47 114 201 172 198 216 89 197
42 1847 189 195 117 164 159 209 65 207 190 54 94 91 123 245 228 161 82 132 141 118 250 152 197 68 187 243 156 220 172 196 160 109 95 158 53 51 110 143 89 56 80 71 144 90 113 121 50 237 242 47 142 87 153 167 57 129 198 75 138 93 212 201 55 178 208 180 64 149 241 223 104 81 211 101 162 165 92 108 84 102 202 45 177 52 154 236 133 131 151 112 224 96 217 46 79 219 246 194 60 230 225 147 62 204 105 188 134 203 218 214 114 98 247 168 137 235 72 166 140 59 193 191 155 227 66 77 150 233 63
43 2162 195 110 46 124 221 91 229 78 156 224 165 57 200 127 222 219 106 76 87 126 44 216 174 140 203 113 104 150 79 191 97 146 101 234 198 93 142 176 228 109 145 211 71 171 188 134 98 105 186 248 103 189 133 240 75 183 85 117 168 119 214 56 159 193 208 138 54 69 169 50 178 48 233 129 232 132 149 51 213 94 95 66 100 112 74 162 141 108 120 88 205 184 53 212 163 122 131 231 73 151 194 167 175 67 65 223 215 155 230 238 204 187 47 64 84 157 128 181 60 177 225 170 158 136 125 152 180 144 107 179 226
44 768 62 200 226 58 71 57 53 250 143 114 92 169 184 208 209 181 187 223 183 231 177 158 96 152 192 119 59 162 123 216 121 120 186 224 221 204 88 212 188 124 243 135 132 167 64 50 52 225 155 161 214 247 141 171 232 198 194 203 108 77 234 68 160 219 106 80 63 87 228 86 118 176 175 144 93 244 126 172 125 180 233 134 111 75 105 206 45 151 145 69 156 189 185 150 241 220 137 159 249 49 129 230 174 104 60 131 61 79 202 201 94 136 153 95 116 242 229 197 74 142 99 73 110 84 148 149 133 115 236 193 81 218 222
45 1186 131 202 127 129 67 73 98 170 180 53 143 151 150 214 235 112 203 132 183 196 135 126 104 188 200 70 116 173 174 123 209 169 60 130 81 105 107 75 159 83 167 117 154 61 68 115 133 79 72 199 198 208 195 242 212 59 136 84 142 57 233 176 193 69 165 119 47 216 205 78 91 186 237 74 190 87 50 164 108 99 96 160 228 124 227 175 226 100 194 189 197 178 88 168 187 153 49 106 62 204 52 92 248 206 166 58 94 144 161 110 215 179 223 241 185 109 138 182 192 77 103
46 2032 165 114 144 179 128 155 168 123 87 157 59 125 210 224 145 238 130 92 247 225 109 106 248 96 118 147 52 249 241 80 105 60 191 142 200 250 189 113 74 243 216 76 172 186 188 121 107 203 181 98 65 212 138 162 111 47 91 170 177 226 231 135 137 246 167 100 183 77 182 229 66 53 163 120 207 49 201 132 159 83 73 192 146 190 205 81 213 239 78 198 204 90 169 94 211 70 234 56 58 82 129 219 101 150 95 187 104 215 176 202 230 124 148 63 48 126
47 757 221 133 62 156 234 51 210 179 244 78 130 85 69 97 105 148 67 128 150 241 81 230 199 159 208 138 245 173 180 233 232 147 217 236 137 243 193 169 129 135 94 165 118 146 201 59 235 115 170 209 187 226 231 175 224 176 141 213 132 196 95 50 228 216 155 143 86 55 120 73 80 250 238 127 194 123 198 134 75 65 185 76 83 183 61 90 186 142 188 58 104 63 167 191 171 70 100 152 249 174 215 145 96 212 158 225 160 153 204 182 110 98 91 119 203 140 154 168
48 1832 179 240 120 103 59 195 192 77 165 208 217 239 104 173 223 237 98 185 110 180 187 227 194 221 147 50 67 62 160 229 235 91 88 87 205 176 82 51 94 83 189 154 148 136 152 105 155 233 218 71 128 241 188 190 214 99 150 163 131 174 186 183 196 249 246 109 162 121 55 80 169 118 171 204 61 142 212 170 177 72 125 116 126 201 90 132 230 113 76 53 52 182 211 119 63 151 64 81 166 149 112 102 100 222 78 115 85 172 236 66 199 175 65 60 168 73 114 130 144 228
49 1946 162 84 100 136 226 231 106 149 228 134 211 185 181 178 169 87 165 55 199 112 63 182 204 135 70 222 184 186 247 91 88 155 116 242 52 108 192 249 191 198 218 172 225 207 139 93 229 233 76 250 157 171 173 143 154 245 168 127 219 239 97 158 183 103 180 243 62 72 232 126 145 147 188 80 89 129 59 122 208 81 212 202 195 244 151 146 240 210 53 130 111 160 159 153 150 95 170 175 179 214 209 246 167 98 164 119 177 107 50 227 58 197 144 174 65 79 206 217 133 67 114 142 241 85 71 201 96 128
50 1874 146 54 129 109 248 220 234 174 135 98 136 235 161 213 229 110 152 67 209 107 221 81 115 151 125 97 243 105 91 130 218 191 93 78 215 94 200 192 207 217 85 194 177 75 172 184 219 76 241 70 169 143 144 155 106 231 88 133 189 149 61 205 126 160 127 108 201 208 197 102 92 57 77 52 190 123 96 62 147 244 60 225 99 212 210 198 103 148 199 170 171 142 140 203 51 74 112 113 175 59 227 104 165 141 188 80 176 68 228 167 159 58 114 137 138 65 124 119 79 53 122 120 157 66 237
51 1493 87 181 150 112 110 67 204 242 227 86 165 163 241 203 128 221 234 201 84 207 220 198 55 209 166 72 139 114 98 104 205 60 235 171 75 211 145 175 188 100 117 239 214 162 123 237 210 193 109 64 52 85 108 144 174 228 247 173 81 94 70 99 197 152 142 160 54 105 122 158 246 130 136 74 89 249 134 156 88 119 183 154 219 147 113 80 151 73 61 191 232 182 149 190 233 184 92 245 202 126 78 222 53 57 68 106 196 95 115 132 56 224 243 161 172 229 195 82 186 215 223 93 62 218
52 889 194 192 136 249 165 145 102 84 82 180 141 107 118 236 156 122 81 223 229 80 68 205 206 155 175 200 190 89 67 78 183 83 245 87 243 101 106 130 135 127 160 131 178 246 167 121 69 59 142 92 150 120 242 230 219 86 95 151 77 79 159 179 140 208 88 75 152 133 207 247 144 115 72 209 189 244 169 57 210 109 64 211 110 212 104 199 227 94 157 215 60 182 128 233 116 186 139 149 108 168 117 213 124 187 153 132 177 119 221 240 55 74 161 90 181 218 204 176 195 54 53 228
53 1310 87 240 239 148 180 171 210 244 212 118 97 177 187 74 80 237 129 133 109 137 235 232 174 111 61 156 63 120 128 227 58 149 234 229 108 114 103 94 208 170 75 189 92 134 73 57 141 203 126 201 161 140 238 88 125 224 131 98 65 215 113 152 154 139 245 220 90 197 196 67 169 231 59 228 84 147 130 194 124 112 101 107 100 204 219 211 172 218 185 178 193 166 121 54 205 176 199 116 91 250 188 66 226 70 96 62 82 56 186 233 221
54 1827 74 215 125 238 200 166 123 248 232 160 220 148 191 67 90 122 94 101 91 97 60 120 214 119 181 213 93 111 100 115 185 177 250 225 75 205 212 140 235 108 195 134 84 201 219 178 104 69 113 114 182 137 77 102 65 133 73 71 159 121 150 192 145 209 86 206 142 154 157 144 244 99 172 190 92 246 106 66 139 171 87 156 242 234 189 175 196 176 188 179 169 80 146 174 82 210 222 85 199 224 194 165 216 186 128 58 231 118 103 236 193
55 1803 160 190 82 238 89 60 133 204 57 174 247 220 78 127 113 209 192 86 202 207 112 229 199 106 158 90 231 157 213 84 200 166 74 250 188 131 126 159 118 182 107 121 153 71 70 169 214 212 72 178 104 132 123 219 80 206 156 98 75 195 124 208 235 148 111 130 184 147 116 149 228 77 108 134 146 115 68 58 139 62 191 117 179 92 168 144 63 137 216 91 181 136 103 125 73 105 236 225 151 93 120 245 175 237 244 211 186 141 198 135 138 101 241 145 61 67
56 1120 81 133 233 146 57 137 174 239 100 249 232 88 140 244 157 87 73 245 148 219 246 98 166 97 66 143 196 116 155 151 127 125 207 110 132 229 114 136 221 119 86 217 99 139 131 194 181 170 182 113 108 173 120 74 117 202 154 102 72 121 84 215 145 63 198 90 79 209 187 93 230 218 250 82 203 112 68 177 69 176 163 71 216 60 172 95 124 248 168 192 78 126 226 152 185 169 159 91 105 197 213 165 231 85 158 208 150 227 94 156 58 214 193 224 118 237 238 240 247
57 1421 215 229 77 80 218 123 221 249 121 73 138 182 108 205 181 180 59 184 139 76 87 174 216 169 213 224 124 104 194 101 193 120 203 167 178 211 228 245 111 75 201 170 133 144 207 189 74 71 125 204 158 206 241 168 128 68 188 110 238 117 66 202 147 236 130 247 234 163 227 60 148 212 179 129 94 151 61 235 70 114 237 132 155 107 200 88 226 240 197 209 116 97 67 79 113 183 195 103 217 187 126 239 162 196 90 198 81 164 62 242 192 63 233 176 219 64 208 157
58 2153 222 225 121 208 108 203 191 238 165 231 123 83 103 216 174 59 100 113 151 190 79 64 226 229 144 107 154 220 243 247 209 152 242 70 114 237 207 201 68 186 94 141 63 133 187 170 65 202 194 204 223 205 132 101 168 230 156 147 104 90 183 217 159 164 99 224 172 233 177 178 173 78 124 171 181 97 227 184 136 102 71 134 74 150 86 155 189 77 245 116 66 185 235 200 75 198 73 139 119 244 81 61 67 193 76 60 148 126 199 62 85 111 82 218 142 240 98 146 206 105 143 138
59 2224 214 225 211 147 206 164 250 81 200 185 168 99 223 191 198 212 68 124 111 104 129 94 87 146 186 184 151 229 244 156 169 171 130 231 234 103 227 128 179 217 107 238 95 76 230 126 188 149 108 178 152 174 194 222 141 75 165 189 136 242 66 60 221 213 148 163 241 74 97 224 196 246 201 91 118 192 160 98 245 79 65 78 243 102 135 92 127 106 209 248 132 116 208 180 64 247 109 232 89 183 115 210 218 172 120 122 71 67 161 144 80 203 72 181
60 1623 218 225 194 176 113 150 120 207 140 220 212 117 147 131 203 152 224 105 61 245 65 162 135 197 88 107 149 234 246 161 157 94 101 167 247 127 73 108 171 191 244 177 155 168 115 205 175 68 77 124 223 109 249 160 201 153 99 156 87 111 151 185 250 72 216 106 139 91 130 85 208 82 166 95 240 198 238 148 64 215 71 69 210 221 222 78 96 182 172 84 121 123 138 227 102 90 165 189 181 143 232 239 128 187 164 230 70 154 183 75 137 76 206 192 98 66 129
61 1779 93 91 202 128 69 86 201 134 199 171 250 90 122 150 95 131 112 99 198 243 227 148 183 94 234 189 111 153 129 126 244 120 170 70 73 179 249 165 210 135 119 206 155 145 116 197 103 192 67 213 87 143 223 72 204 141 123 178 76 68 173 205 137 81 89 152 66 115 157 208 224 74 182 236 83 97 228 77 190 98 101 184 214 130 162 88 215 118 160 233 180 62 186 174 216 71 109 175 127 132 79 246 200 85
62 555 239 171 206 96 241 73 222 197 71 140 132 221 231 249 234 79 213 138 174 205 63 163 190 137 116 186 228 176 69 207 123 70 146 139 192 198 245 218 88 122 208 87 162 219 134 85 141 108 247 142 101 124 180 75 220 147 130 128 167 152 233 202 209 223 83 188 145 183 199 158 129 114 102 119 230 200 227 166 154 81 126 244 237 214 118 136 110 89 229 149 177 160 121 246 109 182 77 91 168 72 112
63 1589 128 121 211 131 160 196 65 168 152 151 113 195 79 66 142 217 215 242 169 77 164 90 87 240 214 91 82 182 193 106 97 239 148 156 125 118 110 166 100 208 115 122 129 226 231 161 229 146 153 138 243 150 137 247 184 204 124 218 141 177 207 99 212 192 222 85 130 71 78 75 201 126 187 92 133 145 236 108 123 228 179 167 250 81 202 111 157 175 102 186 219 112 165 107 117 93 76 223 162 147 149 88 154 170 209 203 155 96 119 140 174 178 232 227 116 238
64 829 152 125 84 67 190 79 99 121 184 115 163 150 126 217 170 145 162 194 70 158 171 238 71 227 89 122 72 188 180 169 233 82 131 146 144 81 179 207 201 76 165 123 138 225 94 213 245 203 97 98 96 197 156 151 159 127 77 234 232 210 116 241 224 109 107 111 136 104 65 148 90 191 100 177 178 80 141 181 182 153 147 242 187 120 73 174 229 167 206 189 247 155 119 176 161 193 185 137 66 230 226 133 117 103 214 218 160 69 93 196 243 157 250
65 2464 155 114 76 189 248 87 146 113 71 154 180 162 131 118 240 167 80 196 193 185 92 75 106 102 163 177 66 232 137 203 81 136 111 246 249 68 206 122 72 158 79 210 127 93 144 153 179 168 160 125 123 190 140 187 241 73 230 164 178 198 239 221 97 183 192 95 124 245 89 145 208 133 99 225 147 151 220 205 215 233 96 171 74 202 138 191 207 213 234 242 181 105 98 176 116 247 200 77 186 236 109 143 120 141 148 188 175 67
66 1920 153 99 157 238 134 250 179 100 203 210 225 176 207 167 137 117 162 89 180 118 72 97 147 101 124 169 73 241 96 68 88 106 135 171 227 91 213 233 245 239 70 236 196 218 243 80 149 126 200 74 102 138 242 142 140 165 221 95 71 229 226 247 143 151 154 90 164 202 248 141 177 146 76 240 211 197 128 205 121 166 235 216 168 145 224 133 178 75 195 198 92 87 77 234 199 131 85 98 160
67 1389 241 182 216 248 161 179 225 99 163 128 206 245 104 180 80 249 210 139 136 228 111 168 84 196 204 214 137 205 165 110 227 184 247 87 94 114 71 233 238 89 102 113 146 73 226 194 174 148 68 198 133 130 212 100 203 242 166 76 131 181 155 126 116 187 147 103 151 122 98 177 173 222 221 83 88 201 142 118 207 236 119 186 159 82 75 95 156 199 96 244 79 150 223 240 232 167 101 69 234 188 160 91 134 112 153 149 117 124 138 197 141 121 143 202 183 171 123 192 77 93 115 191 208 178
68 1271 171 104 107 229 243 135 150 119 215 197 217 213 203 166 245 224 79 212 98 71 95 233 92 206 141 72 152 246 165 186 239 214 142 139 105 222 113 178 177 94 155 175 221 236 242 204 73 163 164 231 101 83 191 103 180 133 225 132 170 201 116 154 248 89 111 99 195 140 84 148 127 219 228 87 174 102 188 100 125 138 147 69 126 82 194 114 74 97 112 160 137 193 81 182 237 149 159 200 210 123 131 91 181 156 240 232 227 145 208 241 192 190 117 134 90 173 172 250 80 106 230 189 70
69 585 100 84 235 194 176 203 159 182 224 125 140 117 218 208 180 138 234 166 151 115 195 239 144 92 217 230 163 76 74 170 213 227 119 169 142 216 98 161 193 157 211 103 172 177 133 129 150 202 122 250 130 185 184 156 154 164 124 196 135 192 160 121 167 168 162 158 186 85 222 132 149 89 153 114 188 237 87 104 105 173 102 236 219 223 81 242 220 88 80 238 123 225 210 75 204 243 73
70 869 98 212 133 93 118 105 115 204 157 139 75 97 71 162 225 113 238 200 137 147 195 211 177 188 143 242 102 123 110 191 215 219 164 128 199 135 86 172 203 99 116 213 154 227 112 90 161 209 159 236 166 76 152 126 78 245 169 149 239 226 158 249 148 250 111 167 109 121 85 187 74 160 183 175 72 87 95 73 230 190 179 100 210 122 119 173 232 127 207 163 120 131 246 205 244 130 217 88 222 107 202 171 208 214 224 106 140
71 1844 233 210 187 231 151 160 149 240 165 111 214 248 206 184 238 104 170 204 145 197 85 117 241 142 94 89 166 88 79 179 99 216 211 144 186 109 207 157 136 191 80 222 73 242 173 193 102 178 103 174 167 155 168 91 244 232 90 161 114 180 202 185 97 198 146 228 126 237 153 101 116 194 239 205 169 183 81 192 98 225 135 220 236 200 212 221 217 164 182 171 159 131 130 235 226 124 208 227 83 158 74 125 138 218 95 219 224 108 78 209
72 2420 244 246 103 122 190 167 182 232 79 116 171 205 111 195 148 242 78 168 180 223 147 235 107 170 245 118 146 199 141 99 213 238 131 218 197 250 229 214 83 133 222 130 241 124 233 153 224 108 73 225 87 155 206 228 186 104 191 164 136 193 236 140 77 175 132 152 220 209 165 88 211 219 226 203 95 106 145 169 201 117 210 85 114 234 240 129 207 163 243 179 188 176 115 90 183 174 109 157 202 121 105 198 143 128 200 93 189 112 194 97 86 135 100 76 127 178 82
73 2217 191 119 107 152 129 214 194 246 126 234 136 101 153 209 163 249 96 235 159 76 166 103 86 164 245 102 178 123 203 149 120 127 233 187 137 184 212 78 180 81 196 83 226 132 237 231 139 244 167 240 232 207 125 168 105 89 122 169 142 239 117 248 133 225 84 88 165 197 99 97 154 114 224 100 144 106 193 177 93 79 185 134 75 110 241 220 130 215 150 146 90 161
74 1063 147 136 242 204 92 168 175 211 125 188 173 244 223 114 105 138 81 163 210 108 87 129 82 134 90 207 152 131 124 208 209 158 132 167 249 174 99 104 122 248 116 83 190 95 144 213 79 145 96 80 130 238 164 178 218 172 75 184 185 165 89 243 94 157 214 183 166 216 110 200 140 162 115 101 127 215 121 142 201 77 227 154 118 76 98 221 220 133 135 126 85 181 150 239 117 97 153 192 102 222 113 180 235 198 111 170 123 191 193 230 128 234 91 177 156 182 250 187 137 143 212 205 186 171
75 2245 222 112 172 245 153 248 158 84 167 225 90 124 77 128 193 140 142 170 179 134 79 98 159 147 127 214 212 126 94 141 177 81 106 89 199 220 144 108 247 119 155 235 96 250 114 102 236 148 111 198 122 213 151 145 211 154 229 189 217 234 223 171 161 163 224 230 168 135 233 228 192 165 180 226 178 183 210 91 82 149 107 182 132 117 137 202 207 118 185 206 101 239 203 105 123 216 162 215
76 2460 186 114 134 138 129 133 102 227 124 87 164 184 116 99 233 108 245 178 236 141 95 111 86 225 128 181 243 115 194 150 103 139 157 204 167 153 212 188 105 202 135 218 248 191 126 121 170 183 223 89 235 206 92 149 81 180 172 209 171 163 97 160 244 161 94 182 219 190 118 189 132 143 199 242 198 193 109 229 215 107 152 216 79 136 187 88 238 101 82 207 77 78 158 146 96 222 214 90 176 197 208 221 237 140 147 220 174 192 84 177
77 594 233 207 83 196 103 250 203 155 164 158 137 106 111 85 194 104 180 241 154 168 169 218 133 138 160 93 107 198 157 240 124 88 108 215 94 202 193 216 190 171 174 192 248 235 224 118 173 210 142 231 217 140 150 101 136 246 79 127 214 162 98 80 238 105 153 206 102 166 244 95 172 151 144 178 182 197 96 200 188 199 220 123 86 184 100 91 179 181 245 226 139 132 234 126 117 135 131 156 113 187 129 219 99
78 2060 136 154 197 146 191 206 195 193 211 111 156 233 229 96 237 110 132 225 151 230 227 222 109 198 81 115 90 118 174 119 190 184 97 107 167 108 138 226 223 183 170 245 135 249 114 169 219 173 89 79 236 213 187 93 140 160 186 100 102 171 192 82 141 232 208 201 218 178 221 153 244 168 130 149 224 133 125 128 199 196 250 121 127 158 124 139 84 144 207 88 113 234 162 215 157 238 145 243 155 164 101 214 103
79 1348 238 246 209 202 201 176 240 91 83 215 108 194 89 169 200 132 100 245 221 159 118 222 97 195 103 124 248 135 129 212 140 197 223 171 126 186 123 163 216 149 227 231 116 187 226 164 185 127 145 86 204 166 199 122 191 154 138 106 218 206 161 143 141 134 114 85 162 189 153 205 183 80 181 119 121 234 81 247 239 157 139 180 175 96 172 150 210 133 207 217 193 88 92 236 232 167 243 146 105 211 101
80 2041 119 160 87 125 176 247 166 123 110 208 199 156 209 154 161 91 243 163 241 229 185 134 211 180 126 214 216 121 174 111 139 93 133 85 94 89 219 151 96 230 143 157 120 202 195 131 101 158 147 204 144 187 115 97 217 135 128 248 218 145 142 244 118 124 189 190 231 200 179 227 233 193 164 215 130 213 159 238 183 225 172 220 210 106 153 116 98 232 181 249 223 104 99 165 127 95 212 246 201 84 102 137 175 105 221
81 990 192 179 220 242 153 230 190 186 107 232 159 202 137 90 86 143 119 84 244 184 246 118 168 161 189 136 116 125 163 200 222 231 124 146 194 221 158 193 201 243 109 94 165 150 133 151 198 239 140 214 212 204 240 142 175 111 169 238 98 236 105 211 191 106 164 248 213 224 120 117 112 115 174 205 155 219 182 102 108 148 195 203 180 93 144 208 110 147 122 156 181 127 250 176 199 233 225 123 141 85 87 92 149 138 217 131 241 170 113 89 223 185
82 1898 212 164 139 177 203 93 145 125 186 171 150 153 211 213 158 236 175 174 165 222 135 104 118 237 228 230 102 167 106 147 215 207 199 229 151 168 226 90 197 249 235 112 247 221 201 202 185 89 214 248 210 122 227 238 136 88 244 246 134 92 200 233 128 129 223 113 107 126 160 84 241 124 110 182 146 192 225 224 180 196 190 198 173 91 137 176 194 193 191 240 142 178 162 163 242 100 208 234 111 172 157 114 155 133 143 195 152 87 156
83 1987 104 232 91 215 229 206 241 200 151 237 202 124 201 161 150 141 175 127 106 246 103 194 94 99 157 228 120 191 183 240 86 187 111 126 195 196 217 87 133 181 93 144 243 210 205 172 213 137 231 230 147 132 236 197 142 145 131 100 186 207 129 108 238 242 178 198 109 245 135 123 139 119 214 143 95 211 203 116 184 148 85 250 121 185 152 177 112 167 216 164 218
84 1800 86 95 178 167 165 91 233 105 174 113 88 136 93 212 103 92 158 108 214 223 237 131 126 199 192 226 219 180 241 247 249 213 159 143 176 139 227 216 154 230 164 106 222 221 177 138 179 85 161 246 190 129 144 184 169 228 204 218 94 98 229 99 151 225 194 121 238 112 124 125 188 207 198 175 132 191 181 145 120 250 197 182 208 111 200 157 168 243 224 109 114 166 210 117 203 248 119 189 110 187 118
85 1224 192 104 100 110 194 189 182 117 119 94 169 135 186 217 163 161 242 224 152 165 142 241 130 214 154 112 108 175 240 116 174 153 209 196 220 107 146 195 188 248 230 137 132 138 236 200 93 103 226 105 221 170 126 184 203 90 162 156 190 222 98 176 212 171 166 123 208 227 127 86 167 97 150 215 125 134 232 223 211 115 245 204 191 233 129 114 225 213
86 1290 121 204 165 205 249 123 233 155 248 184 157 153 127 93 87 247 151 177 187 132 97 142 250 135 105 112 117 210 216 96 215 219 141 156 113 169 202 140 234 232 225 90 111 159 133 195 146 197 244 218 110 183 164 137 226 213 148 115 203 163 136 92 124 200 143 94 186 95 172 154 103 228 131 238 207 170 221 162 182 173 235 161 188 241 99 168 130 174 88 227 145 129 214 193 237 236 119 98 209 240 190 158 116 192 102 196 147 152 194
87 2421 173 218 159 172 138 155 198 188 206 170 165 200 240 183 124 109 99 177 166 97 92 146 174 152 228 247 89 231 202 157 90 113 108 151 104 245 250 213 154 190 210 133 246 199 128 229 153 189 110 176 205 148 171 160 158 242 112 137 226 117 120 132 119 227 192 215 147 238 185 169 116 101 100 212 179 106 208 95 123 114 122 167 141 96 184 230 233 216 197 180 91 150 223 224 131 121 249 187 107 222 181
88 1702 234 117 144 113 236 213 217 176 190 118 206 107 221 172 169 185 239 194 224 137 246 248 191 148 151 110 173 205 159 133 142 170 196 103 177 153 150 160 197 178 229 106 226 147 202 124 174 126 91 94 140 134 240 175 182 136 211 111 158 130 242 171 100 162 102 231 219 99 183 166 212 138 143 115 249 247 146 98 89 189 181 238 95 218 120 227 105 131 223 121 187 135 184 241 119 161
89 2500 209 94 159 156 114 234 132 115 138 215 220 186 182 92 131 174 109 135 153 196 222 160 188 127 197 244 216 179 200 152 110 133 172 190 104 145 181 210 201 121 239 233 122 173 218 180 236 238 90 105 221 241 204 243 207 96 224 237 113 108 134 157 140 116 147 194 213 185 198 125 178 170 98 162 119 191 136 223 187 175 129 137 205 149 242 245 206 139 124 226 146 103 151 193 183 128 161 158
90 1701 157 100 93 110 174 167 218 196 119 127 220 99 209 169 186 114 229 177 92 193 187 129 94 155 250 214 208 249 104 113 134 138 101 226 201 181 126 144 158 120 132 154 178 143 213 150 243 228 219 111 141 217 233 230 195 216 107 248 170 172 91 242 151 206 106 237 202 164 225 221 185 192 118 161 131 163 238 189 140 207 227 191 222 165 95 135 108 105 133 194 224 166
91 825 123 232 94 222 169 109 105 114 239 188 173 118 142 157 125 166 179 178 132 238 240 143 122 214 146 130 147 102 152 197 194 170 156 233 115 100 220 135 129 221 248 224 104 95 226 237 139 242 127 113 98 154 110 106 96 151 145 205 250 93 108 230 155 208 111 126 202 121 246 148 236 182 213 243 164 195 176 244 184 235 247 128 204 234 211 212 210 140 138 134 141 241 225 249 219 229 215 150 101 192
92 1778 116 199 111 112 93 235 156 189 95 178 155 94 228 127 181 147 249 250 183 212 125 221 208 143 166 231 137 160 122 209 99 224 104 182 163 217 186 133 195 159 171 168 115 136 239 164 218 229 205 184 138 107 198 123 230 237 150 207 120 206 244 194 240 214 96 216 170 187 185 180 201 145 151 193 157 234 117 128 241 108 118 227 121 197 139 162 144 129 202 245 106 132
93 1313 159 205 101 232 198 227 218 160 126 94 201 242 123 153 165 95 181 164 229 223 186 178 121 221 104 141 136 224 143 191 213 107 195 233 197 148 155 127 131 97 206 241 217 240 96 168 187 204 166 222 150 140 209 215 114 112 185 102 137 182 199 228 184 120 157 246 176 147 111 128 188 190 108 116 248 130 220 234 203 167 179 250 180 243 162 138 105 202 135 194
94 1914 249 130 236 228 95 176 149 163 144 203 194 135 250 153 152 200 99 101 136 190 123 211 210 225 193 186 111 235 191 140 214 195 126 114 221 215 230 115 199 201 175 128 177 97 247 239 119 179 132 131 121 155 96 105 224 145 139 107 129 98 178 188 206 198 147 160 110 102 161 127 150 167 137 173 100 180 168 226 120 197 159 229 113 151 162 169 184 217
95 1664 244 120 168 220 191 109 172 207 176 203 242 160 101 195 134 161 155 197 133 227 123 107 132 226 249 154 187 139 222 236 199 184 189 205 231 149 216 144 100 208 175 219 228 135 141 156 230 235 124 188 248 158 241 157 171 211 214 225 232 238 153 162 102 143 169 114 173 105 122 240 113 165 245 163 206 177 125 103 167 246 126 118 185 215 128 145 148 115 204 164 129 181 104 117 200
96 1277 103 131 224 175 235 239 207 203 210 161 195 139 121 165 201 135 99 123 237 198 168 137 192 110 151 127 144 180 114 109 159 226 246 112 221 220 191 115 129 128 186 120 204 145 185 156 102 163 124 157 202 184 234 143 122 182 100 196 170 240 146 199 228 242 158 236 189 216 230 132 148 194 106 193 111 215 217 213
97 1333 194 100 165 241 169 107 214 105 164 117 206 223 216 242 228 126 142 222 227 171 106 170 225 205 163 98 118 217 209 125 135 196 128 233 127 136 198 189 235 215 152 119 140 212 112 200 108 218 104 211 188 234 175 183 230 158 172 149 192 103 155 111 226 249 195 184 204 124 208 133 224 123 245 147 134 157 203 180 201 166 146 202 247 115 250 131 167 110 191 232 161
98 552 202 241 215 123 191 117 152 250 226 181 213 235 121 186 238 169 109 162 144 154 232 212 135 105 107 106 170 245 244 217 247 177 148 224 239 220 188 164 221 149 231 228 208 196 209 119 206 111 150 203 195 130 138 179 249 115 112 168 248 175 182 127 240 236 194 204 243 161 137 197 178 230 99 193 146 129 218 205 229 122 227 176 120 201 246 139 136 225 113 104 210 156 151 159 147
99 1605 174 127 115 209 105 237 233 183 188 212 195 141 136 147 232 125 250 153 234 163 244 152 190 219 196 197 176 116 117 134 247 146 107 170 143 213 118 177 157 208 203 135 140 185 132 161 227 200 218 211 175 169 158 192 225 156 154 248 243 180 150 103 144 235 179 123 189 193 191 228 236 100 120 108 148 114 224 217 173 104 222 246 206 109 241 139 199 210 215
100 975 172 153 224 219 171 140 184 107 214 112 170 166 210 106 235 215 151 228 150 101 116 217 241 232 103 102 192 109 206 223 158 198 204 159 136 194 180 156 181 165 207 178 221 231 203 238 121 149 115 208 138 202 119 139 169 209 154 201 129 247 110 108 188 124 113 176 179 236 105 168 234 205 233 130 248 125 220 240 245 190 183 114 126 173 123 148 189 117 144 182 243 132 197
101 2480 176 245 135 188 208 166 113 129 132 203 162 108 237 140 190 123 226 179 116 198 146 213 138 169 153 124 104 134 141 241 157 194 127 236 117 204 207 111 164 243 130 205 131 240 119 212 189 112 137 222 171 225 177 223 202 209 184 155 195 139 173 175 232 206 178 233 105 107 161 147 151 197 234 183 186 158 248 230 103 142 219 114 239 165 148 102 217 128 122 185 160 229 210
102 505 141 133 166 196 176 222 127 113 203 204 239 128 191 245 132 152 140 232 188 184 149 180 125 233 116 120 151 122 248 139 104 110 221 219 240 150 213 143 169 250 130 189 107 193 216 214 181 172 212 174 165 173 186 168 227 105 160 164 231 202 118 170 171 207 237 129 242 177 185 241 126 192 175 111 178 161 183 119 247
103 2452 195 187 214 169 125 234 196 127 150 112 139 110 141 241 175 106 179 148 245 194 182 201 236 109 242 132 238 104 111 249 147 113 216 116 145 244 133 246 231 115 247 120 203 114 149 243 209 206 183 223 131 248 162 190 204 168 215 226 105 225 135 229 250 180 130 178 154 218 165 224 146 152 239 170 151 142 143 161 172 184 220 167 140 230
104 1753 248 194 184 130 129 122 120 158 245 149 172 244 119 108 117 154 168 217 133 230 131 197 239 198 242 123 150 236 138 221 116 208 111 109 220 225 200 166 124 163 199 250 190 235 233 219 216 125 147 169 157 196 121 195 139 161 107 229 223 240 181 205 207 152 146 143 105 159 180 162 126 118 228 243 134 151 237 156 140 247 212 231 142 188 153 215
105 1068 206 158 242 244 224 173 115 250 107 179 131 171 174 149 144 214 170 146 202 181 184 133 191 165 207 139 235 151 239 129 221 126 150 123 248 197 249 217 122 245 111 233 141 226 163 124 241 140 162 228 192 216 232 169 166 218 117 137 134 108 116 219 106 168 229 167 136 204 210 177 243 203 128 195 135 185 212 161 225 147 109 198 208 172 193 176 180 138 240 148 112 182 157 142
106 1754 134 178 145 223 115 241 172 128 127 238 183 159 133 233 247 237 126 154 200 158 125 139 192 202 201 112 123 157 196 177 236 148 213 151 110 120 206 131 174 113 181 193 220 225 228 184 218 122 227 189 188 163 167 249 187 190 198 164 109 175 221 210 140 239 211 135 117 209 191 169 230 215 231 244 195 146 141 204 179 216 155 176 207 170 136 107 114 235
107 1269 243 170 117 181 124 244 153 125 187 206 212 219 229 151 186 164 127 240 225 132 123 249 189 178 169 119 235 224 110 185 190 166 236 180 217 193 112 115 184 149 209 155 246 141 156 145 197 247 157 239 234 201 208 182 174 140 199 133 118 171 233 152 227 113 215 129 213 158 242 139 188 114 159 207 162 147 202 163 205 120 211 138 204 210 143 111 248
108 1163 236 146 245 206 197 117 122 184 190 128 213 237 168 216 192 225 244 182 195 162 130 199 207 166 151 231 154 152 180 110 248 150 185 176 220 228 139 187 111 234 131 174 158 136 143 123 138 119 238 109 147 224 214 177 124 239 171 227 170 148 240 137 134 118 193 208 113 163 164 203 173 210 160 204 179 223 157 140 201 215 243 144 200 153 221 249 115 246 121
109 1313 177 249 209 156 220 222 139 151 231 160 183 120 122 129 150 116 206 126 141 162 226 181 144 190 169 227 248 238 185 125 188 149 198 197 221 110 124 113 131 148 158 239 194 213 193 145 202 133 224 233 138 214 215 112 172 117 118 174 217 146 142 246 170 165 203 210 153 235 207 216 241 115 157 111 196 245 247 135 154 136 201
110 2117 139 229 168 193 182 153 205 225 118 150 132 239 243 117 122 211 238 196 116 236 165 164 124 213 223 212 149 234 113 191 194 126 208 144 228 159 181 121 146 227 127 167 178 184 244 210 169 160 115 246 111 131 114 176 186 187 137 218 207 128 166 148 162 195 133 204 140 155 185 129 224
111 2261 241 162 187 221 226 218 234 152 207 198 203 233 159 175 116 179 176 177 163 239 135 138 128 117 181 206 142 216 184 115 144 147 134 185 143 171 242 211 165 190 220 192 250 212 129 113 199 155 151 156 210 140 180 178 182 195 196 168 186 164 158 153 157 118 224 201 124 236 214 121 193 237 217 240 141 247 132 172 114 169 130 126 137 223 160 119 230 208 222 245 200 125 204 213 219
112 1803 119 115 198 128 217 155 170 142 134 223 232 221 189 219 171 174 183 181 162 206 238 157 212 114 127 190 241 147 139 168 210 182 195 213 201 169 145 199 176 151 245 177 202 234 193 160 129 126 148 116 225 233 172 150 231 208 167 120 137 184 243 188 216 236 140 242 249 133 186 164 194 138 135 191 178 246 158 153 185 244 196 204 118 123 130 250 149 117 187
113 1514 116 184 219 135 154 226 137 190 146 177 238 243 156 153 185 200 142 148 134 188 247 220 123 161 250 159 117 169 163 231 233 174 170 160 145 241 242 217 201 237 196 157 152 228 212 213 218 143 186 191 215 141 245 202 130 197 132 131 205 239 246 178 158 164 207 193 118 173 171 232 249 115 127 244 230 175 155 149 183 235 144 147
114 1747 226 230 159 167 157 206 151 185 154 116 174 175 120 176 158 193 179 213 248 194 181 130 219 233 166 215 137 182 209 171 139 128 231 189 152 235 148 218 138 187 244 227 156 123 221 196 149 129 143 131 198 204 163 228 237 133 165 127 216 124 190 210 142 168 161 246 144 236 211 203 180 173 243 217 223 201 238 186 145 150 141 117 192 177
115 660 227 161 240 237 175 243 197 191 236 143 130 165 132 220 120 153 194 200 147 230 142 249 226 205 162 172 196 241 222 154 182 234 232 179 171 235 244 159 129 198 158 123 221 213 126 229 231 119 209 150 178 204 151 239 174 177 224 250 184 168 157 138 156 145 192 146 203 190 185 117 238 152 208 228 135 189 180 245 121
116 1795 164 209 229 234 193 186 233 159 241 136 150 119 139 200 168 190 228 177 215 125 195 250 155 236 187 204 237 219 243 142 242 247 165 131 128 249 191 129 145 235 158 207 213 173 123 176 184 198 124 211 185 149 156 163 141 134 212 226 232 183 120 151 197 216 245 160 132 140 210 153 143 172 166 178 188 144 189
117 2094 199 221 209 170 190 124 147 247 242 225 133 162 222 210 160 135 240 234 189 193 143 138 184 232 152 177 120 233 197 165 151 230 171 183 130 145 134 141 150 173 213 179 163 239 215 136 194 182 206 229 176 212 159 191 166 178 119 169 142 216 157 164 174 128 132 188 172 228 153 123 180 248 217 204 250
118 2138 126 215 171 167 158 142 146 149 147 166 228 129 221 161 168 244 156 194 150 121 247 155 153 186 245 233 125 141 191 134 178 179 242 224 235 144 138 192 201 240 181 164 207 119 225 137 213 185 183 222 232 195 250 189 136 234 127 157 210 132 143 187 239 237 223 173 135 188 174 197 217 122 227 131 204 145 130 139 211 172 165
119 996 132 240 166 144 196 177 172 182 202 195 221 207 227 185 206 171 150 187 224 120 211 130 160 169 122 179 222 209 230 143 129 135 180 200 232 175 248 184 155 235 156 138 223 170 164 162 161 213 193 247 168 163 201 199 203 190 241 225 145 234 208 124 131 245 137 243 242 238 158 192 126 178 214 148 146 191 217 152 250 154 159 239
120 1651 165 127 169 223 228 192 218 175 155 226 220 210 131 124 137 182 191 231 145 139 247 128 234 217 140 181 172 129 245 230 212 248 136 199 198 197 183 214 143 174 160 225 222 144 219 246 154 208 205 237 134 123 203 159 188 243 142 150 148 238 180 250 201 156 241 153 190 149 249 158 146 227 221 240 189 184 216 186
121 895 175 235 127 187 243 142 212 198 180 183 136 196 131 123 154 223 190 177 128 222 239 194 219 132 163 144 197 220 207 139 164 151 230 145 184 152 234 209 168 218 146 157 156 147 240 227 158 137 249 244 205 195 172 186 161 215 148 133 178 149 225 160 248 135 176 179 185 250 134 231 188 210 238 199 173 203 193 221
122 878 186 187 133 153 123 212 127 207 148 181 146 155 227 160 177 249 219 225 188 183 144 132 198 202 142 224 204 191 237 222 125 220 129 126 195 134 168 161 201 215 192 203 226 248 145 139 167 189 235 236 184 162 157 240 199 217 140 169 193 154 216 135 221 228 173 156 136 245 210 164 152 158 179 208 205 141
123 928 234 129 182 239 229 164 248 244 160 197 151 177 213 181 208 227 215 221 207 220 203 214 167 152 170 231 250 161 235 150 198 212 163 136 209 200 210 146 219 172 184 223 241 194 125 128 190 180 245 135 158 217 139 232 171 237 206 191 238 192 187 168 222 159 216 204 230 201 144 155 147 132
124 1709 247 179 241 185 145 129 244 177 173 135 229 172 208 205 167 126 220 175 213 224 217 170 250 209 154 148 201 156 193 127 151 199 238 137 219 131 200 180 176 141 162 165 221 230 216 182 195 142 178 227 136 174 231 181 202 240 242 171 234 190 152 226 164 163 206 186 222 138 147 196 249 197 246 225 184 157 153
125 2292 185 149 200 224 220 174 234 140 245 236 246 208 173 248 130 196 153 188 211 141 145 235 239 187 170 159 223 180 228 195 175 171 199 247 178 215 218 213 166 176 184 243 250 167 241 165 135 183 230 203 155 158 147 134 227 210 138 164 198 151 148 192 202 163 238 169 126 137 168 179 244 132 219 201 162 221 177 190 189
126 1650 215 188 152 226 197 191 169 243 222 164 240 204 159 236 245 198 168 193 241 157 250 163 196 184 232 142 136 208 177 130 225 227 134 223 144 166 151 150 161 141 160 158 175 199 202 143 165 145 190 174 217 221 162 172 216 233 154 180 211 213 209 170 167 181 155 210 129 185 248 201 187 149 171
127 2043 213 222 131 146 206 210 170 241 158 148 194 228 184 162 243 231 216 193 166 227 160 136 197 235 202 130 208 240 234 198 153 142 188 218 169 161 139 249 157 226 147 211 187 151 224 192 178 219 236 221 143 212 190 245 182 180 242 195 133 173 191 186 229 128 141 205 204 172 248 203 144 129 164
128 681 179 137 170 222 238 211 180 196 202 164 140 201 203 142 249 135 176 133 192 132 145 182 199 231 221 226 184 241 185 169 194 239 154 208 191 219 165 246 220 158 233 157 206 129 172 146 139 156 213 236 155 183 247 244 209 141 136 168 200 131 210 245 189 228 161 162 163 223 225 173 230 152 195
129 1702 161 231 214 241 239 243 155 166 163 193 221 151 150 215 160 170 228 198 181 237 171 223 232 177 219 180 196 144 226 162 199 143 168 247 175 157 200 211 233 139 178 194 249 213 242 203 195 225 176 238 217 204 145 149 209 230 224 189 140 156 250 185 137 206 146 141 229 188 191 187 246 235 142 154 192 158 148 197
130 1147 205 148 136 200 204 195 250 240 201 215 219 192 176 186 209 187 142 174 194 235 143 185 175 203 239 230 156 248 151 137 234 189 222 236 171 188 197 207 147 196 190 168 161 178 150 226 231 140 132 170 245 172 141 183 144 228 157 133 202 180 214 139 158 232 238 138 241 217 218 247
131 713 150 226 179 167 161 188 222 160 239 154 138 192 203 159 238 153 214 162 233 232 209 140 244 247 185 147 236 177 165 156 241 215 141 174 204 166 142 172 193 224 151 182 175 134 181 183 221 246 143 197 139 201 176 146 212 218 132 137 210 207 168 220 199 200 180 230 211 208 194 228 242 234 190
132 1238 245 212 190 141 195 192 168 144 226 247 142 172 184 214 216 158 147 133 173 204 211 215 135 154 157 169 175 239 161 200 165 221 234 236 138 228 145 163 194 205 208 241 224 139 242 183 199 137 162 223 134 136 209 150 174 143 210 229 213 182 225 196 230 140 191 250 152 220 244
133 709 223 158 134 206 173 212 233 218 186 215 175 198 213 191 205 185 188 246 192 160 245 228 236 137 148 197 161 200 177 248 250 244 194 144 235 139 231 221 242 181 162 217 168 155 234 140 230 174 163 154 202 208 149 146 216 232 190 225 171 203 142 138 147 167 180
134 665 229 155 221 201 152 207 232 239 172 238 136 211 160 226 170 151 146 234 237 218 166 154 242 214 236 190 206 147 193 149 200 148 235 215 189 233 157 135 203 248 169 212 199 194 227 196 213 159 163 167 241 247 174 158 137 185 217 161 210 182 156 150 243 205 240 188 230 179 177 219 138 178
135 2491 161 230 192 169 206 216 229 158 250 239 187 148 223 184 190 157 186 150 166 245 207 154 198 202 191 153 177 234 215 137 228 218 213 171 173 225 152 246 181 204 163 156 151 244 144 231 203 146 138 241 141 209 197 243 236 194 226 168 220 136 201 174 200 143 233 189 155
136 1278 250 137 217 225 231 241 178 143 222 168 192 201 210 191 184 198 175 148 147 223 189 200 138 144 240 219 232 248 236 186 176 193 167 243 151 177 203 173 235 165 246 224 170 228 213 155 212 204 226 141 146 154 199 152 214 194 190 142 202 211 206 245 205 247 221
137 1476 140 220 211 225 160 187 215 197 179 223 226 192 237 205 177 142 139 155 180 151 165 248 219 158 241 207 173 182 233 244 208 164 210 224 234 204 174 240 156 232 141 162 245 143 144 193 216 214 229 213 189 161 163 185 190 201 149 170 188 181 203 195
138 1259 240 185 149 159 231 209 145 171 203 221 208 142 175 163 158 243 157 207 217 228 146 224 242 211 189 141 153 187 176 167 225 190 193 233 222 226 139 164 172 220 199 214 177 197 246 218 188 178 223 230 179 162 169 173 213 198 245 215 204 144 244 229 205 194 219 147 227
139 1498 199 224 159 250 164 180 213 175 236 188 181 182 191 170 198 184 177 237 248 216 147 173 166 207 178 234 151 241 155 249 226 161 206 197 242 228 240 187 153 229 169 218 223 183 179 140 227 196 150 145 211 158 230 171 176 215 222 142 208 209 168 160 239 163 193 203 219 243 232 246 157 143
140 2289 241 167 192 176 199 179 213 154 209 231 159 239 164 198 181 226 162 236 228 221 196 151 150 145 223 242 161 148 201 191 202 249 158 237 172 238 212 214 175 141 195 197 193 155 230 210 153 208 245 182 194 219 187 186 200 170 233 180 207 218 168 216 183 160 220 189 250
141 2433 211 183 224 236 174 232 144 226 217 208 147 194 212 227 219 197 182 215 201 234 150 238 165 241 145 195 207 188 233 187 149 196 204 228 246 240 158 161 179 209 166 218 200 171 237 220 148 243 245 205 167 172 239 180 225 178 231 230 151 242 142 184 247 206
142 1258 217 198 202 215 206 193 222 186 250 156 221 190 158 224 178 244 245 189 207 187 200 213 184 234 182 170 239 148 185 227 246 228 149 153 218 165 163 174 144 176 220 194 203 216 232 204 229 226 241 211 150 145 192 157 161 242 191 231 219 201 159
143 1148 246 169 241 208 193 223 215 196 222 240 218 167 186 234 250 197 150 163 235 189 211 226 156 220 213 155 146 151 191 217 205 158 210 225 219 175 249 242 203 247 224 212 187 152 228 157 192 148 239 147 180 230 153 154 216 168 185 164 160 159 166 206 209
144 1446 167 180 152 203 178 205 198 204 146 148 188 207 246 235 145 247 177 170 243 209 160 176 199 186 248 173 232 168 227 238 172 187 228 162 212 239 202 224 216 233 197 240 174 166 210 156 231 150 223 245 175 163 185 191 155 147 192 183 206 157 190 244 165 211
145 2062 180 192 171 154 204 151 175 246 209 198 185 194 188 186 162 191 179 178 227 214 202 236 239 223 155 218 203 250 235 150 226 222 193 174 187 238 211 161 153 183 189 221 190 210 215 148 170 182 206 208 168 224 197 158 244 240 166 172 216 167 173 184 220 245 219 249 165
146 865 228 175 188 190 183 159 149 169 235 191 192 196 150 160 156 218 178 186 210 164 161 240 234 245 171 198 214 187 162 199 184 205 243 182 203 208 200 174 158 224 194 225 185 195 147 181 232 157 166 222 172 170 248 226 180 163 217 167
147 2298 208 163 238 228 158 217 246 188 168 195 212 148 239 200 192 241 176 196 232 210 161 211 226 153 191 231 197 159 149 160 201 173 175 155 189 204 181 242 172 219 199 250 216 166 234 213 157 171 220 184 247 154 162 193 151 243 156 236 237 150 178 185 205 174 203
148 1213 160 245 240 172 241 225 184 210 158 200 180 231 153 223 178 181 149 167 204 162 173 220 215 199 179 195 193 197 205 239 157 237 235 189 202 165 207 224 159 209 198 183 244 152 229 154 175 236 228 243 206 155 150 168 232 185 192 201 186 163 203 188 176 191 170 226 156 250 248
149 502 177 217 240 250 171 191 243 180 230 194 202 223 169 219 227 203 157 232 225 244 196 154 159 176 222 246 181 218 235 228 197 216 236 210 199 237 153 212 162 241 152 215 167 190 226 174 221 195 248 231 204 166 214 193 163 213 205 165 178 192 155
150 794 233 158 247 213 166 197 241 224 238 178 242 183 199 164 225 157 191 226 186 228 203 165 192 230 193 244 167 219 196 243 240 180 182 227 208 211 249 154 163 212 210 173 231 207 155 229 220 188 159 198 184 172 161 175 176 195 221 170 215 151 152 248 181
151 2364 232 196 156 162 230 198 187 155 243 228 238 176 229 204 208 190 182 219 242 197 165 159 207 184 203 234 201 246 166 183 199 221 158 153 175 177 185 161 211 227 170 189 247 194 241 200 249 239 192 236 213 181 188
152 2456 245 244 178 208 206 229 161 192 225 210 196 204 159 209 181 155 221 219 162 247 177 200 186 249 227 153 232 165 228 156 197 233 175 222 166 157 241 201 158 189 194 199 237 190 193 183 187 239 220 213 185 240 179 211
153 1172 156 159 185 242 161 206 226 223 245 158 221 155 234 180 224 168 214 196 174 200 217 205 202 204 229 188 178 233 212 176 203 238 167 218 236 157 191 208 154 162 215 183 186 184 198 232 163 193 194 199 249 175 165 181 240 179 190
154 2349 157 250 205 233 195 166 156 219 210 161 192 215 245 213 197 165 155 194 193 247 169 244 206 230 232 223 231 176 175 249 168 170 199 220 228 237 187 180 198 211 229 178 171 188 173 239 159 242 177 246 183 248 181 226 234 158 236 222 186 184
155 1221 238 165 178 231 159 174 223 193 206 169 160 224 247 189 235 187 248 236 161 194 209 249 171 216 232 163 225 241 168 230 234 218 167 210 202 217 183 208 177 181 166 221 182 162 245 227 170 158 222 214 250 205
156 521 194 201 165 195 239 231 248 221 240 189 197 238 213 196 216 250 184 247 202 177 173 182 166 236 188 211 242 183 223 217 198 190 229 228 215 200 172 157 219 174 246 243 205 245 162 249 164 171 180 191
157 1498 221 159 235 241 246 238 193 199 203 211 165 192 191 213 248 171 242 247 201 218 198 232 196 225 182 186 210 220 222 231 184 197 190 200 204 234 230 164 180 236 174 179 172 250 168 249 202 216 169 245 223 227 194 170 188 206 209
158 763 167 196 230 227 232 236 161 216 201 223 178 245 197 177 188 221 207 233 198 184 249 204 219 192 200 212 224 243 170 225 228 242 244 185 220 241 182 194 235 165 164 238 166 237 183 203 193 247 215 199 250 159 180 218 191
159 2260 240 171 196 228 230 224 199 242 189 234 161 160 187 231 182 172 167 247 191 241 205 165 176 175 180 213 243 201 185 237 197 210 170 177 184 220 248 207 194 226 235 174 214 190 200 209 198 178 195 217 206 249 246
160 2258 199 164 200 180 231 222 221 226 224 163 216 182 176 220 227 228 234 229 214 187 172 209 247 194 225 191 197 195 175 181 236 248 192 218 204 245 162 202 189 170 208 201 173 196 235 238 167 223 207 244 210 161 239 215 178 212 246 237 249
161 1410 185 209 247 182 200 183 176 163 177 246 171 197 250 168 194 212 217 192 162 242 249 198 174 236 226 240 233 184 235 229 232 179 244 196 245 205 237 234 195 206 201 199 241 228 169 221 222 204 189 170 213 220 207 230 203 202 181 218 210 164 191
162 2031 228 201 184 178 216 240 224 164 217 197 232 203 185 221 244 210 230 192 214 196 169 189 207 166 173 171 172 170 187 242 188 215 245 175 243 246 247 218 181 208 198 182 236 179 183 239 195 223 222 177 250
163 995 216 185 214 238 225 232 230 211 205 209 218 181 228 227 224 210 183 177 233 186 187 166 239 182 231 189 234 168 165 222 204 212 229 190 237 215 180 188 242 199 197 235 196 206 178 250 191 213 246 203 202 223 244 217
164 1619 183 225 216 213 234 200 177 226 223 231 212 179 237 207 171 227 165 221 240 193 206 199 217 211 190 203 180 236 250 176 197 168 214 229 186 219 181 174 233 208 222 241 184 224 170 215 210 245 198 188 238 172 242 195 247 228
165 2196 184 223 248 180 171 226 203 189 195 177 190 220 201 186 208 191 232 242 182 213 250 229 187 243 181 188 179 176 230 196 238 204 167 222 240 227 219 245 249 194 205 228 173 217 197 236 174 199 170 169 202 209
166 543 228 194 198 221 199 167 239 220 195 209 190 244 182 231 207 205 237 177 250 206 187 238 196 178 210 249 217 236 233 191 211 248 219 245 203 246 170 224 197 173 234 175 216 188 214 241 225 169 185 189 183 215 200 180 230 240 192 181
167 1954 231 179 243 191 228 185 216 235 221 189 209 177 170 246 214 197 215 211 220 187 212 234 238 190 208 193 201 247 232 196 186 176 245 172 217 250 229 207 225 199 248 200 175 241 244 178 195 173
168 728 230 219 225 223 231 200 242 204 170 182 217 184 186 190 181 188 245 196 215 222 187 211 226 192 233 195 247 227 232 246 180 241 175 249 234 201 203 240 193 213 238 235 221 176 212 244 177 171 185
169 859 217 247 221 173 198 201 210 202 239 189 230 190 187 237 236 186 233 209 214 206 197 235 178 228 248 224 220 229 216 200 215 245 174 177 204 231 226 194 211 234 249 212 213 185 208 171 176 240 182
170 951 185 240 200 180 184 199 231 242 225 175 218 223 182 233 177 226 201 202 227 198 229 237 241 181 178 245 244 209 179 205 191 230 246 247 216 197 234 210 211 212 183 172 217 189
171 516 228 183 205 241 173 185 246 208 198 209 207 192 238 180 236 232 189 231 235 172 234 203 229 245 194 212 201 196 193 216 190 214 220 217 247 240 239 184 174 199 197 227 226 210 242 195 187 191 221 250 237 243 225
172 792 219 205 225 207 244 181 201 237 202 226 213 184 250 220 194 232 234 238 204 236 228 180 245 240 187 197 195 179 233 241 217 177 191 198 242 188 249 206 246 189 183 239 214 200 216 229 192 175 193 221 247
173 1709 239 200 211 206 192 190 227 214 222 212 238 209 244 228 184 225 175 245 193 241 232 217 218 178 220 233 180 185 210 188 249 181 234 199 176 187 183 224 243 189 191 179 219 221 229 248 226 215
174 721 192 232 189 226 213 206 240 245 202 248 178 218 244 212 175 225 238 183 180 220 235 224 191 177 185 194 250 215 214 211 246 199 228 222 233 242 200 181 195 205 182 208
175 1295 182 201 245 215 217 231 213 202 222 179 242 228 249 239 226 235 178 236 199 187 247 219 221 227 191 240 177 230 210 192 225 203 185 189 211 198
176 828 186 237 177 249 211 196 250 215 227 180 232 239 246 234 185 214 194 220 197 184 248 198 195 231 192 190 217 244 226 235 187 243 218 230 201 208 212 179 209 204 233 242
177 1087 247 221 223 195 212 237 187 208 230 201 204 214 191 192 193 196 216 233 250 189 225 183 181 200 236 210 213 205 215 202 198 241 206 240 218 238 246 227 245 234 186 244 249 242 243 211
178 1093 187 197 247 233 219 239 234 243 242 244 198 189 208 240 190 207 193 181 224 220 184 211 250 232 228 182 180 194 245 188 223 214 216 217 213 246 203 196 222 186 183 225 227 179
179 1541 247 184 244 229 191 226 202 245 250 187 223 221 222 225 236 240 228 181 183 232 208 210 180 192 182 190 195 242 227 199 214 215 248 204 189 201 231 238 213 233 230 235 203 219 185
180 646 206 218 230 249 184 202 244 217 227 196 195 208 247 186 199 245 207 181 210 220 203 201 185 237 197 182 215 233 234 216 223 204 219 250 190 222 214 194 228 226 231 243 205 188 248 209
181 944 188 221 239 200 234 207 244 193 195 199 187 228 226 189 235 205 240 237 208 247 214 246 223 241 229 204 242 245 224 203 218 238 194 220 190 182 185 219 198 212 192
182 961 229 207 199 224 246 203 183 231 247 226 233 185 236 239 228 197 223 204 210 221 222 193 201 188 225 241 237 243 192 202 249 219 198 196 248 245 212 190 205 230 242 240 217 209
183 2159 221 245 246 199 217 206 219 192 194 205 230 218 197 238 193 249 200 244 201 186 229 216 207 237 211 236 188 231 233 235 203 195 232 248 222 209 214 196
184 1173 206 197 234 212 195 208 244 245 201 249 200 196 185 246 205 231 235 220 202 213 241 186 221 216 250 199 194 193 211 223 204 226 207 233 189 190 214 243 230 240
185 809 245 240 228 196 211 216 241 233 244 217 247 219 236 198 207 221 203 227 197 242 215 235 212 229 213 224 237 206 250 214 249 232 248 201 188 222 186 239 190 199 231
186 879 224 229 206 239 204 207 187 234 218 195 189 225 244 246 245 208 249 203 243 242 214 191 200 232 216 197 223 194 235 209 219 250 190 226 247 188 210 240 211 220
187 751 242 197 249 237 219 215 189 218 206 241 211 223 221 229 233 220 199 205 217 234 226 209 201 225 250 192 235 194 239 191 228 208 246 203 212 232 200 190 213 244 195 231 210 204
188 1808 239 222 248 189 218 202 203 191 232 206 216 240 238 219 221 208 247 194 195 213 211 230 197 237 209 241 226 214 217 228 235 233 223 205 244
189 1142 195 221 227 248 198 223 219 212 237 214 218 222 229 238 225 202 245 211 224 246 194 208 213 217 193 204 196 207 231 216 209 240 243 203 199 226 230 190
190 511 191 240 207 250 216 219 242 233 197 248 206 226 232 239 202 218 201 215 209 204 231 245 221 210 238 211 196 203 192 217 236 230 223 225 205 193 237 235 222
191 1122 210 240 213 226 230 248 217 245 198 199 215 239 202 216 220 237 236 212 234 231 203 228 209 246 206 222 242 233 218 195 196 200 211 194 205 223 241 247 238
192 1609 237 241 213 194 214 250 247 240 199 205 219 245 234 231 200 211 222 206 198 204 212 233 217 220 195 238 226 249 218 223 225 239 207 201 193 197
193 2042 229 224 228 234 244 227 225 217 243 237 200 209 230 226 201 194 249 207 245 242 240 247 197 215 250 235 241 208 213 219 214 198 221 238 199 196
194 1174 250 243 249 219 209 203 232 224 242 212 197 222 208 206 237 220 217 199 214 204 233 225 229 218 205 215 227 221 207 234 239 240 216 196
195 728 200 214 235 227 208 196 233 224 207 248 229 215 243 204 240 236 201 250 210 244 225 212 237 246 232 211 213 217 230 247 242 199 245 234 222 249
196 1294 214 208 218 231 241 237 235 234 215 202 219 201 209 211 204 233 224 240 232 200 243 223 247 242 230 213 206 220 245 227 228 246 221 244 205 249
197 774 204 212 230 213 203 202 224 232 248 205 218 209 239 215 217 241 221 227 211 207 210 233 206 242 238 246 223 200 244 201 220 216 235
198 1739 250 216 226 242 247 231 230 244 243 215 205 220 240 223 214 206 246 213 211 229 234 227 217 232 218 201 235 203 222 204 224 199 225
199 1522 246 235 248 237 241 203 214 209 225 222 210 227 200 249 202 206 219 211 221 236 224 245 226 240 205 232 208 201 234 216 217 215
200 1134 240 231 201 246 219 216 238 207 214 244 208 209 202 221 213 218 220 217 233 243 215 232 242 228 249
201 2191 208 241 249 213 224 236 243 206 246 242 248 245 217 232 225 235 210 239 240 214 247 244 230 229 219 250 212 218 202 216
202 1095 239 217 214 209 207 237 211 216 226 246 221 220 219 206 249 227 203 231 213 205 225 243 242 238 228 210
203 983 232 230 225 247 205 238 214 229 236 212 227 209 215 235 244 223 226 228 220 211 234 210 241 224 240
204 956 225 232 248 206 214 207 222 245 246 250 216 233 211 226 221 213 224 242 236 219 218 215 231 223 249 229 235 220 230 212 247 244
205 873 224 212 214 216 243 241 213 246 208 227 238 217 236 222 242 240 235 219 221 247 244 218 237 209 231 233 207 223 229 239
206 1335 250 215 218 240 234 225 229 227 233 239 247 223 245 228 212 236 232 230 224 237 235 214 219 208 242 226 213 221 244 248
207 1284 211 217 225 249 248 243 239 228 222 213 209 237 226 215 236 232 208 234 218 219 247 214 240 244 242 227 224 250 210 241
208 1017 240 235 229 242 248 227 250 214 226 236 225 241 213 212 209 234 247 249 246 238 216 232 230
209 1485 246 214 245 236 237 240 244 234 218 248 227 233 217 238 216 232 241 220 242 231 223 215 211 230 243 229
210 1882 241 232 237 236 222 227 246 218 240 234 231 244 228 238 212 221 235 249 233 248 224 247 211
211 1164 220 223 245 249 247 250 238 228 236 243 212 239 219 231 224 235 241 215 246 227 242 234
212 1929 234 247 221 218 237 214 229 225 250 226 227 215 222 245 240 213 217 238
213 2343 239 240 216 244 242 234 231 235 250 229 214 223 246 228 230 224 226 232 222
214 2380 228 231 249 221 223 248 217 234 220 226 242 222 229 227 218 250 230 239 246 247
215 2160 241 222 225 229 231 244 245 232 240 249 248 239 247 230 216 236 246 237 217 218 220
216 652 244 238 220 233 237 236 240 228 227 217 234 245 219 229 239 222 231
217 759 234 233 227 222 244 249 238 239 242 225 219 221 236 241 223 231 230 232 245
218 2411 247 249 236 242 241 235 238 231 234 221 232 245 219 240 226 248 250 222 244
219 1517 240 235 223 231 242 225 238 228 245 230 221 250 226 227 232 224 247 229 244 248 236 233
220 1401 232 242 239 224 248 227 230 234 240 244 236 223 228 238 245 235 222 231
221 1979 231 229 250 245 249 240 233 222 239 223 236 237 228 247 224 248 241 243 242
222 1696 231 250 239 233 246 224 226 229 248 225 241 243 245 235 244 228 232
223 510 237 227 249 226 246 231 239 248 245 235 236 247 233 243 238
224 1077 238 232 226 244 243 225 235 231 241 230 228 229 236 234 245 250 227 233
225 2370 228 237 229 236 242 234 250 246 241 226 244 232 233 248
226 2296 244 249 228 233 242 234 250 230 240
227 1871 240 250 238 231 228 235 243 245 242 229 247
228 644 246 239 242 231 245 230 248 249 247
229 1534 237 239 247 238 243 241 230 234 233 232 236 235
230 2450 240 233 235 245 237 249 239 247 243 248 250
231 835 232 236 238 234 235 248 240 245 239 246 247
232 781 238 248 242 241 249 233 239 245 240 244 237
233 601 237 238 235 246 247 248 241 239 249 245 236
234 875 236 238 249 247 239 241 237 246 242
235 1238 237 236 245 238 248 241 246 239
236 532 238 243 242 237 250
237 1710 242 239 238 249 250 248 246
238 1579 240 249 242 245 239 248 244 250 247
239 1049 245 243 250 242 246 249 244 247 241
240 695 246 250 248 242 249 245 244 241
241 961 246 247 249 248 244
242 1270 246 250 245 249 248
243 1681 245 246 248
244 2361 245 249 250
245 1150 246 247 250 248 249
246 1340 247 249 250
247 512 250
248 1409 250
249 1251 250
250 1086
