120 10000
1 2329 50 24 61 10 70 32 68 93 108
2 1049 90 69 70 50 41 28 83 30
3 935 105 109 118 43 100 87 33 102 9 116 72 18
4 1396 46 93 108 73 71 26 49 14 25 30 76 29
5 1021 25 62 39 116 112 43 37 87 36 107 12 84 21 55 13 8
6 1844 64 88 98 116 62 54
7 1176 112 80 114 38 94 31 59 111 65 106 87
8 1672 78 120 37 27 61 88 86 116 15 66 101 72
9 1951 24 42 52 27 51 112 103
10 564 103 34 106 109 25 117 82 92 77
11 854 84 95 13 51 99 30 52 21
12 2053 22 87 52 103 28 67 96 82 110
13 1820 104 103 85 112 117 47 96 90 72 53
14 1199 116 92 42 36 114 16 49 23
15 933 75 49 18 101 113 25 55
16 1005 111 108 69 96 22 73 65 37 49 66 101
17 2006 66 48 38 30 65 104 78 40
18 1085 27 51 76 95 68 39 69 110 23 62
19 646 83 66 29 36 109 56 82 103 41 110
20 1299 76 55 22 91 114 74 72 92
21 2397 118 80 108 65
22 2015 59 67 106 34 100 80 35 36 70 60
23 929 75 50 69 35 80 33 97 59 78 118 67 63 32 84 68
24 737 52 85 51 69 31 115 99 28 32 103
25 1777 116 91 98 70 68 95 52 115 64 30 112 108
26 1849 95 74 107 40 97 92 75 88 38 91 77
27 692 68 66 62 120 109 29 61 88
28 1113 67 115 79 52 85 40 108 117
29 1953 102 37 35 70 38 116 47 83 74 53 32
30 577 63 95 35 117 40 66 89 54 70
31 1381 46 37 102 64 50 107 82 73 93 34 56 62
32 1338 68 114 84 72 90 106 102 120
33 1126 103 84 79 59
34 1816 43 101 109 97 115 74 112 118 119 94
35 2234 46 87 105 107 36 101
36 1647 86 114 90 99 74 106 93 59
37 1160 89 65 69 97 112 117 80
38 2467 45 88 111 105 118 77 68 71 72
39 2377 114 49 55 85 56 108 115 46 81 58 44
40 2168 83 55 117 69 111 100 70 71 88 114
41 530 108 104 83 63 65 46 72 76 88 94
42 730 75 88 68 79 54
43 1720 91 89 114 80 86
44 1850 94 82 77 95 117 66 55 49 102 111
45 987 62 113 92 103 61 94 56 51 67 108 72 63 102
46 1710 102 94 119 57 71 101 89 110
47 1913 94 112 53 79 104 85 87 90
48 2050 78 83 92 64 74 80 75 95 105
49 2296 76 93 104 55 103 119
50 1616 69 105 59 64 83 86 114 93
51 2406 66 79 67 71 80 55 58
52 1749 70 76 66
53 1130 60 109 104 54 107 103
54 834 76 88 108 98 104 117 57
55 1986 67 118 99 94 89 83 117 108 60 77 116
56 2407 86 88 63 77 94 87 67 91 81 59 110
57 2183 116 87 118 101 117 91 85 73
58 1735 69 87 74 118 108
59 577 102 119 110 106
60 1192 73 96 89 112 118 105 103
61 1812 95 118 68 96
62 1458 111 104 73 64
63 2030 65 75 101 112 76
64 1995 65 66 114 120 105 79 82 96
65 2332 82 73 94 112 109 100 102 89
66 1320 88 113 77 73 116 108 78 79 112
67 699 70 105 112 85 86
68 548 101 110 118
69 1287 84 110 111
70 575 86 105 76 72 107 101
71 2216 74 86 73
72 874 73 110 112
73 2363 90 85 76 103 114 118 81 120
74 993 75 77 120 106
75 1782 79 118 119 90 86 107 92
76 2407 105 77
77 2203 116 101 110 100 81 98 82
78 1194 91 89 85 117 88 96
79 1956 103 104 100 95
80 1555 96 115 116 103
81 1867 107 98
82 1862 83 111 96
83 803 110 120 98
84 2497 111 102 116 101 103 89
85 1753 117 111 110 101
86 1847 102 113 117 116
87 1960 91 95 113 100 88
88 993 109 118 110 95 91 104
89 638 93
90 2037 98 118
91 1685 112 102 111
92 1951 97 117 99
93 552 104
94 772 111 103 98 100 104 115
95 1445 102 106 117
96 2384 106
97 1592 98 108 112 113 109 111
98 1644 114 100 112 110
99 2432 109 106 110
100 1936
101 1276 119 107
102 2147 113 104 112
103 2311 111 113 119
104 1139 114 110
105 2197
106 1592
107 1045 112
108 1900
109 1843 118
110 2059 120
111 511
112 1209 117 120
113 977 115
114 2373 117
115 1205 120
116 2230
117 1276 118
118 2222 120
119 2280
120 1414
