120 10000
1 1729 16 75 35 40 73 99 39 8 61 42 49 62 64 5 37 104 115 12 78 2 52 11 14 26 4 82
2 2093 87 57 105 43 95 36 112 62 40 55 12 16 63 67 83 93 5 52 86 71
3 1224 48 27 82 102 66 86 22 30 38 80 34 120 7 76 57 21 70 87 54 32 46
4 1808 46 114 81 71 51 63 76 70 13 97 73 56 31 58 93 95 68 41 23 12 88 67 89 33 40 113 14 120
5 928 102 42 69 116 86 10 43 41 120 54 117 23 71 79 53 47 110 19 72 106 97 44 90 9 81 40 92
6 1418 87 9 119 15 33 68 56 75 24 93 34 54 94 47 106 83 13 44 17 30 12
7 659 103 115 35 45 80 106 108 52 66 96 98 56 53 38 17 24 49 114 25 67 29
8 2377 119 12 44 19 42 52 11 80 116 117 20 46 101 61 58 71 106 100 120 40 53 28 111 109
9 1934 16 49 40 10 25 17 96 29 81 71 19 110 88 32 75 35 33 30 22 13 115 78 85 106 38
10 1019 34 83 50 59 101 112 44 80 75 110 18 82 13 21 24
11 2236 25 36 18 119 56 29 81 82 96 31 77 66 62 76 16 17 73 21 53 95 94
12 737 47 113 59 76 29 13 40 43 74 114 105 45 42 62 71 18 99 51 61 87 27 68 100
13 812 18 35 14 95 32 22 64 41 112 17 108 49 109 105 103 55 116 86 16 102 57 62 30 15 85 96
14 2362 104 68 75 65 117 116 114 57 77 17 63 101 58 85 59 26 38 119 54 19
15 696 41 91 45 102 95 64 97 31 32 69 93 63 110 52 86 30 113 114 106 104
16 883 94 93 44 74 33 120 82 100 26 31 114 115 117 107 88 91 23 79
17 1301 31 72 40 45 41 92 97 26 84 87 82 43 105 120 50 24 103 73 30 109 25 99 56 69 91 70 75 20
18 1312 87 52 60 37 59 24 99 62 107 41 68 76 93 45 29 98 100
19 2352 91 60 83 24 106 52 45 96 114 35 48 31 73 43 85 93 100 51 62 84 46 98 59 68 56 61 104
20 723 111 83 50 51 56 58 72 25 43 24 29 70 82 86 42 103 90 27 76 41 49 45
21 1758 108 39 29 87 109 118 89 117 105 37 81 31 67 41 116 98 45 32 94
22 631 82 56 46 33 25 94 57 100 105 74 81 23 108 63 79
23 1635 100 75 38 63 77 57 68 50 61 67 72 34 74 54 96 92 103 87
24 1879 107 105 63 39 69 79 80 65 78 93 38 60 44 37 70 82 92 56
25 684 72 30 97 51 67 64 75 53 88 31 57 112 68 120 117 78 99 82 39
26 1974 48 46 84 31 47 119 117 33 93 74 39 49 57 63 71 78 32
27 883 113 36 74 72 114 83 67 42 109 92 57 62 97 105 54 80 48 84 86 111 44
28 2209 43 81 52 60 63 69 70 85 55 111 29 51 37 77 36 44 87 109
29 661 77 80 56 37 51 109 119 88 33 87 90 64 52 62 113 112
30 1460 44 86 47 110 89 33 62 67 84 117 98 36 100 108 80 103 75 40
31 2090 35 81 113 60 116 54 52 49 55 34 61
32 1890 44 54 43 47 97 88 72 36 40 82 79 74 87 41
33 609 109 57 52 66 45 62 104 60 43 82 105 47 106 40 61
34 814 95 39 64 103 76 108 77 105 51 106
35 1197 62 98 119 77 53 113 74 88 112 67 101 104 52 73
36 1038 56 90 59 66 37 95 62 41 107 50 42 96 52 106 111 60 99 109 48 70 108 78 84
37 1732 39 60 65 59 73 108 62 61 51 52 78 64 55 84 70 101
38 913 62 68 104 53 56 59 39 116 106 94
39 914 117 110 116 57 63 92 84 83 97 76 44 118 90 56 52 80 48 95 94
40 1166 117 46 86 116 89 93 99 47 100 61 60 94 110 90 101 68
41 990 85 96 64 99 62 109 114 58 102 113 54 56 82 42 69
42 2207 45 50 63 111 80 92 115 43 70 65 86 56 107 105 52 93 118 48 49
43 960 110 70 104 76 113 52 88 91 64 58 89 92 61 100 62 63 56 80 60
44 859 110 49 85 75 68 81 65 60 61 86 96 63 108 58 115 112 51 119 98 109 66
45 1625 109 111 92 97 60 120 90 84 115 71 69 102 117 95 99
46 713 58 87 110 51 47 111 88 78 50 120 70 92 55 71 66 91 103 74 90 62 57
47 799 70 115 92 65 64 112 117 58 81 59 105 103
48 2426 55 105 73 114 78 74 50 75 94 89 95 58 109 60 83 99 70
49 1082 67 76 94 64 85 111 117 92 102 78 55
50 2208 73 103 112 107 67 98 111 75 66 120 82 54 68
51 2206 111 71 79 99 80 57 98 52 106 114 78
52 1898 114 109 76 71 73 116 98 101 69 53 87 102 59 91 81 100
53 2340 97 82 94 71 92 115 76 61 58 88
54 897 59 100 90 93 82 66 61 107 110 116 76
55 1276 64 57 105 77 99 74 114 90 104 59 69 115 119 96 118 106 68
56 523 76 74 59 85 70 72 89 103 110
57 1928 93 80 82 102 116 67 90 75 78 62 95 72 98 103 108 114 118
58 1659 75 80 61 72 93 64 84 73 81 102 118 120 77 82 60 85
59 1790 89 106 86 99 117 93 61 75 85
60 2089 70 109 81 117 120 108 99 112 65
61 2176 108 70 90 118 103 80 76 74 94
62 1379 106 101 117 95 112 115 98 85 72 109
63 1035 120 119 90 110 75 67 113 84 101 111 102
64 2285 95 88 94 100 78 80 65 111 84 98 89
65 1693 115 94 114 86 98 81 88 102 83 113
66 1289 78 114 108 92 110 101 89
67 2380 102 112 78 118 84 72 79 110 107 92 86 100
68 925 76 113 117 83 94 108 112 104 90 110
69 1260 80 117 104 95 98 77 86 106 116 110 120 71 82
70 2351 81 75 91 114 95 110 107 90 116 109
71 1148 87 75 99 83 116 100 80 114 89 118
72 1750 106 118 84 107 85 117 116 114 96 94
73 1614 83 92 111 91 119 112 102 76 87
74 1165 110 115 103 105
75 1666 93 82 104 115 92 81 88 77
76 739 108 86 119 109 104 77 97
77 1378 80 98 78 91 93 105 99 101 110
78 1966 103 98 110 92 104 118 109 87 107 105 79 81
79 2222 82 87 120 102 106 81 92
80 1518 100 115 98 81 85 111 104 82 95
81 1673 90 83 100
82 1485 120 85 107 84 104 111 108 109 86 105 117 96
83 915 86 105 84 104 97 117 95
84 1069 103 105 118 114 88 109 96
85 1882 110 96 119 113 91 100 106 112
86 1691 103 94 91 87 92 89 117 93 90 112
87 1093 97 88 100 104 111 103 99
88 1310 113 100 108 106 98 96 97 120
89 2407 98 92 95 115 119 96 114 103
90 1940 114 109 94 111 97 118 103 110 91
91 2456 106 102 112 111
92 2082 111 120 100 113 101 93 98
93 2376 99 119 116 106 115 98 118 104 114
94 548 101 98 119 113 108 97 110
95 1423 101 109
96 1569 99 113
97 1337 119 102 104 114 100
98 1303 117 112 109 101 104 115
99 1551 113 114 109 112 120
100 1654 118
101 1153 112 104 102 120
102 1756 111 114 112 115
103 903 106 107 118 111 114
104 2268 116 120 117 112 119
105 1978 113 107 116 119
106 1627 112 108
107 506 111 110 114 109 112
108 855 120
109 1092 115 113
110 1785 119 116 115
111 1430 117 116 120 112 114
112 1822 115 117
113 769 118
114 1845 115
115 2392 120
116 2152
117 592 120
118 541 120 119
119 518
120 2499
