120 10000
1 1956 64 91 74 103 98 59 32 45 116 96 37 68 3 43 44 51 23 87
2 1449 109 39 110 25 17 6 90 62 7 68 48 61 72 79 51 56 42 55 88 78
3 699 103 38 110 5 89 60 37 7 30 92 15 4 56 91 64 93 113 111 71 100 88 8 17 9 77 99
4 1635 95 72 60 48 90 61 56 31 101 112 38 45 58 7 49 16 21 26 5 54 73
5 1575 67 105 78 10 34 101 116 29 31 63 40 11 70 33 18 26 112 99 100
6 1421 50 31 107 37 118 48 72 84 60 94 24 49 115 70 25 97 26 21 34 75 54 9 17 87 100 13 69 102
7 1842 19 75 33 94 87 110 8 50 48 57 90 105 73 53 23 21 67 52 115 63 36 42 97 65 49 16 20
8 946 64 69 34 82 31 112 66 47 54 116 26 63 46 44 59 101 83 52 85 79 62 92 98 55
9 1795 25 26 60 24 74 52 58 96 95 21 22 84 18 99 37 35 51 43 63 120 114 87 70 111 27 48 108
10 2146 87 85 113 53 12 63 68 20 78 86 75 80 40 33 48 30 81
11 837 61 50 86 85 31 54 60 51 95 44 90 112 96 84 88 71 102 120 12 22 43 20 40 48
12 1104 37 46 105 53 17 109 21 96 54 55 19 102 118 45 68 104 39 51 29 72 80 117 49 92 112 35 43
13 2440 74 94 119 95 58 102 90 22 28 52 91 85 80 54 75 103 84 50 41 83 88 20 109
14 650 63 19 110 17 85 92 120 49 34 67 60 77 51 62 87 73 95 15 64 46 36 111 50 81 44 94 99 86 114
15 2275 79 53 34 117 43 29 65 87 120 57 41 104 23 59 99 48 19 119 33
16 622 108 45 85 84 55 96 31 62 86 71 87 32 107 63 104 92 73 34 52 100 21 60 64 89
17 1401 49 109 24 29 100 81 25 63 65 98 19 18 88 86 37 92 22 69
18 675 43 70 104 94 75 22 110 65 28 66 69 78 107 59 24 108 67 71 113 98 112 84 73
19 626 116 119 88 55 101 93 21 76 78 29 43 97 56 20 106 45 58 44 52 23
20 2414 83 52 40 92 72 46 55 78 75 80 62 36 117 35 33 118 37 27 50 51 48 69 31 81 64 100
21 944 77 113 50 115 33 53 119 35 114 29 79 34 57
22 2402 108 67 40 94 36 110 113 116 56 78 91 105 30 64 55 32 24 41 68 38 72 99 85 53
23 1505 92 76 25 55 99 44 65 27 37 34 100 59 60 54 35 117
24 2271 38 35 85 60 88 37 103 32 43 100 87 75 50 120 94 95 65 80
25 1225 110 27 80 82 26 36 59 29 41 88 71 98 92 65 50 97 32 39 116 37
26 1168 112 65 120 47 28 118 72 46 117 78 107 36 95 38 83 87 85 52 32 63
27 688 82 103 118 77 100 119 45 85 89 102 34 44 93 50 57 64 46 73
28 1130 99 108 105 54 47 87 109 66 118 68 76 119 110 84 56 80 37
29 1922 31 114 69 58 52 87 38 103 109 116 81 37 79 108 41 43 96
30 1020 39 85 48 90 55 86 68 54 94 67 43 44 35 38 70 58 108 56 98 51 96
31 1332 49 85 90 113 65 38 116 40 48 91 52 68 117 51 115
32 934 76 78 114 119 47 120 84 45 53 74 40 90 91 60
33 1969 103 119 68 104 57 61 65 37 55 106 53 91 48 96 76 80 64
34 1531 75 61 115 104 118 74 67 77 47 49 64 98 79
35 2069 94 95 117 110 72 51 100 116 120 93 69
36 1043 99 109 102 61 106 115 100 77 112 104 86 63 120 113 56 80 87
37 2009 101 56 45 61 103 114 65 93 108 104 47 78 111 89 40 77 88 112
38 968 86 75 43 114 62 52 87 66
39 1047 82 65 113 62 58 55 42 49 43 73 75 47 103 107 119 101 77 68 88 83
40 1303 57 51 69 109 115 60 110 82 55 90 49 87 52 47
41 613 67 89 80 43 103 66 69 72 65 84 76 102 113
42 1384 105 73 89 47 54 103 117 115 95 51 81 43 91 48 98
43 1464 102 61 116 70 64 75 120 76 59 98 100 50 99 62 113 92
44 552 48 55 60 67 72 85 101 63 108 82 119 79 62 83 73 104 113 103 71
45 1091 107 83 58 102 48 50 120 119 92 89 67
46 795 58 89 111 117 110 70 76 66 90 112 63 82 88 51 65 91 57 50 48 64 108
47 2232 48 93 54 77 118 66 87 60 116 103 69 59 75 117 79 114 112 100 91 50
48 1550 64 57 74 87 106 88 78 116 54 95 53 92 119
49 970 97 70 86 71 63 85 90 105 111 110 113 104 79 107
50 1916 117 87 70 100 56 96 103 99 68 97
51 1463 70 110 120 52 103 72 113 81 83 102 114 76 78 69
52 1414 95 103 79 118 96 57
53 1817 77 81 102 108 57 97 103 72 92 105 119 118
54 2469 65 58 55 57 119 96 89 107
55 742 75 71 111 80 76 97 91 77 82 118
56 2099 115 108 105 107 75 98 79 119 84 72 57 117 92 111 120 62 89 81 69 88 90
57 693 100 116 86 61 119 112 97 80 70 83 88 82 73 91 76
58 2488 90 105 60 59 79 114 97 77 92 107 106 68 72 110
59 2286 63 94 112 85 115 110 70
60 2115 115 117 99 113 63 81
61 1007 112 62 91 69 102 104 94 65 103 115 100 96 74 113 111 117 97
62 1117 98 104 100 93 94 81 77 116 103 67
63 2107 107 120 94 68 70 118 108 86
64 2477 91 85 77 113 109 84 66 115 74 104 82 110
65 2149 72 68 99 75 103 83 107 96 70 106 101 73 105 91 90 100 67 109 102 120 89
66 1232 108 100 92 82 109 89 67 110 101 78 87 98 99 85
67 576 99 113 117 93 85 102 79 98 114 97
68 1214 72 92 90 112 114 117 91 74 78 113 77 71 96 109 119
69 1700 99 93 113 117 78 98 119 87 95 111 73 80 79
70 1123 112 108 114 100 107 85 94 93 116 118 77 84 78 103 113
71 1575 102 98 72 100 118 93 77
72 1813 85 114 86 119 89 99 81 84
73 1565 83 77 86 101 79 76 75 118 84 93
74 538 94 89 76 80 120
75 1422 99 78 120 88 86 111 108 96
76 2156 105 111 86 91 82 96 84 110 107 80
77 834 111 113 95 99 92 110 87
78 1154 99 79 93 118 100 92
79 1205 82 100 102 115 86 93 101
80 1304 97 84 82 116 117 120 101 87 109
81 569 96 115 82 106 116
82 1726 116 108 100 106 115 107 95 87 83 92 89 103 114 96
83 1776 110 118 109 120 114 93 113 94 111 103 87
84 1443 115 102 94 107
85 1694 117 103 86 95 104
86 2018 101 107 118 95
87 1041 90 106 94 114 93
88 1887 98 93 109 120 107 110 105 99
89 1562 111 99 119 116 115 94
90 2385 94 108 112 106 117
91 1059 97 111 113 94 101 116 99 112
92 2069 100 94 111
93 1001 116 105 104 110
94 2223 99 119 107 116 95 104 112 98
95 1602 116 96 113 99 97
96 2207 114 111 107 106 105 117 116
97 954 101 99 117 106 107 109 116 98 100 103 118 108
98 1679 106 102 104 111 117
99 921 109 102 108
100 2155 109 113
101 2302 117
102 1996 114 104
103 1024
104 1366 105 109 107 111 120
105 1591 111
106 1947 109 119 120
107 579 118 112 114 119 109
108 1925 119 113 111 114 120
109 2158 117
110 841 113 111 112
111 2287 117
112 2227 117 115
113 2067 118 117 120
114 1562 117 116
115 726 119
116 1260
117 636
118 1267 119
119 2205
120 1698
