120 10000
1 1180 93 18 61 60 44 90 40 100 66 97 56 108 119 49 34 23 114 84 55 102 12 15 77 37 70 85 113 68 75 10 39 14 64 48 32 16 81 89 120 52 112 71 25 45 4 106 65 6 80 88 111 73 117 42 95 54 19 36 72
2 2002 91 47 64 57 118 62 113 88 12 28 101 90 9 86 46 19 44 87 102 35 112 81 76 110 27 111 48 18 67 73 42 40 66 79 74 25 61 104 26 65 63 37 84 89 20 83 78 109 7 116 6 4 23 14 85 69 80 33 39
3 2254 101 19 27 120 88 64 119 100 7 83 50 98 53 54 102 38 26 59 13 25 73 21 85 93 109 107 28 23 14 76 96 99 97 87 108 29 20 84 112 34 78 106 4 52 32 48 36 8 42 86 68 9 10 41 12 77 45 67 47 62 79 66 55 11 31 103 81 33 58 92
4 1448 81 104 89 35 92 21 18 98 23 62 97 53 84 100 111 71 42 72 55 13 107 40 114 51 38 110 25 26 50 76 91 43 6 56 29 33 103 17 77 5 9 116 45 94 61 10 37 16 30
5 965 42 14 50 114 46 36 77 21 99 116 117 26 56 72 49 81 93 64 22 70 87 111 28 98 75 9 40 15 12 30 115 82 53 35 85 103 95 19 102 33 105 57 65 11 7 66 67
6 2311 82 98 114 27 62 75 80 112 29 105 81 118 57 78 30 26 32 107 61 65 15 19 43 89 11 9 40 52 33 8 101 31 36 69 53 108 51 85 104 54 63 95 88 58 47 99 72 39 71 38 83 115 24
7 1628 117 80 110 62 12 97 42 89 38 44 24 77 34 74 119 22 75 29 65 47 112 39 26 114 76 60 18 50 41 101 43 49 33 35 79 68 95 91 53 32 87 82 23 73 83 92 36 111 16 54 70 31 99 17 96 94 14 57 40 93
8 1526 64 84 36 82 30 83 78 69 59 60 105 56 119 100 39 9 48 79 114 72 108 21 85 76 38 68 41 66 28 65 55 47 63 89 34 17 87 70 58 90 52 71 20 111 107 50 42 32 94 86 14 75 112 81 80 95 24 40 51
9 2003 85 11 52 10 28 105 97 113 41 38 114 102 60 83 35 46 86 84 22 94 63 45 116 95 110 68 96 51 93 77 14 34 23 82 19 78 15 37 104 92 99 32
10 1252 54 49 69 115 62 74 77 83 41 65 100 76 17 35 28 59 60 75 57 25 111 92 117 11 82 21 26 39 29 53 71 86 44 20 106 36 87 32 96 109 73 112 31 24 47 68 70
11 2040 90 85 108 15 66 79 45 18 50 27 104 102 76 92 25 95 48 112 42 110 20 77 80 31 52 111 39 58 17 60 13 64 14 40 97 12 46 106 65 67 55 117 47 84 96 119 69 19 83 81 53 57 82 72 26 115 34 107
12 1237 114 97 45 88 89 100 103 40 113 66 30 63 67 92 53 118 94 19 86 28 82 38 22 107 98 14 57 112 27 108 81 50 41 120 59 110 17 36 93 37 85 70 74 102 90 77 52 65 23 58 29 62 104 18 48
13 1895 74 84 113 82 95 68 115 20 90 15 59 51 87 42 83 112 105 31 44 111 94 91 64 107 78 109 29 92 103 77 79 119 80 97 104 54 120 34 56 23 63 48 46 39 58 17 27 99 62 21 47 69 101 30 35 70 24
14 2291 92 53 49 37 110 115 64 107 21 97 38 29 25 83 100 23 24 30 94 82 40 41 22 84 46 19 80 118 87 31 18 39 36 70 58 72 26 81 98 75 60 62 66 33 56 117 50 120 73 16 103 78 43 113
15 1759 100 98 79 103 50 96 31 82 22 63 58 18 29 78 83 17 64 76 114 71 40 16 38 95 49 84 74 80 62 28 87 108 72 37 119 102 97 89 32 56 46 70 106 85 27 99 104 59 20 45 88 113 34 69 107
16 639 74 99 97 65 53 19 82 48 35 105 98 72 94 92 115 55 101 67 104 93 29 64 103 102 73 70 77 34 43 118 86 26 117 22 42 60 59 40 58 69 88 96 111 112 114 62 52 71
17 2052 78 79 45 33 34 68 46 59 116 120 56 117 64 101 108 119 96 48 54 105 27 86 31 40 69 61 58 50 23 92 72 93 41 62 18 22 99 90 52 98 63 65 24 66 74 39 83 38 67 57
18 1396 75 48 92 30 63 98 56 76 33 80 103 46 96 40 22 90 32 74 95 113 117 38 39 45 71 82 73 61 42 116 108 79 27 102 51 119 83 28 105 35 99 118 101 115 34 109 60 85
19 1010 88 98 65 103 25 50 95 97 114 34 100 77 101 26 46 33 72 96 74 86 40 20 38 106 22 45 59 53 118 94 111 115 32 67 30 73 37 36 49 99 83 31 56 23 43 44 79
20 553 89 100 118 111 81 71 106 94 69 112 34 23 70 42 33 25 32 95 37 65 67 108 64 91 24 110 115 29 39 104 99 61 107 46 77 60 117 52 21 76 102 49 120 54 78 63 68 35
21 565 56 23 68 22 54 71 28 114 27 84 45 40 112 37 62 101 108 120 24 49 64 98 72 59 32 50 81 109 119 116 100 105 57 95 102 75 78 36 89 103 61 47 67 83 46 91 73 69 31 66
22 1189 56 35 91 106 50 108 112 58 68 29 87 82 103 25 104 89 72 36 97 23 84 60 66 99 47 55 49 67 75 119 37 93 79 51 45 30 27 42 33 113 81 96 74 53 70 109 48 86 31
23 1423 100 116 51 107 45 58 98 94 28 71 114 81 64 106 46 35 78 24 90 105 33 32 69 53 31 56 118 117 50 67 65 39 84 70 62 52 49 111 102 47 88 104 96 63 44 86 82 54 115 80 66 41 120
24 1766 64 99 44 63 120 28 32 35 56 74 96 93 95 26 61 72 82 46 107 43 83 105 65 59 30 116 88 51 91 119 58 33 57 48 106 27 37 29 104 102 100 39 114 77 66
25 2453 37 40 95 42 44 89 57 119 105 68 39 86 97 54 45 48 101 76 35 31 52 115 29 58 80 36 94 61 33 74 112 87 120 63 30 77 78 49 109 107 110 75 38 85 67 106 82 41 83 66 43 72
26 2470 109 89 29 113 66 93 41 116 33 94 100 27 78 97 117 42 101 80 54 39 108 102 58 53 73 68 120 48 51 63 119 47 87 88 57 35 77 67 92 98 36 38 107
27 1098 33 31 79 64 113 81 74 101 65 49 69 90 118 109 103 50 104 83 47 59 88 37 96 91 41 93 119 29 94 75 102 54 97 46
28 1198 31 79 59 56 84 42 64 49 45 110 43 58 63 101 116 108 80 106 114 47 109 119 118 35 89 66 93 36 34 30 69 55 102 97 103 51 107
29 1635 90 92 74 116 83 60 45 78 102 30 107 85 88 50 77 59 46 82 67 72 48 115 51 44 105 119 71 70 89 73 117 110 61 55 101 111 99 113 41 118 57 91 39 40 53 52 87 32 112 31 62
30 2161 35 81 59 77 65 54 46 111 41 70 45 34 57 33 40 108 55 50 98 99 53 63 96 93 90 75 104 92 83 32 67 56 51 78 118 107 64 116 94 73 91 86 112 101 113 87
31 1668 70 94 110 100 72 39 101 79 56 64 81 59 89 66 50 120 97 46 49 85 32 117 103 65 83 69 38 102 40 108 92 61 113 87 51 84 52 48 98 73 112 58 71 111 99
32 1872 113 49 114 43 73 42 91 83 92 94 117 112 39 46 41 57 70 55 51 71 106 36 101 102 47 59 34 75 65 103 38 111 93 109 72 54 97 85 82 45 87 60 80 48 64 53 104 90 86 99
33 1662 34 64 109 52 118 63 78 68 82 119 93 111 77 74 36 44 66 57 53 120 108 81 49 116 73 96 87 45 43 89 79 35 58 62 59 67 42 76 75 83 92 112 61 60 72 69 80 54
34 978 115 90 116 57 51 75 111 73 66 92 89 113 63 104 108 72 94 99 64 110 47 120 58 98 87 82 44 53 74 37 86 45 54 109 56 96 67 42 77
35 819 103 47 55 112 49 102 111 119 104 83 113 53 72 81 65 89 94 84 54 105 106 64 59 39 40 88 78 120 92 114 75 73 43 48 96 70 80 93 36 45 51 38 97 41 62 87 85 68 117
36 1684 114 57 76 78 70 50 94 108 95 118 61 96 63 80 69 82 74 112 41 62 65 89 106 60 39 66 88 71 102 48 100 97 52 53 67 107 101 83 116 105 119
37 2346 100 74 47 73 66 77 119 84 91 69 98 106 86 71 49 67 114 92 75 62 88 103 38 110 111 90 87 113 118 72 50 120 42 117 93 64 101 41 57 65 104 60 95 48 96
38 1504 93 95 74 40 78 76 63 102 67 79 57 58 87 70 42 81 109 96 113 56 104 45 62 48 120 66 91 51 60 52 39 53 44 47 108 75 80 88 94
39 709 97 74 116 95 110 52 55 81 60 66 109 48 72 63 102 115 87 106 82 50 53 57 42 62 111 45 54 90 75 41 96 85 51 101 98 91 67 105 49 113 84 100 120 71 56 80 119 76
40 1849 79 117 102 92 69 101 98 67 77 85 60 56 52 51 95 41 94 81 106 63 45 119 112 75 76 59 104 54
41 2257 118 112 111 53 117 65 81 120 75 62 44 52 67 78 119 54 66 92 100 104 51 74 77 110 85 57 83 98 80 48 73 45 76 55 87 61 63
42 2249 80 92 73 115 102 45 50 44 71 100 65 72 74 79 93 89 114 95 70 82 61 60 67 116 105 106 77 97 69 78 118 99 110 43 62 56 96 55 51
43 2143 79 72 55 94 65 68 110 82 73 77 87 118 47 92 117 119 50 104 53 78 75 46 101 113 100 76 57 96 71 60 63 114 44 64 111 86 89 69 84 58 45 62 102
44 1651 111 77 60 71 70 74 82 45 100 78 106 85 63 54 57 114 72 119 105 80 93 92 115 83 87 66 90 73 47 50 64 61 110 68 113 107 120
45 1596 58 53 83 94 110 115 107 89 85 104 67 109 87 114 105 74 118 75 54 69 81 60 65 59 111 119 99 98 117 46
46 958 77 99 83 67 52 72 48 61 92 49 90 111 118 78 119 106 112 107 98 86 94 108 60 64 81 66 100 68 95 109 65 117 120 84 50 59 73 91 97 115 69
47 1791 57 102 75 70 52 63 87 82 99 55 90 49 58 54 117 69 95 51 85 62 111 81 101 72 73 120 83 61 119 59 65 116 77 96
48 1147 113 115 60 75 84 87 71 95 68 54 86 88 98 79 83 112 107 74 58 100 91 102 51 61 67 80 64 114 69 94 93 85 105 66 108 52 49 97 103 120 70 111 78 96 65 57 81 50 106 56 77
49 1854 117 50 96 119 78 81 85 74 105 87 92 56 99 71 77 66 120 75 102 113 86 67 95 111 88 79 114 70 52 65 69 62 80 118 107 94 97 53 83 76 64 57 106
50 1858 60 97 67 108 81 86 93 84 71 61 52 98 99 89 72 118 69 105 102 91 114 87 95 107 58 113 68 62 54 59 90
51 758 66 115 89 111 103 98 54 74 91 76 71 52 88 62 114 101 59 85 73 94 61 108 65 107 96 113 79 72 119 64 105 70 86 99 82 97 80 95 93 68
52 1476 72 69 55 96 120 56 116 105 86 118 81 97 67 102 75 115 74 53 73 77 110 59 62 95 103 100 92 94 109 82
53 2104 85 109 77 102 79 63 114 108 80 118 106 70 90 120 66 68 101 107 65 54 93 110 88 58 57 111 78 56
54 1238 114 74 111 61 58 105 69 112 103 78 110 92 87 85 62 86 83 102 116 71 82 101 106 77 66 68 115 56 109 108 55
55 2299 84 59 111 102 61 72 95 85 89 86 57 110 68 78 77 76 114 67 99 113 97 66 79 120 73 88 75 60 74 105
56 2056 105 74 66 91 63 115 120 65 67 58 101 72 108 95 76 75 84 61 78 71 113 94 81 117 106 100 59 83 85 73 93 102 92 87
57 764 76 72 109 80 100 70 93 98 103 73 116 83 114 77 64 120 69 105 63 75 58 67 119 110 86 92 62 95 107
58 897 97 84 95 91 96 65 102 61 73 68 120 117 79 81 105 107 63 115 82 77 116 80 60 69 76 78 112 98 85 83
59 2311 75 119 89 120 74 92 97 78 65 105 85 71 107 72 115 110 113 90 114 69 100 70 83
60 1900 63 108 72 109 103 96 115 112 88 77 70 65 107 97 74 90 106 86 73 116 71 78 102
61 557 100 80 86 88 68 73 64 101 115 117 71 69 81 96 109 84 104 102 89 107 94 98 92 67 62
62 1035 83 76 80 84 114 70 92 78 101 88 89 90 113 86 98 100 87 77 63 91 81 112 96 118 104 102 115 95 117 79
63 1271 64 80 86 116 120 97 72 70 117 104 84 71 78 118 92 75 76 102 89 110 96 105 88 112 77 90 99 82 98
64 1276 115 116 98 104 117 119 101 74 66 77 78 65 106 112 86 102 93 120 103 97 109 85 80 113 68 81 114 99
65 1514 113 69 92 101 82 71 95 119 118 80 94 108 68 117 70 79 98 77 114 90 76 100 67 78 105
66 1591 108 115 100 68 71 116 67 98 78 111 70 92 105 109 90 82 93 74 87 94 77 103 81 107 119 89 96 86 106 75 99 88 72
67 2460 84 101 95 88 104 87 83 105 74 77 86 96 82 113 90 81 75 98 92 80 72 119 110 70 69
68 1359 79 109 110 78 103 87 117 112 120 83 84 97 92 85 96 115 86 76 106 95 89 105 102 88
69 594 117 105 91 112 89 110 82 95 98 80 93 88 120 104 87 96 101 99 72 97 79 83 103 90 113
70 2227 104 87 96 77 107 99 90 83 115 106 74 78 85 81 110 120 91 82 71 98 108 113 95 109 111 76 116 101 80 105
71 2265 96 107 84 85 91 86 89 99 95 101 80 93 105 97 117 118 92
72 1908 85 92 114 93 78 95 75 86 113 91 101 90 107 115 108 94 77 103 109 111 87 96 102 89 82 97 116 100 119 83
73 1975 93 87 91 77 89 105 95 98 100 88 74 106 83 90 85 101 97 108 102 75 78 103 81 118 116 84 86 109 99 112 79 94
74 1907 114 86 96 102 75 117 95 103 119 88 109 90 113 100 111 87 80 99 118 83 85 81 76
75 1059 79 107 102 97 98 114 91 95 109 87 76 101 113 103 77 106 116 119 89 105 92 111 96 81 80 99
76 628 104 80 91 94 107 97 105 88 95 99 78 117 92 114 90 119 112 111 103 84 120
77 1923 104 81 110 116 107 100 89 93 91 112 108 120 118 111 119 82 78 84 86 106 115
78 1907 107 120 102 110 105 98 115 97 100 80 90 94 87 91 84 82 96 92 119 86 88 104 113 101 95 106 89 111
79 1275 90 91 97 87 105 92 115 111 100 88 94 93 112 82 86 84 108 109 103
80 833 82 98 116 117 99 108 102 115 92 109 113 86 105 100 106 118 114 120
81 1264 118 111 108 114 91 94 98 99 92 88 106 115 107 116 119 85 97
82 1090 115 89 104 90 95 83 111 117 120 96 102 97 103 85 116 93 86 106 114 91 118
83 1810 104 93 111 113 110 92 94 100 120 96 98 103 107 90 118 84 85 97 106 95
84 867 105 114 117 110 102 120 97 107 88 94 104 112 89 91 103 106 108 95 86 119 109
85 1828 100 86 93 98 111 107 99 91 90 96 113 88 101 120 112
86 1608 99 115 104 89 95 96 114 101 88 94 100 108 119 93 92 91 116 111 105
87 1980 111 103 112 98 105 109 94 107 97 95 108 101 102 115 117 88 93 99 116 89 92 106
88 2093 89 102 98 101 114 117 109 106 120 115 108 103 100 95 97 93 111
89 1562 99 106 97 116 119 113 107 110 93 105 104 92 108 96 101 103
90 1347 120 116 105 92 115 96 104 110 102 91 93 101 99 109 94 117
91 1049 101 96 94 118 98 93 106 103 92 104 105 112 97 113
92 1176 94 118 112 102 100 119 106 103 108 117 96 109 115 101 95
93 1883 119 110 94 106 102 95 112 99 104 107 100 115 117 113 98
94 1820 96 106 95 103 114 118 109 111 112 108 110 107 117 115 113 102 97 98
95 1952 114 118 103 109 105 116 107 120 113 98 112 108 97
96 896 119 110 113 117 120 105 108 111 109 98 115 99
97 2468 114 98 106 99 117 101 112 116 105 109 102 107 111
98 1912 110 105 103 113 112 119 100
99 1312 113 106 112 105 119 118 110 107 114
100 2120 116 108 115 110 118 113 101 119 102 114 109
101 1638 107 113 111 105 118 115 120 114 116
102 1077 103 107 114 110 104 108 115 120 112 106 113 111 119
103 1527 110 114 105 108 113 106 109 115 107 119 116 104
104 669 109 110 105 106 120 108
105 2041 106 113 110 111 117 116 120
106 1643 113 116 117 119 110 114 115 120
107 797 118 117 120 113 114 109 111 119
108 1463 118 120 113
109 1049 111 113 110 116 114 115 112 118
110 1130 117 120 114 116 115 119 113
111 1797 114 116 120 115 112
112 1370 113 120 119 117 115
113 1277 116 119 120
114 663 119 116 115 120
115 1294 118 116 120
116 605 120 117 119 118
117 1328 119 120
118 773 120
119 1755 120
120 2391
