120 10000
1 693 68 88 115 110 5 50 116 99 118 35 15 111 119 26 45 97 53 38 86 77 27 94 91 95 41 32 14 71 72 96 58 9 16 66 100 82 31 112 2 11 87 63 67 3
2 1180 28 13 84 17 113 30 71 106 38 47 8 103 61 66 77 9 16 101 56 41 11 80 15 100 4 22 51 78 33 92 67 72 58 64 60 18 40 7 32 37 107 65 102 35 26 119 21 85 19
3 1302 36 15 12 49 73 102 44 78 62 20 50 79 98 109 56 120 110 66 70 105 41 111 35 40 64 90 114 58 17 31 10 46 9 24 80 53 47 43 42 87 77 115 75 63 94 52 85 38 119 92 108 97 18 113 45
4 2183 85 25 44 72 120 84 45 64 68 115 99 106 50 83 108 90 22 97 34 88 18 57 46 30 104 17 82 67 59 6 105 114 10 55 63 116 33 98 92 109 12 70 9 48 76 21 102 16
5 1627 76 12 66 107 68 7 29 36 100 6 45 25 75 74 72 115 84 9 34 32 65 17 111 99 58 109 10 85 40 49 47 62 70 77 18 90 78 92 51 63 16 24 48 80
6 503 35 100 46 11 19 88 87 110 73 101 108 107 18 26 89 109 93 17 7 70 57 114 105 21 86 65 9 91 13 98 30 111 72 55 29 34 80 69 54 10 48 120 27 33 51
7 2344 16 13 85 119 102 89 113 69 27 98 77 32 72 57 94 38 46 36 59 97 95 34 49 68 8 90 20 84 117 61 37 21 50 109 101 60 12 44 92 47 58 11 25 28
8 1363 103 42 61 71 91 92 10 56 19 58 109 113 25 47 94 45 104 67 107 86 15 21 52 55 79 41 102 26 30 53 9 38 20 116 59 81 28 115 74 100 85 73 13 101 62 65 83 120 31 112 68 96
9 624 57 25 11 24 115 22 39 31 87 70 91 12 17 62 78 42 118 116 102 71 49 74 117 89 96 76 21 101 33 53 41 66 15 104 54 14 51 109 112 84 46 114 120 60 28 37 105 69 29
10 1873 98 50 27 48 69 33 105 71 51 24 100 76 52 39 103 104 118 111 109 83 58 31 20 81 36 66 77 37 54 108 59 67 91 80 78 13 57 19 110 75 96 11 86 17 49 23 34
11 568 30 76 29 112 58 13 36 120 114 71 111 37 74 17 49 52 86 28 100 32 85 41 84 27 90 16 57 44 82 34 42 23 50 105 56 81 107 77 89 45 43 61 109 26 14 63
12 1188 96 58 48 100 30 32 107 68 38 53 73 69 90 44 81 61 54 19 109 120 98 29 25 52 108 111 46 72 87 62 80 76 93 118 70 99 92 50 28 94 74
13 1481 77 111 109 95 60 44 97 81 56 45 112 26 43 19 118 106 90 119 103 30 51 52 14 72 94 76 105 88 24 32 101 116 71 50 31 93 102 58
14 2359 116 51 95 88 78 19 85 46 47 35 23 114 45 64 27 41 91 62 70 37 55 75 57 17 119 79 120 16 103 52 15 118 49 67 53 68 50 109 89 59 97
15 1004 85 94 31 28 76 116 77 55 53 89 70 57 88 100 54 16 26 40 67 18 80 42 60 62 72 95 101 58 119 50 37 79 21 30 84 22 110 106 65 46 86 83 104 19 43 71 78 34
16 2163 45 43 46 54 41 110 61 80 24 21 64 89 76 115 25 36 62 85 40 100 32 109 68 117 27 49 31 18 48 42 112 96 38 34 63 79 73 101 106 65 17 29 102 86 71 91 59 83
17 1257 50 49 18 53 45 22 83 101 19 41 80 73 118 116 58 35 86 67 56 111 40 115 105 55 63 106 119 102 95 107 109 29 110 61 23 88 57 92 69 84 62 52 75 100
18 1850 27 77 70 21 25 72 75 46 87 65 80 42 52 120 111 78 31 50 106 22 54 84 88 38 57 82 23 59 30 93 49 40 83 96 118 56 105 39 95 103 119 67 114 79
19 1188 83 68 65 112 44 76 59 25 47 109 43 108 90 104 38 97 77 31 30 60 105 69 88 96 40 28 53 27 67 57 117 33 29 61 84 37 63 72 64 86 46 106
20 2109 55 58 66 40 45 84 100 31 29 73 83 48 47 89 86 41 109 50 94 22 108 69 54 111 113 36 35 117 67 80 81 106 119 75 70 44 63 38 34 95 115 107 60 26
21 1115 102 46 38 71 66 104 59 84 44 118 120 119 103 91 37 33 112 53 42 24 74 22 79 111 25 73 81 82 68 30 39 41 65 80
22 1197 76 93 78 89 81 82 26 117 69 106 80 83 52 109 42 43 37 39 79 96 77 70 67 118 48
23 633 116 52 87 108 35 46 90 24 47 40 104 53 42 38 117 106 81 76 107 64 74 60 72 113 34 92 115 44 78 94 33 82 43 39 114 97 86 70 85 58 79
24 2312 34 61 63 110 44 106 26 114 66 38 40 51 42 119 59 29 37 54 56 74 41 84 67 50 86 85 82 64 94 91 49 46 62 113 120 107 116 90
25 1695 63 78 118 56 31 93 45 69 94 73 37 96 116 71 83 120 49 112 107 85 42 55 40 39 61 47 102 36 57 53 68 105 41 38 34
26 610 111 62 71 102 78 35 101 114 69 99 90 113 93 53 104 51 107 41 45 70 36 105 60 48 50 52 30 79 34 112 40 81 38 68 117 108 67 92
27 1394 43 68 119 55 72 105 32 61 44 101 97 118 74 52 113 40 98 37 117 111 86 69 48 53 59 49 104 83 51 29 54 102 70 62 82
28 2177 113 108 57 36 111 41 49 99 39 37 88 112 85 30 87 76 79 81 45 93 101 115 56 74 38 86 51 54 120 107 96 48 114
29 1744 64 55 106 119 94 116 78 80 38 96 39 115 50 46 41 90 105 120 98 110 75 31 72 60 79 56 57 70 49 93 48 47 118 61 42 35 51
30 2021 93 56 43 90 104 59 111 38 91 52 88 53 71 69 94 109 115 116 54 55 72 42 106 112 79 44 119 85 89 84 34 49 39 40
31 1569 63 75 84 81 40 70 35 64 98 46 117 90 71 51 67 94 58 101 78 34 106 57 68 65 83 61 62 113 110 66 87 99 39 108 107 100 56
32 1937 70 84 47 51 61 104 55 46 50 89 90 81 106 60 63 71 44 52 35 83 116 64 72 85 79 117 86 41 92 69
33 700 100 37 66 84 44 47 38 105 98 108 102 70 49 82 107 97 111 79 115 86 85 101 71 65 40 67 75 48 41 60 104 35 119 61 90 91 46 72 103
34 2371 43 49 119 42 111 102 44 78 74 36 84 103 58 76 38 54 40 39 45 101 71 47 60 35 116 66 77 87 79 92 108 73 82 67 114
35 1176 38 75 39 84 70 42 85 112 110 68 105 106 50 45 63 77 107 60 115 89 52 43 59 81 93 88 109 82 53 117 74
36 1384 113 53 90 77 83 76 43 64 106 107 42 118 81 120 79 66 54 100 60 48 52 117 105 72 58 67 39 104 46 41 59 56 119 112 89 110 69 94 103 101 47 91 93
37 1931 113 108 45 96 49 91 97 74 117 72 82 59 46 93 52 119 102 94 71 87 67 39 80 83 65 103 68 73 112 75 51
38 1019 85 69 82 86 95 89 70 71 91 63 76 60 41 48 98 115 56 57 81 72 77 50 74 66 59 120 111 43 53
39 1805 100 48 62 105 45 108 99 112 74 110 66 78 71 57 102 46 113 60 41 118 94 56 109 69 119 51 65 86 70 59 111 44 117 106 52 80 93 58
40 1612 48 114 78 87 77 44 113 99 58 54 90 74 62 72 111 105 93 67 50 86 75 95 47 53 80 118 68 110 112
41 1950 51 47 98 43 46 118 76 87 93 80 45 95 68 54 78 91 110 120 55 97 117 113 89 48 53 102 85
42 1430 87 99 113 120 52 76 90 67 61 53 89 104 66 110 64 102 71 97 116 119 103 95 105 111 92 94 70 59 63 74 85 72 54
43 1857 44 81 100 92 117 71 48 105 78 46 95 104 90 62 83 75 55 45 109 106 119 114 110 67 65 103 60 52 101 96
44 2488 114 51 82 87 48 109 79 108 112 66 103 110 73 89 98 100 88 117 97 58 116 90 85 118 76 65 120 71 102 72 55 104 74 53 96 86 99 52
45 1288 91 101 90 108 96 94 53 84 63 87 102 73 109 95 70 88 92 89 104 62 66 76 99 111
46 2362 72 59 73 112 119 71 96 105 79 58 108 69 78 109 104 65 116 110 83 49 61
47 1708 116 107 52 77 105 59 112 89 86 78 49 62 119 60 97 70 83 67 66 72 68 80 74 48 73 120 94 96 51 102 79 50 65
48 1603 103 57 88 85 54 69 115 91 120 52 98 109 86 55 79 51 50 94 63 105 111 64 83 107 60 93 97 118 108 113
49 1268 108 82 58 76 85 67 88 55 87 115 119 56 90 120 109 111 70 50 71 68 102 52 57 93 73 72 63
50 2396 69 113 107 51 74 75 55 93 77 83 76 81 114 70 90 116 71 105 79 78 57 108 104 101
51 1211 62 112 72 82 93 98 76 75 86 108 119 65 96 120 84 79 107 117 80 69 109 53 77 66 56
52 1883 80 92 108 96 118 57 117 113 72 70 88 63 60 56 58 69 115 73 99 86 89 54 112 95 83 106 120 101
53 649 105 94 78 107 92 88 75 106 63 56 100 116 64 57 104 83 118 71 90 65 73 96 113 82 84
54 901 57 55 56 107 59 79 63 112 78 93 90 61 64 75 84 110 116 60 114 77 97 89 94 71
55 1695 71 70 82 77 57 114 60 100 62 78 85 63 68 79 93 86 107 116 113 102 90 56 72 106
56 1844 107 93 59 114 89 97 110 105 91 82 63 80 68 115 111 66 98 71 103 76 108 90 106 104 119 85 73
57 568 79 75 86 64 108 106 65 91 96 63 66 110 80 95 87 107 105 103 83 115 74 93 68 94 69 90
58 2146 107 99 109 95 61 65 101 90 114 115 118 63 79 85 110 120 117 94 100 86 68 72 83 92 84 64 75
59 1520 71 66 81 63 89 107 119 92 85 73 120 113 67 76 106 115 114 80 116 82 108 75
60 1812 91 87 84 109 78 62 114 74 107 118 94 75 106 98 88 71 105 65
61 1666 119 101 80 120 66 91 71 105 113 99 64 67 112 118 109 75 108 82 110 96 79 104 90 86 117
62 2146 115 106 70 100 86 75 105 93 68 67 66 101 94 96 85 88 112 63 117 95 78 120
63 1249 113 84 99 76 119 97 72 71 117 75 102 95 105 83 118 103 77 104 65 66
64 1423 85 105 95 67 112 119 75 91 102 84 109 101 110 104 94 77 106 73 113 115
65 2016 83 101 91 108 90 94 67 77 96 89 116 88 79 87 75 74 104 81 71 93
66 1925 84 82 94 76 117 110 67 95 97 90 68 69 72 88 106 80 115 112 113 98 77 92 102 108 70 101
67 1864 116 115 102 94 104 83 110 74 70 79 86 93 78 87 108
68 1003 79 88 72 82 89 80 81 97 103 70 114 90 101 69 83 106 86 111 120 108 91
69 2002 116 92 113 107 109 112 115 78 93 79 106 85 73 72 120 114 117 86 108 88 97 91 104
70 1168 82 105 116 112 106 75 95 104 87 107 117 108 115 113 71 72 93 102 120 96 118 90 77
71 1673 107 86 99 118 87 85 92 91 83 76 78 90 94 116 81 73 113 88 96
72 1008 109 77 80 96 111 89 98 113 88 75 74 95 108 116 120 81 84 105 87 103 99 92 97 114
73 2098 77 95 120 78 84 99 89 86 118 87 94 101 106 113 109 112 90 116 100 91 107
74 1029 79 103 100 105 113 119 110 84 108 115 109 89 75 88 98
75 995 80 117 77 110 113 81 85 114 102 107 103 120 92 111 84 106 79 97 105
76 2444 81 112 98 113 87 116 118 97 119 115 84 111 117 79 80 101 109 106 100
77 2448 117 84 102 80 110 88 92 81 94 97 98 101 113 93 107 120 83 95 87 79
78 2203 98 95 109 94 93 83 117 104 91 92 79 90 96 105 101 81 88 107 114 80 100 108 111
79 1103 104 89 101 90 83 108 94 119 117 82 86 120 112 84 102 92 100 95
80 773 113 90 89 82 116 114 93 104 103 95 118 91 109 115 120
81 2098 84 108 99 104 86 103 92 117 95 107 82 111 96 112 113 118 98
82 1814 100 89 102 99 86 91 117 93 84 101 104
83 1713 117 112 110 99 108 107 120 118 106 113 111
84 2247 104 103 112 108 96 94 90 89 117 91 110 114 101 99 116 100 86 98
85 1773 89 112 98 97 90 116 119 92 113 86 107 95 108 106 115 103 99
86 2465 104 111 107 108 110 113 94 98 115 95 114 102 93 119 89 112 90
87 1590 99 108 110 92 113 120 96 95 114 105
88 1841 110 100 118 95 112 92 91 109 94 120 111 102 99 90 93 107 106 105
89 2110 95 106 120 91 104 105 90 112 109 94 116 111
90 2167 96 94 104 114 102 120 110 117 107 106 109 100 91
91 1153 100 99 110 106 105 116 107 117 102 92 113
92 1275 93 116 108 118 101 103 106 109 95 117
93 1812 118 102 117 96 111 119 106 97 94 109 115 107 99 98
94 1459 120 95 110 118 104 102 112
95 1755 119 99 107 112 109 117 96
96 884 113 97 115 100 98 116 101 108 102 105 111
97 883 113 118 108 112 114 117 105 104 101 103 100 116 111
98 1119 102 115 119 110 103 106 104
99 1388 101 108 102 115 118 116 110
100 1942 103 109 118 108 117 119 120
101 1344 117 104 119 102
102 2118 114 108 113 106 116 110 118 109 120 103
103 2450 112 113 105 114 109
104 2500 116 107 119 112 105 106 117 118
105 2204 112 114 117 119 120
106 945 115 114 107 109 111 108
107 2443 114 115 113 108 111 117 110 116 119
108 2152 118 112 115
109 2205 120 111 113
110 1045 115 111 113 120
111 1982 113 115 116 117
112 1803 115 119
113 1916 115
114 1194 120 118
115 1106 117 118
116 745 118 120 119
117 1159
118 1754 120
119 2087
120 768
