120 10000
1 1253 88 112 104 97 74 79 55 75 65 103 68 17 33 28 105 37 31 119 53 66 44 111 27 100 29 30 99 61 77 11 81 18 69 2 91 41 86 118 87 90 76 35 24 107 22 15 70 48 72
2 777 77 9 21 59 22 60 11 37 49 101 35 43 3 113 107 68 118 104 6 91 69 45 117 26 15 100 84 33 94 52 93 18 25 42 73 39 111 79 17 67 87 72 30 63 71 7 83 82 19 12 119 62
3 1685 35 59 120 75 82 50 18 31 57 37 86 93 15 6 92 48 44 84 76 30 5 95 105 89 55 117 109 77 100 8 40 83 90 99 73 32 41 49 12
4 1181 117 52 92 112 54 77 71 46 108 43 85 45 61 28 39 107 9 119 91 23 59 100 60 73 34 26 48 84 49 51 80 120 81 64 21 41 62 118 42 13 104 55 103 70 90 5 6
5 1775 102 23 65 28 97 42 118 90 73 93 45 60 53 16 43 110 47 92 29 44 101 109 94 19 25 74 37 46 61 34 36 113 62 107 98 114 67 115 104 76 58 88 20 84 89 32 7 8
6 519 101 112 10 67 104 23 117 81 15 31 18 32 75 91 99 13 29 57 98 110 49 55 20 22 38 84 46 45 58 92 40 116 115 62 77 86 63 12 24 111 105 39 82 48 83 70 33
7 1375 76 50 12 60 15 97 118 110 54 25 30 51 105 70 43 120 42 83 107 62 77 92 39 88 85 78 108 94 48 57 67 33 68 47 65 55 112 34 38 106 22 32 81 61 41 84 13 96 21 49 28 31 23 89 58 114
8 1557 30 81 72 78 46 9 99 86 53 94 13 49 54 85 92 33 60 96 20 116 93 27 106 23 14 95 74 87 32 52 84 57 41 113 22 10 17 80 61 44 42 111 56 40 65 104 69 102 45 105 119
9 1468 22 82 47 46 34 49 25 100 69 101 98 74 50 118 20 57 102 109 32 61 60 65 28 84 107 26 87 91 17 40 56 51 117 71 14 72 38 10
10 1317 37 103 82 99 97 61 54 11 95 86 27 58 87 12 108 79 89 114 57 36 40 74 46 113 72 92 104 47 83 98 112 68 115 18 116 66 28 16 24 55 101 78
11 1318 116 17 81 12 21 29 111 84 93 15 71 39 74 118 104 37 77 82 63 52 76 92 97 18 110 103 20 106 64 22 28 56 19 40 119 44 51
12 915 116 120 41 24 100 55 70 80 47 87 15 96 17 68 101 49 23 84 26 43 69 64 108 71 117 39 88 119 34 111 31 118 53 72 81 97 83 36 33 35
13 1797 115 58 33 101 78 27 32 80 30 35 43 45 75 42 51 118 99 112 82 64 69 19 17 90 111 94 62 61 46 93 66 26 91 116 67 38 100 59 109 92 74
14 1537 97 119 65 87 110 109 39 96 32 33 84 98 100 63 72 92 83 108 70 21 53 120 118 47 116 29 55 51 43 94 76 59 77 74 56 66 41 114 18 93
15 1709 50 43 77 98 86 55 85 99 67 19 103 73 112 117 90 61 63 84 25 104 52 69 45 56 54 109 106 57 81 27 97 23 82 62 33 38 36 17 71 21 42
16 706 81 115 104 114 120 70 26 27 89 108 78 20 102 55 84 54 21 36 37 39 35 118 107 22 30 79 97 45 24 60 92 62 38 23 98 18
17 2469 110 52 88 37 105 56 31 118 98 51 42 26 114 21 70 69 76 96 94 30 112 62 67 33 109 73 111 79 61 72 93 55 48 53 97 34 113
18 1078 45 97 94 62 54 113 40 118 66 52 53 84 106 42 100 93 29 71 67 61 105 28 37 74 102 49 107 101 120 41 56 43 55 95 108 111
19 1834 45 41 42 31 72 116 69 115 109 92 101 111 49 51 90 84 95 67 96 97 47 50 85 53 80 29 82 22 34 99 74 98 71 25 114 20 93 66 89
20 2350 49 64 96 97 117 120 44 74 63 76 112 79 37 27 93 42 118 47 109 35 32 119 103 24 58 67 81 26 91 25 110 65 21 106 101 34 54 92 45
21 2115 116 50 110 64 84 36 83 34 38 44 114 118 23 113 119 89 78 33 24 115 49 100 109 79 93 52 42 30 98 105 47 88 101 62 85 90 120 112 58 92
22 2210 48 37 112 92 27 33 107 45 36 42 66 82 44 54 24 111 71 47 46 94 65 95 101 70 104 59 53 113 79 51 23 38 28 80 91 102 98 106 25 89 56 52 57 64 77 49 120 78 100 119 87 40 84
23 1337 59 50 111 56 53 29 103 108 102 52 86 89 37 78 36 43 32 105 61 97 42 71 87 69 88 76 48 80 100 81 93 91 68 70 41 27 58 65 47
24 2099 100 81 45 120 69 53 118 42 29 62 78 58 44 105 68 76 27 70 98 26 67 73 83 74 84 104 57 109 90 96 112 94 91 50 95 85 116 113
25 1835 43 73 54 64 120 89 32 100 104 119 69 58 79 47 83 33 72 44 67 49 41 74 59 99 55 115 65 75 38 63 82 106 96 34 109 105 51 71 116 27 111 80 90
26 634 114 76 99 118 84 88 108 54 61 32 28 49 96 45 115 103 44 68 39 91 75 66 86 95 48 30 98 65 58 82 92 42 109 77 110 71 94 53
27 793 119 57 92 50 104 70 35 79 36 86 87 51 39 52 93 97 81 94 110 40 117 55 64 98 115 58 67 54 106 102
28 2470 79 80 111 70 44 43 61 108 75 77 103 86 116 66 68 113 120 59 36 115 65 53 37 46 88 106 54 56 118 73 91 45 90 92 39 85
29 1631 114 91 46 32 89 58 117 67 116 110 72 68 115 78 50 75 108 63 30 103 120 80 106 54 53 42 98 37 57 62 77 74 41 36 34 35 66 49 93 118 33
30 767 33 43 39 92 90 117 112 44 101 113 37 51 79 102 86 91 70 85 110 38 56 107 114 87 57 100 84 74 116 77 103 52 118 53 82 94 59 81 119 89 41 58
31 1433 100 76 34 40 81 32 46 108 80 109 58 97 38 92 104 115 83 84 96 55 51 45 105 101 66 62 107 37 120 110 67 52 79 57 59 95 94 53
32 1941 72 42 71 69 115 62 63 40 92 101 113 119 54 118 81 112 110 33 59 109 67 77 88 76 49 105 74 61 34 53 58 38 94 106 120 107 103 97 84 64 52 48
33 601 68 105 47 44 77 89 107 93 117 46 67 54 51 50 101 112 96 102 92 57 40 35 64 119 42 84 37 79 75
34 618 98 67 120 38 75 52 63 79 117 100 44 103 95 105 83 60 74 37 106 88 94 41 50 66 55 49 82 110 56 111 118 57 71 91
35 621 43 100 49 115 98 46 61 67 68 70 112 72 80 88 52 62 55 83 37 64 85 69 50 60 65 42 111 119 59 110 73 82 95 105 96
36 1877 80 77 99 90 44 39 115 103 37 43 51 54 97 92 100 104 101 117 113 50 61 119 79 108 49 84 75 76 59 67 94
37 2195 51 93 54 41 52 86 47 44 98 46 57 104 117 64 75 120 60 74 83 85 78 94 82 87 77 109 62 92 43 118 81 102
38 1497 50 63 52 101 57 70 43 96 109 48 78 59 66 94 118 58 81 72 79 116 75 55 119 56 41 95 89 47 64 113
39 933 64 65 56 48 96 110 58 44 93 104 80 101 118 43 75 53 88 79 63 109 113 77 41 86 57 72 70 76 103 69 91 87 78
40 719 47 84 52 68 72 108 48 92 63 117 113 79 49 85 102 50 105 98 88 41 89 61 100 58 81 71 73 54 120 109 78 43 107 119 69 70 91
41 2314 115 86 119 48 99 78 98 92 100 105 53 82 74 62 69 117 51 116 57 72 49 109 81 94 79 113 85 65 68 56 71 95 120 43 112 106
42 1308 119 50 49 74 108 80 113 93 47 76 94 71 81 72 115 105 65 90 78 112 58 104 97 67 68 86
43 1134 115 46 77 55 67 120 83 52 78 47 75 105 72 88 50 89 85 86 119 99 90 107 116 101 110 92 59 100 82 84 95 76 98
44 1610 69 85 107 99 120 106 82 88 60 76 48 108 72 97 90 117 114 92 89 74 101
45 2345 94 108 62 90 46 68 114 118 58 84 100 63 107 106 112 110 59 55 52 51 49 97 85 74 117
46 1901 93 112 86 66 95 120 108 75 52 119 71 109 62 49 57 114 81 113 90 68 53 96 61 94 80 100 47 77 58 84 65
47 1374 114 107 56 119 87 65 115 108 101 55 97 99 117 98 120 83 90 104 103 80 67 89 61 109 59 111 51 50
48 2313 84 98 82 64 76 75 58 50 106 60 61 96 59 104 102 69 110 87 94 85 113 93 66 72 53 101 95 63 107
49 2479 115 63 114 79 103 67 73 101 70 112 117 108 100 66 55 60 69 54 97 86 68 74 96 87
50 2265 59 108 77 120 73 116 80 95 60 119 85 53 107 87 79 110 78 106 76 92 89 91 58 103 62
51 1719 58 102 74 96 120 87 57 107 119 98 109 106 89 101 56 88 95 114 75 113 60 97 52 66 85 64 63 100 105 76
52 2094 113 115 54 94 63 58 97 104 86 72 101 77 93 87 92 57 117 102 116 85 90 91 95 111 112 83
53 1974 112 83 70 111 103 74 94 78 90 87 82 64 68 105 62 98 54 79 56 107 92 77 97 58
54 556 68 73 72 59 110 111 112 62 77 63 117 84 96 57 104 114 82 79 92 67 87 108 91 118 56 115 83
55 1249 78 98 102 75 110 87 70 69 86 117 95 56 115 101 118 119 62 63 106 83 97 85 93 89 65 94 90
56 865 92 117 63 100 81 82 109 93 67 95 75 90 94 62 70 89 97 103
57 2248 107 88 82 65 89 86 97 116 99 83 74 59 78 102 76 106 70 71 75 87 90 63 69 111 85 80 115 62 92
58 1543 96 82 100 94 118 65 105 73 103 80 66 110 88 116 84 85 83 92 63 69 99 78 93 119 91 114
59 834 104 100 74 89 108 66 83 93 82 115 71 114 80 103 78 109 60 85 101 95 67 110
60 935 107 111 113 109 62 104 64 120 66 68 92 99 67 115 112 69
61 1367 100 82 79 120 107 109 75 108 93 85 119 63 67 112 92 87 97 90 94
62 1325 109 98 119 111 107 108 85 79 88 90 95 105 112 63 120 113 89 91 67 83 69 101 104 74 97 70 106 66 99 73 84 116 80
63 2376 71 108 68 83 64 93 115 99 102 80 119 85 92 94 88 114 74 107 105 81 109
64 1469 109 81 96 93 95 111 85 97 73 86 114 108 92 84 72 102 107 100 103 79 87 104 71 91 74
65 1000 98 120 86 100 117 79 118 82 85 72 78 116 112 92 114 83 81 73 104 103 89 87
66 2497 84 111 96 76 70 68 74 77 99 100 101 109 119 108 89 80 75 72 71 114 91 106 115 113 105 87 104
67 2403 71 88 104 73 101 120 68 100 98 81 116 108 78 75 112 118 86 77 70 119 74 107 111 90
68 2252 77 109 88 115 81 72 99 100 89 110 82 73 93 75 103 69 70 114 112 79 85
69 1493 102 109 90 94 92 85 82 108 105 79 89 104 84 115 70 93 80 96 86 97 107 119 71
70 2393 91 101 87 120 119 75 98 80 103 112 88 83 76 85 99 71 81 94 74 102 106 78 100 82
71 2471 109 84 79 87 103 94 101 93 97 81 82 80 102 116 111 115 113 114 107 110 96 117 91
72 863 90 75 98 91 115 83 96 101 78 112 80 77 100 102 86 109 103 73 74 84 82 117 106 107
73 1200 99 111 91 110 75 93 104 90 117 84 97 119 92 114 102 106 88 100 80 83 115 85
74 661 105 101 97 113 80 87 95 99 120 84 91 77 109 117 119 88 108 92 81 114
75 1531 115 85 80 105 106 117 110 97 101 88 109 79 100 89 94 114
76 602 89 87 107 116 90 118 102 88 78 83 105 119 79 120 99 104 96 80 103 92 115 77
77 2062 114 80 96 120 92 104 85 89 113 108 118 93 82 116 107 106 103 81 99 79 78 87
78 2405 95 84 83 87 120 107 119 108 88 110 112 92 80 101 105 100
79 1972 84 105 110 107 116 97 111 109 81 83 118 99
80 2041 81 91 86 108 87 120 107 112 101 98 93 96 106 110 102 114 118 104
81 2169 96 100 115 88 104 87 109 82 113 119 92 83 93 116 112
82 1191 87 109 97 117 110 108 99 95 89 93 111
83 1191 108 98 92 91 104 93 119 101 95 115 112 110 96 102 109 84 99 116
84 1200 111 97 118 92 85 114 91 107 119 86 104 89 98
85 1247 113 111 120 90 89 86 104 94 99 95 118 115 112 114
86 1940 115 87 93 119 99 112 92 118 100 113 105 106 116
87 1122 93 120 101 114 95 97 118 91 109 108 119 88 96 117
88 994 117 100 108 102 116 103 91 99 112 120
89 982 99 115 101 112 92 93 110 98 103 102 97 95 114 100
90 1457 110 101 106 97 111 93 113 108 98 99 118 104
91 986 94 113 103 116 119 99 93 100 102 106 108 110 114 111
92 1850 97 98 100 110 102 114 118 103 120 95
93 1839 104 120 107 103 113 97 118 101 112 109 105
94 861 102 95 109 119 100 110 97
95 2376 99 97 120 105 110 118 103 102 117
96 2339 104 99 115 116 111 110 100 97 105 118 113
97 857 105 101 107 99 119 115 103 109
98 1835 103 114 105 101 107 113
99 2090 113 110 107 104 119 120
100 1408 104 108 113 105 119 120 116 107
101 1284 107 102 116 115 105 108 117 113 114
102 1617 111 120 119 106 114 117 103 105
103 1771 107 110 118 113
104 1541 112 107 108 110 118 113
105 1778 110 108 107
106 801 118 107 120 116 114 110
107 1643 118 119 115 117 109 112 113
108 1340 115 113 112 119 110 117 116
109 2263 119 118 111 113 117 114 115 110
110 1115 116 119 112 113
111 2438 118
112 1489 119 118 116
113 1806 119 120 114 116
114 1128 116
115 1746 120 119
116 2110 118 120 119
117 567 120 119
118 2368 120
119 2161
120 607
