120 10000
1 1327 38 11 119 98 64 93 5 10 24 83 26 89 66 49 62 15 118 78 43 44 27 73 42 82 67 7 17 109 8 51 90 81 99 53 88 13 96 87 61 75 108 116 80 91 112 79 50 2 111 4 70 25 20 76 46
2 828 46 97 70 82 11 72 90 58 87 43 69 65 120 56 111 31 48 108 66 52 114 103 28 13 45 75 30 41 47 80 54 115 8 105 24 110 12 94 14 88 57 15 51 112 89 102 10 34 76 17 38 21 107 118 78 33 95 5 32 93 67 68
3 1020 89 11 37 32 108 30 36 31 29 68 101 117 111 85 90 26 52 34 57 7 13 100 91 15 75 116 79 112 21 110 67 70 18 82 25 118 50 53 9 81 94 105 10 54 59 92 19 40 6 64 103 47 107 119 49 62 114
4 625 75 47 24 27 30 34 119 25 107 74 77 20 62 19 71 79 7 65 41 112 58 92 70 61 22 100 96 117 85 9 60 10 51 91 83 67 50 32 63 66 23 94 49 52 17 46 31 40 59 76 35 90 37 82 68 11 48 120
5 1138 25 104 34 94 17 62 20 97 39 107 23 40 42 76 8 105 59 101 21 18 65 81 51 14 120 56 57 66 45 60 109 32 111 110 28 12 36 38 84 108 19 79 92 73 26 78 103 90 55
6 1313 14 10 92 16 111 100 21 54 19 66 88 58 26 41 71 47 109 62 105 57 44 85 17 60 11 13 99 83 103 48 42 119 72 23 46 87 73 110 95 36 31 114 89 79 59 8 102 112 45 67 50 78 97 77 39
7 641 79 41 28 52 71 119 13 60 81 72 36 69 107 78 115 26 19 10 108 20 74 110 76 112 31 44 24 30 88 29 38 118 33 23 98 16 47 66 64 48 94 70 105 58 46 11 67 39 22 42
8 2152 88 97 10 65 64 51 92 20 85 76 113 103 61 53 29 94 14 108 71 115 49 72 36 32 60 86 57 31 99 77 30 19 55 78 58 38 91 17 40 44 47 75 13 107 95 112 105 24 16 83 68 15 33 27 18 56 100 111 101 73 9
9 1404 101 16 108 78 30 37 75 42 72 17 118 66 48 83 116 28 32 91 93 105 10 18 15 49 106 35 41 114 74 63 92 96 53 102 31 80 20 44 98 94 14 38 65 112 90 111 47 55 56 110 33 86 27 26 12 24 115 84 45 95 40 11 89 119 73 22 117 76 13 71 99 120 54
10 1181 63 39 84 116 68 66 47 89 97 107 36 88 24 23 85 56 48 14 58 33 120 109 12 86 26 118 72 22 76 101 103 94 92 11 114 104 82 31 25 49 27 80 105 45 53 65 115 38 30 60 108 67 59 117 87
11 1164 79 30 61 16 76 18 105 25 56 12 58 101 77 53 19 89 13 21 70 99 103 33 27 32 85 23 60 93 84 78 98 94 119 20 113 54 42 49 108 52 67 104 90 41 83 74 115 106 92 86 118 87 43 45 116 69 72
12 1794 87 39 55 86 63 20 74 44 116 79 94 64 61 81 95 22 76 113 80 16 90 85 45 112 84 36 52 107 23 101 65 30 43 120 83 66 77 75 114 32 73 14 92 35 38 18 46 70 115 67 27 99 56
13 1962 27 110 43 77 114 55 120 113 16 49 80 60 22 81 118 37 92 107 59 35 94 99 85 68 75 70 76 83 31 66 32 34 109 44 78 51 42 74 54 82 52 89 56 79 65 39 28 29 100 103 117
14 1143 74 89 46 83 28 81 17 82 94 80 65 18 85 64 20 35 31 119 90 19 113 61 114 76 116 108 79 69 49 115 39 29 26 33 102 91 105 45 16 66 77 24 106 42 51
15 825 94 78 79 112 85 62 30 102 84 52 54 105 46 16 65 20 119 120 44 53 32 90 95 66 29 114 24 106 98 57 92 42 93 64 100 75 70 81 77 71 116 21 91 58 72 22 31 118 99 117 67 104 107
16 2150 66 59 28 90 109 77 81 88 69 22 118 31 55 49 105 76 29 60 56 117 24 33 65 111 18 79 83 23 53 100 63 80 36 103 116 113 47 44 54 99 75 25 45 57 20 92 70 85 71 51
17 2122 36 109 30 53 51 45 89 116 58 88 42 33 70 100 105 73 83 103 114 61 40 113 66 59 24 76 92 104 44 31 101 85 37 115 77 23 65 52 50 118 99 97 108 87 75 68 34 95 35 21 96 39 54 22 46 107 117 81 119 29
18 911 117 36 26 109 119 112 29 93 62 63 77 51 30 40 48 99 53 68 20 52 97 76 54 44 24 115 116 34 89 25 50 118 37 64 21 59 92 61 27 84 49 47 111 98 105 65 101 38
19 2345 101 94 44 45 65 48 91 104 20 80 100 108 120 31 93 27 115 25 66 89 68 64 37 113 116 106 96 112 57 33 42 67 35 111 24 87 43 49 59 23 36 72 114
20 724 89 67 24 108 107 75 52 91 118 114 73 116 34 44 43 66 80 26 81 49 61 29 37 31 22 77 120 85 27 71 60 46 112 36 97 69 48 39 104 21 23 47 92 25 115 94 101 56 79
21 939 76 118 109 39 71 88 80 96 117 46 67 102 70 47 72 48 98 82 34 38 33 35 94 28 113 36 62 54 23 66 106 99 114 110 26 57 104 25 86 65 42 100 52 93 95 53 51 105 103 44 112 61 83 115 116
22 2208 88 73 87 34 95 49 59 108 63 80 66 57 32 93 31 79 91 48 105 89 46 119 36 114 37 26 52 78 77 72 115 30 112 100 54 42 24 53 28 83 40 27 68 76 23 33
23 1003 57 64 52 60 38 74 44 34 26 91 108 109 98 30 58 117 33 86 31 87 61 95 70 63 24 107 111 28 90 112 88 69 68 45 101 116 78 118 42 99 105 37 81 62 75 106 76 72 83 97 50 32 56 25
24 1875 46 26 67 99 58 89 87 64 68 34 66 114 77 104 110 42 97 75 55 40 113 85 100 92 118 80 44 37 86 69 112 25 119 106 36 90 65 60 111 83 94 101 59 74 49 30 116 51 72 32 88
25 1332 118 53 27 81 96 104 116 46 103 68 109 87 80 43 77 29 55 35 97 110 94 57 64 28 40 89 86 102 62 84 114 26 76 34 75 100 79 93 83 31 108 117 113 54 78
26 1938 108 66 86 87 110 78 76 47 111 58 43 60 48 56 107 88 38 55 91 33 49 74 102 28 63 89 39 92 45 29 113 99 112 101 40 84 61 75 30 81 100 90 73 72 82 67 59 116 52 27 94
27 1893 86 106 48 67 93 77 50 74 98 61 100 68 30 97 109 108 32 112 42 35 53 33 36 29 120 119 94 80 55 114 47 46 40 63 78 45 95 110 64 82 43 41 104 75 54 79
28 1182 102 86 57 55 70 67 38 53 112 83 94 107 52 96 113 118 85 35 119 58 78 88 54 97 91 95 90 49 115 75 34 61 51 37 87 81 29 120 59 104 42 63 79
29 1660 58 68 66 95 113 49 80 103 71 39 114 87 31 109 96 78 90 84 104 92 46 43 52 60 93 33 72 88 69 51 61 100 120 55 107 117 30 89 102 34 86 59 74
30 1323 41 78 92 57 110 87 100 40 47 32 89 96 93 61 97 56 48 67 117 73 44 71 60 112 113 50 109 45 91 52 53 120 72 114 102 99 38 55 75 70 43
31 1635 101 77 62 69 89 79 78 85 42 54 46 52 74 97 33 72 106 92 105 32 95 113 57 50 76 84 45 87 75 51 96 49 116 58 100 115 63 73 99 43 86 103 71 102 66 114
32 2045 88 85 66 57 51 37 81 117 67 80 82 108 70 42 109 92 104 78 34 106 97 115 53 49 55 113 35 72 38 75 64 114 41 54 60 110 46 95 118 48 56 52 101 120 94 103 36 87 47
33 1651 83 58 36 62 41 63 113 69 103 117 42 89 84 92 48 60 54 116 77 98 43 51 110 85 73 52 57 87 76 70 80 90 109 111 81 75 114 35 88 107 39 40 72 104 64 115 100
34 1712 94 46 111 41 48 78 103 53 102 54 45 96 81 106 74 76 71 68 50 95 79 66 89 72 64 35 36 65 115 44 116 112 75 101 47 62 92 77 107 90 80 84 87
35 2170 78 117 108 105 48 36 40 58 69 84 112 106 65 97 66 91 100 57 115 71 64 59 76 75 109 92 41 51 50 44 95 42 38 99 107 93 94 46
36 1846 55 68 52 88 37 105 114 82 66 83 43 96 74 44 112 117 73 49 86 84 50 92 76 58 81 93 108 106 90 80 51 53 72 71 109 91
37 524 113 105 79 88 95 71 43 90 109 77 103 39 114 53 76 44 80 45 73 78 98 38 120 97 66 70 96 99 46 64 56 40 100 60 61 106
38 1868 69 115 117 90 45 51 106 110 98 95 93 116 70 42 76 52 103 48 73 60 99 72 109 41 63 50 65 113 81 89 74 118 84 87 58 47 107 120 56 46 75 62 79 83
39 1497 41 52 40 107 118 42 81 120 87 101 69 63 113 46 116 44 119 94 74 54 111 85 96 62 53 99 91 64 112 61 67 76 86 115 73 98 108 45 59 50 68
40 1429 46 54 94 114 67 50 97 95 47 60 58 84 88 66 117 103 41 74 80 102 119 79 112 51 56 44 52 59 42 45 49 111 53 76 118 82
41 2107 76 77 99 102 45 104 50 87 67 107 54 64 103 91 58 110 95 43 62 115 42 120 105 97 86 88 100 71 111 93 75 63 60 89 53 84
42 1719 108 70 113 55 104 48 110 112 51 43 57 92 114 98 115 71 120 106 111 85 45 96 74 109 107 79 102 91 89 90 65 94 93 49 88 95 50
43 2280 118 107 91 92 79 77 112 117 85 47 75 62 50 104 88 72 108 57 64 53 74 94 44 119 60 97 63 100 48 120 71 67 68 45 93 113 52 103 115 96 95 86 78 66
44 1125 63 59 119 85 61 79 71 56 46 65 66 82 58 69 87 99 111 60 77 91 80 103 62 110 114 45 108 54 109 76 84 95 88 98 104 55 120 100 105 53 73
45 1919 46 75 83 100 99 69 119 101 109 59 107 72 104 81 53 114 57 89 93 63 67 62 71 86 73 110 95 79 51 49 78 84 103 105 54 98 120 48 118 96 91 112 85 92
46 604 70 115 120 57 99 104 58 60 85 54 116 103 96 77 67 49 64 53 95 66 86 84 87 61 59 109 118 94 73 106 113 90 75 108 56 89 76 105
47 774 101 82 63 120 117 110 59 77 107 79 75 96 85 78 83 61 60 88 50 76 56 87 114 103 84 66 113 104 100 68 69 111 57 54 92 73 99 71 74 51 65 97
48 1540 83 79 116 111 73 77 87 85 105 55 92 69 89 95 98 50 113 58 117 101 63 52 60 62 57 94 61 104 107 109 71 64 90 106
49 572 92 77 93 115 95 67 54 59 72 109 71 116 94 114 80 100 105 120 75 117 50 99 56 104 108 68 58 65 70 90 88 91 107 103 118 61 96 62 55 73 106 74 84
50 618 76 108 114 111 58 66 68 79 57 73 86 63 82 72 81 118 110 54 70 65 62 91 53 113 93 95 99 96 83 101 71 92 98 117
51 1322 68 73 78 77 93 117 79 82 91 72 112 65 75 86 56 120 71 64 107 74 80 106 61 53 96 88 115 52 70 85 119 111 102 60 63 95
52 1012 70 83 66 118 99 82 92 107 68 64 96 113 61 75 60 95 91 77 67 76 57 87 104 89 94 98 120 88 84 106 101 114 90 86 74 58 59 78 109
53 1883 84 55 62 59 93 101 61 100 86 57 65 88 60 83 119 109 96 95 114 70 64 99 105 115 92 72 75 118 102 63 94 67 106 77 81 79
54 1825 84 112 92 64 114 111 68 88 106 102 120 66 74 108 80 76 60 72 75 89 118 56 104 96 69 97 99 59 83 115 86
55 2387 91 65 84 101 89 62 102 61 97 92 86 90 109 93 118 66 76 75 104 106 105 120 81 108 60 115 119 78
56 715 61 119 82 112 70 64 111 75 116 96 67 62 84 73 72 77 69 90 93 78 58 65 60 118 95 120 81 87
57 1262 95 110 113 109 92 100 63 62 105 116 89 66 77 119 78 87 82 85 71 112 88 94 96 91 99 67 65 75 118 97 74
58 1336 116 109 112 114 78 99 77 106 61 63 85 117 89 96 103 118 87 76 101 108 74 115 104 94
59 954 97 64 112 71 118 110 82 120 84 72 80 106 117 77 83 62 76 68 102 90 108 101 89 104 92 73 96
60 1979 75 73 105 99 98 107 62 104 80 74 97 102 110 119 95 103 86 112 81 87 64 83 82 111 67 91 108 79 117 84 115 72 96
61 1716 71 79 112 91 113 101 76 82 103 108 111 70 87 110 96 100 81 83 99 84 68 104 117 98 77 97 109 106 62 114
62 1646 98 66 114 107 64 115 101 90 78 92 119 72 89 110 80 75 102 87 97 67 83 77 105 117 104 113 65 116 118 99 112 94 111 69
63 1523 84 102 73 79 98 97 87 77 76 115 93 112 103 109 67 64 106 71 81 95 105 108 96 118 94
64 866 82 96 109 76 77 105 119 114 113 92 87 80 97 90 71 95 117 81 86 100 102 107 112 72 69 106 66 108
65 858 80 84 116 83 101 111 95 70 94 82 67 93 115 90 106 87 71 73 120 110 89 75 99 81 72
66 750 103 89 115 95 111 69 83 76 107 120 75 98 116 70 88 86 97 73 105 67 104 81 72 96 118 74 87 79
67 1769 99 119 103 113 107 104 94 114 117 120 77 90 76 88 101 85 73 98 93 69 92 83 95 109 81 115 96
68 882 114 106 90 105 107 92 97 86 115 77 104 110 109 89 70 112 117 74
69 2118 86 100 78 75 119 92 80 98 79 76 90 91 71 111 105 108 82 73 94 118 96 83 115 85 110 107 93 81 120
70 766 104 75 73 109 114 83 87 106 99 88 113 105 84 103 96 97 110 82 95 102 94 78 90 108
71 1368 120 112 99 97 95 72 91 92 83 106 96 82 86 88 81 109 80 118 108
72 1281 111 80 106 102 95 75 118 91 82 101 109 79 107 120 78 99 83 88 116 108 104 89 96 87 110
73 1542 95 94 114 87 108 96 97 103 105 111 77 101 110 80 99 89 116 83 86 117 120 84 109 90 82
74 704 109 118 114 95 119 110 115 88 120 84 91 99 96 93 117 77 116 81 112 87
75 1906 91 82 106 113 94 96 108 111 98 88 76 100 115 92 110 77 97 93 120 81 83 107 86 103 85 117
76 960 92 108 110 87 85 82 91 80 78 96 88 89 95 98 86 103 116 119 97 100 109 105 77 83 107 104 115 102 118
77 809 83 111 85 110 99 119 117 108 89 86 98 100 106 95 114 97 93 112 120 92 78 94 87 80 91
78 1737 104 80 87 89 94 86 92 108 95 81 120 105 118 90 99 98 101 79 112 110 102
79 1557 112 86 106 103 95 99 116 113 85 91 89 117 80 96 94 93 82 120 90 88 87
80 881 120 93 112 89 116 96 119 91 110 97 99 104 105 90 95 106 92 101 118 88 111 84 113
81 1413 113 110 94 105 114 95 119 91 103 117 87 99 106 88 115 89 112 84 107 118 83
82 2379 97 118 100 87 119 95 102 85 83 104 109 86 93 105 99 101 106 114 115 94 111 92
83 950 97 109 84 96 115 104 120 113 93 91 100 107 101 114 92 105
84 795 112 98 106 115 116 87 104 119 111 89 93 101 85 120 97 86 100 110
85 1703 109 87 111 93 86 101 94 105 108 116 90 89 99 103 98 115 117 114 107
86 2394 88 87 94 107 104 106 111 117 120 98 100 92 96 119 99 101 113
87 567 93 102 100 103 90 91 111 108 107 113 119 101 98 116 106
88 2022 102 115 111 92 120 109 119 114 93 108 117 118 105 90 99
89 787 116 91 120 103 113 111 114 117 99 115 90 94 119 104 108 95 102 97 98
90 1021 119 94 105 96 92 116 108 98 104 117 107 102 109 101 111 99
91 1501 100 93 105 110 115 120 101 99 95 112 109 96 107 119 117
92 2003 96 105 110 103 113 116 104 102 94 117 119 114 120
93 2168 120 103 117 116 115 119 95 109 101 113 102 107 94 106 96
94 523 116 110 102 111 97 108 114 105 118 117
95 1927 117 97 120 101 107 102 110 100 104 109 116 118
96 525 117 110 115 104 120 108 118 119 107 99 111 105 97
97 2331 115 118 105 104 102 108 103 113
98 1195 119 102 115 114 111 112 107 100 99
99 2465 110 101 109 117 107 118 111 103 119 105
100 1506 104 115 119 110 118 113 106 107 108 112 102 109
101 1018 111 107 103 105 106 115 102 114 119 104
102 890 110 104 111 115 114 120 117 105 112 113 116 103
103 2287 119 110 120 106 112
104 2060 108 111 112 109 119 120 115 110 113 118
105 1094 114 107 111 108 117 115
106 1250 107 114 108 117 109 119 116
107 2077 115 109 108 113 111 118 119
108 1403 113 119 109 114 116 117
109 2044 113 110
110 1134 116 119 120 114 118
111 1342 115 116 113
112 956 114 115 119 120
113 569 117 114 120
114 1349 117 116 119
115 1252 118 117 116
116 1330 119
117 800 118 119 120
118 876 120 119
119 851
120 1087
