120 10000
1 1764 11 49 82 50 17 30 70 31 29 116 3 13 105 42 89 23 93 21 45 35 71 47 79 83 36 18
2 2097 77 84 57 31 12 35 96 36 100 79 25 111 40 81 8 75 71 15 50 17 85 42 34 30 27 45 52 72 118 3 99 107 106 117 22 98 6 54
3 2396 10 55 112 24 48 84 109 13 46 88 77 111 71 38 28 18 79 66 91 40 95 52 105 119 43 72 93 32 16 68 58 6 87 74 107
4 1935 36 98 72 70 11 12 118 88 16 63 109 42 82 13 58 14 26 47 45 113 39 71 85 114 69 108 93 38 74 34 89 60 120 32 20 37 28 117 110 64
5 1728 67 58 94 109 54 36 77 111 75 15 118 115 92 104 79 43 18 65 95 53 99 24 19 80 14 117 62 68 23 100 8 28 110
6 1771 55 31 70 86 83 95 53 110 87 113 114 78 90 88 56 101 24 39 94 32 74 84 71 99
7 2148 36 114 15 117 77 24 40 29 82 106 18 91 80 58 37 20 81 13 45 49 11 59 12 26 32 84 48 56 70 60 113 89 34 74 115
8 1396 33 98 61 120 117 77 99 68 20 49 28 54 108 27 26 113 53 47 22 39 111 70 69 84 42 14 24 65
9 1904 56 52 17 13 65 67 48 107 109 95 73 57 66 10 46 30 53 119 68 111 120 64 27 41 69 75 79 108 51 70 72 16 43 60 100 83 25 42 115 19
10 1052 39 70 23 34 43 31 21 32 92 100 12 99 63 62 74 98 30 19 83 60 51 81 41 102 54 106 47 77 26 36 114 11 37 57 78
11 1584 96 106 36 25 51 56 34 72 53 14 111 13 107 37 18 67 101 65 16 31 61 47 90 114 35 108 28 93 58 48
12 1674 69 105 77 118 28 14 20 38 48 102 115 110 53 120 59 81 119 34 99 41 101 15 46 93 43 30 103 52 23 91 75 113 94 61 58
13 743 108 104 32 115 68 71 43 19 16 56 95 31 44 62 30 66 87 70 120 29 92 111 67 75 77 91 101 89 76 51 48 18 50 81
14 857 79 41 69 40 23 68 35 96 47 115 110 56 37 86 88 49 76 92 106 116 52 44 46 82 71 58 61 80 36 84 83 25 105 78 65
15 2045 84 41 31 94 104 79 98 35 70 18 111 68 43 120 45 39 69 65 50 73 64 72 80 27 77 105 110 16 101 63 99 52 22 119 113 53 83 40
16 2118 35 102 69 112 36 98 99 83 44 58 25 61 57 81 53 27 47 68 40 97 60 39 111 95 63 33 91 54 55 117 21 49 94 17 105 26 41
17 2434 79 65 106 48 83 91 56 114 96 18 101 31 112 66 54 39 85 69 117 95 59 33 88 52 74 81 94 38 26 62 60 119 111 120
18 734 68 37 30 81 73 107 94 61 56 62 51 70 36 76 29 103 40 41 21 118 55 67 26 71 85 109 99 24 28 19 108 53 93
19 2420 117 24 101 41 62 50 58 66 106 113 91 93 64 40 88 97 82 29 114 85 30 38 86 25 20 48 26
20 1607 29 118 48 23 107 53 67 52 55 73 90 26 44 59 39 77 103 114 116 45 71
21 1003 22 37 83 71 56 100 43 61 35 70 29 76 46 28 116 114 96 86 94 41 62 111 118 73 36 88 50 75 74
22 2029 86 39 42 52 81 45 85 109 41 34 49 118 105 74 83 33 110 89 103 108 28 79 119 69 88 115 32 25 82 51 27 31
23 1459 65 115 55 86 77 82 34 42 37 40 46 71 114 48 76 51 61 35 104 105 112 100 59 72 44 120 109 33 95 49 107
24 1708 31 49 62 117 71 70 25 94 68 80 120 46 106 61 82 90 107 57 102 60 42 64 85 103 67 66 74 59 105
25 972 101 110 119 34 26 38 48 111 84 37 66 40 80 78 71 92 64 112 70 120 105 29 104 53
26 929 110 74 29 58 76 105 98 41 88 68 30 90 64 47 65 67 51 34 112 80 40 81 37 114 31 66 77 102 50 87 36 106
27 1800 30 60 89 56 87 43 47 79 39 105 96 33 120 72 108 117 84 63 116 86 114 98 118 64
28 1858 116 33 47 115 111 85 88 118 42 66 70 74 110 77 86 95 84 99 43 57 120
29 1087 89 96 81 39 111 85 108 64 70 65 77 62 61 57 94 36 75 119 88 112 37 50 47 31 115 51
30 929 63 83 93 78 90 107 120 35 47 65 92 94 97 64 69 99 117 66 87 60 86
31 1537 62 78 102 32 41 96 106 52 34 91 108 89 64 39 36 113 92 75 110 50 46 85 38 67 83 51 80
32 2352 117 83 70 53 118 98 85 94 104 63 76 60 35 54 105 65 62 81 100 73 66 119 93 75 89 103 87 95
33 525 104 57 50 46 63 105 60 77 56 110 114 80 51 48 55 78 83 93 59 69 95 98 54 67 41 53 97 89 38 109 87
34 1432 42 60 117 44 75 85 98 48 116 95 45 84 39 91 107 57 82 110 36 43 35 81 92 70 52 101 61 69 68 109 112 99
35 1786 83 95 111 64 96 78 44 102 39 68 119 105 114 54 79 112 77 89 47 80 74 37 49
36 1753 93 108 63 42 90 92 109 78 72 66 81 51 67 38 39 99 79 75 85 74 73 65 57 107 37 49 88 95 55
37 2260 76 92 105 39 106 90 69 94 59 40 70 58 75 67 81 113 63 110 119 84 74 68 101 42 118 87 56 71 85
38 991 91 115 49 52 45 58 106 110 108 77 113 81 89 70 112 74 105 75 60 98 102 64 61 51 80 100 39 48 54
39 2207 47 118 104 61 50 101 107 84 86 40 53 70 89 49 110 99 111 78
40 1664 120 54 57 50 111 52 68 81 118 66 85 89 45 114 97 70 72 117 87 60 95 42 93 116 69
41 1100 116 82 117 73 113 97 103 90 46 91 86 47 85 69 59 77 78 70 56 104 99 93 92 83 60
42 1290 105 85 45 107 114 77 53 75 108 98 104 57 109 84 116 101 56 95 67 64 43 58 54 86
43 837 48 56 51 86 60 76 72 70 64 68 108 115 45 58 77 90
44 1343 53 84 105 110 54 92 56 51 101 112 76 80 82 50 60 118 115 62 120 70 96 111 102 99 61 98 64 106 94 78
45 1204 101 80 76 96 106 87 82 115 60 93 47 68 90 62 66 110 107 59 50 73 113 46 114 69 77
46 2382 120 91 73 99 53 62 115 49 50 109 66 104 86 110 105 90 61 70 108 78 74
47 517 73 115 119 105 77 78 103 69 99 65 58 59 94 75 52 118 63 66 114 113 85 76 49
48 694 118 119 115 57 100 83 102 117 61 59 112 73 105 82 108 103 104 79 120 92
49 2173 113 112 65 50 80 77 57 105 69 82 109 120 118 83 92 78 53 61 59 51 95
50 2438 113 59 86 117 89 95 116 120 103 56 61 91 79 71 87 67 94 57 63 82 98 107 84
51 1802 113 84 94 81 119 82 57 104 77 93 56 108 67 98 89 92 62 76 90 114 75
52 2233 102 105 92 86 80 72 94 119 68 81 69 83 85 99 97 56 116 75 78 84 64 87 107 71 111
53 1523 107 101 109 103 75 96 115 85 81 79 116 60 58 72 84 90 97 71 110 65
54 760 73 116 62 87 67 106 114 64 120 117 70 83 104 98 100 107 86 109 89
55 1441 56 99 87 61 81 72 94 96 100 105 119 80 103 76 111 117 109 77
56 1996 115 103 95 98 104 73 118 117 60 62 120 93 88 96 119 72 111 80
57 746 87 65 92 58 103 97 91 81 83 115 114 107 100 66 95 68 79 59 73 117
58 2298 79 64 61 112 106 119 89 78 92 101 72 114 70 93 65 69 105 95
59 910 91 108 120 67 88 81 64 61 89 65 104 63 107 93 92 71 99
60 1333 89 81 72 87 71 120 109 99 66 90 97 61 105 67 117 88 68 91
61 726 105 104 95 106 107 64 66 99 92 71 101 97 100 118 68 62 94 81 109 72
62 1947 93 74 80 71 70 110 92 86 85 107 100 65 90 83 119 76 67 63 91 82 66 96 64 108
63 741 100 99 103 82 89 119 85 98 113 109 117 77 107 84 101 102 73 67 71
64 752 109 86 115 107 111 106 120 94 119 100 70 117 78 99 82 110 69 77 83 113 65 108 90
65 2436 104 83 82 72 81 90 111 99 89 102 76 118 117 68 106 93 109
66 1585 119 93 75 85 111 120 103 107 67 89 118
67 1562 77 92 72 101 87 99 102 69 95 118 84 105 82 100 120
68 2196 120 85 74 100 113 106 83 87 69 84 73 111 77 70 116
69 2076 82 107 105 118 100 72 99 79 92 71 96 70 109 120 94 84
70 1268 91 93 111 117 78 76 118 106 72 119 114 97 95 99 92 85
71 1359 83 103 113 101 88 106 100 116 105 111 95 119 94 92
72 675 109 106 78 98 100 107 95 89 73 120 108 87 76 84 86
73 2058 119 94 93 96 109 82 74 117 107 87 108
74 1253 99 106 101 104 108 85 107 111 79 103 94 117
75 1076 118 79 78 95 86 111 93 107 105 101 88 116 92 77 103 76 119 97
76 2319 91 106 111 104 83 105 95 90 88
77 691 105 89 112 116 87 83 101 97 99 85 111 82
78 650 107 98 103 101 118 96 93 97 99 92 120 87
79 513 90 93 80 96 116 117 106 105 92 109 111
80 1922 101 97 104 92 113 109 120 88 119
81 2145 117 113 91 119 86 112 115 85 114
82 1815 88 108 119 117 98 114 103 115 84 101 106
83 1654 92 105 103 93 88 109
84 1168 110 108 88 116
85 1632 87 111 98 88 100 103 102 96 93 92 114
86 2152 96 113 94 108 102 99 101
87 2221 88 120 103 108 104 110 106 117 95 112 99 107 96 116 115
88 1878 120 97 93 102 96 109 103 116 99 105 95 119
89 1950 92 95 102 108 93
90 630 104 112 100 109 118 99 96 111 120
91 710 119 116 108 95 96 118 101
92 1733 99 118 109 113 104
93 1635 109 99 110 96 98 101 115 118 108 95 112 100
94 509 95 96 114 113
95 1542 101 103 117 98 96 99 108
96 1570 110 104 115 101 106 103 113 120 118 100
97 1594 110 99 106 112 111 119 105 113 108
98 604 115 116 108 114 120 99 100 117 104 118
99 822 101 113 117 115 106 107 109 102 119
100 1169 118 116 110
101 1372 120 105 113 110 115 111 116
102 1681 110 103 113 106
103 901 115 114 106 111 118 104
104 2488 108 105 111
105 1991 117 108 111 120
106 1034 116 118 108 112 115
107 2306 112 114 111
108 2183 115 117 110
109 1185 119 117 114
110 2319 115 113 116 118
111 1161 113 119 120
112 829 115 118 120 119 116
113 1190 119 114 116 118
114 1872
115 1054
116 2322 118
117 1524 118 119
118 774
119 1256 120
120 530
