120 10000
1 2386 113 32 115 84 47 51 22 45 68 20 88 117 42 97 119 106 2 91 67 5 55 15 114 30 87 56 89 118 65 39 52 96 77 85 7
2 1473 57 43 51 108 8 13 16 62 63 12 85 26 99 44 110 69 6 37 70 10 97 40 75 64 23 96 14 91 82 31 95 74
3 1090 119 87 12 27 5 57 43 84 89 82 79 10 77 34 19 46 58 63 75 64 88 39 51 86 66 42 94 76 36 116 67 44 103 73
4 761 110 119 51 40 59 106 86 99 69 114 23 93 117 92 96 11 47 15 105 116 113 46 13 25 97 111 28 63 102 68 22 21 65 74 79 91 6 67 98 16 34
5 1311 44 101 117 41 102 103 42 60 95 59 54 116 108 99 84 109 13 16 57 49 87 98 56 15 48 18 110 81 63 86 118 96 25 12 114 78
6 1534 96 118 11 112 117 17 107 40 24 119 109 21 44 94 77 84 26 46 15 82 70 9 50 111 99 66 78 22 89 72 88 48 64 12 80 18 33
7 877 28 115 46 19 88 50 114 70 66 73 104 109 90 67 42 92 78 36 119 27 81 54 113 45 91 35 110 103 37 98 30 106 63 99 34 33 105 64 44 80 101
8 1011 119 111 25 87 61 85 48 27 49 16 71 106 90 23 100 36 68 65 57 22 58 15 112 117 75 63 17 9
9 2460 55 101 16 59 114 48 86 15 90 73 31 24 29 116 39 104 119 35 87 82 50 80 118 78 46 102 71 54 53 88 91 120 96 98 81 95
10 1809 65 113 86 72 49 91 108 24 118 41 46 38 89 48 71 100 53 114 36 14 116 60 61 15
11 2457 80 14 19 63 26 56 47 84 77 99 49 22 55 113 116 91 41 13 97 40 119 33 87 66 86 60 28 94 96 67 90 59 111 62 71 106 76 110 48 18 101 104 78
12 1665 19 102 52 69 117 51 38 31 59 112 101 29 79 54 45 65 107 94 27 87 68 61 67 36 78 30 100 13 24 92 97 95
13 2126 113 56 19 58 87 24 95 92 38 118 64 31 47 111 73 46 84 20 83 69 29 85 106 112 93 71 37 82 116 16 110
14 724 96 46 26 112 117 95 65 115 78 82 34 88 103 55 85 28 104 51 50 60 75 22 67 32 106 113 76 97 36 54
15 2185 66 101 42 58 23 94 39 20 65 79 71 63 118 34 114 46 99 112 75 60 37 55 77 97 52 68 62 116 82 19 47 36 78 90 24 106 43 17 40 32 53 85
16 1165 60 30 26 41 94 21 18 114 113 35 34 92 70 51 98 42 80 117 49 107 59 83 63 85 36 67 55 110
17 999 75 68 49 113 77 85 81 35 78 27 79 102 62 90 38 18 45 40 97 114 69 116 118
18 649 43 83 29 75 68 42 118 49 79 45 35 80 97 114 85 33 117 36
19 702 80 106 51 119 76 117 84 60 104 100 85 56 39 38 58 107 20 33 26 30 73 35 79 49 81 97 52 98 69 94 44 109 91 62 95
20 1547 71 44 37 98 56 38 114 118 116 117 80 55 91 113 100 36 66 65 53 109 57 21 41 63 62 35
21 1706 81 118 72 62 41 76 55 57 53 101 68 75 28 58 50 24 99 61 35 49 114 64 30 27 82 116 42 95 113
22 1319 65 111 85 109 118 70 115 48 26 91 84 61 80 98 24 117 72 39 23 107 93 103 56 55 35 40 33 114 52 46 42 41
23 1837 85 63 26 67 41 42 95 118 54 47 72 120 117 87 40 99 79 98 45 60 48 43 33 101 102 78 28 58
24 1781 93 104 88 87 95 26 37 47 73 69 52 55 82 110 60 86 85 42 39 36 84 43 101 51 63 56 81 76 34 103 59 32 119 62
25 1789 38 115 88 100 71 90 41 82 62 53 120 50 30 105 87 81 119 29 68 32 94 72 99 111 56 97 114 60 80 76
26 2083 52 38 51 99 90 60 78 58 67 64 69 103 29 55 83 65 118 36 50 74 37 35 76 54 32 91 108 49 107 116 63 53 48 33 70
27 1624 41 107 37 96 55 43 72 61 33 103 92 63 90 109 88 64 69 60 104 116 95 66 52 91 85 35 119 111 44
28 674 39 92 118 31 113 69 51 55 97 71 115 73 46 94 75 30 108 79 64 88 91 72 76 106 89 81 78
29 1557 85 76 51 81 47 87 83 99 73 37 59 106 74 109 53 41 78 77 40 31 96 69 57 50 49 66 110
30 567 100 87 98 48 44 42 43 59 76 80 120 117 39 108 81 79 77 75 37 55 58 90 33 101 63 92 118 45 95 67 66 83 94 61 115
31 1009 74 87 113 116 35 38 85 112 57 71 52 89 59 65 33 75 42 88 43 53 78 70 54 84 109 86 110 108 104 77 76
32 999 120 100 38 119 99 62 44 66 83 91 69 65 37 115 59 109 75 107 79 106 92 112 90
33 1097 83 49 75 111 99 73 116 40 120 63 67 56 109 36 104 34 72 51 54 91 35 87 82 66 85 76
34 1600 78 76 64 99 110 42 44 100 114 116 54 97 47 36 45 109 101 55 46 35 51 68 74 102 38 89 119 63
35 1260 53 76 89 81 95 91 87 47 115 99 66 44 70 93 48 80 37 106 77 46 50 90 72 88
36 1908 81 72 37 60 42 55 96 111 98 70 83 110 73 107 41 40 120 38 50 64
37 633 85 90 91 77 107 56 109 61 83 51 95 47 96 102 69 76 89 75 81 71 44 84 64 41 73
38 1194 90 84 39 43 53 92 41 112 103 96 105 68 61 80 48 104 114 55 75 93 52 108 58 86 95 44
39 2419 100 111 47 68 46 62 43 89 115 120 119 72 66 112 90 58 49 84 96 97 99 86 110
40 2150 83 69 53 82 96 44 94 51 70 108 80 98 66 52 42 93 105 114 95 72 84 91
41 2060 88 45 94 75 87 86 78 67 111 102 109 55 107 47 118 117 63 96 42 106 120 53 76 56 46 119 68 49 69 89
42 1932 112 99 70 116 97 55 75 119 92 103 84 109 53 95 111 100 67 51
43 1314 102 93 94 105 106 70 55 97 112 62 90 52 101 47 58 44 67 74 103 81 108 56 85 77
44 1242 47 59 69 73 51 105 52 67 92 46 75 86 103 94 110 104 53 45 74 99
45 2156 51 84 95 63 101 52 107 104 77 100 53 50 54 66 97 102 94 58 111 62 56 91
46 998 55 83 54 117 58 68 85 103 95 110 53 115 65 72 49 56 92 48 91 107 82 97
47 1908 110 76 112 107 101 97 71 106 48 63 116 103 70 83 66 51 55 79
48 2212 102 74 70 120 112 64 54 62 89 55 73 59 101 57 116 77 95 98 96
49 1147 94 98 107 82 66 51 55 91 112 81 108 50 68 79 54 90 111 109 105
50 1667 93 69 66 118 94 74 108 77 61 95 103 89 90 60 105 54 75 101 91
51 1259 73 94 60 76 83 59 66 100 92 89 58 103 63 117 119 96 115 87 68 69 91 86 70
52 1910 85 95 102 114 119 93 81 113 76 91 68 120 105 100 101 84 96 55 62 94 107 61 115 54
53 2043 109 94 59 63 57 64 110 80 107 74 77 69 76 68 88 78 117 70 101 66 90 84 55
54 595 69 61 74 104 89 60 86 66 58 95 63 64 100 115 59 56 97 118 110 112 117 113 99 85 76 79 94 105
55 1190 88 105 79 95 61 100 113 74 62 110 103 82 90 96 119 84 111 78 83 109 67 118 59 85
56 1331 104 69 70 83 107 119 65 120 108 76 109 95 105 94 67 79 64 92 85
57 1735 101 81 114 106 83 113 79 69 104 105 80 75 67 116 71 87
58 2315 118 59 60 91 115 65 70 99 119 114 112 103 73 104 111 74 95
59 1063 77 95 87 90 98 113 78 99 68 79 89 105 93 91 62
60 791 100 85 69 81 105 83 76 96 89 94 87 73 91 78 113 110 119 106 66 114
61 1939 97 67 63 75 85 91 87 94 101 105 69 108 115 109 82 95 65 120 77 110
62 1129 103 117 65 83 110 114 67 76 101 116 98 104 113 85 66 99
63 847 78 104 120 110 117 69 118 75 82 98 100 87 106 101 115 73 114 81
64 2093 119 96 104 94 81 117 103 111 108 73 90 93 91 110 120 99 113 95 102 65 100 87
65 2229 103 77 72 95 80 84 89 88 66 83 81 104 106 110 120 118
66 1164 106 98 96 119 118 101 102 113 82 91 120 110 100 83
67 1500 97 119 80 94 113 115 118 76 104 100 102 116 110 92 107
68 1919 87 84 86 102 98 76 71 103 70 97 81 99 91 79 78 80 108
69 1858 88 85 107 94 82 75 84 80 89 98 118 113 103 109 86
70 976 90 100 76 110 108 78 120 107 71 97 118 117
71 1568 77 111 89 102 83 94 87 88 114 109 106 86 110
72 1417 103 96 92 115 85 94 117 119 75 105 101 113 112 100
73 1965 95 108 77 90 82 101 106 110 92 98 84 111 120
74 2382 84 82 104 79 109 98 108 85 77 87
75 2159 89 91 80 98 104 118
76 1178 106 103 95 116 94 87 118 101 112 120
77 2438 107 99 80 86 88 79 114 117 111 100 110 120 83 81
78 1123 94 111 109 86 81 116 85 84 105 120 103 107 93
79 889 116 85 81 107 120 91 95 83 80 96 90 101 98 88 114 118
80 641 87 110 82 96 115 113 114 119 95 83 117 118 91 88 106
81 1848 115 98 106 120 90 99 117 89 86 82
82 1648 84 97 99 109 118 83 86 114 106 108 117 104
83 2052 115 91 120 95 100 111 118 85 106 101 90 94 114
84 1390 87 85 88 99 116 107 103 93
85 1300 112 96 90 92 116 86 117 97 95 111 115
86 2299 93 115 113 109 96 89 108 119
87 1779 103 104 89 105 114 113 90 112 106 97
88 534 103 104 113 96 93 109 112 94 119 95
89 1670 100 117 91 93 120 119 114 108 96
90 1899 98 116 118 111 108 104
91 2383 106 115 111 107 119 95 92 113 116
92 665 97 98 101 108 117 105 116 102 99
93 527 103 94 99 115 106 112 100 97 110 96
94 729 104 117 95 112 111 99
95 2258 111 118 97 119 104 98 114 105 108
96 1814 118 113 101 119 106 102
97 1393 112 113 116 118 102 108 106
98 815 102 101 109 110 115 119 100
99 789 115 105 116 108 102 109 119 104
100 2308 112 115 113 107 120 103 102 114
101 1291 118 102 112 117
102 1858 103 110 116
103 781 112 117 106 107 116 105 113
104 2313 118 115 110
105 1296 117 114 116 113 115 110
106 1998 110 114 109 117
107 990 113 120 115 109 118
108 1233 115 116 109 114
109 620 114 118
110 1380 119
111 1375 112 117 115 113 118
112 1525 113 114 115
113 2085 115
114 2484 115 118
115 2416
116 2443
117 2282 118
118 1251
119 2477
120 1452
