120 10000
1 1927 55 62 43 108 66 111 5 109 63 19 78 85 6 25 98 26 27 40 8 33 3 34 29 65 103 61 99 46 74 36 45 51 60 117 10 50 53 79 18 69
2 1383 9 29 7 104 91 95 65 114 46 74 62 117 100 72 26 83 120 6 98 5 36 60 85 33 58 27 30 4 12 23 101 71 59 75 43 15 38 63 119 92 55 97 50 110 45 31 11
3 2195 59 88 34 69 61 98 101 89 4 100 58 56 35 107 22 120 112 90 15 96 99 64 23 106 9 14 10 55 26 60 12 104 20 40
4 2100 104 70 48 106 77 13 52 31 26 30 50 8 60 55 38 44 114 78 85 94 54 81 87 14 71 45 25 117 120 29 115 21 103 72 10 113 84 9 90 41
5 1167 85 100 57 108 94 12 77 115 46 44 25 66 6 72 76 48 14 10 110 101 79 16 120 69 55 64 26 30 93
6 2315 21 58 105 33 14 84 99 44 76 25 55 53 47 7 86 31 20 32 73 59 51 68 80 91 12 37 46 83 103 77 85
7 2128 110 17 65 116 80 47 53 14 67 68 101 23 8 18 30 77 50 79 20 72 96 95 73 62 37 59 39 102 74 78 66 35 117 119 52 91 11 63
8 2259 81 40 113 46 22 90 109 17 77 65 120 101 115 73 25 23 99 108 32 119 96 57 87 69 58 111 63 66 21 56 75
9 1821 42 70 107 66 99 55 28 48 106 21 20 37 63 32 115 74 109 35 71 77 76 90 47 39 104 120 110 43 17 80 41 12 96 59 38 25
10 953 23 65 36 14 61 49 88 118 72 119 43 33 70 80 42 40 26 50 16 39 115 94 55 84 102 117 18 111 20 95 62 46 48 110 35 92
11 587 78 76 91 90 87 36 42 96 64 60 72 111 45 100 27 35 71 49 43 79 21 18 17 98 94 88 101 82 120 93 30 29 75 66 52
12 2102 49 51 52 77 38 28 81 67 47 37 100 117 22 25 119 113 45 42 93 44 46 32 101 105 55 39 54 20 24 64 13 68 88 63 30 18
13 1895 99 38 42 47 24 94 67 89 81 70 17 20 31 37 57 74 28 79 30 96 102 106 56 60 114 19 105 111 18 95 83 41 75 97 58
14 2092 66 115 57 83 94 25 77 119 117 64 21 73 19 120 86 62 75 110 54 78 49 90 88 71 65 96 42 29 47 113
15 1129 43 113 17 120 36 41 88 32 109 35 49 56 82 73 51 22 57 118 72 75 34 69 86 78 62 114 19 77 108 96
16 1089 63 68 79 78 110 74 82 58 27 115 61 111 107 87 77 22 88 56 51 35 75 44 85 42 81 48 23 91
17 1132 89 94 69 51 31 110 47 71 104 99 114 109 93 37 98 18 43 70 42 55 88 73 92 28 59 63 20 79
18 1828 42 28 91 82 115 77 114 69 56 89 41 32 64 94 113 72 48 52 37 75 109 100 103 49 39 85 61 25 67 110 22 68 116 45 38 118 98 43 20 29 95
19 2090 37 108 87 46 93 106 86 104 63 69 25 32 113 53 118 77 43 52 89 80 92 28
20 1442 33 67 94 81 66 96 93 60 56 26 106 25 83 46 58 100 95 71 49 92 84 44 111 24 21 63 79 55
21 685 58 83 80 85 38 115 27 24 78 114 65 45 54 32 69 60 70 71 42 55 88 76 99 109 112 106 39 59
22 538 57 46 42 32 83 101 104 36 26 116 107 35 47 109 23 62 84 53 24 118 43 86 78 108 120 34 98 97 99 25 85 89 38
23 2201 28 84 56 41 50 59 57 54 45 32 105 25 63 53 83 114 113 26 79 85 90 94 51 99 48 87 74 95 52
24 2371 103 79 58 53 71 39 60 98 64 91 78 46 36 87 111 120 67 93 56 115 45 96 101 72
25 653 43 58 100 119 101 67 108 59 110 106 32 70 48 120 64 84 50 78 44 85 104 91 41 81 42 88
26 2182 31 83 112 113 109 59 45 95 72 91 41 58 88 94 32 38 48 27 36 52 64 46 61 108 86 43 100 111 119 65 82
27 2358 80 116 54 87 59 57 33 61 75 103 49 72 86 48 111 66 79 107 42 41 77 69 76 46 106 101
28 1338 92 70 107 98 89 73 104 97 59 34 77 85 69 100 45 119 78 44 48 72 38 61 81 105 43 88 68
29 1959 87 85 80 56 113 116 74 59 38 67 46 44 51 100 71 103 66 37 52 79 41 43 49
30 1491 91 41 108 44 76 112 72 107 53 63 47 113 40 34 39 109 75 88 80 62 90 106 56 67 92 74 94 78 48 98 52 99 101 45
31 1543 82 46 64 59 62 109 57 106 119 100 118 45 103 43 85 87 78 63 56 91 88 107 39 35 42 36 67
32 942 74 77 63 33 81 42 79 117 50 41 114 39 61 107 68 95 55 44 110 103 52 35 89 49 59 102 72 36 88 73 83 86 111 101 100
33 2374 78 118 37 47 38 72 109 117 34 60 71 120 104 61 73 96 58 36 115 55 50 98 94 51 68 43 35 59 76 46 49
34 1237 75 113 88 77 79 109 42 59 107 104 68 89 119 73 115 64 103 111 102 101 92 98 74 69 110 43 51 46
35 542 78 92 67 82 54 66 39 71 118 46 52 69 94 57 75 55 61 112 117 84 53 37 119 110
36 597 78 115 104 70 44 60 51 92 49 39 76 71 94 102 73 47 99 77 55 58
37 608 111 39 66 117 106 65 99 47 108 62 41 114 88 95 55 60 93 50 42 102
38 1727 112 81 50 115 94 85 58 61 64 116 99 119 113 62 104 55 120 102 57 95 43 74 54 42 83 59 40 80 98 52 109 45
39 2356 70 40 109 92 52 113 72 118 49 47 73 75 89 68 105 106 110 83 112
40 1486 45 101 104 62 88 94 51 95 65 107 103 70 108 87 97 81 83 80 72 64 59 100 117 78 44
41 2180 95 85 86 107 114 60 111 82 87 52 97 46 59 88 74 106 55 98 112 83
42 2001 78 68 97 95 108 60 69 92 80 43 90 81 54 59 110 45 50 111 71 46 83 99 49 76 55 61 66 118 52 109 85
43 1087 112 57 61 77 66 53 78 50 85 72 45 120 92 76 116 73 81 46 63 65 75 52 113 67 97 102 104 103
44 1131 74 69 53 112 62 88 120 72 47 56 63 57 45 99 85 55 100 59 84 107 101 51 68
45 1149 69 63 107 85 56 95 54 113 75 91 47 106 76 70 77 114
46 1273 113 67 105 103 76 47 48 75 54 69 78 116 93 79 51 58 64 72 120 85 73 102 50 55 110 108 101
47 1721 79 112 64 91 119 120 107 82 66 72 48 100 55 113 84 99 81 59 105 62 51 88 86
48 1781 88 75 49 77 90 64 54 82 97 74 105 120 72 102 56 117 79 89 94
49 2159 74 50 92 101 115 75 73 77 78 55 64 103 113 99 80 69 72 81 95
50 1310 76 84 85 99 107 113 102 75 116 60 59 66 77 100 109
51 2280 62 110 73 106 112 88 77 108 95 63 85 58 98 103 79 71 59
52 2344 101 86 93 53 68 65 96 94 115 71 78 83 74 58 55 88 119 118 62
53 906 94 84 60 80 77 62 119 55 82 91 75 76 68 58 70
54 1980 87 64 92 108 104 119 70 110 66 76 107 103 67 75 85 97 77 73 80 61 98
55 2215 61 66 114 110 103 60 64 85 96 79 68 116 88 118 81 73 74 70 80
56 1059 102 86 113 85 105 77 72 101 74 70 73 67 109 98 66 92 110 95 88
57 1218 58 78 81 96 70 87 98 105 88 91 104 102 71 59 118 114 62 65 72 116 85 100 64
58 1629 72 66 75 78 90 118 76 116 101 70 105 108 81 100 65 63 73
59 1455 109 103 119 86 120 83 75 97 89 93 63 99 104 69 111 73
60 677 93 78 80 118 99 90 98 92 95 73 64 109 104 81 71
61 619 72 90 94 101 112 108 118 79 93 69 80 98 88 96 120 66 63 115 78
62 2055 94 84 109 114 75 100 69 68 117 113 120 98 102 82 112 64 93
63 1119 73 117 72 85 91 102 75 111 76 106
64 2050 97 111 73 82 91 93 107 114 118 115 68 116 101 79 110 105 98
65 2349 105 109 90 106 111 118 114 67 82 88 83 110 66 86 87 77
66 718 94 91 106 79 115 76 117 90 68 111 82 70 84 78 118 107 92 77
67 1704 91 96 99 109 85 79 84 108 118 112 81 114
68 2458 72 97 108 75 86 70 114 98 77 102 100 117 92 85 106 89 99
69 1502 97 82 101 73 71 104 109 86 87 79
70 1117 120 107 71 116 89 82 75 84 76 73 87 110 95 101 113 117 92 105
71 1443 74 97 114 96 105 78 109 110 88 86 93 116 106 75 103
72 1182 77 102 87 104 115 88 83 93 107 108 99 92
73 617 90 92 86 117 113 91 105 82 78 100 74 107 84
74 1588 111 75 94 86 119 98 84 90 93 113 116 85 88 112 89 99
75 1813 102 78 93 100 113 85 88 97 112 94 118 101
76 1266 91 115 94 85 112 107 109 90 78 92 117 79 108 83 118 99 87 106
77 2361 116 85 101 95 111 109 81 92 79 78 91 96 120
78 1033 84 107 83 115 103 119 99 89 88 100 87 95 92 98 111 109 82 81
79 2105 87 84 104 82 100 118 101 111
80 2019 92 101 82 97 84 98 115 105 88 96 83 99 81 90 85
81 1401 109 114 119 113 87 118 120 91 100 97 82 111
82 1441 102 87 85 107 89 94
83 1420 111 94 113 107 115 120
84 1364 100 109 112 101 107 104 99 110 120 91 102 113
85 2479 88 98 91 101 117 115 89
86 691 87 90 103 119 104 98 114 88 99
87 1480 110 88 96 102 114 108 120 95
88 1196 105 94 96 118 116 98 111 115 108 114 110 100 120 101 91 90
89 1820 105 102 99 114 96 92 97 91 98 101 115 116 108 109
90 2435 119 95 96 98 93 97 120 100 110 101 118
91 930 117 98 101 104 115 93 108 106
92 1497 101 100 105 114 120 96 104 95
93 1546 113 96 117 101 110 115
94 1107 95 115 111 98 117 116 102
95 603 97 111 109 107 105 116 113
96 1395 118 113 99 106 98
97 1325 119 100 106 105 116 103 111
98 1365 107 120 112 114 111
99 1352 106 114 110 118 102 104
100 2328 117 109 106 116 111 103
101 1982 102 120 108 106 115 114
102 1852 120 109 107 114 104 111 106 103 119
103 566 115 113 120 116 117
104 2099 116 117 107 108 106
105 939 116 113
106 1436 112 119 109 115 117 116 120 110
107 2422 114 117 115 119
108 2358 119 110 118 115 113
109 1527 120 118
110 1583 115
111 1433 120 119 118 114 112
112 2428 117
113 524 116 120 119 115 117
114 2353 117 116
115 1291 118 120
116 502
117 543 118
118 2271
119 1198
120 1421
