250 10000
1 1889 137 37 138 156 235 228 132 226 28 83 225 103 163 130 21 160 216 167 30 26 197 82 182 141 200 32 78 24 27 85 64 209 105 190 124 35 142 250 159 49 169 170 161 5 212 151 237 176 147 74 66 101 168 165 214 4 222 90 220 53 96 129 242 115 61 114 46 71 87 11 25 158 173 22 67 221 18 215
2 2250 142 8 112 118 166 120 61 163 174 203 115 158 88 149 25 200 157 248 91 36 186 65 197 195 234 85 210 102 173 244 7 233 86 170 211 100 246 6 236 182 69 164 20 192 226 191 206 101 76 113 209 250 146 5 23 50 53 62 228 104 130 232 172 37 58 47 133 153 214 19 178 224 247 29 63 3 116 48 151
3 994 228 52 173 24 208 147 118 115 95 221 11 198 85 12 8 202 236 42 249 246 136 40 139 116 213 159 165 74 226 50 7 197 203 36 106 81 238 78 30 138 224 195 190 156 148 154 248 130 109 164 43 189 48 127 20 18 102 26 149 10 119 244 110 232 161 55 218 4 125 64 73 38
4 626 112 140 43 172 59 90 27 138 11 36 104 150 42 34 193 241 218 223 126 226 188 61 216 156 29 120 134 157 46 224 65 20 91 102 160 115 135 235 221 124 234 215 154 187 114 128 183 6 123 58 163 49 242 22 127 56 63 92
5 803 105 48 237 248 80 88 185 206 33 40 134 168 192 126 167 174 207 188 68 16 109 204 122 197 150 224 44 96 211 140 62 213 42 209 133 235 23 141 202 244 13 71 110 90 57 11 74 139 195 113 138 132 116 124 32 232 55 176 228 69 223 14 67 81 108 9 184 249 177 128 210 137 179 160 183 142 107 191 247
6 1117 229 10 219 115 147 130 164 228 89 12 132 75 149 123 39 197 61 20 68 108 234 250 185 216 40 148 138 243 53 191 112 41 83 96 169 217 172 88 65 37 237 156 247 36 208 209 137 198 93 18 74 31 111 30 211 244 35 94 49 85 200 51 126 48 52 70 167 38 161 87 14 192 233 223
7 1512 108 189 69 225 54 163 71 59 62 29 115 16 188 159 94 227 156 129 133 58 198 119 165 125 51 197 105 241 109 130 116 96 196 247 127 45 246 142 141 85 221 37 98 182 222 194 117 126 131 231 192 158 61 106 226 34 64 122 136 113 236 26 172 134 104 237 114 78 81 56 68 146 138 190 153 204
8 1787 29 78 21 67 174 194 208 105 112 135 73 138 121 125 18 247 77 226 44 180 70 230 22 165 14 28 203 246 139 57 187 166 175 17 201 141 85 115 116 181 64 47 109 133 79 45 154 12 38 69 120 74 211 213 228 97 126 205 164 157 61 25 250 117 190 63 169 145 124 107 158 60
9 792 181 220 34 141 120 160 175 108 201 72 167 200 198 24 226 150 232 240 109 218 77 189 123 113 94 53 20 151 145 106 210 234 127 21 88 44 41 206 98 43 40 14 228 68 26 17 25 45 46 165 13 250 238 236 47 230 203 166 50 69 194 99 180 49 188
10 2325 238 168 191 66 193 64 15 205 37 119 176 67 62 19 178 202 249 158 180 160 182 23 102 120 240 51 82 239 200 89 12 246 30 25 101 75 247 107 132 201 138 210 71 186 162 179 24 250 35 165 237 170 93 187 148 115 203 149 140 85 163 91 183 172 14 236 68 175 196
11 2402 126 150 153 118 240 133 241 244 57 205 204 113 173 44 213 232 177 25 86 35 98 142 97 187 193 22 247 107 51 87 71 21 217 64 67 176 89 34 130 52 62 16 250 138 178 61 202 42 19 163 15 223 60 139 179 69 148 13 12 36 211 116 184 222 226 75 192 55 108 91 172 154 152 149
12 693 104 102 83 145 48 25 144 27 78 198 188 115 153 180 191 209 196 79 107 45 137 249 88 165 20 159 246 148 176 22 239 243 222 117 14 118 185 129 51 110 189 105 207 54 57 119 112 143 43 59 41 120 250 30 223 101 233 128 38 99 206 29 65 124 133 237 55
13 1130 140 215 217 179 214 236 219 202 43 48 71 133 42 159 97 151 46 195 204 104 90 81 39 162 242 165 222 247 191 32 67 212 237 40 193 234 85 120 93 147 33 92 155 25 57 240 96 229 243 136 101 124 241 30 174 230 44 119 249 86 74 141 36 77 224 14 137 157 225 38 88 28 200 21 130 216 152 15 210 116 52
14 1619 201 245 126 72 235 74 222 219 152 183 196 225 26 176 197 145 166 193 27 42 226 112 162 134 205 149 122 186 233 36 223 108 28 214 59 70 119 138 211 24 229 135 179 73 171 157 102 31 195 232 228 66 156 30 169 129 173 101 249 160 182 56 105 53 175 84 231 39 64 155 54 60 141 210
15 555 80 133 196 179 201 156 64 68 32 61 106 235 203 135 81 127 122 77 177 49 239 189 202 66 204 76 230 35 152 191 165 99 16 211 164 37 93 240 31 109 118 136 113 56 166 86 79 101 176 51 238 220 119 157 182 96 46 131 124 88 39 200 208 132 78
16 526 58 191 183 77 75 244 227 206 82 136 169 172 130 51 250 92 236 36 88 221 141 28 211 123 33 112 143 173 237 146 110 62 193 216 29 67 152 228 25 20 49 22 215 161 209 164 34 189 239 129 247 17 125 223 137 242 31 60 23 24 128 55 179 105 91 225 122 142 208 249
17 1345 68 168 249 35 121 131 81 245 37 164 195 146 69 140 47 21 84 154 223 172 242 188 150 26 199 225 187 86 108 22 90 38 102 175 167 184 56 53 221 147 230 180 137 158 237 186 211 115 77 41 130 42 236 70 136 44 161 222 215 93 29 163 217 127 231 177 63 143 185 96 207 88 19 52
18 2451 54 220 133 206 42 134 166 109 229 227 125 210 53 61 89 170 153 115 192 207 67 212 91 200 156 189 55 204 135 184 120 39 126 141 49 161 202 241 88 27 174 73 152 106 45 110 136 131 26 66 36 157 35 215 160 100 145 213 199 183 163 65 86 205 101 129 69 151 165
19 894 52 105 200 66 162 98 127 50 94 158 173 70 183 87 95 62 249 101 64 238 44 63 230 122 109 250 112 219 202 215 186 54 128 115 121 113 32 197 31 125 22 26 67 161 184 65 27 79 181 157 85 34 37 236 33 163 224 142 218 134 130 81 233 47
20 1448 100 78 250 70 165 65 181 129 134 35 150 184 114 112 124 130 180 21 202 121 223 44 126 89 71 96 182 191 189 168 38 142 224 154 64 246 120 215 60 50 67 162 157 75 47 72 176 57 199 133 155 163 43 220 227 248 198 106 61 242 200 166 195 238 98 77 231 28 185 62 193 29 208 92 186 159
21 2205 114 208 120 58 98 71 103 198 47 78 168 57 144 36 234 202 112 135 241 140 217 148 66 37 133 124 22 105 170 101 190 231 75 224 70 92 193 27 243 93 221 216 34 164 172 215 147 155 53 145 80 141 79 171 240 41 82 229 110 125 90 43 61 191 222 194
22 2272 126 145 249 175 218 119 93 33 152 107 226 138 57 89 129 64 125 156 92 98 48 154 53 54 234 58 198 88 214 140 115 62 103 99 246 163 245 122 150 61 136 173 167 213 206 32 111 95 60 109 121 34 123 29 127 148 113
23 1264 44 179 188 216 120 26 63 210 43 74 162 93 106 115 24 75 143 193 166 55 158 150 92 28 237 194 247 40 152 191 129 49 56 246 239 164 159 64 125 57 208 81 202 47 82 174 123 219 112 32 66 90 58 169 195 214 42 30 95 155 211 72 73 153 94 165 39 71
24 1670 166 232 126 25 153 164 242 225 204 129 191 221 149 60 169 136 114 246 97 86 186 125 250 70 34 135 163 44 150 235 189 113 35 147 27 159 202 88 207 72 53 171 249 31 54 172 209 244 78 115 180 62 148 85 145 99 68 211 203 160 224 40 36 238 230 117
25 1225 246 205 166 152 247 125 82 84 115 230 175 233 101 193 104 146 79 93 48 50 224 33 57 219 30 100 86 26 111 70 46 110 179 162 165 167 98 129 74 73 154 68 244 83 210 67 58 197 95 54 223 235 40 229 180 39 78 204 134 56 170 202 212 184 199 130 200 242 178 201 142 63 156 29 225 81 60 94 137 139
26 1728 203 247 88 222 127 86 221 229 72 59 71 186 65 232 218 33 139 93 199 228 37 211 119 31 155 58 201 68 147 108 27 178 219 36 110 184 213 145 179 91 202 225 183 207 197 239 79 111 214 70 107 136 112
27 621 91 50 208 107 147 238 117 99 226 201 221 217 65 33 185 98 89 250 104 230 149 205 242 62 246 169 113 156 151 211 175 111 76 240 77 48 63 227 101 79 129 206 178 54 119 127 44 165 123 197 97 37 216 244 102 247 145 220 110 162 78 132 153 167 248 56 228 203 103 196
28 1859 64 75 178 162 149 29 191 99 239 173 205 225 223 199 35 131 60 105 238 231 77 101 95 174 160 244 216 107 92 227 136 125 182 123 232 153 120 213 103 220 194 183 180 140 165 234 197 44 129 203 81 224 169 126 218 150 137 250 56 135 132 96 55 73 176 110 51 161 118 37 87 61 148 158 62 111 142 151 128 177 145
29 1741 192 103 246 94 99 72 164 114 98 212 49 205 179 156 187 47 124 127 82 48 214 182 133 122 85 137 101 238 117 67 207 208 174 248 229 142 68 125 201 63 194 55 52 154 196 84 120 166 79 172 158 110 225 247 35 153 222 159 46 135 233 152 224
30 2467 40 117 70 244 107 134 61 160 143 166 243 116 206 50 128 137 49 47 205 201 209 105 44 87 97 216 179 199 226 39 174 54 58 121 93 69 74 145 227 34 72 237 101 249 48 130 151 77 221 51 211 245 94 247 204 210 127 104 131 113 99 202 190 125 82 65 192
31 1146 148 67 152 76 91 243 121 123 85 167 192 50 132 157 206 79 240 242 180 205 230 111 39 66 239 97 187 163 142 139 60 244 41 32 154 59 234 174 64 171 151 75 159 164 229 221 101 45 105 179 146 112 183 182 227 61 155 87 218 82 98 107 81 160 69 209 215 189 143
32 686 199 240 144 166 181 46 118 45 53 102 127 158 241 150 48 188 68 130 232 239 174 75 97 168 56 55 64 186 134 81 78 217 96 72 92 243 122 245 191 59 194 99 230 100 38 109 139 223 248 177 132 106 104 128 103 98 44 175 236 133 124 114 37 39 143 152 216 205 218 86 235 119 49
33 2216 51 127 170 247 80 36 40 194 46 92 140 250 50 196 177 245 199 101 239 244 133 48 91 200 205 34 185 94 202 228 190 184 134 83 78 47 119 162 63 168 73 211 143 137 96 118 154 39 189 214 142 97 136 131 163 70 59 164 219 103 44 207 248 224
34 1640 100 131 91 84 229 194 202 225 139 149 113 49 170 171 68 250 107 77 145 60 82 67 37 142 96 42 122 199 128 211 98 179 237 55 153 157 140 65 151 118 123 103 227 230 177 53 206 114 144 137 196 54 50 198 51 236 95 104 38 197 216 213 64 116 238 35 121 120 174
35 812 202 231 246 123 89 54 170 78 118 60 189 105 222 97 166 119 113 155 145 77 186 201 163 126 244 101 187 64 177 94 240 65 111 223 46 225 80 184 61 156 250 203 209 207 217 193 168 107 239 141 136 98 196 205 191 59 52 154 130 102 242 180 221 71 129 151 103 157 84 49 144 211
36 519 78 182 127 110 115 220 146 111 140 170 155 74 184 47 69 61 178 198 168 228 165 77 190 185 91 233 237 247 151 169 202 130 213 107 214 96 49 41 207 82 46 187 134 215 145 183 44 193 55 173 188 143 221 236 62 58 112 126 119 163 39 192 52
37 2258 108 96 202 132 175 184 42 159 219 224 124 249 68 74 125 79 76 177 198 163 105 61 149 243 214 39 58 141 173 152 181 53 60 186 113 188 130 57 228 136 73 148 109 140 192 118 106 216 210 95 110 38 104 244 86 85 81 139 48 87 185 99 75 156 97
38 1381 75 83 207 50 232 182 66 46 93 67 81 201 210 106 109 55 188 249 82 126 173 105 212 237 77 61 242 202 122 224 129 165 211 57 44 58 94 175 221 102 136 197 205 179 54 244 138 168 120 199 39 59 161 198 60 125 87 90 164 163 132 231 56 89 47 140
39 1363 239 90 150 69 181 103 160 242 230 204 200 180 78 96 227 226 65 71 111 217 72 97 182 94 92 213 183 149 128 238 178 59 246 170 126 233 85 125 75 127 68 99 223 195 77 163 218 53 161 189 187 196 145 221 91 121 95 176 206 172 148 84
40 2107 43 142 104 164 124 98 46 62 184 112 212 109 157 94 149 63 206 126 237 64 183 53 65 132 159 118 47 95 87 161 150 242 137 250 61 174 194 163 154 220 120 60 129 230 200 221 135 97 211 86 224 240 216 171 217 116 58 74 232 77 75 228 140 247 219 138 155 170 233 48 51 57 102 121 191 122 105 192 173 196 103
41 1205 125 179 131 190 197 112 146 128 159 81 73 137 239 170 91 123 246 101 209 215 121 158 229 165 244 183 176 42 50 82 175 250 216 124 110 89 238 96 79 97 192 84 105 58 147 182 149 228 130 60 88 247 143 80 241 249 86 85 212 224 66 87 93 186 155 100 106 116 166 171 74
42 1264 236 241 194 181 132 180 72 239 152 88 48 213 63 97 210 225 198 127 112 80 79 53 106 215 90 212 66 205 204 163 43 209 108 207 222 107 224 192 87 148 199 217 77 64 60 146 177 218 44 188 155 61 161 133 71 166 197 171 158
43 2300 65 145 93 134 51 224 184 70 106 45 237 72 249 204 130 157 223 53 85 209 158 172 56 89 155 99 61 74 114 84 250 78 202 142 67 219 207 231 213 183 66 245 150 232 125 95 100 188 181 156 177 55 104 170 129 44 163 48 71 97 105 240 88 69 86 138 194 236 215 242 229 159 92 211 247 141 123 144 79
44 1836 125 52 127 51 165 215 238 247 218 130 228 50 113 217 96 157 129 237 216 60 230 234 107 84 83 81 78 175 154 116 248 223 143 211 227 75 199 111 224 164 80 172 139 171 178 123 57 126 114 119 167 91 53 108 233 110 59 176 250 68 122 74 105 65
45 2383 85 117 185 144 199 226 156 225 171 104 49 110 61 207 234 107 151 195 205 187 188 98 131 79 154 121 125 52 228 56 168 62 201 139 174 241 86 53 232 231 190 50 170 161 77 60 150 202 123 229 219 194 91 181 80 146 47 224 46
46 2355 178 101 187 202 238 221 152 80 168 249 94 51 196 137 180 79 114 186 128 60 55 129 172 76 116 174 203 57 107 197 157 100 64 198 208 84 81 141 182 164 52 75 155 173 222 169 61 73 89 223 92 77 177 193 212 86 117 59 244 195
47 1419 145 98 233 206 139 80 82 153 207 150 239 120 124 179 76 246 148 96 236 247 61 219 88 231 125 164 137 204 205 165 143 81 201 244 232 222 132 209 211 214 238 93 243 90 155 191 245 68 169 62 100 127 86 156 118 212 73 89 190 70 237 203 117 141 235 101 216 215 226 192
48 784 139 125 138 186 78 238 70 221 173 198 90 212 103 234 132 184 237 122 106 144 114 206 247 172 51 245 205 229 53 202 65 147 69 226 228 121 171 152 115 96 196 236 191 142 113 105 241 123 178
49 1863 57 175 168 110 183 207 122 53 161 182 163 201 213 215 244 212 164 228 77 193 78 181 90 59 173 226 156 95 197 113 203 103 79 157 117 50 67 142 106 238 105 51 75 137 140 165 62 218 211 141 149 101 224 208 239 97 185 222 210 180 102 205 216 124 114
50 1813 180 131 152 151 231 136 213 245 222 85 232 124 67 228 212 55 58 172 140 93 150 111 215 224 236 188 100 54 227 112 238 243 147 165 153 142 72 159 81 115 190 185 171 71 102 246 134 51 126 220 176 170 216 90 64 196 66 242 240 218 154
51 1732 101 72 183 119 224 128 217 57 69 144 218 102 233 127 179 172 52 195 203 97 100 220 151 147 215 145 197 54 122 66 53 192 125 113 60 164 249 67 236 231 96 171 152 64 237 71 120 187 160 250 223 190 156 196 85 136
52 1124 211 80 190 63 173 219 65 223 97 212 239 148 145 141 196 175 124 217 250 207 159 111 101 157 139 74 105 233 242 129 127 165 194 244 181 78 134 77 238 62 71 236 121 54 213 227 226 182 79 53 125 154 186 112 142 178 88 128 201 60 177 216
53 1585 149 229 184 163 79 133 185 225 176 96 75 68 152 200 67 245 217 191 59 219 179 157 165 61 58 242 226 246 211 130 169 113 102 63 150 195 83 76 214 247 159 240 160 241 126 140 118 54 236 216 202 210 98 80 166 151
54 2054 249 217 94 182 73 123 108 101 129 185 168 131 151 80 153 106 119 96 186 86 241 127 78 188 102 234 215 144 174 87 187 166 137 164 227 181 232 74 167 208 64 221 203 104 183 238 213 138 248 175 201 116 148 120 66 92
55 2294 188 199 92 204 184 134 219 123 206 149 151 230 240 102 245 88 212 201 232 62 113 166 182 136 143 64 116 183 70 203 106 104 150 86 233 162 128 222 161 126 225 164 142 170 159 79 242 147 247 231 194 122 235 195 190 189 61 76 238 197 96
56 1867 146 229 127 190 71 192 235 214 59 141 155 144 87 226 207 100 241 124 228 140 135 204 185 243 106 174 93 167 153 131 158 121 166 83 133 232 132 224 184 191 73 81 122 94 165 139 134 217 186 175 246 58 63 80 112 203 61 244 128 91 97
57 1281 145 215 188 80 139 72 143 250 217 182 71 198 180 216 209 184 200 167 207 220 227 70 199 113 129 136 170 124 183 101 63 64 131 76 135 119 93 153 221 142 144 164 74 163 68 162
58 2415 105 128 127 88 196 89 172 199 132 102 188 161 187 230 147 98 217 130 171 59 152 155 243 179 61 75 175 170 189 235 74 214 236 180 95 103 176 222 80 110 215 119 203 93 149 63
59 782 99 240 70 95 244 175 77 161 155 111 190 124 63 145 121 214 107 122 85 68 191 220 226 176 188 94 69 159 185 183 210 170 98 133 224 231 249 151 173 181 162 164 200 104 243 112
60 2079 123 90 72 92 189 86 95 100 235 190 238 85 225 152 209 223 172 62 213 204 104 167 154 114 66 178 221 196 207 94 175 80 118 163 147 181 194 130 74 151 201 236 136 227 185 208 210 148 97 139 156 134 68 216 171 203 98 113 131 215 77 157 250 142
61 2382 169 84 180 87 174 74 225 221 208 176 105 218 100 238 222 200 113 101 92 166 216 103 68 229 124 97 226 165 228 110 248 77 140 159 93 81 149 143 116 135 144 212 111 141 232 230
62 1428 181 221 128 134 125 189 138 168 72 194 66 137 205 144 80 104 65 233 199 159 177 207 241 67 230 183 175 228 201 91 132 118 115 68 206 90 135 103 150 224 83 119 237 239 184 157 191 200 225 74 86 185 198
63 2265 181 229 234 223 230 243 236 70 129 95 103 231 191 135 167 151 133 216 164 83 217 78 197 124 245 148 64 220 242 161 209 190 75 79 77 159 207 141 82 72 84 184 215 162 174 160 80 115 248 165 224 210
64 1654 239 133 191 149 172 147 144 122 242 176 105 68 199 214 92 128 74 165 195 84 183 103 126 240 131 132 250 228 97 221 224 69 100 233 217 111 95 125 211 66 173 230 209 182 206 78 143 220 190 237 115 137 169 197 72 236
65 568 99 101 182 167 225 179 234 244 80 140 122 175 201 162 185 210 186 71 164 111 104 177 233 127 196 141 218 106 250 242 157 136 202 86 197 184 67 226 76 221 83 238 107 171 95 116 153 139 246 235 147 227 91 72 145 138 213 205 249 172 77 247 163 144 222
66 2134 84 190 177 112 187 96 88 182 81 184 206 91 232 136 107 129 151 127 72 98 198 153 146 199 247 139 168 83 114 94 121 246 226 215 159 86 196 242 67 85 90 140 235 80 171 122 209 203 102 152 218 224 109 183
67 1673 90 221 120 73 133 107 213 186 126 182 236 109 95 198 77 158 222 205 142 169 212 164 72 197 175 246 163 178 219 137 167 243 136 143 179 203 204 155 181 153 121 135 108 160 184 74 191 139 86 81 176 151 75 225 170 180 172 146 91
68 1883 94 158 213 99 101 172 136 239 238 207 192 178 149 159 223 168 240 204 218 244 166 98 141 92 199 231 113 229 156 95 70 132 91 167 117 72 105 147 115 170 78 133 143 200 108 144 197 202 125 212 189 242 228 138 163 216 157 127 161 75 195 184
69 1014 221 124 123 72 195 77 114 147 103 100 160 205 213 149 79 235 231 121 71 88 229 208 203 126 214 248 193 133 209 187 128 240 219 156 153 238 189 125 170 135 226 183 178 228 215 196 136 101 174 232
70 535 185 81 231 238 160 222 174 236 118 129 178 157 82 156 121 235 109 98 131 230 221 158 142 114 135 75 80 93 165 103 112 175 233 84 133 147 225 181 192 143 193 183 94 206 148 153 119 154 240 169 83 242 248
71 1046 222 156 108 124 135 148 164 153 220 218 146 105 187 176 73 216 85 112 234 208 221 145 243 107 245 113 246 179 163 172 236 170 240 103 144 205 117 224 94 167 203 80
72 1719 172 76 83 96 135 214 215 95 174 141 126 130 134 153 170 220 230 224 139 235 225 245 125 119 203 78 145 86 137 131 158 144 114 116 159 93 73 205 120 142 190 136 155 250 166 240 74 105 154 181 219 118 193
73 1299 138 220 124 91 248 152 134 145 234 244 213 225 113 90 189 140 117 205 222 100 95 163 236 149 188 83 224 135 241 157 116 212 92 204 103 82 216 102 89 105 249 194 114 221 155 107 199 210 158 93 187 74 118 153 119 238
74 846 181 128 99 247 248 205 173 105 180 195 246 137 138 161 223 178 203 160 158 145 213 153 241 141 76 110 229 220 97 139 202 231 157 166 132 143 130 108 163 239 189 78 106 101 156 121 89 152 83 126 201 164 207 100 187 112 80
75 1054 137 226 203 174 170 177 220 160 221 215 129 196 139 101 88 217 191 110 233 108 195 219 141 102 239 185 241 133 104 173 76 211 83 146 213 244 218 250 247 86 245 192 193 200 236 164 243 111 90 115 106 77 78 122 79 183 210
76 738 209 207 236 120 232 86 193 168 82 200 235 115 152 127 119 161 177 99 132 181 231 93 183 175 202 246 141 138 180 91 85 185 114 144 182 137 80 248 169 155
77 2258 194 183 236 241 88 233 122 227 175 239 230 235 212 109 202 105 181 91 147 237 120 143 154 205 210 196 174 124 131 191 87 168 138 185 132 203 188 136 249 182 172 126 82 179 95 133 217 148
78 1531 115 154 83 140 85 126 125 204 145 106 158 179 121 197 243 88 151 199 201 160 207 128 198 137 217 118 216 167 94 187 113 133 190 193 196 250 189 177 176 212 203 247 230 157 110 205 95 100 234 227 98 119 136 107 222 147 192 169 101 202
79 1022 209 144 108 173 95 123 146 103 185 228 170 186 198 191 156 221 127 250 229 132 240 226 155 163 100 99 164 248 128 189 124 85 83 126 205 92 227 224 90 212 172 121 118 183 233 120 237
80 1177 162 122 233 207 153 185 112 182 115 87 89 147 200 229 250 165 203 245 184 130 85 92 215 206 187 90 210 107 181 103 190 114 125 86 98 244 110 131 159 201 173 243 124 101 222 142 231 202 248
81 843 136 145 122 169 175 152 117 104 119 91 121 123 236 246 222 86 129 204 224 185 115 151 234 240 192 108 231 177 207 166 188 227 148 98 173 248 125 93 250 135 213 114 249 163 127 215 195 212 158 233 243 228 149 111 182 157
82 1812 243 156 163 113 137 193 135 214 143 167 199 187 169 229 126 220 144 150 205 173 181 178 119 248 120 174 226 159 91 228 209 216 117 152 182 180 104 245 110 127 234
83 1801 108 169 148 167 212 101 232 96 219 221 191 238 200 140 216 211 103 164 241 171 249 149 236 91 123 102 147 206 136 235 115 188 220 239 193 213 224 95 143 170 187 166 185 162 92 129 87 130 125 146 163
84 1485 230 181 100 116 214 184 239 213 209 98 178 228 127 235 123 174 200 106 137 157 142 158 96 141 229 196 155 111 94 197 91 246 201 227 173 236 144 131 217 132 225 243 89 103 107 95 232 233 207 161 194 145 245 170 88 118 101 110 93
85 922 206 182 179 169 219 112 236 222 184 148 133 144 139 245 159 153 126 103 107 175 249 210 183 220 88 116 214 196 108 100 237 230 110 180 176 123 187 164 111 146 93 95 194
86 1152 140 245 172 235 187 166 218 116 232 156 240 214 98 127 87 93 112 154 193 100 115 96 199 123 121 167 146 249 204 99 230 175 143 197 101 139 124 129 157 170 97 177 176 195 200 102 138 153 148 180 144 130 228 122 95 133 203 194
87 852 247 248 241 250 130 233 103 134 208 131 224 160 96 249 239 194 119 235 145 246 189 198 135 170 182 163 171 167 112 155 175 227 226 203 137 211 197 229 97 216 162 158 118 186 114 91 234 142 187 165 161 140
88 1703 223 117 153 191 212 245 176 242 227 106 217 180 131 133 225 141 248 135 174 236 189 91 168 228 146 115 138 151 209 210 249 246 116 231 179 172 166 199 184 97 122 112 171 177 100 99 215 200 181 250 194 144
89 623 186 110 141 119 159 99 205 189 149 236 196 145 169 246 195 166 213 217 105 153 249 146 156 218 168 225 121 116 190 188 231 216 147 113 106 199 167 125 161 152 151 136 183 135 180 123 207 237 230 232 215 184 241 242 177 179 209 228
90 691 151 182 208 111 184 216 213 229 218 196 109 161 119 240 212 108 166 219 142 239 228 231 138 112 158 195 135 130 117 94 115 243 155 185 103 167 99 116 129 211 200 181 226 227 92 105 133
91 838 231 219 197 114 237 239 240 187 225 214 160 107 145 100 153 169 194 232 121 113 168 215 166 129 218 170 238 213 229 247 250 144 164 143 234 119 140 137 127 118 159 94 228 155 235 222 210 185 200 224 99 190
92 504 243 115 112 194 203 233 185 158 249 195 93 219 212 146 125 176 138 180 204 242 152 155 208 135 192 188 177 250 104 226 170 141 117 169 190 111 148 113 171 206 150 147 207 134 238 101 163 167
93 1620 104 151 139 172 232 220 184 183 205 97 180 219 199 246 162 175 198 169 208 163 222 240 221 204 245 137 150 193 190 160 211 217 144 131 127 212 155 138 107 128 229 223 153 214 216 100 145 174
94 602 154 215 97 203 103 193 201 164 243 244 224 137 109 217 108 156 223 159 166 102 186 135 123 229 126 101 206 95 158 202 140 125 169 106 168 124 234 196 148 147 149 197 121 117
95 1659 230 121 150 97 112 118 116 202 149 154 110 107 171 184 168 152 226 209 188 124 134 139 238 113 241 178 222 210 142 191 190 103 170 131 229 160 109 182 218 108 216 133 145 244 104 128 195 102 233 215
96 1245 185 124 240 244 179 209 221 121 111 144 245 237 149 161 215 186 217 239 176 206 234 173 167 100 229 225 143 181 133 199 99 120 204 152 223 212 127 230 114 175 191 106 238 192 224 169 103 187 132 218
97 1793 214 211 167 210 190 215 250 183 159 204 136 212 236 188 137 106 127 162 195 239 155 105 142 229 133 205 216 178 233 218 222 219 103 138 174 248 242 157 126 99 228 140 120 176 247 151 117 107 184
98 2389 190 216 196 250 99 109 214 126 165 200 171 172 224 212 123 159 192 226 116 146 228 120 132 231 197 128 119 213 136 248 111 244 220 184 245 195 222 180 194 112 193 113 122 219 143 102 169 131 246
99 2185 222 225 192 150 177 244 201 105 223 214 184 212 103 102 234 213 195 179 134 145 202 200 228 247 152 230 185 122 107 126 205 197 189 142 101 117 108 123 133 165 183 180 250 210 161 240
100 2307 165 235 185 186 137 109 209 102 228 193 130 201 156 113 161 239 246 231 146 112 131 240 173 207 197 226 208 171 182 160 180 119 179 143 123 221 159 175 238 167 216 219 114 184
101 2425 220 153 196 185 152 230 244 212 181 131 186 211 232 158 151 103 124 157 120 162 171 187 216 156 241 170 107 214 223 110 233 126 142 183 234 210 198 122 132 207 129 127 144 193 168 201 105 219 134 249 169 184 109
102 730 136 222 182 164 108 132 147 214 250 196 158 221 169 180 106 125 218 133 248 238 207 225 235 138 195 227 152 174 167 104 103 137 165 126 156 120 179 181 124 155 166 216 146
103 1525 173 114 156 179 247 142 216 169 110 206 124 158 111 131 150 168 151 181 109 146 201 178 126 238 212 214 240 154 205 159 160 119 184 161 230 174 147
104 780 208 182 132 240 201 197 135 228 152 187 250 247 185 232 137 200 181 139 198 134 153 119 220 124 239 113 184 189 223 227 105 111 204 114 194 165 133 116 224 238 226 236 117
105 633 226 200 118 212 148 156 137 145 151 233 157 144 119 161 121 238 235 172 221 186 135 109 120 249 136 143 131 230 207 111 220 116 123 210 178 205 228 195 183 114 222 250 130 231
106 1637 125 243 202 201 220 152 230 216 109 204 210 238 138 209 123 235 170 222 148 142 241 229 181 245 226 136 199 107 225 167 187 155 234 218 196 219 140 112 215 131 242 228 193
107 1019 194 199 239 162 237 206 179 222 240 154 122 231 151 148 114 128 195 163 137 146 113 117 115 181 182 144 230 120 221 147 164 132 191 226 140 211 119 121 166 170 229 152
108 2392 165 218 194 114 134 154 160 131 195 148 128 184 179 118 243 180 219 232 235 209 183 237 239 220 210 116 138 227 185 122 238 233 198 139 181 206 132 208 158 166 213 178 173 234 217 216 126 153 143
109 667 153 229 186 172 231 164 234 119 165 214 176 207 196 206 141 116 219 239 121 195 131 194 235 246 170 232 148 193 242 111 178 158 166 250 127 177 198 132 139 136 211 115
110 1098 208 209 153 119 178 171 136 146 117 198 207 176 225 116 213 235 219 230 133 149 217 163 248 111 147 189 245 150 191 173 200 203 182 120 220 166 244 132 148
111 1068 131 234 115 174 207 217 155 201 232 213 183 231 173 141 114 134 164 247 182 199 120 220 139 135 165 186 196 112 189 241 177 206
112 567 233 163 206 180 219 144 197 128 182 190 146 210 191 200 247 160 241 215 142 164 118 205 214 141 114 129 149 248 175 143 145 202 151 217 159 117 137 238 229 213 237 223 230 220
113 2410 195 121 142 224 153 160 244 225 231 186 135 163 223 183 221 232 141 177 206 230 122 148 193 115 123 144 114 174 159 145 130 124 194 227 212 233 151 168 236 146 222 139 127 147 245 216 180 131 179 173 125
114 1927 230 179 149 121 245 118 231 196 236 146 209 115 175 124 240 154 125 210 199 157 140 214 166 142 116 173 249 180 212 239 203 170 119 211 187 165 247 202 169 222 174 130 195 136 151 158 244 191 145
115 1553 185 149 122 217 136 117 125 143 194 207 227 182 247 148 225 120 248 244 218 176 236 175 180 222 219 209 187 199 229 163 215 250 177 156 118 167 169 172 235 128 144 245 141
116 831 130 159 185 124 162 151 189 129 145 161 248 225 193 158 183 246 118 167 168 243 247 142 139 186 188 238 143 242 210 235 163 128 200 231 141 239 178 169 227 190 176
117 578 216 149 137 134 227 131 186 221 174 142 225 143 235 234 205 193 229 243 244 206 245 172 138 163 161 183 199 191
118 1462 127 122 141 196 145 181 155 185 237 136 157 151 241 239 128 236 206 184 124 182 215 131 227 170 221 162 161 188 159 246 244 153 177 147 178 217 120 137 195 204 150 234
119 1591 225 247 232 180 151 166 170 149 205 153 182 220 191 133 173 160 206 157 223 147 143 129 126 210 209 167 213 204 236 244 177 190 238 150 145 136 128 137 239 174 187
120 701 213 248 159 210 225 124 132 170 122 237 133 235 165 200 208 207 192 174 163 197 201 209 249 217 123 160 152 222 127 150 219 195 178 172 244 223 143 181 239 151 194 141 199
121 1653 214 205 181 189 204 224 229 149 244 216 193 217 232 131 137 187 178 175 182 161 230 198 201 165 158 242 194 157 179 154 152 150 143 227 209 208
122 1929 216 135 224 185 143 183 140 234 247 199 141 244 149 125 242 152 153 228 190 194 172 193 173 236 205 233 202 133 124 131 249 207 138 214 177 245 159 137
123 2264 162 225 227 215 152 135 248 141 124 126 131 149 208 201 213 231 138 139 209 187 191 216 133 190 236 226 228 239 178 234 249 147 167 204 232
124 2330 132 204 185 144 236 141 136 170 142 151 232 233 163 213 192 177 143 128 195 166 125 160 153 218 172 217 134 202 207 239 126 191 199 181 168 214 167 247 176
125 1588 247 172 241 141 202 216 157 190 239 188 138 237 249 205 231 139 144 186 212 207 147 162 137 152 217 135 160 179 214 226 235 250 221 156 129 228 242 168 187 183 155 176
126 979 210 235 128 216 241 195 146 211 249 159 166 179 151 247 225 145 194 221 192 197 175 208 240 161 209 189 133 203 226 148 217 201 202 155
127 1074 188 129 190 245 169 131 192 187 172 214 199 211 157 183 248 240 218 135 170 141 236 162 146 182 228 242 219 147 210 150
128 880 185 177 158 132 215 156 160 237 143 148 214 151 193 159 141 192 187 140 221 175 152 189 181 207 213 182 171 195 217 139 227 198 234 164 216 142
129 867 250 134 231 245 160 146 239 166 189 136 199 206 205 133 207 221 180 142 158 175 248 185 139 218 217 224 188 179 203 194 222 193 177 148 228 161 202 204 244
130 2316 217 225 139 218 219 197 222 146 224 136 245 174 233 198 241 131 204 172 193 194 207 246 201 143 150 162 238 232 164 239 188 159 228 157 184 200
131 2244 149 187 138 177 243 162 220 224 189 196 156 169 143 215 197 212 188 172 250 160 146 230 246 190 234 194 174 180 186
132 2349 226 181 194 223 140 224 177 150 227 245 148 143 163 203 179 211 137 198 167 205 168 189 155 186 246 192 215 135 196 234 172 154 219
133 546 145 157 167 144 146 219 231 176 246 180 207 147 238 211 138 230 196 225 183 215 175 189 234 149 239 226 243 191 194 200 139 165 201 154 178
134 826 188 217 246 232 220 135 159 212 151 237 247 216 208 156 234 169 184 160 211 157 163 141 207 187 248 202 140 204 236 136 158 186 161 209 227 213 171 137 241 168 203 167 230
135 629 193 225 238 227 185 186 247 214 210 239 157 198 153 244 234 136 202 187 169 150 216 143 228 160 151 179 218 203 230 155 194 161 197 180 217 166 241 174 164 246 181 183 233 192
136 2237 157 172 234 238 206 163 210 184 207 187 229 174 180 224 196 139 212 227 222 209 154 151 181 145 137 211 190 156 176 213 220 189 199 155 194
137 1963 250 246 249 158 142 223 239 226 216 151 218 243 157 177 173 235 182 203 222 187 188 241 139 167 197 155 195 200 180 209 147 186 224 193 230 206
138 705 237 197 193 187 159 194 240 218 144 217 245 247 148 167 177 200 229 205 139 158 147 225 223 199 191 166 219 163 206 151 169 204 226 149 154 168 150 161 141 246 211
139 2128 244 198 141 202 142 234 151 187 146 171 174 220 188 237 232 225 228 155 189 140 205 249 148 160 235 206 196 183 159 210 229 242 224 222 245 194 192 218
140 1687 157 244 147 142 182 192 179 202 198 144 152 211 219 170 191 238 226 164 225 151 204 165 241 173 203 149 163 233 250
141 1303 226 249 244 235 158 181 189 148 217 171 168 170 240 174 222 156 195 187 150 232 245 161 145 177 185 205 210 190 216 163
142 2254 240 162 153 181 182 147 148 161 198 213 197 144 223 188 151 233 239 221 168 150 237 242 193 212 166 165 173 185 226
143 1754 176 226 184 217 154 198 146 193 174 233 246 178 147 177 181 195 197 188 223 225 179 245 185 148 187 212
144 770 186 242 191 190 208 244 187 198 170 212 248 145 250 154 228 204 158 180 188 194 240 173 202 195 224 148 175 183 238 209 192 236
145 1680 155 250 210 248 201 153 244 168 230 185 174 186 147 164 209 194 172 161 152 204 213 180 224 165 193 232 216 192
146 2364 214 199 174 155 205 206 247 148 194 175 177 149 224 242 181 240 165 184 190 159 167 180 151 171 233 248 231 227 234 235 226 164 188 182 150 152 230 201 197 243
147 1101 186 191 244 182 234 164 192 210 216 194 240 149 246 226 157 198 217 219 204 247 174 173 196 189 213
148 1758 156 176 215 192 219 247 216 249 201 225 161 206 246 238 245 197 200 185 213 158 159 220 231 152
149 1325 246 167 160 183 182 170 161 199 210 214 153 230 197 176 185 184 189 244 154 249 187 169 157 234 200 162 166 151 180 236 235 152 173 239 218 181 178 223 216
150 1750 210 241 175 223 202 170 200 244 217 163 236 157 231 167 212 194 235 156 247 209 250 186 191 201 218 207
151 1516 184 223 247 210 161 177 235 224 246 237 245 160 216 202 212 155 196 186 154 164 190 168 188 218 208 189 227 236 232 211 157 220 240 174 244 231
152 2036 216 218 177 214 248 236 159 164 229 163 154 204 226 158 188 228 238 211 222 156 205 197 196 169 198 172 189
153 735 236 180 169 205 165 160 243 173 192 226 161 201 248 210 238 197 233 168 239 183 162 187
154 1279 249 220 246 198 185 223 172 228 166 169 219 197 237 232 210 239 163 171 235 234 236 162 176 212 215 188 214 202 243 201
155 1865 211 236 189 230 172 222 249 204 250 228 240 239 196 201 158 246 224 181 182 175 218 176 165 242 183 161 245 199 178 179 184 221
156 1381 237 159 168 170 222 199 232 208 231 161 223 239 196 207 248 205 240 238 214 197 179 216 242 182 185 234 213 184 167 250 183 191 189 220 192 224
157 1758 247 227 185 179 159 166 248 182 170 172 168 158 198 212 233 186 214 235 162 193 181 226 217 164 211 249 246 208 228 218 204 220
158 1997 173 204 219 222 215 186 216 205 192 182 236 164 165 181 233 174 220 209 213 194 248 224 217 201 211 172 229 242
159 1761 200 176 231 216 189 203 245 213 198 209 240 161 188 236 175 241 178 166 196 247 165 185 210
160 1683 163 247 219 249 218 224 241 188 231 228 213 236 173 176 229 240 166 237 197 175 186 212 245 201 182 222 178 198 180 165 226
161 1812 170 236 235 250 248 196 181 218 244 192 202 172 212 207 240 239 245 232 231 179 206 183 222
162 1062 181 217 165 236 168 241 214 250 170 213 239 198 228 237 232 190 234 188 218 173 166 197 246 233
163 1531 170 194 217 220 219 238 241 193 233 199 186 205 182 171 164 175 198 235 227 237 213 168 225 183 240 176
164 1415 249 240 250 210 230 209 173 211 197 214 190 237 166 179 194 242 246 207 217 226 204 229 198 192 169 191 232 221 222 178
165 1388 170 215 196 185 182 242 181 178 195 229 219 237 236 224 187 239 207 168 226 169
166 1217 168 212 176 206 240 170 216 191 217 195 220 184 236 235 249 232 234 227 193 178 201
167 1152 178 181 229 175 205 221 242 170 204 203 179 222 182 206 236 223 218 177 213 180 195 186 240 172 212
168 2408 207 241 202 226 169 232 245 228 230 194 175 217 190 223 243 198 188 224 182 214 210 177 196
169 979 227 230 197 224 242 221 239 217 198 187 195 232 248 222 182 243 223 170 228 185 201 211 188 205 184 199 175 237 231
170 2337 220 249 174 213 207 182 245 199 179 175 191 205 209 183 178 224 195 236 227 171
171 1594 178 184 240 195 221 207 186 239 179 211 245 175 230 210 187 202 196 197 180 189
172 1783 198 225 219 179 212 215 228 247 209 222 200 187 193 214 248 196 241 197 181 229 204
173 2090 214 207 210 215 202 240 189 225 229 180 190 241 230 223 221 181 185 204 195 198 217
174 2405 233 220 219 240 236 244 199 184 210 226 239 248 185 175 232 187 237 189 211
175 2053 180 214 230 217 204 212 200 193 221 231 227 202 219 210 189 185 243 191 213 199
176 826 236 249 200 244 211 206 217 250 218 195 187 202 231 235 192 245 178 223 177 247 201 190
177 1826 250 179 213 180 230 186 187 182 191 207 241 243 189 232 225 181 234 190 209 199 206 219 216
178 2211 212 240 192 245 221 206 246 233 200 232 215 230 250 219 231 236 222 188 218 199 235 208 227 237 220
179 1641 210 245 242 213 184 222 237 229 211 202 230 233 198 193 247 208 205 220 189
180 650 232 201 208 225 195 205 242 243 183 184 236 235 198 207 231 181 191 216 220 185 215 240 190 189
181 1460 198 226 185 229 242 220 223 228 218 192 189 205 216 221 196 187 201 197 213 188 195 236 199 203 225
182 657 190 227 196 246 245 234 204 221 185 206 203 183 228 244 189 187 211
183 2186 204 232 202 205 248 210 239 222 221 215 224 214 241 192 201 198 187 189
184 1253 226 219 203 210 195 209 235 201 198 212 221 204
185 993 213 231 247 214 236 239 208 194 199 220 224 221 218 209 196 191 241 216 230
186 1108 218 193 212 244 236 214 233 196 201 232 208 250 210 187 230 188 220 228 246 247 206 191
187 2134 249 203 246 215 234 204 191 220 243 248 229 193 244
188 1809 217 220 204 231 232 214 213 233 237 227 210 219 234 215 248 228 194 222 209 226
189 604 250 222 248 229 232 204 217 244 203 236 200 198 238
190 951 214 200 205 193 248 194 210 204 192 243 244 215 201 233 237 227
191 991 216 247 217 228 231 214 199 248 245 239 243 235 192 242 210
192 1473 238 233 246 221 200 203 227 193 206 220 243 224 229 198 212 234
193 1513 212 206 228 222 247 234 244 202 224 235 229
194 1579 237 228 224 232 218 245 222 198 202 209 238 208 203 226 197 212 205 210 229
195 1946 202 200 237 239 217 206 226 242 241 230 209 240 236 198 229
196 2401 199 231 234 235 204 198 236 225 219 200 207 230 240 203 210
197 1854 235 246 210 229 231 237 202 207 250 208 244 228 204 200 234 221 213
198 2155 249 202 233 231 213 227 205 221 208 242 200 245 232 238
199 2308 239 236 217 212 202 211 242 234 214 237 228 247 213 207 218 246 241 206 230
200 2333 229 234 206 218 204 239 250 220 211 213
201 1991 227 224 218 205 202 234 217 229 228 235 241 223 247 211 219 245 222 207 213 212
202 958 236 224 245 247 218 217 216 232 226 223 205 206
203 1172 235 219 239 215 204 214 249 228 234
204 1138 235 233 224 206 220 219 221 215 230
205 2421 213 215 222 239 206 249 217 250 223 212 244
206 724 211 233 213 228 210 214 240 227 223
207 1021 231 213 249 242 214 244 245 217 218 226 225 246 235 209 215 250 216
208 1746 235 217 239 220 250 228 211 214 226
209 1993 237 234 225 224 223 233 231 214 221 215 243 246 244
210 2163 220 232 229 248 245 249 219 218 214 211 212 243
211 1453 240 223 238 220 235 245 225 242 224 231 226
212 509 217 229 250 241 235 232 220 247 244
213 1877 218 222 244 219 223 233 236 215 245
214 696 225 232 226 220 244 230 239 241 229 222 249
215 1262 237 238 225 218 239 243 220 228 223 221 240 249 236 231
216 2370 230 222 250 234 224 219 243 246 218
217 1304 225 232 226 228 242 250
218 895 227 236 222 232 249 233 250 242 223 225 247 248 241
219 1235 235 248 223 226 227 244 242 225 236 230 239 224 240
220 965 221 237 224 222 236 249 241 231 250
221 1347 230 242 250 223 224
222 1283 240 241 233 246 239 237 234 238 245 232
223 1495 230 243 250 231 224 240 237 235
224 1917 232 238 239 245 229 230 233 243
225 2363 245 229 249 250 247
226 940 232 227 237 228 244 248 234 240 239 243
227 1818 238 230 232 250
228 1273 235 232 248 247 249
229 594 233 230 236 239
230 1182 234 250 235 238 239 245 236 240
231 1105 245 249 240 233 247 239 232
232 1643 243 239 246 237 236
233 1198 244
234 1778 243 238 248 240 241
235 2281 246 237 239 242 247
236 675 248 237 238 241 243
237 1559 245 241 244 249 250 243
238 2359 246 247 243
239 1478 244 243
240 608 242 243 248 249
241 2021 244 243
242 2431 243
243 618 244 248 246 245 247
244 954 246 248
245 2184
246 937
247 2382
248 987
249 890
250 1116
