120 150
1 97 2 3 4 5 6 7 8 9 10 11 12 13 14 15 16 17 18 19 20 21 22 23 24 25 26 27 28 29 30 31 32 33 66 34 35 36 37 38 39 40 41 42 43 44 45 46 47 48 49 50 51 52 53 54 55 56 57 58 59 60 61 62 63 64 65 67 68 69 70 71 72 73 74 75 76 77 78 79 80 81 82 83 84 85 86 87 88 89 90 91 92 93 94 95 96 97 98 99 100 101 102 103 104 105 106 107 108 109 110 111 112 113 114 115 116 117 118 119 120
2 57 3 4 5 6 7 8 9 10 12 13 14 15 16 17 18 19 20 21 22 23 24 25 26 27 28 29 30 31 32 33 66 34 35 36 37 38 39 40 42 43 44 45 46 47 48 49 50 51 52 53 54 55 56 58 59 60 61 62 63 64 65 67 68 69 70 71 72 74 75 76 77 78 79 80 81 82 83 85 86 87 88 89 90 91 92 93 94 95 97 98 99 100 101 102 103 104 105 106 107 108 109 110 111 112 114 115 116 117 118 120
3 81 4 5 6 7 8 9 10 11 12 13 14 15 16 17 18 19 20 21 22 23 24 25 26 27 28 29 30 31 32 33 66 34 35 36 37 38 39 40 41 42 43 44 45 46 47 48 49 50 51 52 53 54 55 56 57 58 59 60 61 62 63 64 65 67 68 69 70 71 72 73 74 75 76 77 78 79 80 81 82 83 84 85 86 87 88 89 90 91 92 93 94 95 96 97 98 99 100 101 102 103 104 105 106 107 108 109 110 111 112 113 114 115 116 117 118 119 120
4 62 5 6 7 8 9 10 12 13 14 15 16 17 18 19 20 21 22 23 24 25 26 27 28 29 30 31 32 33 66 34 35 36 37 38 39 40 42 43 44 45 46 47 48 49 50 51 52 53 54 55 56 58 59 60 61 62 63 64 65 67 68 69 70 71 72 74 75 76 77 78 79 80 81 82 83 85 86 87 88 90 91 92 93 94 95 97 98 99 100 101 102 103 104 105 106 107 108 109 110 111 112 114 115 116 117 118 120
5 75 6 7 8 9 10 12 14 17 18 19 20 21 22 23 24 25 26 28 29 30 31 32 33 66 34 35 36 37 38 39 40 42 43 44 45 46 47 48 49 50 51 54 55 56 58 59 60 61 62 64 65 67 68 69 70 71 72 75 76 77 78 79 80 81 82 83 85 86 87 88 90 91 92 93 94 95 97 100 102 103 105 106 107 108 109 110 112 114 115 116 117 118 120
6 81 7 8 9 10 11 12 13 14 15 16 17 18 19 20 21 22 23 24 25 26 27 28 29 30 31 32 33 66 34 35 36 37 38 39 40 41 42 43 44 45 46 47 48 49 50 51 52 53 54 55 56 57 58 59 60 61 62 63 64 65 67 68 69 70 71 72 73 74 75 76 77 78 79 80 81 82 83 84 85 86 87 88 89 90 91 92 93 94 95 96 97 98 99 100 101 102 103 104 105 106 107 108 109 110 111 112 113 114 115 116 117 118 119 120
7 23 8 9 10 12 13 14 15 16 17 18 19 20 21 22 23 24 25 26 27 28 29 30 31 32 33 66 34 35 36 37 38 39 40 42 43 44 45 46 47 48 49 50 51 52 53 54 55 56 58 59 60 61 62 63 64 65 67 68 69 70 71 72 74 75 76 77 78 79 80 81 82 83 85 86 87 88 90 91 92 93 94 95 97 98 99 100 101 102 103 104 105 106 107 108 109 110 111 112 114 115 116 117 118 120
8 43 9 10 11 12 13 14 15 16 17 18 19 20 21 22 23 24 25 26 27 28 29 30 31 32 33 66 34 35 36 37 38 39 40 41 42 43 44 45 46 47 48 49 50 51 52 53 54 55 56 57 58 59 60 61 62 63 64 65 67 68 69 70 71 72 73 74 75 76 77 78 79 80 81 82 83 84 85 86 87 88 89 90 91 92 93 94 95 96 97 98 99 100 101 102 103 104 105 106 107 108 109 110 111 112 113 114 115 116 117 118 119 120
9 50 10 11 12 13 14 15 16 17 18 19 20 21 22 23 24 25 26 27 28 29 30 31 32 33 66 34 35 36 37 38 39 40 41 42 43 44 45 46 47 48 49 50 51 52 53 54 55 56 57 58 59 60 61 62 63 64 65 67 68 69 70 71 72 73 74 75 76 77 78 79 80 81 82 83 84 85 86 87 88 89 90 91 92 93 94 95 96 97 98 99 100 101 102 103 104 105 106 107 108 109 110 111 112 113 114 115 116 117 118 119 120
10 38 12 14 17 18 19 20 21 22 23 24 25 26 28 29 30 31 32 33 66 34 35 36 37 38 39 40 42 43 44 45 46 47 48 49 50 51 54 55 56 58 59 60 61 62 64 65 67 68 69 70 71 72 75 76 77 78 79 80 81 82 83 85 86 87 88 90 91 92 93 94 95 97 99 100 102 103 105 106 107 108 109 110 111 112 114 115 116 117 118 120
11 60 14 20 22 23 28 29 30 31 32 66 34 35 36 37 39 40 42 43 44 45 46 47 48 49 50 54 55 56 59 61 65 67 69 70 71 72 76 77 78 79 81 82 83 86 87 92 97 102 103 105 106 107 112 116
12 58 14 17 18 19 20 21 22 23 24 25 26 28 29 30 31 32 33 66 34 35 36 37 38 39 40 42 43 44 45 46 47 48 49 50 51 54 55 56 58 59 60 61 62 64 65 67 68 69 70 71 72 75 76 77 78 79 80 81 82 83 85 86 87 88 90 91 92 93 94 95 97 100 102 103 105 106 107 108 109 110 112 114 115 116 117 118 120
13 70 14 17 20 22 23 24 28 29 30 31 32 66 34 35 36 37 39 40 42 43 44 45 46 47 48 49 50 51 54 55 56 59 61 62 64 65 67 69 70 71 72 75 76 77 78 79 80 81 82 83 86 87 88 90 92 93 94 95 97 100 102 103 105 106 107 108 110 112 114 116
14 88 15 16 17 18 19 20 21 22 23 24 25 26 27 28 29 30 31 32 33 66 34 35 36 37 38 39 40 41 42 43 44 45 46 47 48 49 50 51 52 53 54 55 56 57 58 59 60 61 62 63 64 65 67 68 69 70 71 72 73 74 75 76 77 78 79 80 81 82 83 84 85 86 87 88 89 90 91 92 93 94 95 96 97 98 99 100 101 102 103 104 105 106 107 108 109 110 111 112 113 114 115 116 117 118 119 120
15 36 17 20 22 23 24 28 29 30 31 32 66 34 35 36 37 39 40 42 43 44 45 46 47 48 49 50 51 54 55 56 59 61 62 64 65 67 69 70 71 72 75 76 77 78 79 80 81 82 83 86 87 88 90 92 93 94 95 97 100 102 103 105 106 107 108 110 112 114 116
16 90 17 18 19 20 22 23 24 25 28 29 30 31 32 66 34 35 36 37 39 40 42 43 44 45 46 47 48 49 50 51 54 55 56 59 60 61 62 64 65 67 68 69 70 71 72 75 76 77 78 79 80 81 82 83 86 87 88 90 92 93 94 95 97 100 102 103 105 106 107 108 110 112 114 115 116
17 37 18 19 20 21 22 23 24 25 26 27 28 29 30 31 32 33 66 34 35 36 37 38 39 40 42 43 44 45 46 47 48 49 50 51 52 53 54 55 56 57 58 59 60 61 62 63 64 65 67 68 69 70 71 72 73 74 75 76 77 78 79 80 81 82 83 85 86 87 88 89 90 91 92 93 94 95 96 97 98 99 100 101 102 103 104 105 106 107 108 109 110 111 112 113 114 115 116 117 118 119 120
18 45 19 20 21 22 23 24 25 26 28 29 30 31 32 33 66 34 35 36 37 38 39 40 42 43 44 45 46 47 48 49 50 51 53 54 55 56 58 59 60 61 62 64 65 67 68 69 70 71 72 75 76 77 78 79 80 81 82 83 85 86 87 88 90 91 92 93 94 95 97 99 100 102 103 105 106 107 108 109 110 111 112 114 115 116 117 118 120
19 45 20 21 22 23 24 25 26 28 29 30 31 32 33 66 34 35 36 37 38 39 40 42 43 44 45 46 47 48 49 50 51 54 55 56 58 59 60 61 62 64 65 67 68 69 70 71 72 75 76 77 78 79 80 81 82 83 85 86 87 88 90 91 92 93 94 95 97 99 100 102 103 105 106 107 108 109 110 111 112 114 115 116 117 118 120
20 39 21 22 23 24 25 26 27 28 29 30 31 32 33 66 34 35 36 37 38 39 40 41 42 43 44 45 46 47 48 49 50 51 52 53 54 55 56 57 58 59 60 61 62 63 64 65 67 68 69 70 71 72 73 74 75 76 77 78 79 80 81 82 83 84 85 86 87 88 89 90 91 92 93 94 95 96 97 98 99 100 101 102 103 104 105 106 107 108 109 110 111 112 113 114 115 116 117 118 119 120
21 44 22 23 24 25 26 28 29 30 31 32 33 66 34 35 36 37 38 39 40 42 43 44 45 46 47 48 49 50 51 54 55 56 58 59 60 61 62 64 65 67 68 69 70 71 72 75 76 77 78 79 80 81 82 83 85 86 87 88 90 91 92 93 94 95 97 100 102 103 105 106 107 108 109 110 112 114 115 116 117 118 120
22 53 23 24 25 26 27 28 29 30 31 32 33 66 34 35 36 37 38 39 40 41 42 43 44 45 46 47 48 49 50 51 52 53 54 55 56 57 58 59 60 61 62 63 64 65 67 68 69 70 71 72 73 74 75 76 77 78 79 80 81 82 83 84 85 86 87 88 89 90 91 92 93 94 95 96 97 98 99 100 101 102 103 104 105 106 107 108 109 110 111 112 113 114 115 116 117 118 119 120
23 70 24 25 26 27 28 29 30 31 32 33 66 34 35 36 37 38 39 40 41 42 43 44 45 46 47 48 49 50 51 52 53 54 55 56 57 58 59 60 61 62 63 64 65 67 68 69 70 71 72 73 74 75 76 77 78 79 80 81 82 83 84 85 86 87 88 89 90 91 92 93 94 95 96 97 98 99 100 101 102 103 104 105 106 107 108 109 110 111 112 113 114 115 116 117 118 119 120
24 24 25 26 27 28 29 30 31 32 33 66 34 35 36 37 38 39 40 42 43 44 45 46 47 48 49 50 51 52 53 54 55 56 57 58 59 60 61 62 63 64 65 67 68 69 70 71 72 73 74 75 76 77 78 79 80 81 82 83 85 86 87 88 89 90 91 92 93 94 95 96 97 98 99 100 101 102 103 104 105 106 107 108 109 110 111 112 113 114 115 116 117 118 119 120
25 82 26 28 29 30 31 32 33 66 34 35 36 37 38 39 40 42 43 44 45 46 47 48 49 50 51 53 54 55 56 58 59 60 61 62 64 65 67 68 69 70 71 72 75 76 77 78 79 80 81 82 83 85 86 87 88 90 91 92 93 94 95 97 99 100 102 103 105 106 107 108 109 110 111 112 114 115 116 117 118 120
26 81 28 29 30 31 32 33 66 34 35 36 37 38 39 40 42 43 44 45 46 47 48 49 50 51 54 55 56 58 59 60 61 62 64 65 67 68 69 70 71 72 75 76 77 78 79 80 81 82 83 85 86 87 88 90 91 92 93 94 95 97 100 102 103 105 106 107 108 110 112 114 115 116 118
27 47 28 29 30 31 32 66 34 35 36 37 39 40 42 43 44 45 46 47 48 49 50 51 54 55 56 59 61 62 64 65 67 69 70 71 72 75 76 77 78 79 80 81 82 83 86 87 88 90 92 93 94 95 97 100 102 103 105 106 107 108 110 112 114 115 116
28 97 29 30 31 32 33 66 34 35 36 37 38 39 40 41 42 43 44 45 46 47 48 49 50 51 52 53 54 55 56 57 58 59 60 61 62 63 64 65 67 68 69 70 71 72 73 74 75 76 77 78 79 80 81 82 83 84 85 86 87 88 89 90 91 92 93 94 95 96 97 98 99 100 101 102 103 104 105 106 107 108 109 110 111 112 113 114 115 116 117 118 119 120
29 35 30 31 32 33 66 34 35 36 37 38 39 40 41 42 43 44 45 46 47 48 49 50 51 52 53 54 55 56 57 58 59 60 61 62 63 64 65 67 68 69 70 71 72 73 74 75 76 77 78 79 80 81 82 83 84 85 86 87 88 89 90 91 92 93 94 95 96 97 98 99 100 101 102 103 104 105 106 107 108 109 110 111 112 113 114 115 116 117 118 119 120
30 65 31 32 33 66 34 35 36 37 38 39 40 42 43 44 45 46 47 48 49 50 51 52 53 54 55 56 57 58 59 60 61 62 63 64 65 67 68 69 70 71 72 73 74 75 76 77 78 79 80 81 82 83 85 86 87 88 89 90 91 92 93 94 95 96 97 98 99 100 101 102 103 104 105 106 107 108 109 110 111 112 113 114 115 116 117 118 119 120
31 74 32 33 66 34 35 36 37 38 39 40 41 42 43 44 45 46 47 48 49 50 51 52 53 54 55 56 57 58 59 60 61 62 63 64 65 67 68 69 70 71 72 73 74 75 76 77 78 79 80 81 82 83 84 85 86 87 88 89 90 91 92 93 94 95 96 97 98 99 100 101 102 103 104 105 106 107 108 109 110 111 112 113 114 115 116 117 118 119 120
32 68 33 66 34 35 36 37 38 39 40 41 42 43 44 45 46 47 48 49 50 51 52 53 54 55 56 57 58 59 60 61 62 63 64 65 67 68 69 70 71 72 73 74 75 76 77 78 79 80 81 82 83 84 85 86 87 88 89 90 91 92 93 94 95 96 97 98 99 100 101 102 103 104 105 106 107 108 109 110 111 112 113 114 115 116 117 118 119 120
33 49 66 34 35 36 37 38 39 40 42 43 44 45 46 47 48 49 50 51 54 55 56 58 59 60 61 62 64 65 67 68 69 70 71 72 75 76 77 78 79 80 81 82 83 85 86 87 88 90 91 92 93 94 95 97 100 102 103 105 106 107 108 109 110 112 114 115 116 117 118 120
34 55 66 35 36 37 38 39 40 41 42 43 44 45 46 47 48 49 50 51 52 53 54 55 56 57 58 59 60 61 62 63 64 65 67 68 69 70 71 72 73 74 75 76 77 78 79 80 81 82 83 84 85 86 87 88 89 90 91 92 93 94 95 96 97 98 99 100 101 102 103 104 105 106 107 108 109 110 111 112 113 114 115 116 117 118 119 120
35 52 66 36 37 38 39 40 41 42 43 44 45 46 47 48 49 50 51 52 53 54 55 56 57 58 59 60 61 62 63 64 65 67 68 69 70 71 72 73 74 75 76 77 78 79 80 81 82 83 84 85 86 87 88 89 90 91 92 93 94 95 96 97 98 99 100 101 102 103 104 105 106 107 108 109 110 111 112 113 114 115 116 117 118 119 120
36 94 66 37 38 39 40 41 42 43 44 45 46 47 48 49 50 51 52 53 54 55 56 57 58 59 60 61 62 63 64 65 67 68 69 70 71 72 73 74 75 76 77 78 79 80 81 82 83 84 85 86 87 88 89 90 91 92 93 94 95 96 97 98 99 100 101 102 103 104 105 106 107 108 109 110 111 112 113 114 115 116 117 118 119 120
37 95 66 38 39 40 41 42 43 44 45 46 47 48 49 50 51 52 53 54 55 56 57 58 59 60 61 62 63 64 65 67 68 69 70 71 72 73 74 75 76 77 78 79 80 81 82 83 84 85 86 87 88 89 90 91 92 93 94 95 96 97 98 99 100 101 102 103 104 105 106 107 108 109 110 111 112 113 114 115 116 117 118 119 120
38 29 66 39 40 42 43 44 45 46 47 48 49 50 51 54 55 56 58 59 60 61 62 64 65 67 68 69 70 71 72 75 76 77 78 79 80 81 82 83 85 86 87 88 90 91 92 93 94 95 97 100 102 103 105 106 107 108 109 110 112 114 115 116 117 118 120
39 99 66 40 41 42 43 44 45 46 47 48 49 50 51 52 53 54 55 56 57 58 59 60 61 62 63 64 65 67 68 69 70 71 72 73 74 75 76 77 78 79 80 81 82 83 84 85 86 87 88 89 90 91 92 93 94 95 96 97 98 99 100 101 102 103 104 105 106 107 108 109 110 111 112 113 114 115 116 117 118 119 120
40 20 66 41 42 43 44 45 46 47 48 49 50 51 52 53 54 55 56 57 58 59 60 61 62 63 64 65 67 68 69 70 71 72 73 74 75 76 77 78 79 80 81 82 83 84 85 86 87 88 89 90 91 92 93 94 95 96 97 98 99 100 101 102 103 104 105 106 107 108 109 110 111 112 113 114 115 116 117 118 119 120
41 22 66 42 43 44 45 46 47 48 49 50 54 55 56 59 65 67 69 70 71 72 76 77 78 79 81 82 83 86 87 92 97 102 103 105 106 107 112 116
42 25 66 43 44 45 46 47 48 49 50 51 52 53 54 55 56 57 58 59 60 61 62 63 64 65 67 68 69 70 71 72 73 74 75 76 77 78 79 80 81 82 83 84 85 86 87 88 89 90 91 92 93 94 95 96 97 98 99 100 101 102 103 104 105 106 107 108 109 110 111 112 113 114 115 116 117 118 119 120
43 49 66 44 45 46 47 48 49 50 51 52 53 54 55 56 57 58 59 60 61 62 63 64 65 67 68 69 70 71 72 73 74 75 76 77 78 79 80 81 82 83 84 85 86 87 88 89 90 91 92 93 94 95 96 97 98 99 100 101 102 103 104 105 106 107 108 109 110 111 112 113 114 115 116 117 118 119 120
44 46 66 45 46 47 48 49 50 51 52 53 54 55 56 57 58 59 60 61 62 63 64 65 67 68 69 70 71 72 73 74 75 76 77 78 79 80 81 82 83 84 85 86 87 88 89 90 91 92 93 94 95 96 97 98 99 100 101 102 103 104 105 106 107 108 109 110 111 112 113 114 115 116 117 118 119 120
45 98 66 46 47 48 49 50 51 52 53 54 55 56 57 58 59 60 61 62 63 64 65 67 68 69 70 71 72 73 74 75 76 77 78 79 80 81 82 83 84 85 86 87 88 89 90 91 92 93 94 95 96 97 98 99 100 101 102 103 104 105 106 107 108 109 110 111 112 113 114 115 116 117 118 119 120
46 59 66 47 48 49 50 51 52 53 54 55 56 57 58 59 60 61 62 63 64 65 67 68 69 70 71 72 73 74 75 76 77 78 79 80 81 82 83 84 85 86 87 88 89 90 91 92 93 94 95 96 97 98 99 100 101 102 103 104 105 106 107 108 109 110 111 112 113 114 115 116 117 118 119 120
47 98 66 48 49 50 51 52 53 54 55 56 57 58 59 60 61 62 63 64 65 67 68 69 70 71 72 73 74 75 76 77 78 79 80 81 82 83 84 85 86 87 88 89 90 91 92 93 94 95 96 97 98 99 100 101 102 103 104 105 106 107 108 109 110 111 112 113 114 115 116 117 118 119 120
48 60 66 49 50 51 52 53 54 55 56 57 58 59 60 61 62 63 64 65 67 68 69 70 71 72 73 74 75 76 77 78 79 80 81 82 83 84 85 86 87 88 89 90 91 92 93 94 95 96 97 98 99 100 101 102 103 104 105 106 107 108 109 110 111 112 113 114 115 116 117 118 119 120
49 23 66 50 51 52 53 54 55 56 57 58 59 60 61 62 63 64 65 67 68 69 70 71 72 73 74 75 76 77 78 79 80 81 82 83 84 85 86 87 88 89 90 91 92 93 94 95 96 97 98 99 100 101 102 103 104 105 106 107 108 109 110 111 112 113 114 115 116 117 118 119 120
50 72 66 51 52 53 54 55 56 57 58 59 60 61 62 63 64 65 67 68 69 70 71 72 73 74 75 76 77 78 79 80 81 82 83 84 85 86 87 88 89 90 91 92 93 94 95 96 97 98 99 100 101 102 103 104 105 106 107 108 109 110 111 112 113 114 115 116 117 118 119 120
51 33 66 52 53 54 55 56 58 59 60 61 62 63 64 65 67 68 69 70 71 72 74 75 76 77 78 79 80 81 82 83 85 86 87 88 89 90 91 92 93 94 95 97 98 99 100 101 102 103 104 105 106 107 108 109 110 111 112 114 115 116 117 118 120
52 98 66 54 55 56 59 61 62 64 65 67 69 70 71 72 75 76 77 78 79 80 81 82 83 86 87 88 90 92 93 94 95 97 100 102 103 105 106 107 108 110 112 114 116
53 80 66 54 55 56 59 61 62 64 65 67 68 69 70 71 72 75 76 77 78 79 80 81 82 83 86 87 88 90 92 93 94 95 97 100 102 103 105 106 107 108 110 112 114 115 116
54 95 66 55 56 57 58 59 60 61 62 63 64 65 67 68 69 70 71 72 73 74 75 76 77 78 79 80 81 82 83 84 85 86 87 88 89 90 91 92 93 94 95 96 97 98 99 100 101 102 103 104 105 106 107 108 109 110 111 112 113 114 115 116 117 118 119 120
55 78 66 56 57 58 59 60 61 62 63 64 65 67 68 69 70 71 72 73 74 75 76 77 78 79 80 81 82 83 84 85 86 87 88 89 90 91 92 93 94 95 96 97 98 99 100 101 102 103 104 105 106 107 108 109 110 111 112 113 114 115 116 117 118 119 120
56 57 66 57 58 59 60 61 62 63 64 65 67 68 69 70 71 72 73 74 75 76 77 78 79 80 81 82 83 84 85 86 87 88 89 90 91 92 93 94 95 96 97 98 99 100 101 102 103 104 105 106 107 108 109 110 111 112 113 114 115 116 117 118 119 120
57 67 66 59 61 62 65 67 69 70 71 72 76 77 78 79 80 81 82 83 86 87 92 94 97 100 102 103 105 106 107 108 112 116
58 53 66 59 60 61 62 64 65 67 68 69 70 71 72 75 76 77 78 79 80 81 82 83 85 86 87 88 90 91 92 93 94 95 97 100 102 103 105 106 107 108 109 110 111 112 114 115 116 117 118 120
59 47 66 60 61 62 63 64 65 67 68 69 70 71 72 73 74 75 76 77 78 79 80 81 82 83 84 85 86 87 88 89 90 91 92 93 94 95 96 97 98 99 100 101 102 103 104 105 106 107 108 109 110 111 112 113 114 115 116 117 118 119 120
60 53 66 61 62 64 65 67 68 69 70 71 72 75 76 77 78 79 80 81 82 83 85 86 87 88 90 91 92 93 94 95 97 99 100 102 103 105 106 107 108 109 110 111 112 114 115 116 117 118 120
61 36 66 62 63 64 65 67 68 69 70 71 72 73 74 75 76 77 78 79 80 81 82 83 85 86 87 88 89 90 91 92 93 94 95 96 97 98 99 100 101 102 103 104 105 106 107 108 109 110 111 112 113 114 115 116 117 118 119 120
62 38 66 63 64 65 67 68 69 70 71 72 73 74 75 76 77 78 79 80 81 82 83 85 86 87 88 89 90 91 92 93 94 95 96 97 98 99 100 101 102 103 104 105 106 107 108 109 110 111 112 114 115 116 117 118 119 120
63 92 66 64 65 67 69 70 71 72 75 76 77 78 79 80 81 82 83 86 87 88 92 93 94 95 97 100 102 103 105 106 107 108 110 112 114 116
64 30 66 65 67 68 69 70 71 72 74 75 76 77 78 79 80 81 82 83 85 86 87 88 90 91 92 93 94 95 97 98 99 100 101 102 103 104 105 106 107 108 109 110 111 112 114 115 116 117 118 120
65 80 66 67 68 69 70 71 72 73 74 75 76 77 78 79 80 81 82 83 84 85 86 87 88 89 90 91 92 93 94 95 96 97 98 99 100 101 102 103 104 105 106 107 108 109 110 111 112 113 114 115 116 117 118 119 120
66 32 67 68 69 70 71 72 73 74 75 76 77 78 79 80 81 82 83 84 85 86 87 88 89 90 91 92 93 94 95 96 97 98 99 100 101 102 103 104 105 106 107 108 109 110 111 112 113 114 115 116 117 118 119 120
67 97 68 69 70 71 72 73 74 75 76 77 78 79 80 81 82 83 84 85 86 87 88 89 90 91 92 93 94 95 96 97 98 99 100 101 102 103 104 105 106 107 108 109 110 111 112 113 114 115 116 117 118 119 120
68 39 69 70 71 72 75 76 77 78 79 80 81 82 83 85 86 87 88 90 91 92 93 94 95 97 99 100 102 103 105 106 107 108 109 110 111 112 114 115 116 117 118 120
69 80 70 71 72 73 74 75 76 77 78 79 80 81 82 83 84 85 86 87 88 89 90 91 92 93 94 95 96 97 98 99 100 101 102 103 104 105 106 107 108 109 110 111 112 113 114 115 116 117 118 119 120
70 72 71 72 73 74 75 76 77 78 79 80 81 82 83 84 85 86 87 88 89 90 91 92 93 94 95 96 97 98 99 100 101 102 103 104 105 106 107 108 109 110 111 112 113 114 115 116 117 118 119 120
71 55 72 73 74 75 76 77 78 79 80 81 82 83 84 85 86 87 88 89 90 91 92 93 94 95 96 97 98 99 100 101 102 103 104 105 106 107 108 109 110 111 112 113 114 115 116 117 118 119 120
72 41 73 74 75 76 77 78 79 80 81 82 83 84 85 86 87 88 89 90 91 92 93 94 95 96 97 98 99 100 101 102 103 104 105 106 107 108 109 110 111 112 113 114 115 116 117 118 119 120
73 60 76 77 78 79 80 81 82 83 86 87 92 94 97 100 102 103 105 106 107 108 112 116
74 67 75 76 77 78 79 80 81 82 83 86 87 88 90 92 93 94 95 97 100 102 103 105 106 107 108 110 112 114 115 116
75 53 76 77 78 79 80 81 82 83 85 86 87 88 90 91 92 93 94 95 97 99 100 101 102 103 105 106 107 108 109 110 111 112 114 115 116 117 118 120
76 65 77 78 79 80 81 82 83 84 85 86 87 88 89 90 91 92 93 94 95 96 97 98 99 100 101 102 103 104 105 106 107 108 109 110 111 112 113 114 115 116 117 118 119 120
77 95 78 79 80 81 82 83 84 85 86 87 88 89 90 91 92 93 94 95 96 97 98 99 100 101 102 103 104 105 106 107 108 109 110 111 112 113 114 115 116 117 118 119 120
78 20 79 80 81 82 83 84 85 86 87 88 89 90 91 92 93 94 95 96 97 98 99 100 101 102 103 104 105 106 107 108 109 110 111 112 113 114 115 116 117 118 119 120
79 66 80 81 82 83 84 85 86 87 88 89 90 91 92 93 94 95 96 97 98 99 100 101 102 103 104 105 106 107 108 109 110 111 112 113 114 115 116 117 118 119 120
80 78 81 82 83 85 86 87 88 89 90 91 92 93 94 95 96 97 98 99 100 101 102 103 104 105 106 107 108 109 110 111 112 113 114 115 116 117 118 119 120
81 98 82 83 84 85 86 87 88 89 90 91 92 93 94 95 96 97 98 99 100 101 102 103 104 105 106 107 108 109 110 111 112 113 114 115 116 117 118 119 120
82 47 83 84 85 86 87 88 89 90 91 92 93 94 95 96 97 98 99 100 101 102 103 104 105 106 107 108 109 110 111 112 113 114 115 116 117 118 119 120
83 100 84 85 86 87 88 89 90 91 92 93 94 95 96 97 98 99 100 101 102 103 104 105 106 107 108 109 110 111 112 113 114 115 116 117 118 119 120
84 85 86 87 92 97 102 103 105 106 107 112 116
85 53 86 87 88 90 91 92 93 94 95 97 100 102 103 105 106 107 108 109 110 111 112 114 115 116 117 118 120
86 53 87 88 89 90 91 92 93 94 95 96 97 98 99 100 101 102 103 104 105 106 107 108 109 110 111 112 113 114 115 116 117 118 119 120
87 67 88 89 90 91 92 93 94 95 96 97 98 99 100 101 102 103 104 105 106 107 108 109 110 111 112 113 114 115 116 117 118 119 120
88 27 90 91 92 93 94 95 97 98 99 100 101 102 103 104 105 106 107 108 109 110 111 112 114 115 116 117 118 120
89 22 92 94 97 100 102 103 105 106 107 108 112 116
90 61 91 92 93 94 95 97 99 100 101 102 103 105 106 107 108 109 110 111 112 114 115 116 117 118 120
91 43 92 93 94 95 97 100 102 103 105 106 107 108 109 110 112 114 115 116 117 118 120
92 52 93 94 95 96 97 98 99 100 101 102 103 104 105 106 107 108 109 110 111 112 113 114 115 116 117 118 119 120
93 76 94 95 97 98 99 100 101 102 103 104 105 106 107 108 109 110 111 112 114 115 116 117 118 120
94 64 95 96 97 98 99 100 101 102 103 104 105 106 107 108 109 110 111 112 113 114 115 116 117 118 119 120
95 61 97 98 99 100 101 102 103 104 105 106 107 108 109 110 111 112 114 115 116 117 118 120
96 29 97 102 103 105 106 107 112 116
97 30 98 99 100 101 102 103 104 105 106 107 108 109 110 111 112 113 114 115 116 117 118 119 120
98 46 100 102 103 105 106 107 108 110 112 114 116
99 79 100 102 103 105 106 107 108 110 112 114 115 116
100 66 101 102 103 104 105 106 107 108 109 110 111 112 114 115 116 117 118 120
101 27 102 103 105 106 107 108 110 112 114 115 116
102 79 103 104 105 106 107 108 109 110 111 112 113 114 115 116 117 118 119 120
103 98 104 105 106 107 108 109 110 111 112 113 114 115 116 117 118 119 120
104 90 105 106 107 108 110 112 114 116
105 22 106 107 108 109 110 111 112 113 114 115 116 117 118 119 120
106 75 107 108 109 110 111 112 113 114 115 116 117 118 119 120
107 57 108 109 110 111 112 113 114 115 116 117 118 119 120
108 67 109 110 111 112 114 115 116 117 118 119 120
109 36 110 112 114 115 116 118
110 70 111 112 114 115 116 117 118 120
111 99 112 114 115 116
112 48 113 114 115 116 117 118 119 120
113 43 116
114 45 115 116 117 118 120
115 71 116 117 118 120
116 100 117 118 119 120
117 88 118
118 48 120
119 27
120 39
