120 150
1 91
2 55
3 60 10 43 44 74 82 84 109 112 118
4 37
5 86
6 21 10 43 44 74 82 84 109 118
7 21
8 43
9 77
10 75 13 27 39 43 44 54 74 82 84 104 109 111 112 118
11 92
12 33
13 59 44 74 82 84 109 118
14 74
15 40
16 36
17 62
18 21
19 56
20 38
21 22
22 45
23 94
24 68
25 83
26 86 118
27 75 44 82 84 109 118
28 21
29 40
30 44
31 74
32 52
33 61
34 95
35 20
36 79
37 76
38 32
39 21 44 74 82 84 109 118
40 91
41 83
42 39
43 31 44 74 82 84 104 109 112 118
44 81 54 69 74 82 84 104 109 111 112 118
45 41
46 90
47 74
48 100
49 38
50 33
51 74
52 40
53 80
54 39 74 82 84 109 118
55 22
56 46
57 58
58 65
59 67
60 37
61 82
62 64
63 26
64 80
65 74
66 20
67 62
68 82
69 40 82 84 109 118
70 28
71 72
72 45
73 62
74 72 82 84 104 109 111 112 118
75 89
76 31 118
77 92
78 63
79 89
80 33
81 25
82 54 84 104 109 111 112 118
83 66
84 100 97 104 109 111 112 118
85 20
86 90
87 87
88 48
89 28
90 46
91 76
92 50
93 66
94 30
95 26
96 23
97 40 118
98 70
99 57
100 92
101 52
102 54
103 27
104 58 109 118
105 66
106 65
107 93
108 83
109 37 111 112 118
110 62
111 94 118
112 29 118
113 66
114 98
115 20
116 66
117 42
118 52
119 90
120 22
