500 150
1 62
2 99 3 7 16 25 26 29 36 43 47 53 54 63 68 69 75 81 83 90 92 127 134 135 136 138 142 148 155 156 159 165 170 173 175 185 189 197 199 202 204 205 206 218 221 224 228 230 235 243 245 251 252 265 266 285 292 296 297 305 311 312 316 326 327 333 334 339 348 356 366 373 381 386 391 394 401 407 426 436 438 448 456 460 464 474 477 485 487 493 497
3 64 7 16 25 26 29 36 43 47 53 54 63 68 69 75 81 83 90 92 127 134 135 136 138 142 148 155 156 159 165 170 173 175 185 189 197 199 202 204 205 206 218 221 224 228 230 235 243 245 251 252 265 266 285 292 296 297 305 311 312 316 326 327 333 334 339 348 356 366 373 381 386 391 394 401 407 426 436 438 448 456 460 464 474 477 485 487 493 497
4 96
5 92
6 87
7 83 16 25 26 29 36 43 47 53 54 63 68 69 75 81 83 90 92 127 134 135 136 138 142 148 155 156 159 165 170 173 175 185 189 197 202 204 205 206 218 221 224 228 230 235 243 245 251 252 266 285 292 296 297 305 311 312 316 326 327 333 334 348 366 373 381 386 391 394 401 407 426 436 438 448 456 460 464 477 485 487 493 497
8 86
9 39
10 83
11 60 25 53 54 68 75 92 138 156 206 221 235 381 391 407 460
12 31
13 71
14 92
15 24
16 49 25 53 54 68 69 75 81 92 136 138 142 155 156 159 173 204 206 218 221 224 228 235 243 245 266 296 381 391 407 448 456 460 485 497
17 59
18 93
19 50
20 83
21 55
22 56
23 43
24 61
25 99 26 29 36 43 47 53 54 63 68 69 75 81 83 88 90 92 127 134 135 136 138 142 143 148 155 156 159 163 165 170 172 173 175 185 189 197 199 202 204 205 206 218 221 224 228 230 235 243 245 251 252 253 254 255 265 266 285 292 296 297 305 309 311 312 316 317 326 327 333 334 337 339 348 356 366 370 373 381 386 391 394 401 407 413 426 436 438 441 448 456 460 464 474 477 485 487 493 497
26 87 29 36 53 54 68 69 75 81 92 136 138 142 155 156 159 170 173 185 204 205 206 218 221 224 228 235 243 245 266 285 296 311 327 381 391 401 407 448 456 460 485 497
27 73
28 80
29 83 36 43 47 53 54 63 68 69 75 81 83 90 92 127 134 135 136 138 142 148 155 156 159 165 170 173 175 185 189 197 202 204 205 206 218 221 224 228 230 235 243 245 251 252 266 285 292 296 305 311 312 316 326 327 333 334 348 373 381 386 391 401 407 426 448 456 460 464 477 485 493 497
30 96
31 99
32 82
33 79
34 73
35 20
36 60 53 54 63 68 69 75 81 83 92 134 135 136 138 142 155 156 159 165 170 173 175 185 197 202 204 205 206 218 221 224 228 230 235 243 245 251 266 285 292 296 305 311 312 316 326 327 334 348 373 381 386 391 401 407 426 448 456 460 464 477 485 493 497
37 77
38 93
39 74
40 72 54 407
41 80
42 73
43 38 53 54 68 69 75 81 92 136 138 142 155 156 159 173 185 204 206 218 221 224 228 235 243 245 266 285 296 311 381 391 407 448 456 460 485 497
44 30
45 52
46 75
47 50 53 54 68 69 75 81 92 136 138 142 155 156 159 173 185 204 206 218 221 224 228 235 243 245 266 285 296 311 381 391 401 407 448 456 460 485 497
48 82
49 83
50 96
51 46
52 38
53 55 54 63 68 69 75 81 83 90 92 127 134 135 136 138 142 143 148 155 156 159 163 165 170 172 173 175 185 189 197 199 202 204 205 206 218 221 224 228 230 235 243 245 251 252 253 254 255 265 266 285 292 296 297 305 309 311 312 316 317 326 327 333 334 337 339 348 356 366 373 381 386 391 394 401 407 413 426 436 438 441 448 456 460 464 474 477 485 487 493 497
54 42 63 68 69 75 81 83 88 90 92 127 134 135 136 138 142 143 144 148 155 156 159 163 165 170 172 173 175 185 187 189 197 199 202 204 205 206 216 218 221 224 228 230 235 237 243 245 251 252 253 254 255 265 266 285 292 296 297 305 309 311 312 316 317 325 326 327 333 334 337 339 347 348 351 356 365 366 370 373 381 386 391 394 397 401 402 404 407 413 426 429 436 438 441 448 456 460 461 464 474 477 485 487 493 497
55 64
56 66
57 98
58 21
59 80
60 60
61 78
62 25
63 76 68 69 75 81 92 134 136 138 142 155 156 159 170 173 185 197 204 205 206 218 221 224 228 230 235 243 245 266 285 292 296 305 311 312 327 334 381 386 391 401 407 448 456 460 464 477 485 493 497
64 44
65 79
66 72
67 25
68 86 69 75 81 83 88 90 92 127 134 135 136 138 142 143 144 148 155 156 159 163 165 170 172 173 175 185 189 197 199 202 204 205 206 218 221 224 228 230 235 243 245 251 252 253 254 255 265 266 285 292 296 297 305 309 311 312 316 317 326 327 333 334 337 339 348 356 366 370 373 381 386 391 394 397 401 407 413 426 436 438 441 448 456 460 464 474 477 485 487 493 497
69 93 75 81 83 90 92 127 134 135 136 138 142 148 155 156 159 165 170 173 175 185 189 197 202 204 205 206 218 221 224 228 230 235 243 245 251 252 265 266 285 292 296 297 305 311 312 316 326 327 333 334 348 366 373 381 386 391 394 401 407 426 436 438 448 456 460 464 477 485 487 493 497
70 100
71 27
72 33
73 75
74 28
75 43 81 83 90 92 127 134 135 136 138 142 143 148 155 156 159 163 165 170 172 173 175 185 189 197 199 202 204 205 206 218 221 224 228 230 235 243 245 251 252 253 254 255 265 266 285 292 296 297 305 309 311 312 316 317 326 327 333 334 337 339 348 356 366 370 373 381 386 391 394 401 407 413 426 436 438 441 448 456 460 464 474 477 485 487 493 497
76 29
77 65
78 94
79 74
80 69
81 22 83 90 92 127 134 135 136 138 142 148 155 156 159 165 170 172 173 175 185 189 197 199 202 204 205 206 218 221 224 228 230 235 243 245 251 252 265 266 285 292 296 297 305 311 312 316 326 327 333 334 339 348 356 366 373 381 386 391 394 401 407 426 436 438 448 456 460 464 474 477 485 487 493 497
82 66
83 67 92 136 138 142 155 156 159 170 173 185 197 204 205 206 218 221 224 228 235 243 245 266 285 292 296 311 312 327 334 381 391 401 407 448 456 460 485 497
84 44
85 37
86 38
87 30
88 67 138 156 206 221 235 407 460
89 27
90 20 92 136 138 142 155 156 159 173 185 204 206 218 221 224 228 235 243 245 266 285 296 311 381 391 407 448 456 460 485 497
91 48
92 39 127 134 135 136 138 142 143 148 155 156 159 163 165 170 172 173 175 185 189 197 199 202 204 205 206 218 221 224 228 230 235 243 245 251 252 253 254 255 265 266 285 292 296 297 305 309 311 312 316 317 326 327 333 334 337 339 348 356 366 373 381 386 391 394 401 407 413 426 436 438 441 448 456 460 464 474 477 485 487 493 497
93 58
94 93
95 59
96 37
97 95
98 45
99 63
100 37
101 41
102 90
103 63
104 25
105 99
106 32
107 90
108 69
109 50
110 65
111 84
112 60
113 25
114 80
115 65
116 31
117 45
118 90
119 26
120 55
121 100
122 97
123 98
124 36
125 44
126 21
127 86 136 138 142 155 156 159 173 185 204 206 218 221 224 228 235 243 245 266 285 296 311 381 391 407 448 456 460 485 497
128 46
129 68
130 75
131 97
132 35
133 38
134 92 136 138 142 155 156 159 165 170 173 185 197 204 205 206 218 221 224 228 230 235 243 245 266 285 292 296 305 311 312 327 334 381 386 391 401 407 448 456 460 464 477 485 493 497
135 99 136 138 142 155 156 159 170 173 185 197 204 205 206 218 221 224 228 235 243 245 266 285 292 296 311 312 327 334 381 391 401 407 448 456 460 485 497
136 64 138 142 148 155 156 159 165 170 173 175 185 189 197 199 202 204 205 206 218 221 224 228 230 235 243 245 251 252 265 266 285 292 296 297 305 311 312 316 326 327 333 334 339 348 356 366 373 381 386 391 394 401 407 426 436 438 448 456 460 464 474 477 485 487 493 497
137 48
138 89 142 143 144 148 155 156 159 163 165 170 172 173 175 185 189 197 199 202 204 205 206 218 221 224 228 230 235 243 245 251 252 253 254 255 265 266 285 292 296 297 305 309 311 312 316 317 326 327 333 334 337 339 348 356 366 370 373 381 386 391 394 401 407 413 426 436 438 441 448 456 460 464 474 477 485 487 493 497
139 82
140 96
141 72
142 75 148 155 156 159 163 165 170 172 173 175 185 189 197 199 202 204 205 206 218 221 224 228 230 235 243 245 251 252 254 265 266 285 292 296 297 305 309 311 312 316 317 326 327 333 334 339 348 356 366 373 381 386 391 394 401 407 426 436 438 448 456 460 464 474 477 485 487 493 497
143 62 156 206 221 235 381 391 407 460
144 76 156 206 221 235 407
145 64
146 44
147 90
148 36 155 156 159 173 185 204 206 218 221 224 228 235 243 245 266 285 296 311 381 391 401 407 448 456 460 485 497
149 23
150 52
151 81
152 77
153 66
154 27
155 54 156 159 165 170 173 175 185 189 197 202 204 205 206 218 221 224 228 230 235 243 245 251 252 266 285 292 296 297 305 311 312 316 326 327 333 334 348 373 381 386 391 401 407 426 436 448 456 460 464 477 485 493 497
156 45 159 163 165 170 172 173 175 185 189 197 199 202 204 205 206 218 221 224 228 230 235 243 245 251 252 253 254 255 265 266 285 292 296 297 305 309 311 312 316 317 326 327 333 334 337 339 348 356 366 370 373 381 386 391 394 401 407 413 426 436 438 441 448 456 460 464 474 477 485 487 493 497
157 75
158 100
159 38 165 170 172 173 175 185 189 197 199 202 204 205 206 218 221 224 228 230 235 243 245 251 252 265 266 285 292 296 297 305 309 311 312 316 326 327 333 334 339 348 356 366 373 381 386 391 394 401 407 426 436 438 448 456 460 464 474 477 485 487 493 497
160 36
161 45
162 63
163 66 206 218 221 235 245 381 391 407 448 460
164 63
165 43 170 173 185 197 204 205 206 218 221 224 228 235 243 245 266 285 292 296 305 311 312 327 334 381 386 391 401 407 448 456 460 464 477 485 493 497
166 23
167 46
168 59
169 60
170 58 173 175 185 197 202 204 205 206 218 221 224 228 230 235 243 245 251 252 266 285 292 296 305 311 312 316 326 327 334 348 373 381 386 391 401 407 426 448 456 460 464 477 485 493 497
171 77
172 72 204 206 218 221 235 245 296 381 391 407 448 460
173 51 175 185 189 197 202 204 205 206 218 221 224 228 230 235 243 245 251 252 266 285 292 296 297 305 311 312 316 326 327 333 334 348 373 381 386 391 401 407 426 436 448 456 460 464 477 485 493 497
174 22
175 59 185 204 205 206 218 221 224 228 235 243 245 266 285 296 311 327 381 391 401 407 448 456 460 485 497
176 48
177 59
178 58
179 91
180 72
181 26
182 74
183 70
184 90
185 71 189 197 202 204 205 206 218 221 224 228 230 235 243 245 251 252 266 285 292 296 305 311 312 316 326 327 333 334 348 373 381 386 391 401 407 426 448 456 460 464 477 485 493 497
186 52
187 63 206 407
188 36
189 61 204 206 218 221 224 228 235 243 245 266 285 296 311 381 391 407 448 456 460 485 497
190 38
191 69
192 28
193 62
194 64
195 77
196 50
197 96 202 204 205 206 218 221 224 228 230 235 243 245 251 266 285 292 296 305 311 312 316 327 334 373 381 386 391 401 407 426 448 456 460 464 477 485 493 497
198 23
199 56 204 206 218 221 235 245 296 381 391 407 448 460 497
200 64
201 81
202 40 204 205 206 218 221 224 228 235 243 245 266 285 292 296 311 327 334 381 391 401 407 448 456 460 485 497
203 88
204 60 205 206 218 221 224 228 230 235 243 245 251 252 265 266 285 292 296 297 305 309 311 312 316 317 326 327 333 334 339 348 356 366 373 381 386 391 394 401 407 426 436 438 448 456 460 464 474 477 485 487 493 497
205 22 206 218 221 224 228 230 235 243 245 251 266 285 292 296 305 311 312 316 327 334 373 381 386 391 401 407 426 448 456 460 464 477 485 493 497
206 65 218 221 224 228 230 235 243 245 251 252 253 254 255 265 266 285 292 296 297 305 309 311 312 316 317 325 326 327 333 334 337 339 348 356 365 366 370 373 381 386 391 394 397 401 407 413 426 429 436 438 441 448 456 460 461 464 474 477 485 487 493 497
207 98
208 36
209 37
210 58
211 64
212 57
213 42
214 73
215 21
216 96 407
217 37
218 88 221 224 228 230 235 243 245 251 252 254 255 265 266 285 292 296 297 305 309 311 312 316 317 326 327 333 334 339 348 356 366 373 381 386 391 394 401 407 426 436 438 448 456 460 464 474 477 485 487 493 497
219 63
220 90
221 95 224 228 230 235 243 245 251 252 253 254 255 265 266 285 292 296 297 305 309 311 312 316 317 326 327 333 334 337 339 348 356 366 370 373 381 386 391 394 401 407 413 426 436 438 441 448 456 460 464 474 477 485 487 493 497
222 73
223 95
224 77 228 230 235 243 245 251 252 266 285 292 296 297 305 311 312 316 326 327 333 334 348 373 381 386 391 401 407 426 448 456 460 464 477 485 493 497
225 49
226 81
227 28
228 99 230 235 243 245 251 252 266 285 292 296 297 305 311 312 316 326 327 333 334 348 373 381 386 391 401 407 426 448 456 460 464 477 485 493 497
229 49
230 77 235 243 245 266 285 292 296 305 311 312 327 334 381 386 391 401 407 448 456 460 464 477 485 493 497
231 36
232 26
233 93
234 84
235 41 243 245 251 252 253 254 255 265 266 285 292 296 297 305 309 311 312 316 317 326 327 333 334 337 339 348 356 366 370 373 381 386 391 394 397 401 407 413 426 436 438 441 448 456 460 464 474 477 485 487 493 497
236 74
237 41 407
238 35
239 20
240 60
241 91
242 79
243 28 245 251 252 265 266 285 292 296 297 305 311 312 316 326 327 333 334 348 366 373 381 386 391 394 401 407 426 436 438 448 456 460 464 477 485 487 493 497
244 86
245 70 251 252 254 265 266 285 292 296 297 305 309 311 312 316 317 326 327 333 334 339 348 356 366 373 381 386 391 394 401 407 426 436 438 448 456 460 464 474 477 485 487 493 497
246 57
247 78
248 23
249 40
250 32
251 75 266 285 292 296 311 312 327 334 381 391 401 407 448 456 460 485 497
252 24 266 285 296 311 381 391 401 407 448 456 460 485 497
253 64 381 391 407 460
254 48 296 381 391 407 448 460
255 23 381 391 407 460
256 87
257 56
258 74
259 62
260 21
261 81
262 52
263 46
264 89
265 67 296 381 391 407 448 460 497
266 28 285 292 296 297 305 311 312 316 326 327 333 334 348 373 381 386 391 394 401 407 426 436 438 448 456 460 464 477 485 487 493 497
267 29
268 99
269 36
270 29
271 38
272 93
273 93
274 36
275 65
276 81
277 65
278 48
279 22
280 31
281 23
282 30
283 69
284 75
285 21 292 296 305 311 312 316 326 327 333 334 348 373 381 386 391 401 407 426 448 456 460 464 477 485 493 497
286 62
287 75
288 77
289 33
290 79
291 65
292 84 296 305 311 312 316 327 334 373 381 386 391 401 407 426 448 456 460 464 477 485 493 497
293 54
294 82
295 66
296 81 297 305 309 311 312 316 317 326 327 333 334 339 348 356 366 373 381 386 391 394 401 407 426 436 438 448 456 460 464 474 477 485 487 493 497
297 70 381 391 407 448 456 460 485 497
298 70
299 87
300 25
301 26
302 76
303 72
304 45
305 36 311 312 327 334 381 386 391 401 407 448 456 460 464 477 485 493 497
306 38
307 60
308 61
309 76 381 391 407 448 460
310 41
311 25 312 316 326 327 333 334 348 373 381 386 391 401 407 426 448 456 460 464 477 485 493 497
312 93 316 327 334 373 381 386 391 401 407 426 448 456 460 464 477 485 493 497
313 29
314 81
315 21
316 24 327 334 381 391 401 407 448 456 460 485 497
317 77 381 391 407 448 460
318 69
319 32
320 26
321 85
322 25
323 90
324 20
325 36 407
326 20 381 391 401 407 448 456 460 485 497
327 71 334 373 381 386 391 401 407 426 448 456 460 464 477 485 493 497
328 66
329 87
330 68
331 54
332 43
333 82 381 391 401 407 448 456 460 485 497
334 46 373 381 386 391 401 407 426 448 456 460 464 477 485 493 497
335 81
336 52
337 83 381 391 407 460
338 98
339 77 381 391 407 448 460 497
340 24
341 34
342 78
343 65
344 51
345 49
346 31
347 89 407
348 35 381 391 401 407 448 456 460 485 497
349 93
350 29
351 31 407
352 42
353 86
354 90
355 96
356 64 381 391 407 448 460 497
357 69
358 59
359 74
360 31
361 78
362 77
363 87
364 87
365 72 407
366 29 381 391 407 448 460 497
367 100
368 62
369 78
370 22 381 391 407 460
371 48
372 79
373 43 381 391 401 407 448 456 460 485 497
374 92
375 30
376 78
377 22
378 64
379 83
380 52
381 29 386 391 394 401 407 413 426 436 438 441 448 456 460 464 474 477 485 487 493 497
382 74
383 49
384 61
385 27
386 35 391 401 407 448 456 460 464 477 485 493 497
387 56
388 61
389 70
390 78
391 34 394 401 407 413 426 436 438 441 448 456 460 464 474 477 485 487 493 497
392 52
393 39
394 22 407 448 460 497
395 95
396 25 407
397 81 407
398 85
399 77
400 94
401 79 407 426 448 456 460 464 477 485 493 497
402 90 407
403 66
404 60 407
405 83
406 30
407 87 413 426 429 436 438 441 448 456 459 460 461 464 474 477 485 487 493 497
408 20
409 38
410 86
411 35
412 35
413 88 460
414 69
415 50
416 38
417 52
418 95
419 73
420 50
421 50
422 48
423 43
424 74
425 68
426 23 448 456 460 485 497
427 20
428 37
429 25
430 78
431 46
432 61
433 96
434 50
435 89
436 43 448 460 485 497
437 26
438 52 448 460 497
439 70
440 93
441 40 460
442 24
443 67
444 88
445 74
446 44
447 83
448 33 456 460 464 474 477 485 487 493 497
449 77
450 94
451 77
452 89
453 20
454 75
455 100
456 49 460 464 477 485 493 497
457 86
458 66
459 20
460 79 464 474 477 485 487 493 497
461 81
462 54
463 69
464 69 477 485 493 497
465 88
466 87
467 88
468 69
469 34
470 84
471 67
472 24
473 94
474 50 497
475 41
476 20
477 48 485 493 497
478 94
479 29
480 40
481 51
482 91
483 41
484 50
485 47 493 497
486 68
487 74 497
488 55
489 84
490 51
491 53
492 46
493 24 497
494 62
495 44
496 62
497 76
498 46
499 94
500 44
