120 150
1 38 3 4 7 8 9 10 11 12 13 14 17 19 21 28 29 31 33 34 35 37 40 42 44 45 47 49 52 53 54 55 56 57 60 62 64 67 68 69 73 76 77 80 83 88 89 93 96 101 104 105 107 108 109 110 111 116 118
2 100 3 4 6 7 8 9 10 11 12 13 14 17 18 19 21 22 26 27 28 29 31 32 33 34 35 37 40 41 42 44 45 47 49 50 52 53 54 55 56 57 60 62 64 67 68 69 73 76 77 78 80 81 83 85 87 88 89 93 95 96 101 104 105 107 108 109 110 111 115 116 118
3 60 4 5 6 7 8 9 10 11 12 13 14 15 16 17 18 19 20 21 22 24 25 26 27 28 29 30 31 32 33 34 35 36 37 39 40 41 42 43 44 45 46 47 48 49 50 51 52 53 54 55 56 57 58 60 61 62 63 64 65 67 68 69 70 71 72 73 74 75 76 77 78 79 80 81 82 83 84 85 86 87 88 89 90 91 92 93 94 95 96 97 98 99 100 101 102 103 104 105 106 107 108 109 110 111 112 113 114 115 116 117 118 119
4 42 5 6 7 8 9 10 11 12 13 14 15 16 17 18 19 20 21 22 23 24 25 26 27 28 29 30 31 32 33 66 34 35 36 37 38 39 40 41 42 43 44 45 46 47 48 49 50 51 52 53 54 55 56 57 58 59 60 61 62 63 64 65 67 68 69 70 71 72 73 74 75 76 77 78 79 80 81 82 83 84 85 86 87 88 89 90 91 92 93 94 95 96 97 98 99 100 101 102 103 104 105 106 107 108 109 110 111 112 113 114 115 116 117 118 119 120
5 20 6 7 8 9 10 11 12 13 14 17 18 19 21 22 26 27 28 29 31 32 33 34 35 36 37 40 41 42 44 45 47 49 50 52 53 54 55 56 57 60 62 64 67 68 69 70 73 76 77 78 79 80 81 83 85 87 88 89 91 93 94 95 96 97 101 104 105 107 108 109 110 111 115 116 118
6 69 7 8 9 10 11 12 13 14 15 17 18 19 21 22 26 27 28 29 30 31 32 33 34 35 36 37 40 41 42 44 45 46 47 49 50 52 53 54 55 56 57 60 62 64 67 68 69 70 71 72 73 74 76 77 78 79 80 81 83 85 87 88 89 91 92 93 94 95 96 97 98 101 102 104 105 107 108 109 110 111 112 114 115 116 118 119
7 24 8 9 10 11 12 13 14 15 16 17 18 19 20 21 22 23 24 25 26 27 28 29 30 31 32 33 66 34 35 36 37 38 39 40 41 42 43 44 45 46 47 48 49 50 51 52 53 54 55 56 57 58 59 60 61 62 63 64 65 67 68 69 70 71 72 73 74 75 76 77 78 79 80 81 82 83 84 85 86 87 88 89 90 91 92 93 94 95 96 97 98 99 100 101 102 103 104 105 106 107 108 109 110 111 112 113 114 115 116 117 118 119 120
8 23 9 10 11 12 13 14 15 16 17 18 19 20 21 22 23 24 25 26 27 28 29 30 31 32 33 66 34 35 36 37 38 39 40 41 42 43 44 45 46 47 48 49 50 51 52 53 54 55 56 57 58 59 60 61 62 63 64 65 67 68 69 70 71 72 73 74 75 76 77 78 79 80 81 82 83 84 85 86 87 88 89 90 91 92 93 94 95 96 97 98 99 100 101 102 103 104 105 106 107 108 109 110 111 112 113 114 115 116 117 118 119 120
9 92 10 11 12 13 14 15 16 17 18 19 20 21 22 23 24 25 26 27 28 29 30 31 32 33 66 34 35 36 37 38 39 40 41 42 43 44 45 46 47 48 49 50 51 52 53 54 55 56 57 58 59 60 61 62 63 64 65 67 68 69 70 71 72 73 74 75 76 77 78 79 80 81 82 83 84 85 86 87 88 89 90 91 92 93 94 95 96 97 98 99 100 101 102 103 104 105 106 107 108 109 110 111 112 113 114 115 116 117 118 119 120
10 32 11 12 13 14 15 16 17 18 19 20 21 22 23 24 25 26 27 28 29 30 31 32 33 66 34 35 36 37 38 39 40 41 42 43 44 45 46 47 48 49 50 51 52 53 54 55 56 57 58 59 60 61 62 63 64 65 67 68 69 70 71 72 73 74 75 76 77 78 79 80 81 82 83 84 85 86 87 88 89 90 91 92 93 94 95 96 97 98 99 100 101 102 103 104 105 106 107 108 109 110 111 112 113 114 115 116 117 118 119 120
11 84 12 13 14 15 16 17 18 19 20 21 22 23 24 25 26 27 28 29 30 31 32 33 66 34 35 36 37 38 39 40 41 42 43 44 45 46 47 48 49 50 51 52 53 54 55 56 57 58 59 60 61 62 63 64 65 67 68 69 70 71 72 73 74 75 76 77 78 79 80 81 82 83 84 85 86 87 88 89 90 91 92 93 94 95 96 97 98 99 100 101 102 103 104 105 106 107 108 109 110 111 112 113 114 115 116 117 118 119 120
12 36 13 14 15 16 17 18 19 20 21 22 23 24 25 26 27 28 29 30 31 32 33 66 34 35 36 37 38 39 40 41 42 43 44 45 46 47 48 49 50 51 52 53 54 55 56 57 58 59 60 61 62 63 64 65 67 68 69 70 71 72 73 74 75 76 77 78 79 80 81 82 83 84 85 86 87 88 89 90 91 92 93 94 95 96 97 98 99 100 101 102 103 104 105 106 107 108 109 110 111 112 113 114 115 116 117 118 119 120
13 65 14 15 16 17 18 19 20 21 22 23 24 25 26 27 28 29 30 31 32 33 34 35 36 37 38 39 40 41 42 43 44 45 46 47 48 49 50 51 52 53 54 55 56 57 58 60 61 62 63 64 65 67 68 69 70 71 72 73 74 75 76 77 78 79 80 81 82 83 84 85 86 87 88 89 90 91 92 93 94 95 96 97 98 99 100 101 102 103 104 105 106 107 108 109 110 111 112 113 114 115 116 117 118 119
14 84 15 16 17 18 19 20 21 22 23 24 25 26 27 28 29 30 31 32 33 66 34 35 36 37 38 39 40 41 42 43 44 45 46 47 48 49 50 51 52 53 54 55 56 57 58 59 60 61 62 63 64 65 67 68 69 70 71 72 73 74 75 76 77 78 79 80 81 82 83 84 85 86 87 88 89 90 91 92 93 94 95 96 97 98 99 100 101 102 103 104 105 106 107 108 109 110 111 112 113 114 115 116 117 118 119 120
15 34 17 18 19 21 22 26 27 28 29 31 32 33 34 35 37 40 41 42 44 45 47 49 50 52 53 54 55 56 57 60 62 64 67 68 69 73 76 77 78 80 81 83 85 87 88 89 93 95 96 101 104 105 107 108 109 110 111 115 116 118
16 68 17 18 19 21 22 26 27 28 29 31 33 34 35 37 40 41 42 44 45 47 49 50 52 53 54 55 56 57 60 62 64 67 68 69 73 76 77 78 80 83 85 87 88 89 93 95 96 101 104 105 107 108 109 110 111 115 116 118
17 64 18 19 20 21 22 24 25 26 27 28 29 30 31 32 33 34 35 36 37 39 40 41 42 43 44 45 46 47 48 49 50 51 52 53 54 55 56 57 60 61 62 63 64 65 67 68 69 70 71 72 73 74 75 76 77 78 79 80 81 83 84 85 86 87 88 89 90 91 92 93 94 95 96 97 98 101 102 103 104 105 106 107 108 109 110 111 112 113 114 115 116 117 118 119
18 33 19 20 21 22 24 26 27 28 29 30 31 32 33 34 35 36 37 39 40 41 42 43 44 45 46 47 49 50 52 53 54 55 56 57 60 61 62 63 64 65 67 68 69 70 71 72 73 74 75 76 77 78 79 80 81 83 84 85 86 87 88 89 90 91 92 93 94 95 96 97 98 101 102 103 104 105 106 107 108 109 110 111 112 114 115 116 117 118 119
19 69 20 21 22 23 24 25 26 27 28 29 30 31 32 33 66 34 35 36 37 38 39 40 41 42 43 44 45 46 47 48 49 50 51 52 53 54 55 56 57 58 59 60 61 62 63 64 65 67 68 69 70 71 72 73 74 75 76 77 78 79 80 81 82 83 84 85 86 87 88 89 90 91 92 93 94 95 96 97 98 99 100 101 102 103 104 105 106 107 108 109 110 111 112 113 114 115 116 117 118 119 120
20 27 21 22 26 27 28 29 31 33 34 35 37 40 41 42 44 45 47 49 50 52 53 54 55 56 57 60 62 64 67 68 69 73 76 77 78 80 83 85 87 88 89 93 95 96 101 104 105 107 108 109 110 111 115 116 118
21 47 22 23 24 25 26 27 28 29 30 31 32 33 66 34 35 36 37 38 39 40 41 42 43 44 45 46 47 48 49 50 51 52 53 54 55 56 57 58 59 60 61 62 63 64 65 67 68 69 70 71 72 73 74 75 76 77 78 79 80 81 82 83 84 85 86 87 88 89 90 91 92 93 94 95 96 97 98 99 100 101 102 103 104 105 106 107 108 109 110 111 112 113 114 115 116 117 118 119 120
22 21 24 25 26 27 28 29 30 31 32 33 34 35 36 37 39 40 41 42 43 44 45 46 47 48 49 50 51 52 53 54 55 56 57 60 61 62 63 64 65 67 68 69 70 71 72 73 74 75 76 77 78 79 80 81 83 84 85 86 87 88 89 90 91 92 93 94 95 96 97 98 101 102 103 104 105 106 107 108 109 110 111 112 114 115 116 117 118 119
23 85 28 29 31 33 34 35 37 40 42 44 45 47 49 53 54 55 56 57 60 62 64 67 68 69 73 76 77 80 83 88 93 96 104 105 107 108 109 110 111 116 118
24 88 26 27 28 29 31 33 34 35 37 40 41 42 44 45 47 49 50 52 53 54 55 56 57 60 62 64 67 68 69 73 76 77 78 80 83 87 88 89 93 95 96 101 104 105 107 108 109 110 111 115 116 118
25 59 26 27 28 29 31 33 34 35 37 40 42 44 45 47 49 50 52 53 54 55 56 57 60 62 64 67 68 69 73 76 77 78 80 83 88 89 93 95 96 101 104 105 107 108 109 110 111 115 116 118
26 61 27 28 29 30 31 32 33 34 35 36 37 39 40 41 42 43 44 45 46 47 48 49 50 52 53 54 55 56 57 60 61 62 63 64 65 67 68 69 70 71 72 73 74 75 76 77 78 79 80 81 83 84 85 86 87 88 89 90 91 92 93 94 95 96 97 98 101 102 103 104 105 106 107 108 109 110 111 112 114 115 116 117 118 119
27 50 28 29 30 31 32 33 34 35 36 37 39 40 41 42 43 44 45 46 47 48 49 50 52 53 54 55 56 57 60 61 62 63 64 65 67 68 69 70 71 72 73 74 75 76 77 78 79 80 81 83 84 85 86 87 88 89 90 91 92 93 94 95 96 97 98 101 102 103 104 105 106 107 108 109 110 111 112 114 115 116 117 118 119
28 53 29 30 31 32 33 66 34 35 36 37 38 39 40 41 42 43 44 45 46 47 48 49 50 51 52 53 54 55 56 57 58 59 60 61 62 63 64 65 67 68 69 70 71 72 73 74 75 76 77 78 79 80 81 82 83 84 85 86 87 88 89 90 91 92 93 94 95 96 97 98 99 100 101 102 103 104 105 106 107 108 109 110 111 112 113 114 115 116 117 118 119 120
29 37 30 31 32 33 34 35 36 37 38 39 40 41 42 43 44 45 46 47 48 49 50 51 52 53 54 55 56 57 58 60 61 62 63 64 65 67 68 69 70 71 72 73 74 75 76 77 78 79 80 81 82 83 84 85 86 87 88 89 90 91 92 93 94 95 96 97 98 99 100 101 102 103 104 105 106 107 108 109 110 111 112 113 114 115 116 117 118 119
30 75 31 32 33 34 35 37 40 41 42 44 45 47 49 50 52 53 54 55 56 57 60 62 64 67 68 69 70 73 76 77 78 79 80 81 83 85 87 88 89 91 93 94 95 96 97 101 104 105 107 108 109 110 111 115 116 118
31 64 32 33 66 34 35 36 37 38 39 40 41 42 43 44 45 46 47 48 49 50 51 52 53 54 55 56 57 58 59 60 61 62 63 64 65 67 68 69 70 71 72 73 74 75 76 77 78 79 80 81 82 83 84 85 86 87 88 89 90 91 92 93 94 95 96 97 98 99 100 101 102 103 104 105 106 107 108 109 110 111 112 113 114 115 116 117 118 119 120
32 84 33 34 35 36 37 40 41 42 44 45 46 47 49 50 52 53 54 55 56 57 60 62 64 67 68 69 70 71 72 73 74 75 76 77 78 79 80 81 83 85 87 88 89 91 92 93 94 95 96 97 98 101 102 104 105 107 108 109 110 111 112 114 115 116 118 119
33 74 66 34 35 36 37 38 39 40 41 42 43 44 45 46 47 48 49 50 51 52 53 54 55 56 57 58 59 60 61 62 63 64 65 67 68 69 70 71 72 73 74 75 76 77 78 79 80 81 82 83 84 85 86 87 88 89 90 91 92 93 94 95 96 97 98 99 100 101 102 103 104 105 106 107 108 109 110 111 112 113 114 115 116 117 118 119 120
34 57 66 35 36 37 38 39 40 41 42 43 44 45 46 47 48 49 50 51 52 53 54 55 56 57 58 59 60 61 62 63 64 65 67 68 69 70 71 72 73 74 75 76 77 78 79 80 81 82 83 84 85 86 87 88 89 90 91 92 93 94 95 96 97 98 99 100 101 102 103 104 105 106 107 108 109 110 111 112 113 114 115 116 117 118 119 120
35 83 66 36 37 38 39 40 41 42 43 44 45 46 47 48 49 50 51 52 53 54 55 56 57 58 59 60 61 62 63 64 65 67 68 69 70 71 72 73 74 75 76 77 78 79 80 81 82 83 84 85 86 87 88 89 90 91 92 93 94 95 96 97 98 99 100 101 102 103 104 105 106 107 108 109 110 111 112 113 114 115 116 117 118 119 120
36 28 37 40 41 42 44 45 47 49 50 52 53 54 55 56 57 60 62 64 67 68 69 70 71 72 73 76 77 78 79 80 81 83 85 87 88 89 91 92 93 94 95 96 97 101 104 105 107 108 109 110 111 112 114 115 116 118
37 31 66 38 39 40 41 42 43 44 45 46 47 48 49 50 51 52 53 54 55 56 57 58 59 60 61 62 63 64 65 67 68 69 70 71 72 73 74 75 76 77 78 79 80 81 82 83 84 85 86 87 88 89 90 91 92 93 94 95 96 97 98 99 100 101 102 103 104 105 106 107 108 109 110 111 112 113 114 115 116 117 118 119 120
38 97 40 42 44 45 47 49 53 54 55 56 57 60 62 64 67 68 69 73 76 77 80 83 88 93 96 104 105 107 108 109 110 111 116 118
39 61 40 42 44 45 47 49 50 52 53 54 55 56 57 60 62 64 67 68 69 73 76 77 78 80 83 88 89 93 95 96 101 104 105 107 108 109 110 111 115 116 118
40 36 41 42 43 44 45 46 47 48 49 50 51 52 53 54 55 56 57 58 60 61 62 63 64 65 67 68 69 70 71 72 73 74 75 76 77 78 79 80 81 82 83 84 85 86 87 88 89 90 91 92 93 94 95 96 97 98 99 100 101 102 103 104 105 106 107 108 109 110 111 112 113 114 115 116 117 118 119
41 46 42 43 44 45 46 47 49 50 52 53 54 55 56 57 60 61 62 63 64 65 67 68 69 70 71 72 73 74 75 76 77 78 79 80 81 83 84 85 86 87 88 89 91 92 93 94 95 96 97 98 101 102 103 104 105 106 107 108 109 110 111 112 114 115 116 117 118 119
42 37 66 43 44 45 46 47 48 49 50 51 52 53 54 55 56 57 58 59 60 61 62 63 64 65 67 68 69 70 71 72 73 74 75 76 77 78 79 80 81 82 83 84 85 86 87 88 89 90 91 92 93 94 95 96 97 98 99 100 101 102 103 104 105 106 107 108 109 110 111 112 113 114 115 116 117 118 119 120
43 96 44 45 47 49 50 52 53 54 55 56 57 60 62 64 67 68 69 73 76 77 78 80 83 85 87 88 89 93 95 96 101 104 105 107 108 109 110 111 115 116 118
44 80 66 45 46 47 48 49 50 51 52 53 54 55 56 57 58 59 60 61 62 63 64 65 67 68 69 70 71 72 73 74 75 76 77 78 79 80 81 82 83 84 85 86 87 88 89 90 91 92 93 94 95 96 97 98 99 100 101 102 103 104 105 106 107 108 109 110 111 112 113 114 115 116 117 118 119 120
45 53 66 46 47 48 49 50 51 52 53 54 55 56 57 58 59 60 61 62 63 64 65 67 68 69 70 71 72 73 74 75 76 77 78 79 80 81 82 83 84 85 86 87 88 89 90 91 92 93 94 95 96 97 98 99 100 101 102 103 104 105 106 107 108 109 110 111 112 113 114 115 116 117 118 119 120
46 51 47 49 50 52 53 54 55 56 57 60 62 64 67 68 69 73 76 77 78 80 81 83 85 87 88 89 93 95 96 101 104 105 107 108 109 110 111 115 116 118
47 68 66 48 49 50 51 52 53 54 55 56 57 58 59 60 61 62 63 64 65 67 68 69 70 71 72 73 74 75 76 77 78 79 80 81 82 83 84 85 86 87 88 89 90 91 92 93 94 95 96 97 98 99 100 101 102 103 104 105 106 107 108 109 110 111 112 113 114 115 116 117 118 119 120
48 90 49 50 52 53 54 55 56 57 60 62 64 67 68 69 73 76 77 78 80 83 88 89 93 95 96 101 104 105 107 108 109 110 111 115 116 118
49 64 66 50 51 52 53 54 55 56 57 58 59 60 61 62 63 64 65 67 68 69 70 71 72 73 74 75 76 77 78 79 80 81 82 83 84 85 86 87 88 89 90 91 92 93 94 95 96 97 98 99 100 101 102 103 104 105 106 107 108 109 110 111 112 113 114 115 116 117 118 119 120
50 81 51 52 53 54 55 56 57 60 61 62 63 64 65 67 68 69 70 71 72 73 74 75 76 77 78 79 80 81 83 84 85 86 87 88 89 90 91 92 93 94 95 96 97 98 101 102 103 104 105 106 107 108 109 110 111 112 114 115 116 117 118 119
51 66 52 53 54 55 56 57 60 62 64 67 68 69 73 76 77 78 80 83 88 89 93 95 96 101 104 105 107 108 109 110 111 115 116 118
52 67 53 54 55 56 57 60 61 62 63 64 65 67 68 69 70 71 72 73 74 75 76 77 78 79 80 81 82 83 84 85 86 87 88 89 90 91 92 93 94 95 96 97 98 100 101 102 103 104 105 106 107 108 109 110 111 112 113 114 115 116 117 118 119
53 80 66 54 55 56 57 58 59 60 61 62 63 64 65 67 68 69 70 71 72 73 74 75 76 77 78 79 80 81 82 83 84 85 86 87 88 89 90 91 92 93 94 95 96 97 98 99 100 101 102 103 104 105 106 107 108 109 110 111 112 113 114 115 116 117 118 119 120
54 37 66 55 56 57 58 59 60 61 62 63 64 65 67 68 69 70 71 72 73 74 75 76 77 78 79 80 81 82 83 84 85 86 87 88 89 90 91 92 93 94 95 96 97 98 99 100 101 102 103 104 105 106 107 108 109 110 111 112 113 114 115 116 117 118 119 120
55 92 66 56 57 58 59 60 61 62 63 64 65 67 68 69 70 71 72 73 74 75 76 77 78 79 80 81 82 83 84 85 86 87 88 89 90 91 92 93 94 95 96 97 98 99 100 101 102 103 104 105 106 107 108 109 110 111 112 113 114 115 116 117 118 119 120
56 67 66 57 58 60 61 62 63 64 65 67 68 69 70 71 72 73 74 75 76 77 78 79 80 81 82 83 84 85 86 87 88 89 90 91 92 93 94 95 96 97 98 99 100 101 102 103 104 105 106 107 108 109 110 111 112 113 114 115 116 117 118 119 120
57 64 66 58 59 60 61 62 63 64 65 67 68 69 70 71 72 73 74 75 76 77 78 79 80 81 82 83 84 85 86 87 88 89 90 91 92 93 94 95 96 97 98 99 100 101 102 103 104 105 106 107 108 109 110 111 112 113 114 115 116 117 118 119 120
58 31 60 62 64 67 68 69 73 76 77 80 83 88 89 93 96 104 105 107 108 109 110 111 116 118
59 94 60 62 64 67 68 69 77 80 83 88 93 96 104 105 107 108 109 110 111 116 118
60 45 66 61 62 63 64 65 67 68 69 70 71 72 73 74 75 76 77 78 79 80 81 82 83 84 85 86 87 88 89 90 91 92 93 94 95 96 97 98 99 100 101 102 103 104 105 106 107 108 109 110 111 112 113 114 115 116 117 118 119 120
61 80 62 64 67 68 69 73 76 77 78 80 83 88 89 93 95 96 101 104 105 107 108 109 110 111 115 116 118
62 28 66 63 64 65 67 68 69 70 71 72 73 74 75 76 77 78 79 80 81 82 83 84 85 86 87 88 89 90 91 92 93 94 95 96 97 98 99 100 101 102 103 104 105 106 107 108 109 110 111 112 113 114 115 116 117 118 119 120
63 76 64 67 68 69 73 76 77 78 80 81 83 85 87 88 89 93 95 96 101 104 105 107 108 109 110 111 115 116 118
64 29 66 65 67 68 69 70 71 72 73 74 75 76 77 78 79 80 81 82 83 84 85 86 87 88 89 90 91 92 93 94 95 96 97 98 99 100 101 102 103 104 105 106 107 108 109 110 111 112 113 114 115 116 117 118 119 120
65 64 67 68 69 73 76 77 78 80 83 87 88 89 93 95 96 101 104 105 107 108 109 110 111 115 116 118
66 38 67 68 69 77 80 83 88 93 96 104 105 107 108 109 110 111 116 118
67 48 68 69 70 71 72 73 74 75 76 77 78 79 80 81 82 83 84 85 86 87 88 89 90 91 92 93 94 95 96 97 98 99 100 101 102 103 104 105 106 107 108 109 110 111 112 113 114 115 116 117 118 119 120
68 40 69 70 71 72 73 74 75 76 77 78 79 80 81 82 83 84 85 86 87 88 89 90 91 92 93 94 95 96 97 98 99 100 101 102 103 104 105 106 107 108 109 110 111 112 113 114 115 116 117 118 119 120
69 29 70 71 72 73 74 75 76 77 78 79 80 81 82 83 84 85 86 87 88 89 90 91 92 93 94 95 96 97 98 99 100 101 102 103 104 105 106 107 108 109 110 111 112 113 114 115 116 117 118 119 120
70 44 71 72 73 74 76 77 78 79 80 81 83 85 87 88 89 91 92 93 94 95 96 97 98 101 102 104 105 107 108 109 110 111 112 114 115 116 118
71 81 72 73 76 77 78 79 80 81 83 85 87 88 89 91 92 93 94 95 96 97 101 104 105 107 108 109 110 111 112 114 115 116 118
72 35 73 76 77 78 79 80 81 83 85 87 88 89 91 92 93 94 95 96 97 101 104 105 107 108 109 110 111 112 114 115 116 118
73 51 74 75 76 77 78 79 80 81 82 83 84 85 86 87 88 89 90 91 92 93 94 95 96 97 98 99 100 101 102 103 104 105 106 107 108 109 110 111 112 113 114 115 116 117 118 119
74 48 76 77 78 80 81 83 85 87 88 89 91 93 94 95 96 97 101 104 105 107 108 109 110 111 115 116 118
75 67 76 77 78 80 81 83 85 87 88 89 93 95 96 101 104 105 107 108 109 110 111 115 116 118
76 24 77 78 79 80 81 82 83 84 85 86 87 88 89 90 91 92 93 94 95 96 97 98 99 100 101 102 103 104 105 106 107 108 109 110 111 112 113 114 115 116 117 118 119 120
77 46 78 79 80 81 82 83 84 85 86 87 88 89 90 91 92 93 94 95 96 97 98 99 100 101 102 103 104 105 106 107 108 109 110 111 112 113 114 115 116 117 118 119 120
78 38 79 80 81 83 84 85 86 87 88 89 90 91 92 93 94 95 96 97 98 101 102 103 104 105 106 107 108 109 110 111 112 114 115 116 117 118 119
79 76 80 81 83 85 87 88 89 91 92 93 94 95 96 97 101 104 105 107 108 109 110 111 112 114 115 116 118
80 22 81 82 83 84 85 86 87 88 89 90 91 92 93 94 95 96 97 98 99 100 101 102 103 104 105 106 107 108 109 110 111 112 113 114 115 116 117 118 119 120
81 30 83 85 87 88 89 91 92 93 94 95 96 97 98 101 102 103 104 105 107 108 109 110 111 112 114 115 116 118 119
82 67 83 88 89 93 96 101 104 105 107 108 109 110 111 116 118
83 45 84 85 86 87 88 89 90 91 92 93 94 95 96 97 98 99 100 101 102 103 104 105 106 107 108 109 110 111 112 113 114 115 116 117 118 119 120
84 41 85 87 88 89 93 95 96 101 104 105 107 108 109 110 111 115 116 118
85 29 86 87 88 89 91 92 93 94 95 96 97 98 101 102 103 104 105 106 107 108 109 110 111 112 114 115 116 117 118 119
86 41 87 88 89 93 95 96 101 104 105 107 108 109 110 111 115 116 118
87 79 88 89 91 92 93 94 95 96 97 98 101 102 103 104 105 106 107 108 109 110 111 112 114 115 116 117 118 119
88 21 89 90 91 92 93 94 95 96 97 98 99 100 101 102 103 104 105 106 107 108 109 110 111 112 113 114 115 116 117 118 119 120
89 25 90 91 92 93 94 95 96 97 98 99 100 101 102 103 104 105 106 107 108 109 110 111 112 113 114 115 116 117 118 119
90 90 93 95 96 101 104 105 107 108 109 110 111 115 116 118
91 62 92 93 94 95 96 97 101 102 104 105 107 108 109 110 111 112 114 115 116 118
92 34 93 94 95 96 97 101 104 105 107 108 109 110 111 112 114 115 116 118
93 73 94 95 96 97 98 99 100 101 102 103 104 105 106 107 108 109 110 111 112 113 114 115 116 117 118 119 120
94 50 95 96 97 101 102 104 105 107 108 109 110 111 112 114 115 116 118
95 79 96 97 98 101 102 103 104 105 106 107 108 109 110 111 112 114 115 116 117 118 119
96 66 97 98 99 100 101 102 103 104 105 106 107 108 109 110 111 112 113 114 115 116 117 118 119 120
97 59 98 101 102 104 105 107 108 109 110 111 112 114 115 116 118
98 42 101 104 105 107 108 109 110 111 115 116 118
99 90 101 104 105 107 108 109 110 111 116 118
100 79 101 104 105 107 108 109 110 111 116 118
101 70 102 103 104 105 106 107 108 109 110 111 112 113 114 115 116 117 118 119
102 66 104 105 107 108 109 110 111 115 116 118
103 80 104 105 107 108 109 110 111 115 116 118
104 35 105 106 107 108 109 110 111 112 113 114 115 116 117 118 119 120
105 62 106 107 108 109 110 111 112 113 114 115 116 117 118 119 120
106 98 107 108 109 110 111 115 116 118
107 97 108 109 110 111 112 113 114 115 116 117 118 119 120
108 37 109 110 111 112 113 114 115 116 117 118 119 120
109 32 110 111 112 113 114 115 116 117 118 119 120
110 75 111 112 113 114 115 116 117 118 119 120
111 91 112 113 114 115 116 117 118 119 120
112 91 114 115 116 118
113 48 115 116 118
114 26 115 116 118
115 23 116 117 118 119
116 32 117 118 119 120
117 100 118
118 46 119 120
119 29
120 26
