120 150
1 35 4 9 12 15 16 18 19 21 26 28 31 33 66 36 39 44 45 50 54 55 57 58 70 71 75 77 79 80 83 85 87 88 89 91 93 94 98 104 106 108 113 120
2 28 4 5 9 10 11 12 13 15 16 17 18 19 20 21 23 26 28 31 32 33 66 34 35 36 37 38 39 40 42 44 45 46 47 48 49 50 51 54 55 57 58 59 62 65 68 70 71 72 74 75 76 77 79 80 82 83 85 87 88 89 91 92 93 94 96 97 98 99 100 101 102 104 106 107 108 109 110 113 114 116 117 120
3 82 4 9 12 15 16 18 19 21 26 28 31 33 66 36 39 44 45 50 51 54 55 57 58 70 71 75 77 79 80 83 85 87 88 89 91 93 94 98 104 106 108 113 120
4 73 5 7 8 9 10 11 12 13 14 15 16 17 18 19 20 21 22 23 24 25 26 27 28 29 31 32 33 66 34 35 36 37 38 39 40 41 42 43 44 45 46 47 48 49 50 51 53 54 55 56 57 58 59 61 62 63 65 67 68 69 70 71 72 73 74 75 76 77 78 79 80 81 82 83 84 85 86 87 88 89 90 91 92 93 94 95 96 97 98 99 100 101 102 103 104 105 106 107 108 109 110 112 113 114 115 116 117 119 120
5 34 7 8 9 10 11 12 13 14 15 16 17 18 19 20 21 22 23 24 26 27 28 29 31 32 33 66 34 35 36 37 38 39 40 41 42 43 44 45 46 47 48 49 50 51 54 55 57 58 59 61 62 63 65 67 68 70 71 72 74 75 76 77 78 79 80 81 82 83 84 85 86 87 88 89 90 91 92 93 94 96 97 98 99 100 101 102 103 104 105 106 107 108 109 110 112 113 114 116 117 120
6 92 9 12 15 16 19 21 26 31 66 36 39 44 45 50 54 55 57 58 70 71 75 79 80 85 88 89 93 94 104 106 113 120
7 51 9 11 12 15 16 17 18 19 20 21 26 28 31 32 33 66 34 36 37 38 39 40 42 44 45 46 48 49 50 51 54 55 57 58 59 62 65 70 71 72 74 75 76 77 79 80 82 83 85 87 88 89 91 93 94 96 97 98 99 100 101 104 106 107 108 110 113 114 116 117 120
8 35 9 11 12 15 16 17 18 19 20 21 26 28 31 32 33 66 34 36 37 38 39 40 42 44 45 46 48 49 50 51 54 55 57 58 59 62 65 70 71 72 74 75 76 77 79 80 82 83 85 87 88 89 91 93 94 96 97 98 99 100 101 104 106 107 108 110 113 114 116 117 120
9 51 10 11 12 13 14 15 16 17 18 19 20 21 22 23 24 25 26 27 28 29 30 31 32 33 66 34 35 36 37 38 39 40 41 42 43 44 45 46 47 48 49 50 51 52 53 54 55 56 57 58 59 60 61 62 63 64 65 67 68 69 70 71 72 73 74 75 76 77 78 79 80 81 82 83 84 85 86 87 88 89 90 91 92 93 94 95 96 97 98 99 100 101 102 103 104 105 106 107 108 109 110 111 112 113 114 115 116 117 118 119 120
10 47 11 12 15 16 17 18 19 20 21 23 26 28 31 32 33 66 34 36 37 38 39 40 42 44 45 46 48 49 50 51 54 55 57 58 59 62 65 68 70 71 72 74 75 76 77 79 80 82 83 85 87 88 89 91 92 93 94 96 97 98 99 100 101 102 104 106 107 108 109 110 113 114 116 117 120
11 64 12 13 15 16 17 18 19 20 21 22 23 26 28 31 32 33 66 34 35 36 37 38 39 40 41 42 44 45 46 47 48 49 50 51 54 55 57 58 59 61 62 65 67 68 70 71 72 74 75 76 77 79 80 82 83 85 86 87 88 89 90 91 92 93 94 96 97 98 99 100 101 102 104 106 107 108 109 110 113 114 116 117 120
12 89 13 14 15 16 17 18 19 20 21 22 23 24 25 26 27 28 29 30 31 32 33 66 34 35 36 37 38 39 40 41 42 43 44 45 46 47 48 49 50 51 52 53 54 55 56 57 58 59 60 61 62 63 65 67 68 69 70 71 72 73 74 75 76 77 78 79 80 81 82 83 84 85 86 87 88 89 90 91 92 93 94 95 96 97 98 99 100 101 102 103 104 105 106 107 108 109 110 112 113 114 115 116 117 118 119 120
13 72 15 16 17 18 19 20 21 23 26 28 31 32 33 66 34 36 37 38 39 40 42 44 45 46 48 49 50 51 54 55 57 58 59 62 65 68 70 71 72 74 75 76 77 79 80 82 83 85 87 88 89 91 93 94 96 97 98 99 100 101 104 106 107 108 110 113 114 116 117 120
14 89 15 16 17 18 19 21 26 28 31 33 66 36 39 44 45 50 51 54 55 57 58 65 70 71 75 77 79 80 83 85 87 88 89 91 93 94 96 98 104 106 107 108 113 120
15 22 16 17 18 19 20 21 22 23 24 25 26 27 28 29 30 31 32 33 66 34 35 36 37 38 39 40 41 42 43 44 45 46 47 48 49 50 51 52 53 54 55 56 57 58 59 60 61 62 63 64 65 67 68 69 70 71 72 73 74 75 76 77 78 79 80 81 82 83 84 85 86 87 88 89 90 91 92 93 94 95 96 97 98 99 100 101 102 103 104 105 106 107 108 109 110 111 112 113 114 115 116 117 118 119 120
16 52 17 18 19 20 21 22 23 24 25 26 27 28 29 30 31 32 33 66 34 35 36 37 38 39 40 41 42 43 44 45 46 47 48 49 50 51 52 53 54 55 56 57 58 59 60 61 62 63 64 65 67 68 69 70 71 72 73 74 75 76 77 78 79 80 81 82 83 84 85 86 87 88 89 90 91 92 93 94 95 96 97 98 99 100 101 102 103 104 105 106 107 108 109 110 111 112 113 114 115 116 117 118 119 120
17 75 18 19 20 21 22 23 24 26 27 28 29 31 32 33 66 34 35 36 37 38 39 40 41 42 43 44 45 46 47 48 49 50 51 54 55 57 58 59 61 62 63 65 67 68 70 71 72 74 75 76 77 78 79 80 81 82 83 84 85 86 87 88 89 90 91 92 93 94 96 97 98 99 100 101 102 103 104 105 106 107 108 109 110 112 113 114 116 117 120
18 85 19 20 21 22 23 24 25 26 27 28 29 30 31 32 33 66 34 35 36 37 38 39 40 41 42 43 44 45 46 47 48 49 50 51 52 53 54 55 56 57 58 59 60 61 62 63 65 67 68 69 70 71 72 73 74 75 76 77 78 79 80 81 82 83 84 85 86 87 88 89 90 91 92 93 94 95 96 97 98 99 100 101 102 103 104 105 106 107 108 109 110 112 113 114 115 116 117 119 120
19 73 20 21 22 23 24 25 26 27 28 29 30 31 32 33 66 34 35 36 37 38 39 40 41 42 43 44 45 46 47 48 49 50 51 52 53 54 55 56 57 58 59 60 61 62 63 64 65 67 68 69 70 71 72 73 74 75 76 77 78 79 80 81 82 83 84 85 86 87 88 89 90 91 92 93 94 95 96 97 98 99 100 101 102 103 104 105 106 107 108 109 110 111 112 113 114 115 116 117 118 119 120
20 83 21 22 23 24 26 27 28 29 31 32 33 66 34 35 36 37 38 39 40 41 42 44 45 46 47 48 49 50 51 54 55 57 58 59 61 62 65 67 68 70 71 72 74 75 76 77 78 79 80 81 82 83 84 85 86 87 88 89 90 91 92 93 94 96 97 98 99 100 101 102 103 104 105 106 107 108 109 110 112 113 114 116 117 120
21 56 22 23 24 25 26 27 28 29 30 31 32 33 66 34 35 36 37 38 39 40 41 42 43 44 45 46 47 48 49 50 51 52 53 54 55 56 57 58 59 60 61 62 63 64 65 67 68 69 70 71 72 73 74 75 76 77 78 79 80 81 82 83 84 85 86 87 88 89 90 91 92 93 94 95 96 97 98 99 100 101 102 103 104 105 106 107 108 109 110 111 112 113 114 115 116 117 118 119 120
22 58 26 28 31 32 33 66 36 38 39 40 44 45 46 48 49 50 51 54 55 57 58 59 65 70 71 74 75 76 77 79 80 82 83 85 87 88 89 91 93 94 96 97 98 104 106 107 108 113 117 120
23 57 26 28 31 32 33 66 34 35 36 37 38 39 40 42 44 45 46 47 48 49 50 51 54 55 57 58 59 62 65 68 70 71 72 74 75 76 77 79 80 82 83 85 87 88 89 91 92 93 94 96 97 98 99 100 101 102 104 106 107 108 109 110 113 114 116 117 120
24 64 26 28 31 33 66 36 39 40 44 45 48 50 51 54 55 57 58 65 70 71 74 75 77 79 80 83 85 87 88 89 91 93 94 96 98 104 106 107 108 113 120
25 50 26 31 33 66 36 39 44 45 50 54 55 57 58 70 71 75 77 79 80 85 87 88 89 91 93 94 98 104 106 113 120
26 66 27 28 29 30 31 32 33 66 34 35 36 37 38 39 40 41 42 43 44 45 46 47 48 49 50 51 52 53 54 55 56 57 58 59 60 61 62 63 64 65 67 68 69 70 71 72 73 74 75 76 77 78 79 80 81 82 83 84 85 86 87 88 89 90 91 92 93 94 95 96 97 98 99 100 101 102 103 104 105 106 107 108 109 110 111 112 113 114 115 116 117 118 119 120
27 26 28 31 33 66 36 38 39 40 44 45 48 50 51 54 55 57 58 65 70 71 74 75 76 77 79 80 83 85 87 88 89 91 93 94 96 98 104 106 107 108 113 120
28 80 29 31 32 33 66 34 35 36 37 38 39 40 41 42 43 44 45 46 47 48 49 50 51 53 54 55 56 57 58 59 61 62 63 65 67 68 69 70 71 72 73 74 75 76 77 78 79 80 81 82 83 84 85 86 87 88 89 90 91 92 93 94 95 96 97 98 99 100 101 102 103 104 105 106 107 108 109 110 112 113 114 115 116 117 119 120
29 61 31 33 66 36 39 40 44 45 48 50 51 54 55 57 58 65 70 71 74 75 77 79 80 83 85 87 88 89 91 93 94 96 98 104 106 107 108 113 120
30 54 31 66 36 39 44 45 50 54 55 57 58 70 71 75 79 80 85 88 89 93 94 98 104 106 113 120
31 40 32 33 66 34 35 36 37 38 39 40 41 42 43 44 45 46 47 48 49 50 51 52 53 54 55 56 57 58 59 60 61 62 63 64 65 67 68 69 70 71 72 73 74 75 76 77 78 79 80 81 82 83 84 85 86 87 88 89 90 91 92 93 94 95 96 97 98 99 100 101 102 103 104 105 106 107 108 109 110 111 112 113 114 115 116 117 118 119 120
32 89 33 66 34 35 36 37 38 39 40 41 42 44 45 46 47 48 49 50 51 54 55 57 58 59 61 62 65 67 68 70 71 72 74 75 76 77 79 80 82 83 85 86 87 88 89 90 91 92 93 94 96 97 98 99 100 101 102 104 106 107 108 109 110 113 114 116 117 120
33 46 66 34 35 36 37 38 39 40 41 42 43 44 45 46 47 48 49 50 51 53 54 55 56 57 58 59 61 62 63 65 67 68 69 70 71 72 73 74 75 76 77 78 79 80 81 82 83 84 85 86 87 88 89 90 91 92 93 94 95 96 97 98 99 100 101 102 103 104 105 106 107 108 109 110 112 113 114 115 116 117 119 120
34 45 66 35 36 37 38 39 40 42 44 45 46 47 48 49 50 51 54 55 57 58 59 62 65 67 68 70 71 72 74 75 76 77 79 80 82 83 85 87 88 89 91 92 93 94 96 97 98 99 100 101 102 104 106 107 108 109 110 113 114 116 117 120
35 59 66 36 37 38 39 40 42 44 45 46 48 49 50 51 54 55 57 58 59 62 65 68 70 71 72 74 75 76 77 79 80 82 83 85 87 88 89 91 93 94 96 97 98 99 100 101 104 106 107 108 110 113 114 116 117 120
36 51 66 37 38 39 40 41 42 43 44 45 46 47 48 49 50 51 52 53 54 55 56 57 58 59 60 61 62 63 64 65 67 68 69 70 71 72 73 74 75 76 77 78 79 80 81 82 83 84 85 86 87 88 89 90 91 92 93 94 95 96 97 98 99 100 101 102 103 104 105 106 107 108 109 110 111 112 113 114 115 116 117 118 119 120
37 79 66 38 39 40 42 44 45 46 47 48 49 50 51 54 55 57 58 59 62 65 67 68 70 71 72 74 75 76 77 79 80 82 83 85 86 87 88 89 91 92 93 94 96 97 98 99 100 101 102 104 106 107 108 109 110 113 114 116 117 120
38 73 66 39 40 41 42 44 45 46 47 48 49 50 51 54 55 57 58 59 61 62 65 67 68 70 71 72 74 75 76 77 78 79 80 81 82 83 84 85 86 87 88 89 90 91 92 93 94 96 97 98 99 100 101 102 104 106 107 108 109 110 112 113 114 116 117 120
39 95 66 40 41 42 43 44 45 46 47 48 49 50 51 52 53 54 55 56 57 58 59 60 61 62 63 65 67 68 69 70 71 72 73 74 75 76 77 78 79 80 81 82 83 84 85 86 87 88 89 90 91 92 93 94 95 96 97 98 99 100 101 102 103 104 105 106 107 108 109 110 112 113 114 115 116 117 118 119 120
40 42 66 41 42 44 45 46 47 48 49 50 51 54 55 57 58 59 61 62 65 67 68 70 71 72 74 75 76 77 78 79 80 81 82 83 84 85 86 87 88 89 90 91 92 93 94 96 97 98 99 100 101 102 103 104 105 106 107 108 109 110 112 113 114 116 117 120
41 21 66 44 45 46 48 49 50 51 54 55 57 58 59 65 70 71 74 75 76 77 79 80 82 83 85 87 88 89 91 93 94 96 97 98 104 106 107 108 113 117 120
42 64 66 44 45 46 47 48 49 50 51 54 55 57 58 59 62 65 68 70 71 72 74 75 76 77 79 80 82 83 85 87 88 89 91 92 93 94 96 97 98 99 100 101 102 104 106 107 108 109 110 113 114 116 117 120
43 73 66 44 45 50 51 54 55 57 58 65 70 71 75 77 79 80 83 85 87 88 89 91 93 94 96 98 104 106 107 108 113 120
44 68 66 45 46 47 48 49 50 51 52 53 54 55 56 57 58 59 60 61 62 63 64 65 67 68 69 70 71 72 73 74 75 76 77 78 79 80 81 82 83 84 85 86 87 88 89 90 91 92 93 94 95 96 97 98 99 100 101 102 103 104 105 106 107 108 109 110 111 112 113 114 115 116 117 118 119 120
45 65 66 46 47 48 49 50 51 52 53 54 55 56 57 58 59 60 61 62 63 64 65 67 68 69 70 71 72 73 74 75 76 77 78 79 80 81 82 83 84 85 86 87 88 89 90 91 92 93 94 95 96 97 98 99 100 101 102 103 104 105 106 107 108 109 110 111 112 113 114 115 116 117 118 119 120
46 100 66 47 48 49 50 51 54 55 57 58 59 62 65 67 68 70 71 72 74 75 76 77 79 80 82 83 85 86 87 88 89 91 92 93 94 96 97 98 99 100 101 102 104 106 107 108 109 110 113 114 116 117 120
47 50 66 48 49 50 51 54 55 57 58 59 62 65 68 70 71 72 74 75 76 77 79 80 82 83 85 87 88 89 91 93 94 96 97 98 99 100 101 104 106 107 108 110 113 114 116 117 120
48 81 66 49 50 51 54 55 57 58 59 61 62 65 67 68 70 71 72 74 75 76 77 78 79 80 81 82 83 84 85 86 87 88 89 90 91 92 93 94 96 97 98 99 100 101 102 103 104 105 106 107 108 109 110 112 113 114 116 117 120
49 55 66 50 51 54 55 57 58 59 62 65 67 68 70 71 72 74 75 76 77 79 80 82 83 85 86 87 88 89 91 92 93 94 96 97 98 99 100 101 102 104 106 107 108 109 110 113 114 116 117 120
50 71 66 51 52 53 54 55 56 57 58 59 60 61 62 63 64 65 67 68 69 70 71 72 73 74 75 76 77 78 79 80 81 82 83 84 85 86 87 88 89 90 91 92 93 94 95 96 97 98 99 100 101 102 103 104 105 106 107 108 109 110 111 112 113 114 115 116 117 118 119 120
51 44 66 53 54 55 56 57 58 59 61 62 63 65 67 68 70 71 72 73 74 75 76 77 78 79 80 81 82 83 84 85 86 87 88 89 90 91 92 93 94 95 96 97 98 99 100 101 102 103 104 105 106 107 108 109 110 112 113 114 115 116 117 120
52 63 66 54 55 57 58 70 71 75 79 80 85 88 89 93 94 104 106 113 120
53 76 66 54 55 57 58 70 71 75 77 79 80 83 85 87 88 89 91 93 94 98 104 106 108 113 120
54 36 66 55 56 57 58 59 60 61 62 63 64 65 67 68 69 70 71 72 73 74 75 76 77 78 79 80 81 82 83 84 85 86 87 88 89 90 91 92 93 94 95 96 97 98 99 100 101 102 103 104 105 106 107 108 109 110 111 112 113 114 115 116 117 118 119 120
55 73 66 56 57 58 59 60 61 62 63 65 67 68 69 70 71 72 73 74 75 76 77 78 79 80 81 82 83 84 85 86 87 88 89 90 91 92 93 94 95 96 97 98 99 100 101 102 103 104 105 106 107 108 109 110 112 113 114 115 116 117 118 119 120
56 74 66 57 58 70 71 75 77 79 80 83 85 87 88 89 91 93 94 98 104 106 108 113 120
57 98 66 58 59 60 61 62 63 64 65 67 68 69 70 71 72 73 74 75 76 77 78 79 80 81 82 83 84 85 86 87 88 89 90 91 92 93 94 95 96 97 98 99 100 101 102 103 104 105 106 107 108 109 110 111 112 113 114 115 116 117 118 119 120
58 36 66 59 60 61 62 63 64 65 67 68 69 70 71 72 73 74 75 76 77 78 79 80 81 82 83 84 85 86 87 88 89 90 91 92 93 94 95 96 97 98 99 100 101 102 103 104 105 106 107 108 109 110 111 112 113 114 115 116 117 118 119 120
59 97 66 61 62 65 67 68 70 71 72 74 75 76 77 78 79 80 82 83 85 86 87 88 89 90 91 92 93 94 96 97 98 99 100 101 102 104 106 107 108 109 110 113 114 116 117 120
60 23 66 70 71 75 79 80 85 88 89 91 93 94 98 104 106 113 120
61 58 66 65 70 71 74 75 76 77 79 80 82 83 85 87 88 89 91 93 94 96 97 98 104 106 107 108 113 117 120
62 50 66 65 67 68 70 71 72 74 75 76 77 79 80 82 83 85 87 88 89 91 92 93 94 96 97 98 99 100 101 102 104 106 107 108 109 110 113 114 116 117 120
63 70 66 65 70 71 75 77 79 80 83 85 87 88 89 91 93 94 98 104 106 107 108 113 120
64 75 66 70 71 75 79 80 85 88 89 93 94 104 106 113 120
65 97 66 67 68 70 71 72 74 75 76 77 78 79 80 81 82 83 84 85 86 87 88 89 90 91 92 93 94 96 97 98 99 100 101 102 103 104 105 106 107 108 109 110 112 113 114 116 117 120
66 76 67 68 69 70 71 72 73 74 75 76 77 78 79 80 81 82 83 84 85 86 87 88 89 90 91 92 93 94 95 96 97 98 99 100 101 102 103 104 105 106 107 108 109 110 111 112 113 114 115 116 117 118 119 120
67 24 70 71 72 74 75 76 77 79 80 82 83 85 87 88 89 91 93 94 96 97 98 99 100 101 104 106 107 108 110 113 114 117 120
68 72 70 71 72 74 75 76 77 79 80 82 83 85 87 88 89 91 92 93 94 96 97 98 99 100 101 102 104 106 107 108 109 110 113 114 116 117 120
69 34 70 71 75 77 79 80 83 85 87 88 89 91 93 94 98 104 106 108 113 120
70 36 71 72 73 74 75 76 77 78 79 80 81 82 83 84 85 86 87 88 89 90 91 92 93 94 95 96 97 98 99 100 101 102 103 104 105 106 107 108 109 110 111 112 113 114 115 116 117 118 119 120
71 67 72 73 74 75 76 77 78 79 80 81 82 83 84 85 86 87 88 89 90 91 92 93 94 95 96 97 98 99 100 101 102 103 104 105 106 107 108 109 110 111 112 113 114 115 116 117 118 119 120
72 45 74 75 76 77 79 80 82 83 85 86 87 88 89 91 92 93 94 96 97 98 99 100 101 102 104 106 107 108 109 110 113 114 116 117 120
73 55 75 77 79 80 83 85 87 88 89 91 93 94 98 104 106 108 113 120
74 94 75 76 77 78 79 80 81 82 83 84 85 86 87 88 89 90 91 92 93 94 96 97 98 99 100 101 102 103 104 105 106 107 108 109 110 112 113 114 116 117 120
75 63 76 77 78 79 80 81 82 83 84 85 86 87 88 89 90 91 92 93 94 95 96 97 98 99 100 101 102 103 104 105 106 107 108 109 110 111 112 113 114 115 116 117 118 119 120
76 100 77 78 79 80 81 82 83 84 85 86 87 88 89 90 91 92 93 94 96 97 98 99 100 101 102 104 106 107 108 109 110 112 113 114 116 117 120
77 95 78 79 80 81 82 83 84 85 86 87 88 89 90 91 92 93 94 95 96 97 98 99 100 101 102 103 104 105 106 107 108 109 110 112 113 114 115 116 117 119 120
78 54 79 80 82 83 85 87 88 89 91 93 94 96 98 104 106 107 108 113 117 120
79 40 80 81 82 83 84 85 86 87 88 89 90 91 92 93 94 95 96 97 98 99 100 101 102 103 104 105 106 107 108 109 110 111 112 113 114 115 116 117 118 119 120
80 62 81 82 83 84 85 86 87 88 89 90 91 92 93 94 95 96 97 98 99 100 101 102 103 104 105 106 107 108 109 110 111 112 113 114 115 116 117 118 119 120
81 68 83 85 87 88 89 91 93 94 96 98 104 106 107 108 113 120
82 87 83 84 85 86 87 88 89 90 91 92 93 94 96 97 98 99 100 101 102 104 106 107 108 109 110 113 114 116 117 120
83 48 84 85 86 87 88 89 90 91 92 93 94 95 96 97 98 99 100 101 102 103 104 105 106 107 108 109 110 112 113 114 115 116 117 119 120
84 37 85 87 88 89 91 93 94 96 98 104 106 107 108 113 120
85 85 86 87 88 89 90 91 92 93 94 95 96 97 98 99 100 101 102 103 104 105 106 107 108 109 110 111 112 113 114 115 116 117 118 119 120
86 73 87 88 89 91 93 94 96 97 98 99 104 106 107 108 113 114 117 120
87 62 88 89 90 91 92 93 94 95 96 97 98 99 100 101 102 103 104 105 106 107 108 109 110 112 113 114 115 116 117 119 120
88 22 89 90 91 92 93 94 95 96 97 98 99 100 101 102 103 104 105 106 107 108 109 110 111 112 113 114 115 116 117 118 119 120
89 23 90 91 92 93 94 95 96 97 98 99 100 101 102 103 104 105 106 107 108 109 110 111 112 113 114 115 116 117 118 119 120
90 33 91 93 94 96 98 104 106 107 108 113 117 120
91 81 92 93 94 95 96 97 98 99 100 101 102 103 104 105 106 107 108 109 110 112 113 114 115 116 117 119 120
92 41 93 94 96 97 98 99 100 101 104 106 107 108 109 110 113 114 116 117 120
93 27 94 95 96 97 98 99 100 101 102 103 104 105 106 107 108 109 110 111 112 113 114 115 116 117 118 119 120
94 95 95 96 97 98 99 100 101 102 103 104 105 106 107 108 109 110 111 112 113 114 115 116 117 118 119 120
95 46 98 104 106 108 113 120
96 69 97 98 99 100 101 102 103 104 105 106 107 108 109 110 112 113 114 116 117 120
97 45 98 99 100 101 102 104 106 107 108 109 110 113 114 116 117 120
98 39 99 100 101 102 103 104 105 106 107 108 109 110 112 113 114 115 116 117 119 120
99 32 100 101 102 104 106 107 108 109 110 113 114 116 117 120
100 98 101 102 104 106 107 108 109 110 113 114 116 117 120
101 41 102 104 106 107 108 109 110 113 114 116 117 120
102 46 104 106 107 108 109 110 113 114 116 117 120
103 100 104 106 107 108 113 120
104 86 105 106 107 108 109 110 111 112 113 114 115 116 117 118 119 120
105 84 106 107 108 113 120
106 39 107 108 109 110 111 112 113 114 115 116 117 118 119 120
107 67 108 109 110 112 113 114 116 117 120
108 34 109 110 112 113 114 115 116 117 119 120
109 92 110 113 114 116 117 120
110 59 113 114 116 117 120
111 43 113 120
112 21 113 120
113 56 114 115 116 117 118 119 120
114 88 116 117 120
115 26 120
116 35 117 120
117 51 120
118 22 120
119 100 120
120 96
