500 150
1 36 4 14 43 49 61 127 261 146 224 241 251 268 275 297 319 320 340 348 362 363 365 388 408 421 443 467 474
2 35 4 6 7 9 13 14 18 20 22 25 26 29 32 66 34 38 40 42 43 46 47 48 49 51 52 55 56 58 59 61 62 63 64 131 67 68 76 77 80 82 83 84 87 88 89 90 92 94 101 103 105 107 110 111 113 114 119 121 123 124 125 126 127 129 258 259 260 261 262 133 134 136 145 146 147 151 152 153 154 157 160 161 162 163 164 166 167 169 171 172 173 174 176 178 179 186 187 191 193 195 197 201 207 210 212 215 216 221 222 223 224 226 227 228 230 231 232 233 235 239 241 247 249 250 251 252 263 264 265 268 269 272 274 275 281 282 286 289 290 293 294 297 301 302 304 306 309 310 311 316 319 320 321 322 326 327 330 331 332 335 336 339 340 342 343 345 346 347 348 350 352 353 354 359 360 362 363 365 366 373 375 378 383 386 387 388 391 393 394 396 397 398 399 400 406 407 408 409 411 415 417 420 421 424 426 431 435 437 443 448 450 451 454 455 461 463 467 472 473 474 476 479 480 481 486 487 488 490 494 496 498 499 500
3 92 320
4 88 6 7 9 10 13 14 15 16 18 19 20 22 24 25 26 29 32 66 34 35 38 40 42 43 46 47 48 49 51 52 55 56 58 59 61 62 63 64 65 131 67 68 69 70 72 76 77 80 82 83 84 87 88 89 90 92 93 94 97 99 101 103 105 107 110 111 113 114 115 117 119 121 123 124 125 126 127 128 129 258 259 260 261 262 133 134 135 136 138 145 146 147 151 152 153 154 157 160 161 162 163 164 166 167 168 169 171 172 173 174 176 178 179 182 183 186 187 191 193 194 195 197 201 203 205 207 210 212 214 215 216 221 222 223 224 225 226 227 228 230 231 232 233 234 235 236 238 239 241 244 245 246 247 249 250 251 252 263 264 265 268 269 271 272 274 275 279 281 282 286 289 290 293 294 297 301 302 304 306 307 308 309 310 311 315 316 317 319 320 321 322 326 327 330 331 332 335 336 339 340 342 343 345 346 347 348 350 352 353 354 357 359 360 361 362 363 365 366 373 375 377 378 383 386 387 388 391 392 393 394 395 396 397 398 399 400 402 405 406 407 408 409 411 412 415 417 420 421 424 426 430 431 432 434 435 437 441 442 443 444 445 446 448 450 451 452 454 455 456 457 460 461 463 464 467 472 473 474 475 476 479 480 481 486 487 488 490 491 494 496 498 499 500
5 49
6 89 14 18 20 32 43 49 58 61 62 131 67 87 90 101 107 119 124 125 127 261 146 151 152 153 154 163 171 173 174 178 186 187 191 197 224 233 241 247 249 251 264 265 268 269 275 282 289 297 304 306 319 320 321 326 332 335 340 342 343 345 347 348 352 359 360 362 363 365 378 387 388 391 393 394 396 397 407 408 411 421 443 461 467 474 476 481 498
7 23 14 18 20 32 43 49 61 131 67 90 101 107 119 124 125 127 261 146 152 153 154 163 171 173 186 187 191 224 233 241 247 249 251 264 268 269 275 282 289 297 304 319 320 321 326 335 340 342 343 345 347 348 352 359 360 362 363 365 378 387 388 391 393 397 407 408 411 421 443 461 467 474 476 481 498
8 86
9 80 13 14 18 20 22 29 32 66 34 38 40 43 47 48 49 51 52 56 58 61 62 64 131 67 76 80 82 83 84 87 89 90 92 94 101 107 110 111 113 114 119 121 123 124 125 126 127 259 261 262 134 145 146 147 151 152 153 154 157 160 161 162 163 164 166 167 171 172 173 174 178 186 187 191 193 197 201 207 210 212 215 222 224 226 228 230 231 233 239 241 247 249 250 251 252 264 265 268 269 272 274 275 282 289 290 293 297 301 304 306 310 311 316 319 320 321 322 326 330 332 335 340 342 343 345 347 348 350 352 354 359 360 362 363 365 378 383 386 387 388 391 393 394 396 397 398 399 400 407 408 409 411 415 417 420 421 424 426 431 443 448 450 451 454 455 461 463 467 472 473 474 476 480 481 486 490 494 496 498
10 65 43 49 61 127 146 224 241 251 268 275 297 319 320 340 348 362 365 408 421 443 467 474
11 21
12 47
13 55 14 18 20 22 26 29 32 66 34 38 40 43 46 47 48 49 51 52 55 56 58 59 61 62 63 64 131 67 68 76 77 80 82 83 84 87 89 90 92 94 101 103 107 110 111 113 114 119 121 123 124 125 126 127 129 258 259 261 262 134 136 145 146 147 151 152 153 154 157 160 161 162 163 164 166 167 171 172 173 174 176 178 186 187 191 193 195 197 201 207 210 212 215 221 222 224 226 227 228 230 231 233 235 239 241 247 249 250 251 252 263 264 265 268 269 272 274 275 281 282 286 289 290 293 294 297 301 302 304 306 310 311 316 319 320 321 322 326 330 331 332 335 336 340 342 343 345 347 348 350 352 354 359 360 362 363 365 366 373 375 378 383 386 387 388 391 393 394 396 397 398 399 400 406 407 408 409 411 415 417 420 421 424 426 431 435 437 443 448 450 451 454 455 461 463 467 472 473 474 476 480 481 486 487 488 490 494 496 498 499
14 27 15 18 19 20 22 25 26 29 32 66 34 35 38 40 42 43 46 47 48 49 51 52 55 56 58 59 61 62 63 64 65 131 67 68 70 76 77 80 82 83 84 87 88 89 90 92 93 94 97 99 101 103 105 107 110 111 113 114 115 117 119 121 123 124 125 126 127 128 129 258 259 260 261 262 133 134 135 136 145 146 147 151 152 153 154 157 160 161 162 163 164 166 167 168 169 171 172 173 174 176 178 179 183 186 187 191 193 194 195 197 201 203 205 207 210 212 214 215 216 221 222 223 224 225 226 227 228 230 231 232 233 235 236 238 239 241 245 246 247 249 250 251 252 263 264 265 268 269 272 274 275 279 281 282 286 289 290 293 294 297 301 302 304 306 307 309 310 311 315 316 319 320 321 322 326 327 330 331 332 335 336 339 340 342 343 345 346 347 348 350 352 353 354 357 359 360 361 362 363 365 366 373 375 377 378 383 386 387 388 391 392 393 394 395 396 397 398 399 400 402 406 407 408 409 411 415 417 420 421 424 426 430 431 432 435 437 441 442 443 446 448 450 451 452 454 455 456 457 460 461 463 467 472 473 474 476 479 480 481 486 487 488 490 491 494 496 498 499 500
15 99 18 43 49 61 127 261 146 186 224 233 241 251 264 268 269 275 297 304 319 320 340 348 362 363 365 388 408 421 443 467 474
16 35 43 49 61 127 146 224 241 251 268 320 340 348 362 365 408 443 467
17 40
18 88 20 22 25 26 29 32 66 34 35 38 40 42 43 46 47 48 49 51 52 55 56 58 59 61 62 63 64 65 131 67 68 70 76 77 80 82 83 84 87 88 89 90 92 94 97 99 101 103 105 107 110 111 113 114 115 119 121 123 124 125 126 127 128 129 258 259 260 261 262 133 134 135 136 145 146 147 151 152 153 154 157 160 161 162 163 164 166 167 168 169 171 172 173 174 176 178 179 183 186 187 191 193 194 195 197 201 205 207 210 212 214 215 216 221 222 223 224 225 226 227 228 230 231 232 233 235 236 238 239 241 245 246 247 249 250 251 252 263 264 265 268 269 272 274 275 279 281 282 286 289 290 293 294 297 301 302 304 306 309 310 311 316 319 320 321 322 326 327 330 331 332 335 336 339 340 342 343 345 346 347 348 350 352 353 354 359 360 361 362 363 365 366 373 375 377 378 383 386 387 388 391 392 393 394 395 396 397 398 399 400 406 407 408 409 411 415 417 420 421 424 426 430 431 432 435 437 441 442 443 446 448 450 451 452 454 455 456 457 460 461 463 467 472 473 474 476 479 480 481 486 487 488 490 494 496 498 499 500
19 45 43 49 61 127 261 146 224 241 251 268 275 297 319 320 340 348 362 363 365 388 408 421 443 467 474
20 90 22 25 26 29 32 66 34 35 38 40 42 43 46 47 48 49 51 52 55 56 58 59 61 62 63 64 131 67 68 70 76 77 80 82 83 84 87 88 89 90 92 94 101 103 105 107 110 111 113 114 119 121 123 124 125 126 127 129 258 259 260 261 262 133 134 136 145 146 147 151 152 153 154 157 160 161 162 163 164 166 167 169 171 172 173 174 176 178 179 186 187 191 193 195 197 201 207 210 212 214 215 216 221 222 223 224 226 227 228 230 231 232 233 235 239 241 247 249 250 251 252 263 264 265 268 269 272 274 275 281 282 286 289 290 293 294 297 301 302 304 306 309 310 311 316 319 320 321 322 326 327 330 331 332 335 336 339 340 342 343 345 346 347 348 350 352 353 354 359 360 361 362 363 365 366 373 375 378 383 386 387 388 391 393 394 396 397 398 399 400 406 407 408 409 411 415 417 420 421 424 426 431 432 435 437 443 446 448 450 451 454 455 461 463 467 472 473 474 476 479 480 481 486 487 488 490 494 496 498 499 500
21 54 320
22 40 29 32 66 34 38 40 43 47 48 49 51 52 56 58 61 62 64 131 67 76 80 82 83 84 87 89 90 92 94 101 107 110 111 113 114 119 121 123 124 125 126 127 259 261 262 134 145 146 147 151 152 153 154 157 160 161 162 163 164 166 167 171 172 173 174 178 186 187 191 193 197 201 207 210 212 215 222 224 226 228 230 231 233 239 241 247 249 250 251 252 264 265 268 269 272 274 275 282 289 290 293 297 301 304 306 310 311 316 319 320 321 322 326 330 332 335 340 342 343 345 347 348 350 352 354 359 360 362 363 365 378 383 386 387 388 391 393 394 396 397 399 400 407 408 409 411 415 417 420 421 424 426 431 443 448 450 451 454 455 461 463 467 472 473 474 476 480 481 486 490 494 496 498
23 24
24 41 49 320 340 348 362
25 91 32 43 49 61 62 131 67 87 90 101 107 119 124 125 127 261 146 151 152 153 154 163 171 173 186 187 191 224 233 241 247 249 251 264 265 268 269 275 282 289 297 304 319 320 321 326 335 340 342 343 345 347 348 352 359 360 362 363 365 378 387 388 391 393 394 396 397 407 408 411 421 443 461 467 474 476 481 498
26 73 29 32 43 49 51 58 61 62 131 67 84 87 89 90 101 107 119 121 124 125 127 261 262 146 147 151 152 153 154 157 160 161 163 167 171 173 174 178 186 187 191 197 201 207 224 231 233 241 247 249 251 264 265 268 269 275 282 289 293 297 301 304 306 310 311 319 320 321 326 330 332 335 340 342 343 345 347 348 352 359 360 362 363 365 378 387 388 391 393 394 396 397 400 407 408 411 421 443 455 461 467 472 474 476 481 486 490 496 498
27 99
28 59
29 96 32 66 34 38 40 43 47 48 49 51 52 55 56 58 61 62 63 64 131 67 68 76 77 80 82 83 84 87 89 90 92 94 101 103 107 110 111 113 114 119 121 123 124 125 126 127 258 259 261 262 134 136 145 146 147 151 152 153 154 157 160 161 162 163 164 166 167 171 172 173 174 178 186 187 191 193 195 197 201 207 210 212 215 222 224 226 228 230 231 233 239 241 247 249 250 251 252 263 264 265 268 269 272 274 275 281 282 289 290 293 297 301 304 306 310 311 316 319 320 321 322 326 330 332 335 340 342 343 345 347 348 350 352 354 359 360 362 363 365 366 373 375 378 383 386 387 388 391 393 394 396 397 398 399 400 407 408 409 411 415 417 420 421 424 426 431 443 448 450 451 454 455 461 463 467 472 473 474 476 480 481 486 487 490 494 496 498
30 85
31 72
32 32 66 34 35 38 40 42 43 46 47 48 49 51 52 55 56 58 59 61 62 63 64 65 131 67 68 70 76 77 80 82 83 84 87 88 89 90 92 94 97 99 101 103 105 107 110 111 113 114 119 121 123 124 125 126 127 128 129 258 259 260 261 262 133 134 136 145 146 147 151 152 153 154 157 160 161 162 163 164 166 167 169 171 172 173 174 176 178 179 183 186 187 191 193 194 195 197 201 207 210 212 214 215 216 221 222 223 224 225 226 227 228 230 231 232 233 235 236 239 241 245 247 249 250 251 252 263 264 265 268 269 272 274 275 281 282 286 289 290 293 294 297 301 302 304 306 309 310 311 316 319 320 321 322 326 327 330 331 332 335 336 339 340 342 343 345 346 347 348 350 352 353 354 359 360 361 362 363 365 366 373 375 377 378 383 386 387 388 391 392 393 394 395 396 397 398 399 400 406 407 408 409 411 415 417 420 421 424 426 430 431 432 435 437 441 442 443 446 448 450 451 454 455 456 460 461 463 467 472 473 474 476 479 480 481 486 487 488 490 494 496 498 499 500
33 20
34 36 40 43 49 51 56 58 61 62 64 131 67 76 82 84 87 89 90 92 101 107 111 119 121 123 124 125 127 261 262 146 147 151 152 153 154 157 160 161 163 167 171 173 174 178 186 187 191 197 201 207 210 224 226 230 231 233 241 247 249 251 252 264 265 268 269 275 282 289 290 293 297 301 304 306 310 311 319 320 321 322 326 330 332 335 340 342 343 345 347 348 352 359 360 362 363 365 378 383 387 388 391 393 394 396 397 400 407 408 411 421 424 443 451 454 455 461 467 472 474 476 480 481 486 490 496 498
35 61 43 49 61 131 67 90 101 107 119 125 127 261 146 152 154 163 171 173 186 187 191 224 233 241 247 249 251 264 268 269 275 282 289 297 304 319 320 326 335 340 342 343 347 348 352 359 360 362 363 365 378 387 388 391 393 397 407 408 411 421 443 461 467 474 476 481 498
36 36
37 39
38 24 40 43 49 51 56 58 61 62 64 131 67 76 82 84 87 89 90 92 101 107 111 119 121 123 124 125 127 261 262 146 147 151 152 153 154 157 160 161 163 167 171 173 174 178 186 187 191 197 201 207 210 224 226 230 231 233 241 247 249 251 252 264 265 268 269 275 282 289 293 297 301 304 306 310 311 319 320 321 322 326 330 332 335 340 342 343 345 347 348 352 359 360 362 363 365 378 383 387 388 391 393 394 396 397 400 407 408 411 421 424 443 451 454 455 461 467 472 474 476 480 481 486 490 496 498
39 50
40 94 66 43 47 48 49 51 52 56 58 61 62 64 131 67 76 80 82 83 84 87 89 90 92 94 101 107 110 111 113 114 119 121 123 124 125 126 127 259 261 262 134 145 146 147 151 152 153 154 157 160 161 162 163 164 166 167 171 172 173 174 178 186 187 191 193 197 201 207 210 212 215 222 224 226 230 231 233 239 241 247 249 250 251 252 264 265 268 269 272 274 275 282 289 290 293 297 301 304 306 310 311 316 319 320 321 322 326 330 332 335 340 342 343 345 347 348 350 352 354 359 360 362 363 365 378 383 386 387 388 391 393 394 396 397 399 400 407 408 409 411 415 417 420 421 424 426 431 443 448 450 451 454 455 461 463 467 472 473 474 476 480 481 486 490 494 496 498
41 22
42 63 43 49 58 61 62 131 67 87 90 101 107 119 124 125 127 261 146 151 152 153 154 163 171 173 174 178 186 187 191 197 224 233 241 247 249 251 264 265 268 269 275 282 289 297 304 306 319 320 321 326 335 340 342 343 345 347 348 352 359 360 362 363 365 378 387 388 391 393 394 396 397 407 408 411 421 443 461 467 474 476 481 498
43 45 66 46 47 48 49 51 52 55 56 58 59 61 62 63 64 65 131 67 68 70 72 76 77 80 82 83 84 87 88 89 90 92 93 94 97 99 101 103 105 107 110 111 113 114 115 117 119 121 123 124 125 126 127 128 129 258 259 260 261 262 133 134 135 136 138 145 146 147 151 152 153 154 157 160 161 162 163 164 166 167 168 169 171 172 173 174 176 178 179 182 183 186 187 191 193 194 195 197 201 203 205 207 210 212 214 215 216 221 222 223 224 225 226 227 228 230 231 232 233 234 235 236 238 239 241 244 245 246 247 249 250 251 252 263 264 265 268 269 272 274 275 279 281 282 286 289 290 293 294 297 301 302 304 306 307 308 309 310 311 315 316 317 319 320 321 322 326 327 330 331 332 335 336 339 340 342 343 345 346 347 348 350 352 353 354 357 359 360 361 362 363 365 366 373 375 377 378 383 386 387 388 391 392 393 394 395 396 397 398 399 400 402 405 406 407 408 409 411 412 415 417 420 421 424 426 430 431 432 435 437 441 442 443 444 445 446 448 450 451 452 454 455 456 457 460 461 463 464 467 472 473 474 475 476 479 480 481 486 487 488 490 491 494 496 498 499 500
44 48 320
45 27
46 56 49 51 58 61 62 131 67 87 89 90 101 107 119 121 124 125 127 261 262 146 147 151 152 153 154 157 160 161 163 167 171 173 174 178 186 187 191 197 207 224 231 233 241 247 249 251 264 265 268 269 275 282 289 297 301 304 306 310 311 319 320 321 326 330 332 335 340 342 343 345 347 348 352 359 360 362 363 365 378 387 388 391 393 394 396 397 407 408 411 421 443 455 461 467 472 474 476 481 490 496 498
47 51 49 51 56 58 61 62 64 131 67 76 82 83 84 87 89 90 92 94 101 107 111 113 119 121 123 124 125 127 261 262 146 147 151 152 153 154 157 160 161 163 166 167 171 172 173 174 178 186 187 191 197 201 207 210 224 226 230 231 233 241 247 249 251 252 264 265 268 269 272 274 275 282 289 290 293 297 301 304 306 310 311 316 319 320 321 322 326 330 332 335 340 342 343 345 347 348 350 352 359 360 362 363 365 378 383 387 388 391 393 394 396 397 400 407 408 411 420 421 424 431 443 451 454 455 461 463 467 472 474 476 480 481 486 490 496 498
48 56 49 51 56 58 61 62 64 131 67 76 82 84 87 89 90 92 101 107 111 119 121 123 124 125 127 261 262 146 147 151 152 153 154 157 160 161 163 167 171 172 173 174 178 186 187 191 197 201 207 210 224 226 230 231 233 241 247 249 251 252 264 265 268 269 274 275 282 289 290 293 297 301 304 306 310 311 316 319 320 321 322 326 330 332 335 340 342 343 345 347 348 352 359 360 362 363 365 378 383 387 388 391 393 394 396 397 400 407 408 411 421 424 443 451 454 455 461 467 472 474 476 480 481 486 490 496 498
49 83 66 51 52 55 56 58 59 61 62 63 64 65 131 67 68 69 70 72 76 77 80 82 83 84 87 88 89 90 92 93 94 97 99 101 103 105 107 110 111 113 114 115 117 119 121 123 124 125 126 127 128 129 258 259 260 261 262 133 134 135 136 138 145 146 147 151 152 153 154 157 160 161 162 163 164 166 167 168 169 171 172 173 174 176 178 179 182 183 186 187 191 193 194 195 197 201 203 205 207 210 212 214 215 216 221 222 223 224 225 226 227 228 230 231 232 233 234 235 236 238 239 241 244 245 246 247 249 250 251 252 263 264 265 268 269 271 272 274 275 279 281 282 286 289 290 293 294 297 301 302 304 306 307 308 309 310 311 315 316 317 319 320 321 322 326 327 330 331 332 335 336 339 340 342 343 345 346 347 348 350 352 353 354 357 359 360 361 362 363 365 366 373 375 377 378 383 386 387 388 391 392 393 394 395 396 397 398 399 400 402 405 406 407 408 409 411 412 415 417 420 421 424 426 430 431 432 434 435 437 441 442 443 444 445 446 448 450 451 452 454 455 456 457 460 461 463 464 467 472 473 474 475 476 479 480 481 486 487 488 490 491 494 496 498 499 500
50 41
51 49 66 52 55 56 58 59 61 62 63 64 131 67 68 76 77 80 82 83 84 87 89 90 92 94 101 103 107 110 111 113 114 119 121 123 124 125 126 127 129 258 259 261 262 134 136 145 146 147 151 152 153 154 157 160 161 162 163 164 166 167 171 172 173 174 176 178 186 187 191 193 195 197 201 207 210 212 215 221 222 224 226 227 228 230 231 233 235 239 241 247 249 250 251 252 263 264 265 268 269 272 274 275 281 282 289 290 293 297 301 302 304 306 310 311 316 319 320 321 322 326 330 331 332 335 336 340 342 343 345 347 348 350 352 354 359 360 362 363 365 366 373 375 378 383 386 387 388 391 393 394 396 397 398 399 400 406 407 408 409 411 415 417 420 421 424 426 431 435 437 443 448 450 451 454 455 461 463 467 472 473 474 476 480 481 486 487 488 490 494 496 498 499
52 70 56 58 61 62 64 131 67 76 82 84 87 89 90 101 107 111 119 121 123 124 125 127 261 262 146 147 151 152 153 154 157 160 161 163 167 171 173 174 178 186 187 191 197 201 207 224 231 233 241 247 249 251 252 264 265 268 269 275 282 289 293 297 301 304 306 310 311 319 320 321 322 326 330 332 335 340 342 343 345 347 348 352 359 360 362 363 365 378 383 387 388 391 393 394 396 397 400 407 408 411 421 443 451 454 455 461 467 472 474 476 481 486 490 496 498
53 90
54 75
55 85 58 61 62 131 67 87 89 90 101 107 119 121 124 125 127 261 262 146 147 151 152 153 154 157 160 161 163 167 171 173 174 178 186 187 191 197 207 224 231 233 241 247 249 251 264 265 268 269 275 282 289 297 301 304 306 310 311 319 320 321 326 330 332 335 340 342 343 345 347 348 352 359 360 362 363 365 378 387 388 391 393 394 396 397 400 407 408 411 421 443 455 461 467 472 474 476 481 490 496 498
56 58 66 58 61 62 64 131 67 76 80 82 83 84 87 89 90 92 94 101 107 110 111 113 114 119 121 123 124 125 126 127 259 261 262 134 145 146 147 151 152 153 154 157 160 161 162 163 164 166 167 171 172 173 174 178 186 187 191 193 197 201 207 210 212 215 222 224 226 228 230 231 233 239 241 247 249 250 251 252 264 265 268 269 272 274 275 282 289 290 293 297 301 304 306 310 311 316 319 320 321 322 326 330 332 335 340 342 343 345 347 348 350 352 354 359 360 362 363 365 378 383 386 387 388 391 393 394 396 397 398 399 400 407 408 409 411 415 417 420 421 424 426 431 443 448 450 451 454 455 461 463 467 472 473 474 476 480 481 486 490 494 496 498
57 47
58 98 66 59 61 62 63 64 131 67 68 76 77 80 82 83 84 87 89 90 92 94 101 103 107 110 111 113 114 119 121 123 124 125 126 127 129 258 259 261 262 134 136 145 146 147 151 152 153 154 157 160 161 162 163 164 166 167 171 172 173 174 176 178 179 186 187 191 193 195 197 201 207 210 212 215 221 222 224 226 227 228 230 231 232 233 235 239 241 247 249 250 251 252 263 264 265 268 269 272 274 275 281 282 286 289 290 293 294 297 301 302 304 306 310 311 316 319 320 321 322 326 327 330 331 332 335 336 339 340 342 343 345 347 348 350 352 354 359 360 362 363 365 366 373 375 378 383 386 387 388 391 393 394 396 397 398 399 400 406 407 408 409 411 415 417 420 421 424 426 431 435 437 443 448 450 451 454 455 461 463 467 472 473 474 476 480 481 486 487 488 490 494 496 498 499 500
59 26 61 62 131 67 87 89 90 101 107 119 124 125 127 261 262 146 151 152 153 154 157 163 171 173 174 178 186 187 191 197 224 231 233 241 247 249 251 264 265 268 269 275 282 289 297 301 304 306 310 319 320 321 326 330 332 335 340 342 343 345 347 348 352 359 360 362 363 365 378 387 388 391 393 394 396 397 407 408 411 421 443 455 461 467 472 474 476 481 498
60 44
61 31 66 62 63 64 65 131 67 68 70 76 77 80 82 83 84 87 88 89 90 92 93 94 97 99 101 103 105 107 110 111 113 114 115 117 119 121 123 124 125 126 127 128 129 258 259 260 261 262 133 134 135 136 138 145 146 147 151 152 153 154 157 160 161 162 163 164 166 167 168 169 171 172 173 174 176 178 179 182 183 186 187 191 193 194 195 197 201 203 205 207 210 212 214 215 216 221 222 223 224 225 226 227 228 230 231 232 233 235 236 238 239 241 244 245 246 247 249 250 251 252 263 264 265 268 269 272 274 275 279 281 282 286 289 290 293 294 297 301 302 304 306 307 309 310 311 315 316 317 319 320 321 322 326 327 330 331 332 335 336 339 340 342 343 345 346 347 348 350 352 353 354 357 359 360 361 362 363 365 366 373 375 377 378 383 386 387 388 391 392 393 394 395 396 397 398 399 400 402 405 406 407 408 409 411 415 417 420 421 424 426 430 431 432 435 437 441 442 443 444 445 446 448 450 451 452 454 455 456 457 460 461 463 464 467 472 473 474 475 476 479 480 481 486 487 488 490 491 494 496 498 499 500
62 32 66 63 64 131 67 68 76 77 80 82 83 84 87 88 89 90 92 94 101 103 105 107 110 111 113 114 119 121 123 124 125 126 127 129 258 259 260 261 262 133 134 136 145 146 147 151 152 153 154 157 160 161 162 163 164 166 167 171 172 173 174 176 178 179 186 187 191 193 195 197 201 207 210 212 215 216 221 222 223 224 226 227 228 230 231 232 233 235 239 241 247 249 250 251 252 263 264 265 268 269 272 274 275 281 282 286 289 290 293 294 297 301 302 304 306 310 311 316 319 320 321 322 326 327 330 331 332 335 336 339 340 342 343 345 346 347 348 350 352 354 359 360 362 363 365 366 373 375 378 383 386 387 388 391 393 394 396 397 398 399 400 406 407 408 409 411 415 417 420 421 424 426 431 435 437 443 448 450 451 454 455 461 463 467 472 473 474 476 479 480 481 486 487 488 490 494 496 498 499 500
63 36 131 67 87 89 90 101 107 119 121 124 125 127 261 262 146 147 151 152 153 154 157 160 161 163 167 171 173 174 178 186 187 191 197 207 224 231 233 241 247 249 251 264 265 268 269 275 282 289 297 301 304 306 310 311 319 320 321 326 330 332 335 340 342 343 345 347 348 352 359 360 362 363 365 378 387 388 391 393 394 396 397 400 407 408 411 421 443 455 461 467 472 474 476 481 490 496 498
64 74 66 131 67 76 80 82 83 84 87 89 90 92 94 101 107 110 111 113 114 119 121 123 124 125 126 127 259 261 262 134 145 146 147 151 152 153 154 157 160 161 162 163 164 166 167 171 172 173 174 178 186 187 191 193 197 201 207 210 212 215 222 224 226 230 231 233 239 241 247 249 250 251 252 264 265 268 269 272 274 275 282 289 290 293 297 301 304 306 310 311 316 319 320 321 322 326 330 332 335 340 342 343 345 347 348 350 352 354 359 360 362 363 365 378 383 386 387 388 391 393 394 396 397 399 400 407 408 409 411 417 420 421 424 426 431 443 448 450 451 454 455 461 463 467 472 473 474 476 480 481 486 490 494 496 498
65 48 131 90 101 119 127 261 146 152 163 171 186 224 233 241 251 264 268 269 275 289 297 304 319 320 335 340 342 347 348 362 363 365 378 388 391 397 407 408 421 443 467 474 498
66 34 131 67 76 82 84 87 89 90 101 107 111 119 121 123 124 125 127 261 262 146 147 151 152 153 154 157 160 161 163 167 171 173 174 178 186 187 191 197 201 207 224 231 233 241 247 249 251 252 264 265 268 269 275 282 289 293 297 301 304 306 310 311 319 320 321 322 326 330 332 335 340 342 343 345 347 348 352 359 360 362 363 365 378 383 387 388 391 393 394 396 397 400 407 408 411 421 443 451 454 455 461 467 472 474 476 481 486 490 496 498
67 96 131 68 70 76 77 80 82 83 84 87 88 89 90 92 94 97 101 103 105 107 110 111 113 114 119 121 123 124 125 126 127 128 129 258 259 260 261 262 133 134 136 145 146 147 151 152 153 154 157 160 161 162 163 164 166 167 169 171 172 173 174 176 178 179 183 186 187 191 193 195 197 201 207 210 212 214 215 216 221 222 223 224 225 226 227 228 230 231 232 233 235 239 241 247 249 250 251 252 263 264 265 268 269 272 274 275 281 282 286 289 290 293 294 297 301 302 304 306 309 310 311 316 319 320 321 322 326 327 330 331 332 335 336 339 340 342 343 345 346 347 348 350 352 353 354 359 360 361 362 363 365 366 373 375 378 383 386 387 388 391 392 393 394 395 396 397 398 399 400 406 407 408 409 411 415 417 420 421 424 426 431 432 435 437 441 442 443 446 448 450 451 454 455 456 460 461 463 467 472 473 474 476 479 480 481 486 487 488 490 494 496 498 499 500
68 36 131 87 89 90 101 107 119 121 124 125 127 261 262 146 147 151 152 153 154 157 160 161 163 167 171 173 174 178 186 187 191 197 201 207 224 231 233 241 247 249 251 264 265 268 269 275 282 289 293 297 301 304 306 310 311 319 320 321 326 330 332 335 340 342 343 345 347 348 352 359 360 362 363 365 378 387 388 391 393 394 396 397 400 407 408 411 421 443 455 461 467 472 474 476 481 486 490 496 498
69 96 320 340 348 362
70 35 131 90 101 107 119 127 261 146 152 154 163 171 173 186 187 191 224 233 241 247 249 251 264 268 269 275 289 297 304 319 320 326 335 340 342 343 347 348 352 359 360 362 363 365 378 387 388 391 397 407 408 411 421 443 467 474 476 481 498
71 39
72 59 127 320 340 348 362 365 443
73 38
74 52
75 34
76 96 131 80 82 83 84 87 89 90 92 94 101 107 110 111 113 114 119 121 123 124 125 126 127 259 261 262 134 145 146 147 151 152 153 154 157 160 161 162 163 164 166 167 171 172 173 174 178 186 187 191 193 197 201 207 210 212 215 222 224 226 230 231 233 239 241 247 249 250 251 252 264 265 268 269 272 274 275 282 289 290 293 297 301 304 306 310 311 316 319 320 321 322 326 330 332 335 340 342 343 345 347 348 350 352 354 359 360 362 363 365 378 383 386 387 388 391 393 394 396 397 399 400 407 408 409 411 417 420 421 424 426 431 443 448 450 451 454 455 461 463 467 472 473 474 476 480 481 486 490 494 496 498
77 45 131 87 89 90 101 107 119 121 124 125 127 261 262 146 147 151 152 153 154 157 160 161 163 167 171 173 174 178 186 187 191 197 201 207 224 231 233 241 247 249 251 264 265 268 269 275 282 289 293 297 301 304 306 310 311 319 320 321 326 330 332 335 340 342 343 345 347 348 352 359 360 362 363 365 378 387 388 391 393 394 396 397 400 407 408 411 421 443 455 461 467 472 474 476 481 486 490 496 498
78 77
79 29
80 59 131 82 83 84 87 89 90 92 101 107 111 119 121 123 124 125 127 261 262 146 147 151 152 153 154 157 160 161 163 167 171 172 173 174 178 186 187 191 197 201 207 210 224 226 230 231 233 241 247 249 251 252 264 265 268 269 274 275 282 289 290 293 297 301 304 306 310 311 316 319 320 321 322 326 330 332 335 340 342 343 345 347 348 352 359 360 362 363 365 378 383 387 388 391 393 394 396 397 400 407 408 411 420 421 424 431 443 451 454 455 461 467 472 474 476 480 481 486 490 496 498
81 76
82 48 131 83 84 87 89 90 92 94 101 107 110 111 113 114 119 121 123 124 125 126 127 259 261 262 134 145 146 147 151 152 153 154 157 160 161 162 163 164 166 167 171 172 173 174 178 186 187 191 193 197 201 207 210 212 215 222 224 226 228 230 231 233 239 241 247 249 250 251 252 264 265 268 269 272 274 275 282 289 290 293 297 301 304 306 310 311 316 319 320 321 322 326 330 332 335 340 342 343 345 347 348 350 352 354 359 360 362 363 365 378 383 386 387 388 391 393 394 396 397 399 400 407 408 409 411 415 417 420 421 424 426 431 443 448 450 451 454 455 461 463 467 472 473 474 476 480 481 486 490 494 496 498
83 95 131 84 87 89 90 92 94 101 107 110 111 113 114 119 121 123 124 125 127 259 261 262 145 146 147 151 152 153 154 157 160 161 163 166 167 171 172 173 174 178 186 187 191 193 197 201 207 210 212 215 224 226 230 231 233 239 241 247 249 251 252 264 265 268 269 272 274 275 282 289 290 293 297 301 304 306 310 311 316 319 320 321 322 326 330 332 335 340 342 343 345 347 348 350 352 359 360 362 363 365 378 383 387 388 391 393 394 396 397 399 400 407 408 409 411 420 421 424 426 431 443 451 454 455 461 463 467 472 474 476 480 481 486 490 494 496 498
84 78 131 87 89 90 92 94 101 107 110 111 113 114 119 121 123 124 125 126 127 259 261 262 134 145 146 147 151 152 153 154 157 160 161 162 163 164 166 167 171 172 173 174 178 186 187 191 193 197 201 207 210 212 215 222 224 226 228 230 231 233 239 241 247 249 250 251 252 263 264 265 268 269 272 274 275 281 282 289 290 293 297 301 304 306 310 311 316 319 320 321 322 326 330 332 335 340 342 343 345 347 348 350 352 354 359 360 362 363 365 378 383 386 387 388 391 393 394 396 397 398 399 400 407 408 409 411 415 417 420 421 424 426 431 443 448 450 451 454 455 461 463 467 472 473 474 476 480 481 486 487 490 494 496 498
85 77
86 60
87 66 131 88 89 90 92 94 101 103 105 107 110 111 113 114 119 121 123 124 125 126 127 129 258 259 260 261 262 133 134 136 145 146 147 151 152 153 154 157 160 161 162 163 164 166 167 171 172 173 174 176 178 179 186 187 191 193 195 197 201 207 210 212 215 216 221 222 223 224 226 227 228 230 231 232 233 235 239 241 247 249 250 251 252 263 264 265 268 269 272 274 275 281 282 286 289 290 293 294 297 301 302 304 306 310 311 316 319 320 321 322 326 327 330 331 332 335 336 339 340 342 343 345 346 347 348 350 352 354 359 360 362 363 365 366 373 375 378 383 386 387 388 391 393 394 396 397 398 399 400 406 407 408 409 411 415 417 420 421 424 426 431 435 437 443 448 450 451 454 455 461 463 467 472 473 474 476 479 480 481 486 487 488 490 494 496 498 499 500
88 68 131 90 101 107 119 124 125 127 261 146 151 152 153 154 163 171 173 186 187 191 224 233 241 247 249 251 264 265 268 269 275 282 289 297 304 306 319 320 321 326 335 340 342 343 345 347 348 352 359 360 362 363 365 378 387 388 391 393 394 396 397 407 408 411 421 443 461 467 474 476 481 498
89 22 131 90 92 94 101 103 107 110 111 113 114 119 121 123 124 125 126 127 129 258 259 261 262 134 136 145 146 147 151 152 153 154 157 160 161 162 163 164 166 167 171 172 173 174 176 178 186 187 191 193 195 197 201 207 210 212 215 221 222 224 226 227 228 230 231 233 235 239 241 247 249 250 251 252 263 264 265 268 269 272 274 275 281 282 289 290 293 297 301 302 304 306 310 311 316 319 320 321 322 326 330 331 332 335 336 340 342 343 345 347 348 350 352 354 359 360 362 363 365 366 373 375 378 383 386 387 388 391 393 394 396 397 398 399 400 406 407 408 409 411 415 417 420 421 424 426 431 435 437 443 448 450 451 454 455 461 463 467 472 473 474 476 480 481 486 487 488 490 494 496 498 499
90 34 131 92 94 97 101 103 105 107 110 111 113 114 119 121 123 124 125 126 127 128 129 258 259 260 261 262 133 134 136 145 146 147 151 152 153 154 157 160 161 162 163 164 166 167 169 171 172 173 174 176 178 179 183 186 187 191 193 194 195 197 201 207 210 212 214 215 216 221 222 223 224 225 226 227 228 230 231 232 233 235 239 241 247 249 250 251 252 263 264 265 268 269 272 274 275 281 282 286 289 290 293 294 297 301 302 304 306 309 310 311 316 319 320 321 322 326 327 330 331 332 335 336 339 340 342 343 345 346 347 348 350 352 353 354 359 360 361 362 363 365 366 373 375 378 383 386 387 388 391 392 393 394 395 396 397 398 399 400 406 407 408 409 411 415 417 420 421 424 426 430 431 432 435 437 441 442 443 446 448 450 451 454 455 456 460 461 463 467 472 473 474 476 479 480 481 486 487 488 490 494 496 498 499 500
91 46
92 73 131 94 101 107 110 111 113 114 119 121 123 124 125 127 259 261 262 145 146 147 151 152 153 154 157 160 161 162 163 164 166 167 171 172 173 174 178 186 187 191 193 197 201 207 210 212 215 224 226 230 231 233 239 241 247 249 250 251 252 264 265 268 269 272 274 275 282 289 290 293 297 301 304 306 310 311 316 319 320 321 322 326 330 332 335 340 342 343 345 347 348 350 352 354 359 360 362 363 365 378 383 387 388 391 393 394 396 397 399 400 407 408 409 411 420 421 424 426 431 443 451 454 455 461 463 467 472 473 474 476 480 481 486 490 494 496 498
93 92 127 261 146 224 241 251 268 275 297 319 320 340 348 362 363 365 408 421 443 467 474
94 20 131 101 107 111 113 114 119 121 123 124 125 127 259 261 262 145 146 147 151 152 153 154 157 160 161 163 166 167 171 172 173 174 178 186 187 191 197 201 207 210 212 224 226 230 231 233 241 247 249 251 252 264 265 268 269 272 274 275 282 289 290 293 297 301 304 306 310 311 316 319 320 321 322 326 330 332 335 340 342 343 345 347 348 350 352 359 360 362 363 365 378 383 387 388 391 393 394 396 397 399 400 407 408 409 411 420 421 424 431 443 451 454 455 461 463 467 472 474 476 480 481 486 490 494 496 498
95 34
96 39
97 76 131 101 107 119 127 261 146 152 163 171 173 186 187 191 224 233 241 247 251 264 268 269 275 289 297 304 319 320 326 335 340 342 347 348 360 362 363 365 378 388 391 397 407 408 411 421 443 467 474 481 498
98 100
99 76 131 101 119 127 261 146 152 163 186 224 233 241 251 264 268 269 275 289 297 304 319 320 335 340 348 362 363 365 378 388 397 407 408 421 443 467 474 498
100 24
101 42 131 103 105 107 110 111 113 114 115 119 121 123 124 125 126 127 128 129 258 259 260 261 262 133 134 136 145 146 147 151 152 153 154 157 160 161 162 163 164 166 167 168 169 171 172 173 174 176 178 179 183 186 187 191 193 194 195 197 201 205 207 210 212 214 215 216 221 222 223 224 225 226 227 228 230 231 232 233 235 236 239 241 245 246 247 249 250 251 252 263 264 265 268 269 272 274 275 281 282 286 289 290 293 294 297 301 302 304 306 309 310 311 316 319 320 321 322 326 327 330 331 332 335 336 339 340 342 343 345 346 347 348 350 352 353 354 359 360 361 362 363 365 366 373 375 377 378 383 386 387 388 391 392 393 394 395 396 397 398 399 400 406 407 408 409 411 415 417 420 421 424 426 430 431 432 435 437 441 442 443 446 448 450 451 454 455 456 460 461 463 467 472 473 474 476 479 480 481 486 487 488 490 494 496 498 499 500
102 79
103 72 131 107 119 121 124 125 127 261 262 146 147 151 152 153 154 157 160 161 163 167 171 173 174 178 186 187 191 197 201 207 224 231 233 241 247 249 251 264 265 268 269 275 282 289 293 297 301 304 306 310 311 319 320 321 326 330 332 335 340 342 343 345 347 348 352 359 360 362 363 365 378 387 388 391 393 394 396 397 400 407 408 411 421 443 455 461 467 472 474 476 481 486 490 496 498
104 74
105 69 131 107 119 124 125 127 261 146 151 152 153 154 163 171 173 186 187 191 224 233 241 247 249 251 264 265 268 269 275 282 289 297 304 306 319 320 321 326 335 340 342 343 345 347 348 352 359 360 362 363 365 378 387 388 391 393 394 396 397 407 408 411 421 443 461 467 474 476 481 498
106 27
107 69 131 110 111 113 114 119 121 123 124 125 126 127 129 258 259 260 261 262 133 134 136 145 146 147 151 152 153 154 157 160 161 162 163 164 166 167 169 171 172 173 174 176 178 179 186 187 191 193 195 197 201 207 210 212 214 215 216 221 222 223 224 226 227 228 230 231 232 233 235 239 241 247 249 250 251 252 263 264 265 268 269 272 274 275 281 282 286 289 290 293 294 297 301 302 304 306 309 310 311 316 319 320 321 322 326 327 330 331 332 335 336 339 340 342 343 345 346 347 348 350 352 353 354 359 360 361 362 363 365 366 373 375 378 383 386 387 388 391 392 393 394 395 396 397 398 399 400 406 407 408 409 411 415 417 420 421 424 426 431 432 435 437 442 443 446 448 450 451 454 455 456 460 461 463 467 472 473 474 476 479 480 481 486 487 488 490 494 496 498 499 500
108 26
109 97
110 71 131 111 119 121 123 124 125 127 261 262 146 147 151 152 153 154 157 160 161 163 167 171 172 173 174 178 186 187 191 197 201 207 210 224 226 230 231 233 241 247 249 251 252 264 265 268 269 274 275 282 289 290 293 297 301 304 306 310 311 316 319 320 321 322 326 330 332 335 340 342 343 345 347 348 352 359 360 362 363 365 378 383 387 388 391 393 394 396 397 400 407 408 411 420 421 424 431 443 451 454 455 461 467 472 474 476 480 481 486 490 496 498
111 78 131 113 114 119 121 123 124 125 126 127 259 261 262 134 145 146 147 151 152 153 154 157 160 161 162 163 164 166 167 171 172 173 174 178 186 187 191 193 197 201 207 210 212 215 222 224 226 228 230 231 233 239 241 247 249 250 251 252 264 265 268 269 272 274 275 282 289 290 293 297 301 304 306 310 311 316 319 320 321 322 326 330 332 335 340 342 343 345 347 348 350 352 354 359 360 362 363 365 378 383 386 387 388 391 393 394 396 397 399 400 407 408 409 411 415 417 420 421 424 426 431 443 448 450 451 454 455 461 463 467 472 473 474 476 480 481 486 490 494 496 498
112 67
113 42 131 119 121 123 124 125 127 261 262 146 147 151 152 153 154 157 160 161 163 166 167 171 172 173 174 178 186 187 191 197 201 207 210 224 226 230 231 233 241 247 249 251 252 264 265 268 269 272 274 275 282 289 290 293 297 301 304 306 310 311 316 319 320 321 322 326 330 332 335 340 342 343 345 347 348 350 352 359 360 362 363 365 378 383 387 388 391 393 394 396 397 399 400 407 408 409 411 420 421 424 431 443 451 454 455 461 463 467 472 474 476 480 481 486 490 496 498
114 62 131 119 121 123 124 125 127 261 262 146 147 151 152 153 154 157 160 161 163 166 167 171 172 173 174 178 186 187 191 197 201 207 210 224 226 230 231 233 241 247 249 251 252 264 265 268 269 272 274 275 282 289 290 293 297 301 304 306 310 311 316 319 320 321 322 326 330 332 335 340 342 343 345 347 348 350 352 359 360 362 363 365 378 383 387 388 391 393 394 396 397 400 407 408 411 420 421 424 431 443 451 454 455 461 463 467 472 474 476 480 481 486 490 496 498
115 97 131 127 261 146 186 224 233 241 251 264 268 269 275 297 304 319 320 335 340 348 362 363 365 388 397 408 421 443 467 474
116 20
117 43 127 261 146 224 241 251 264 268 269 275 297 319 320 340 348 362 363 365 388 408 421 443 467 474
118 79
119 30 131 121 123 124 125 126 127 128 129 258 259 260 261 262 133 134 136 145 146 147 151 152 153 154 157 160 161 162 163 164 166 167 169 171 172 173 174 176 178 179 183 186 187 191 193 194 195 197 201 205 207 210 212 214 215 216 221 222 223 224 225 226 227 228 230 231 232 233 235 236 239 241 245 246 247 249 250 251 252 263 264 265 268 269 272 274 275 281 282 286 289 290 293 294 297 301 302 304 306 309 310 311 316 319 320 321 322 326 327 330 331 332 335 336 339 340 342 343 345 346 347 348 350 352 353 354 359 360 361 362 363 365 366 373 375 377 378 383 386 387 388 391 392 393 394 395 396 397 398 399 400 406 407 408 409 411 415 417 420 421 424 426 430 431 432 435 437 441 442 443 446 448 450 451 454 455 456 460 461 463 467 472 473 474 476 479 480 481 486 487 488 490 494 496 498 499 500
120 81
121 69 131 123 124 125 126 127 129 258 259 261 262 134 136 145 146 147 151 152 153 154 157 160 161 162 163 164 166 167 171 172 173 174 178 186 187 191 193 195 197 201 207 210 212 215 222 224 226 227 228 230 231 233 235 239 241 247 249 250 251 252 263 264 265 268 269 272 274 275 281 282 289 290 293 297 301 302 304 306 310 311 316 319 320 321 322 326 330 332 335 336 340 342 343 345 347 348 350 352 354 359 360 362 363 365 366 373 375 378 383 386 387 388 391 393 394 396 397 398 399 400 407 408 409 411 415 417 420 421 424 426 431 435 443 448 450 451 454 455 461 463 467 472 473 474 476 480 481 486 487 490 494 496 498 499
122 33
123 47 131 124 125 126 127 259 261 262 134 145 146 147 151 152 153 154 157 160 161 162 163 164 166 167 171 172 173 174 178 186 187 191 193 197 201 207 210 212 215 222 224 226 230 231 233 239 241 247 249 250 251 252 264 265 268 269 272 274 275 282 289 290 293 297 301 304 306 310 311 316 319 320 321 322 326 330 332 335 340 342 343 345 347 348 350 352 354 359 360 362 363 365 378 383 386 387 388 391 393 394 396 397 399 400 407 408 409 411 417 420 421 424 426 431 443 448 450 451 454 455 461 463 467 472 473 474 476 480 481 486 490 494 496 498
124 58 131 125 126 127 129 258 259 260 261 262 133 134 136 145 146 147 151 152 153 154 157 160 161 162 163 164 166 167 169 171 172 173 174 176 178 179 186 187 191 193 195 197 201 207 210 212 214 215 216 221 222 223 224 226 227 228 230 231 232 233 235 239 241 247 249 250 251 252 263 264 265 268 269 272 274 275 281 282 286 289 290 293 294 297 301 302 304 306 309 310 311 316 319 320 321 322 326 327 330 331 332 335 336 339 340 342 343 345 346 347 348 350 352 353 354 359 360 362 363 365 366 373 375 378 383 386 387 388 391 393 394 396 397 398 399 400 406 407 408 409 411 415 417 420 421 424 426 431 435 437 443 448 450 451 454 455 461 463 467 472 473 474 476 479 480 481 486 487 488 490 494 496 498 499 500
125 83 131 126 127 129 258 259 260 261 262 133 134 136 145 146 147 151 152 153 154 157 160 161 162 163 164 166 167 169 171 172 173 174 176 178 179 186 187 191 193 195 197 201 207 210 212 214 215 216 221 222 223 224 226 227 228 230 231 232 233 235 239 241 247 249 250 251 252 263 264 265 268 269 272 274 275 281 282 286 289 290 293 294 297 301 302 304 306 309 310 311 316 319 320 321 322 326 327 330 331 332 335 336 339 340 342 343 345 346 347 348 350 352 353 354 359 360 361 362 363 365 366 373 375 378 383 386 387 388 391 393 394 396 397 398 399 400 406 407 408 409 411 415 417 420 421 424 426 431 432 435 437 443 446 448 450 451 454 455 461 463 467 472 473 474 476 479 480 481 486 487 488 490 494 496 498 499 500
126 28 131 127 261 262 146 147 151 152 153 154 157 160 161 163 167 171 173 174 178 186 187 191 197 201 207 210 224 226 231 233 241 247 249 251 252 264 265 268 269 275 282 289 293 297 301 304 306 310 311 319 320 321 322 326 330 332 335 340 342 343 345 347 348 352 359 360 362 363 365 378 383 387 388 391 393 394 396 397 400 407 408 411 421 443 451 454 455 461 467 472 474 476 480 481 486 490 496 498
127 20 131 128 129 258 259 260 261 262 133 134 135 136 138 145 146 147 151 152 153 154 157 160 161 162 163 164 166 167 168 169 171 172 173 174 176 178 179 182 183 186 187 191 193 194 195 197 201 203 205 207 210 212 214 215 216 221 222 223 224 225 226 227 228 230 231 232 233 234 235 236 238 239 241 244 245 246 247 249 250 251 252 263 264 265 268 269 272 274 275 279 281 282 286 289 290 293 294 297 301 302 304 306 307 308 309 310 311 315 316 317 319 320 321 322 326 327 330 331 332 335 336 339 340 342 343 345 346 347 348 350 352 353 354 357 359 360 361 362 363 365 366 373 375 377 378 383 386 387 388 391 392 393 394 395 396 397 398 399 400 402 405 406 407 408 409 411 412 415 417 420 421 424 426 430 431 432 435 437 441 442 443 444 445 446 448 450 451 452 454 455 456 457 460 461 463 464 467 472 473 474 475 476 479 480 481 486 487 488 490 491 494 496 498 499 500
128 48 131 261 146 152 163 171 186 187 224 233 241 251 264 268 269 275 289 297 304 319 320 326 335 340 342 347 348 360 362 363 365 378 388 391 397 407 408 421 443 467 474 481 498
129 29 131 261 262 146 147 151 152 153 154 157 160 161 163 167 171 173 174 178 186 187 191 197 207 224 231 233 241 247 249 251 264 265 268 269 275 282 289 297 301 304 306 310 311 319 320 321 326 330 332 335 340 342 343 345 347 348 352 359 360 362 363 365 378 387 388 391 393 394 396 397 407 408 411 421 443 455 461 467 472 474 476 481 490 498
130 76
131 21 258 259 260 261 262 133 134 136 145 146 147 151 152 153 154 157 160 161 162 163 164 166 167 168 169 171 172 173 174 176 178 179 183 186 187 191 193 194 195 197 201 205 207 210 212 214 215 216 221 222 223 224 225 226 227 228 230 231 232 233 235 236 239 241 245 246 247 249 250 251 252 263 264 265 268 269 272 274 275 281 282 286 289 290 293 294 297 301 302 304 306 309 310 311 316 319 320 321 322 326 327 330 331 332 335 336 339 340 342 343 345 346 347 348 350 352 353 354 359 360 361 362 363 365 366 373 375 377 378 383 386 387 388 391 392 393 394 395 396 397 398 399 400 406 407 408 409 411 415 417 420 421 424 426 430 431 432 435 437 441 442 443 446 448 450 451 454 455 456 460 461 463 467 472 473 474 476 479 480 481 486 487 488 490 494 496 498 499 500
132 69
133 71 261 146 151 152 153 154 163 171 173 186 187 191 224 233 241 247 249 251 264 265 268 269 275 282 289 297 304 306 319 320 321 326 335 340 342 343 345 347 348 352 359 360 362 363 365 378 387 388 391 393 394 396 397 407 408 411 421 443 461 467 474 476 481 498
134 93 261 262 146 147 151 152 153 154 157 160 161 163 167 171 173 174 178 186 187 191 197 201 207 224 231 233 241 247 249 251 252 264 265 268 269 275 282 289 293 297 301 304 306 310 311 319 320 321 322 326 330 332 335 340 342 343 345 347 348 352 359 360 362 363 365 378 383 387 388 391 393 394 396 397 400 407 408 411 421 443 454 455 461 467 472 474 476 481 486 490 496 498
135 67 261 146 186 224 233 241 251 264 268 269 275 297 304 319 320 340 348 362 363 365 388 408 421 443 467 474
136 40 261 262 146 147 151 152 153 154 157 160 161 163 167 171 173 174 178 186 187 191 197 201 207 224 231 233 241 247 249 251 264 265 268 269 275 282 289 293 297 301 304 306 310 311 319 320 321 326 330 332 335 340 342 343 345 347 348 352 359 360 362 363 365 378 387 388 391 393 394 396 397 400 407 408 411 421 443 455 461 467 472 474 476 481 486 490 496 498
137 74
138 49 146 224 241 251 268 275 297 319 320 340 348 362 365 408 421 443 467 474
139 51
140 71
141 27
142 47
143 28
144 100
145 74 261 262 146 147 151 152 153 154 157 160 161 163 166 167 171 172 173 174 178 186 187 191 197 201 207 210 224 226 230 231 233 241 247 249 251 252 264 265 268 269 272 274 275 282 289 290 293 297 301 304 306 310 311 316 319 320 321 322 326 330 332 335 340 342 343 345 347 348 350 352 359 360 362 363 365 378 383 387 388 391 393 394 396 397 400 407 408 411 420 421 424 431 443 451 454 455 461 463 467 472 474 476 480 481 486 490 496 498
146 74 258 259 260 261 262 147 151 152 153 154 157 160 161 162 163 164 166 167 168 169 171 172 173 174 176 178 179 182 183 186 187 191 193 194 195 197 201 203 205 207 210 212 214 215 216 221 222 223 224 225 226 227 228 230 231 232 233 235 236 238 239 241 245 246 247 249 250 251 252 263 264 265 268 269 272 274 275 279 281 282 286 289 290 293 294 297 301 302 304 306 307 309 310 311 315 316 319 320 321 322 326 327 330 331 332 335 336 339 340 342 343 345 346 347 348 350 352 353 354 357 359 360 361 362 363 365 366 373 375 377 378 383 386 387 388 391 392 393 394 395 396 397 398 399 400 402 405 406 407 408 409 411 415 417 420 421 424 426 430 431 432 435 437 441 442 443 444 445 446 448 450 451 452 454 455 456 457 460 461 463 464 467 472 473 474 475 476 479 480 481 486 487 488 490 491 494 496 498 499 500
147 95 258 259 261 262 151 152 153 154 157 160 161 162 163 164 166 167 171 172 173 174 178 186 187 191 193 195 197 201 207 210 212 215 222 224 226 227 228 230 231 233 239 241 247 249 250 251 252 263 264 265 268 269 272 274 275 281 282 289 290 293 297 301 304 306 310 311 316 319 320 321 322 326 330 332 335 336 340 342 343 345 347 348 350 352 354 359 360 362 363 365 366 373 375 378 383 386 387 388 391 393 394 396 397 398 399 400 407 408 409 411 415 417 420 421 424 426 431 443 448 450 451 454 455 461 463 467 472 473 474 476 480 481 486 487 490 494 496 498 499
148 23
149 63
150 38
151 35 258 259 260 261 262 152 153 154 157 160 161 162 163 164 166 167 171 172 173 174 176 178 179 186 187 191 193 195 197 201 207 210 212 215 216 221 222 223 224 226 227 228 230 231 232 233 235 239 241 247 249 250 251 252 263 264 265 268 269 272 274 275 281 282 286 289 290 293 294 297 301 302 304 306 310 311 316 319 320 321 322 326 327 330 331 332 335 336 339 340 342 343 345 346 347 348 350 352 354 359 360 362 363 365 366 373 375 378 383 386 387 388 391 393 394 396 397 398 399 400 406 407 408 409 411 415 417 420 421 424 426 431 435 437 443 448 450 451 454 455 461 463 467 472 473 474 476 479 480 481 486 487 488 490 494 496 498 499 500
152 78 258 259 260 261 262 153 154 157 160 161 162 163 164 166 167 169 171 172 173 174 176 178 179 183 186 187 191 193 194 195 197 201 205 207 210 212 214 215 216 221 222 223 224 225 226 227 228 230 231 232 233 235 236 239 241 245 246 247 249 250 251 252 263 264 265 268 269 272 274 275 281 282 286 289 290 293 294 297 301 302 304 306 309 310 311 316 319 320 321 322 326 327 330 331 332 335 336 339 340 342 343 345 346 347 348 350 352 353 354 359 360 361 362 363 365 366 373 375 377 378 383 386 387 388 391 392 393 394 395 396 397 398 399 400 406 407 408 409 411 415 417 420 421 424 426 430 431 432 435 437 441 442 443 446 448 450 451 454 455 456 460 461 463 467 472 473 474 476 479 480 481 486 487 488 490 494 496 498 499 500
153 27 258 259 260 261 262 154 157 160 161 162 163 164 166 167 169 171 172 173 174 176 178 179 186 187 191 193 195 197 201 207 210 212 215 216 221 222 223 224 226 227 228 230 231 232 233 235 239 241 247 249 250 251 252 263 264 265 268 269 272 274 275 281 282 286 289 290 293 294 297 301 302 304 306 310 311 316 319 320 321 322 326 327 330 331 332 335 336 339 340 342 343 345 346 347 348 350 352 353 354 359 360 362 363 365 366 373 375 378 383 386 387 388 391 393 394 396 397 398 399 400 406 407 408 409 411 415 417 420 421 424 426 431 435 437 443 448 450 451 454 455 461 463 467 472 473 474 476 479 480 481 486 487 488 490 494 496 498 499 500
154 76 258 259 260 261 262 157 160 161 162 163 164 166 167 169 171 172 173 174 176 178 179 186 187 191 193 195 197 201 207 210 212 214 215 216 221 222 223 224 226 227 228 230 231 232 233 235 239 241 247 249 250 251 252 263 264 265 268 269 272 274 275 281 282 286 289 290 293 294 297 301 302 304 306 309 310 311 316 319 320 321 322 326 327 330 331 332 335 336 339 340 342 343 345 346 347 348 350 352 353 354 359 360 361 362 363 365 366 373 375 378 383 386 387 388 391 392 393 394 395 396 397 398 399 400 406 407 408 409 411 415 417 420 421 424 426 431 432 435 437 442 443 446 448 450 451 454 455 456 460 461 463 467 472 473 474 476 479 480 481 486 487 488 490 494 496 498 499 500
155 52
156 93
157 32 258 259 261 262 160 161 162 163 164 166 167 171 172 173 174 178 186 187 191 193 195 197 201 207 210 212 215 222 224 226 227 228 230 231 233 235 239 241 247 249 250 251 252 263 264 265 268 269 272 274 275 281 282 289 290 293 297 301 302 304 306 310 311 316 319 320 321 322 326 330 332 335 336 340 342 343 345 347 348 350 352 354 359 360 362 363 365 366 373 375 378 383 386 387 388 391 393 394 396 397 398 399 400 407 408 409 411 415 417 420 421 424 426 431 435 443 448 450 451 454 455 461 463 467 472 473 474 476 480 481 486 487 490 494 496 498 499
158 38
159 71
160 64 258 259 261 262 161 162 163 164 166 167 171 172 173 174 178 186 187 191 193 195 197 201 207 210 212 215 222 224 226 227 228 230 231 233 235 239 241 247 249 250 251 252 263 264 265 268 269 272 274 275 281 282 289 290 293 297 301 302 304 306 310 311 316 319 320 321 322 326 330 332 335 336 340 342 343 345 347 348 350 352 354 359 360 362 363 365 366 373 375 378 383 386 387 388 391 393 394 396 397 398 399 400 407 408 409 411 415 417 420 421 424 426 431 435 443 448 450 451 454 455 461 463 467 472 473 474 476 480 481 486 487 490 494 496 498 499
161 83 258 259 261 262 162 163 164 166 167 171 172 173 174 178 186 187 191 193 195 197 201 207 210 212 215 222 224 226 227 228 230 231 233 239 241 247 249 250 251 252 263 264 265 268 269 272 274 275 281 282 289 290 293 297 301 304 306 310 311 316 319 320 321 322 326 330 332 335 336 340 342 343 345 347 348 350 352 354 359 360 362 363 365 366 373 375 378 383 386 387 388 391 393 394 396 397 398 399 400 407 408 409 411 415 417 420 421 424 426 431 443 448 450 451 454 455 461 463 467 472 473 474 476 480 481 486 487 490 494 496 498 499
162 49 261 262 163 167 171 173 174 178 186 187 191 197 201 207 210 224 226 230 231 233 241 247 249 251 252 264 265 268 269 275 282 289 293 297 301 304 306 310 311 319 320 321 322 326 330 332 335 340 342 343 345 347 348 352 359 360 362 363 365 378 383 387 388 391 393 394 396 397 400 407 408 411 421 443 451 454 455 461 467 472 474 476 480 481 486 490 496 498
163 44 258 259 260 261 262 164 166 167 169 171 172 173 174 176 178 179 183 186 187 191 193 194 195 197 201 205 207 210 212 214 215 216 221 222 223 224 225 226 227 228 230 231 232 233 235 236 239 241 245 246 247 249 250 251 252 263 264 265 268 269 272 274 275 281 282 286 289 290 293 294 297 301 302 304 306 309 310 311 316 319 320 321 322 326 327 330 331 332 335 336 339 340 342 343 345 346 347 348 350 352 353 354 359 360 361 362 363 365 366 373 375 377 378 383 386 387 388 391 392 393 394 395 396 397 398 399 400 406 407 408 409 411 415 417 420 421 424 426 430 431 432 435 437 441 442 443 446 448 450 451 454 455 456 460 461 463 467 472 473 474 476 479 480 481 486 487 488 490 494 496 498 499 500
164 66 261 262 167 171 173 174 178 186 187 191 197 201 207 210 224 226 231 233 241 247 249 251 252 264 265 268 269 275 282 289 293 297 301 304 306 310 311 319 320 321 322 326 330 332 335 340 342 343 345 347 348 352 359 360 362 363 365 378 383 387 388 391 393 394 396 397 400 407 408 411 421 443 451 454 455 461 467 472 474 476 480 481 486 490 496 498
165 100
166 21 261 262 167 171 172 173 174 178 186 187 191 197 201 207 210 224 226 230 231 233 241 247 249 251 252 264 265 268 269 272 274 275 282 289 290 293 297 301 304 306 310 311 316 319 320 321 322 326 330 332 335 340 342 343 345 347 348 350 352 359 360 362 363 365 378 383 387 388 391 393 394 396 397 399 400 407 408 409 411 420 421 424 431 443 451 454 455 461 463 467 472 474 476 480 481 486 490 496 498
167 97 258 259 261 262 171 172 173 174 178 186 187 191 193 195 197 201 207 210 212 215 222 224 226 227 228 230 231 233 235 239 241 247 249 250 251 252 263 264 265 268 269 272 274 275 281 282 289 290 293 297 301 302 304 306 310 311 316 319 320 321 322 326 330 332 335 336 340 342 343 345 347 348 350 352 354 359 360 362 363 365 366 373 375 378 383 386 387 388 391 393 394 396 397 398 399 400 407 408 409 411 415 417 420 421 424 426 431 435 443 448 450 451 454 455 461 463 467 472 473 474 476 480 481 486 487 490 494 496 498 499
168 95 261 186 224 233 241 251 264 268 269 275 297 304 319 320 335 340 348 362 363 365 388 397 408 421 443 467 474
169 51 261 171 173 186 187 191 224 233 241 247 249 251 264 268 269 275 282 289 297 304 319 320 321 326 335 340 342 343 345 347 348 352 359 360 362 363 365 378 387 388 391 393 397 407 408 411 421 443 461 467 474 476 481 498
170 55
171 97 258 259 260 261 262 172 173 174 176 178 179 183 186 187 191 193 194 195 197 201 207 210 212 214 215 216 221 222 223 224 225 226 227 228 230 231 232 233 235 239 241 247 249 250 251 252 263 264 265 268 269 272 274 275 281 282 286 289 290 293 294 297 301 302 304 306 309 310 311 316 319 320 321 322 326 327 330 331 332 335 336 339 340 342 343 345 346 347 348 350 352 353 354 359 360 361 362 363 365 366 373 375 378 383 386 387 388 391 392 393 394 395 396 397 398 399 400 406 407 408 409 411 415 417 420 421 424 426 430 431 432 435 437 441 442 443 446 448 450 451 454 455 456 460 461 463 467 472 473 474 476 479 480 481 486 487 488 490 494 496 498 499 500
172 28 259 261 262 173 174 178 186 187 191 193 197 201 207 210 212 215 224 226 230 231 233 239 241 247 249 251 252 264 265 268 269 272 274 275 282 289 290 293 297 301 304 306 310 311 316 319 320 321 322 326 330 332 335 340 342 343 345 347 348 350 352 359 360 362 363 365 378 383 387 388 391 393 394 396 397 399 400 407 408 409 411 420 421 424 426 431 443 451 454 455 461 463 467 472 473 474 476 480 481 486 490 494 496 498
173 77 258 259 260 261 262 174 176 178 179 183 186 187 191 193 195 197 201 207 210 212 214 215 216 221 222 223 224 225 226 227 228 230 231 232 233 235 239 241 247 249 250 251 252 263 264 265 268 269 272 274 275 281 282 286 289 290 293 294 297 301 302 304 306 309 310 311 316 319 320 321 322 326 327 330 331 332 335 336 339 340 342 343 345 346 347 348 350 352 353 354 359 360 361 362 363 365 366 373 375 378 383 386 387 388 391 392 393 394 395 396 397 398 399 400 406 407 408 409 411 415 417 420 421 424 426 431 432 435 437 441 442 443 446 448 450 451 454 455 456 460 461 463 467 472 473 474 476 479 480 481 486 487 488 490 494 496 498 499 500
174 98 258 259 261 262 176 178 179 186 187 191 193 195 197 201 207 210 212 215 221 222 224 226 227 228 230 231 232 233 235 239 241 247 249 250 251 252 263 264 265 268 269 272 274 275 281 282 286 289 290 293 294 297 301 302 304 306 310 311 316 319 320 321 322 326 327 330 331 332 335 336 339 340 342 343 345 347 348 350 352 354 359 360 362 363 365 366 373 375 378 383 386 387 388 391 393 394 396 397 398 399 400 406 407 408 409 411 415 417 420 421 424 426 431 435 437 443 448 450 451 454 455 461 463 467 472 473 474 476 480 481 486 487 488 490 494 496 498 499
175 65
176 20 261 262 178 186 187 191 197 224 231 233 241 247 249 251 264 265 268 269 275 282 289 297 301 304 306 310 319 320 321 326 330 332 335 340 342 343 345 347 348 352 359 360 362 363 365 378 387 388 391 393 394 396 397 407 408 411 421 443 455 461 467 472 474 476 481 498
177 44
178 60 258 259 261 262 179 186 187 191 193 195 197 201 207 210 212 215 221 222 224 226 227 228 230 231 232 233 235 239 241 247 249 250 251 252 263 264 265 268 269 272 274 275 281 282 286 289 290 293 294 297 301 302 304 306 310 311 316 319 320 321 322 326 327 330 331 332 335 336 339 340 342 343 345 347 348 350 352 354 359 360 362 363 365 366 373 375 378 383 386 387 388 391 393 394 396 397 398 399 400 406 407 408 409 411 415 417 420 421 424 426 431 435 437 443 448 450 451 454 455 461 463 467 472 473 474 476 480 481 486 487 488 490 494 496 498 499
179 38 261 186 187 191 197 224 233 241 247 249 251 264 265 268 269 275 282 289 297 301 304 306 319 320 321 326 332 335 340 342 343 345 347 348 352 359 360 362 363 365 378 387 388 391 393 394 396 397 407 408 411 421 443 461 467 472 474 476 481 498
180 31
181 61
182 81 224 241 251 268 275 297 319 320 340 348 362 365 408 421 443 467 474
183 97 261 186 187 224 233 241 251 264 268 269 275 289 297 304 319 320 326 335 340 342 347 348 360 362 363 365 378 388 391 397 407 408 421 443 467 474 481 498
184 31
185 41
186 92 258 259 260 261 262 187 191 193 194 195 197 201 205 207 210 212 214 215 216 221 222 223 224 225 226 227 228 230 231 232 233 235 236 239 241 245 246 247 249 250 251 252 263 264 265 268 269 272 274 275 279 281 282 286 289 290 293 294 297 301 302 304 306 309 310 311 316 319 320 321 322 326 327 330 331 332 335 336 339 340 342 343 345 346 347 348 350 352 353 354 359 360 361 362 363 365 366 373 375 377 378 383 386 387 388 391 392 393 394 395 396 397 398 399 400 406 407 408 409 411 415 417 420 421 424 426 430 431 432 435 437 441 442 443 446 448 450 451 454 455 456 457 460 461 463 467 472 473 474 476 479 480 481 486 487 488 490 494 496 498 499 500
187 26 258 259 260 261 262 191 193 194 195 197 201 207 210 212 214 215 216 221 222 223 224 225 226 227 228 230 231 232 233 235 239 241 247 249 250 251 252 263 264 265 268 269 272 274 275 281 282 286 289 290 293 294 297 301 302 304 306 309 310 311 316 319 320 321 322 326 327 330 331 332 335 336 339 340 342 343 345 346 347 348 350 352 353 354 359 360 361 362 363 365 366 373 375 378 383 386 387 388 391 392 393 394 395 396 397 398 399 400 406 407 408 409 411 415 417 420 421 424 426 430 431 432 435 437 441 442 443 446 448 450 451 454 455 456 460 461 463 467 472 473 474 476 479 480 481 486 487 488 490 494 496 498 499 500
188 96
189 48
190 52
191 49 258 259 260 261 262 193 195 197 201 207 210 212 214 215 216 221 222 223 224 226 227 228 230 231 232 233 235 239 241 247 249 250 251 252 263 264 265 268 269 272 274 275 281 282 286 289 290 293 294 297 301 302 304 306 309 310 311 316 319 320 321 322 326 327 330 331 332 335 336 339 340 342 343 345 346 347 348 350 352 353 354 359 360 361 362 363 365 366 373 375 378 383 386 387 388 391 392 393 394 395 396 397 398 399 400 406 407 408 409 411 415 417 420 421 424 426 431 432 435 437 442 443 446 448 450 451 454 455 456 460 461 463 467 472 473 474 476 479 480 481 486 487 488 490 494 496 498 499 500
192 47
193 42 261 262 197 201 207 210 224 226 230 231 233 241 247 249 251 252 264 265 268 269 274 275 282 289 290 293 297 301 304 306 310 311 316 319 320 321 322 326 330 332 335 340 342 343 345 347 348 352 359 360 362 363 365 378 383 387 388 391 393 394 396 397 400 407 408 411 420 421 424 431 443 451 454 455 461 467 472 474 476 480 481 486 490 496 498
194 53 261 224 233 241 251 264 268 269 275 289 297 304 319 320 326 335 340 342 347 348 360 362 363 365 378 388 391 397 407 408 421 443 467 474 498
195 82 261 262 197 201 207 224 231 233 241 247 249 251 264 265 268 269 275 282 289 293 297 301 304 306 310 311 319 320 321 326 330 332 335 340 342 343 345 347 348 352 359 360 362 363 365 378 387 388 391 393 394 396 397 400 407 408 411 421 443 455 461 467 472 474 476 481 486 490 496 498
196 99
197 90 258 259 261 262 201 207 210 212 215 221 222 224 226 227 228 230 231 232 233 235 239 241 247 249 250 251 252 263 264 265 268 269 272 274 275 281 282 286 289 290 293 294 297 301 302 304 306 310 311 316 319 320 321 322 326 327 330 331 332 335 336 339 340 342 343 345 347 348 350 352 354 359 360 362 363 365 366 373 375 378 383 386 387 388 391 393 394 396 397 398 399 400 406 407 408 409 411 415 417 420 421 424 426 431 435 437 443 448 450 451 454 455 461 463 467 472 473 474 476 480 481 486 487 488 490 494 496 498 499 500
198 20
199 41
200 88
201 21 258 259 261 262 207 210 212 215 222 224 226 228 230 231 233 239 241 247 249 250 251 252 263 264 265 268 269 272 274 275 281 282 289 290 293 297 301 304 306 310 311 316 319 320 321 322 326 330 332 335 340 342 343 345 347 348 350 352 354 359 360 362 363 365 366 375 378 383 386 387 388 391 393 394 396 397 398 399 400 407 408 409 411 415 417 420 421 424 426 431 443 448 450 451 454 455 461 463 467 472 473 474 476 480 481 486 487 490 494 496 498
202 94
203 87 261 224 241 251 268 275 297 319 320 340 348 362 363 365 388 408 421 443 467 474
204 50
205 61 261 224 233 241 251 264 268 269 275 289 297 304 319 320 335 340 348 362 363 365 388 397 407 408 421 443 467 474
206 84
207 62 258 259 261 262 210 212 215 222 224 226 227 228 230 231 233 235 239 241 247 249 250 251 252 263 264 265 268 269 272 274 275 281 282 289 290 293 297 301 302 304 306 310 311 316 319 320 321 322 326 330 332 335 336 340 342 343 345 347 348 350 352 354 359 360 362 363 365 366 373 375 378 383 386 387 388 391 393 394 396 397 398 399 400 407 408 409 411 415 417 420 421 424 426 431 435 443 448 450 451 454 455 461 463 467 472 473 474 476 480 481 486 487 490 494 496 498 499
208 54
209 89
210 69 259 261 262 212 215 222 224 226 230 231 233 239 241 247 249 250 251 252 264 265 268 269 272 274 275 282 289 290 293 297 301 304 306 310 311 316 319 320 321 322 326 330 332 335 340 342 343 345 347 348 350 352 354 359 360 362 363 365 378 383 386 387 388 391 393 394 396 397 399 400 407 408 409 411 417 420 421 424 426 431 443 448 450 451 454 455 461 463 467 472 473 474 476 480 481 486 490 494 496 498
211 43
212 52 261 262 224 226 230 231 233 241 247 249 251 252 264 265 268 269 274 275 282 289 290 293 297 301 304 306 310 311 316 319 320 321 322 326 330 332 335 340 342 343 345 347 348 352 359 360 362 363 365 378 383 387 388 391 393 394 396 397 400 407 408 411 420 421 424 431 443 451 454 455 461 467 472 474 476 480 481 486 490 496 498
213 42
214 93 261 224 233 241 247 249 251 264 268 269 275 282 289 297 304 319 320 326 335 340 342 343 347 348 352 359 360 362 363 365 378 387 388 391 393 397 407 408 411 421 443 461 467 474 476 481 498
215 64 261 262 224 226 230 231 233 241 247 249 251 252 264 265 268 269 274 275 282 289 290 293 297 301 304 306 310 311 316 319 320 321 322 326 330 332 335 340 342 343 345 347 348 352 359 360 362 363 365 378 383 387 388 391 393 394 396 397 400 407 408 411 420 421 424 431 443 451 454 455 461 467 472 474 476 480 481 486 490 496 498
216 85 261 224 233 241 247 249 251 264 265 268 269 275 282 289 297 304 306 319 320 321 326 335 340 342 343 345 347 348 352 359 360 362 363 365 378 387 388 391 393 394 396 397 407 408 411 421 443 461 467 474 476 481 498
217 86
218 42
219 64 320
220 44
221 45 261 262 224 231 233 241 247 249 251 264 265 268 269 275 282 289 297 301 304 306 310 319 320 321 326 330 332 335 340 342 343 345 347 348 352 359 360 362 363 365 378 387 388 391 393 394 396 397 407 408 411 421 443 455 461 467 472 474 476 481 498
222 82 261 262 224 226 231 233 241 247 249 251 252 264 265 268 269 275 282 289 293 297 301 304 306 310 311 319 320 321 322 326 330 332 335 340 342 343 345 347 348 352 359 360 362 363 365 378 383 387 388 391 393 394 396 397 400 407 408 411 421 443 451 454 455 461 467 472 474 476 480 481 486 490 496 498
223 20 261 224 233 241 247 249 251 264 265 268 269 275 282 289 297 304 306 319 320 321 326 335 340 342 343 345 347 348 352 359 360 362 363 365 378 387 388 391 393 394 396 397 407 408 411 421 443 461 467 474 476 481 498
224 87 258 259 260 261 262 225 226 227 228 230 231 232 233 234 235 236 238 239 241 244 245 246 247 249 250 251 252 263 264 265 268 269 272 274 275 279 281 282 286 289 290 293 294 297 301 302 304 306 307 308 309 310 311 315 316 317 319 320 321 322 326 327 330 331 332 335 336 339 340 342 343 345 346 347 348 350 352 353 354 357 359 360 361 362 363 365 366 373 375 377 378 383 386 387 388 391 392 393 394 395 396 397 398 399 400 402 405 406 407 408 409 411 415 417 420 421 424 426 430 431 432 435 437 441 442 443 444 445 446 448 450 451 452 454 455 456 457 460 461 463 464 467 472 473 474 475 476 479 480 481 486 487 488 490 491 494 496 498 499 500
225 27 261 233 241 251 264 268 269 275 289 297 304 319 320 326 335 340 342 347 348 360 362 363 365 378 388 391 397 407 408 421 443 467 474 481 498
226 29 259 261 262 230 231 233 239 241 247 249 250 251 252 264 265 268 269 272 274 275 282 289 290 293 297 301 304 306 310 311 316 319 320 321 322 326 330 332 335 340 342 343 345 347 348 350 352 354 359 360 362 363 365 378 383 386 387 388 391 393 394 396 397 399 400 407 408 409 411 417 420 421 424 426 431 443 450 451 454 455 461 463 467 472 473 474 476 480 481 486 490 494 496 498
227 75 261 262 231 233 241 247 249 251 264 265 268 269 275 282 289 297 301 304 306 310 311 319 320 321 326 330 332 335 340 342 343 345 347 348 352 359 360 362 363 365 378 387 388 391 393 394 396 397 407 408 411 421 443 455 461 467 472 474 476 481 490 498
228 55 261 262 231 233 241 247 249 251 252 264 265 268 269 275 282 289 293 297 301 304 306 310 311 319 320 321 322 326 330 332 335 340 342 343 345 347 348 352 359 360 362 363 365 378 387 388 391 393 394 396 397 400 407 408 411 421 443 454 455 461 467 472 474 476 481 486 490 496 498
229 97
230 20 259 261 262 231 233 239 241 247 249 250 251 252 264 265 268 269 272 274 275 282 289 290 293 297 301 304 306 310 311 316 319 320 321 322 326 330 332 335 340 342 343 345 347 348 350 352 354 359 360 362 363 365 378 383 387 388 391 393 394 396 397 399 400 407 408 409 411 420 421 424 426 431 443 451 454 455 461 463 467 472 473 474 476 480 481 486 490 494 496 498
231 86 258 259 261 262 233 235 239 241 247 249 250 251 252 263 264 265 268 269 272 274 275 281 282 289 290 293 297 301 302 304 306 310 311 316 319 320 321 322 326 330 331 332 335 336 340 342 343 345 347 348 350 352 354 359 360 362 363 365 366 373 375 378 383 386 387 388 391 393 394 396 397 398 399 400 406 407 408 409 411 415 417 420 421 424 426 431 435 437 443 448 450 451 454 455 461 463 467 472 473 474 476 480 481 486 487 488 490 494 496 498 499
232 48 261 233 241 247 249 251 264 265 268 269 275 282 289 297 301 304 306 319 320 321 326 332 335 340 342 343 345 347 348 352 359 360 362 363 365 378 387 388 391 393 394 396 397 407 408 411 421 443 461 467 474 476 481 498
233 24 258 259 260 261 262 235 236 239 241 245 246 247 249 250 251 252 263 264 265 268 269 272 274 275 279 281 282 286 289 290 293 294 297 301 302 304 306 309 310 311 316 319 320 321 322 326 327 330 331 332 335 336 339 340 342 343 345 346 347 348 350 352 353 354 359 360 361 362 363 365 366 373 375 377 378 383 386 387 388 391 392 393 394 395 396 397 398 399 400 406 407 408 409 411 415 417 420 421 424 426 430 431 432 435 437 441 442 443 446 448 450 451 454 455 456 460 461 463 467 472 473 474 476 479 480 481 486 487 488 490 494 496 498 499 500
234 38 251 268 320 340 348 362 365 408 443 467
235 56 261 262 241 247 249 251 264 265 268 269 275 282 289 297 301 304 306 310 319 320 321 326 330 332 335 340 342 343 345 347 348 352 359 360 362 363 365 378 387 388 391 393 394 396 397 407 408 411 421 443 455 461 467 472 474 476 481 490 498
236 25 261 241 251 264 268 269 275 289 297 304 319 320 335 340 348 362 363 365 378 388 397 407 408 421 443 467 474 498
237 70
238 80 261 241 251 264 268 269 275 297 319 320 340 348 362 363 365 388 408 421 443 467 474
239 78 261 262 241 247 249 251 252 264 265 268 269 274 275 282 289 290 293 297 301 304 306 310 311 316 319 320 321 322 326 330 332 335 340 342 343 345 347 348 352 359 360 362 363 365 378 383 387 388 391 393 394 396 397 400 407 408 411 420 421 424 431 443 451 454 455 461 467 472 474 476 480 481 486 490 496 498
240 21
241 62 258 259 260 261 262 245 246 247 249 250 251 252 263 264 265 268 269 272 274 275 279 281 282 286 289 290 293 294 297 301 302 304 306 307 309 310 311 315 316 319 320 321 322 326 327 330 331 332 335 336 339 340 342 343 345 346 347 348 350 352 353 354 357 359 360 361 362 363 365 366 373 375 377 378 383 386 387 388 391 392 393 394 395 396 397 398 399 400 402 405 406 407 408 409 411 415 417 420 421 424 426 430 431 432 435 437 441 442 443 444 445 446 448 450 451 452 454 455 456 457 460 461 463 464 467 472 473 474 475 476 479 480 481 486 487 488 490 491 494 496 498 499 500
242 64
243 48
244 69 251 268 320 340 348 362 365 408 443 467
245 22 261 251 264 268 269 275 289 297 304 319 320 335 340 348 362 363 365 378 388 397 407 408 421 443 467 474 498
246 87 261 251 264 268 269 275 289 297 304 319 320 335 340 348 362 363 365 388 397 407 408 421 443 467 474
247 61 258 259 260 261 262 249 250 251 252 263 264 265 268 269 272 274 275 281 282 286 289 290 293 294 297 301 302 304 306 309 310 311 316 319 320 321 322 326 327 330 331 332 335 336 339 340 342 343 345 346 347 348 350 352 353 354 359 360 361 362 363 365 366 373 375 378 383 386 387 388 391 392 393 394 395 396 397 398 399 400 406 407 408 409 411 415 417 420 421 424 426 431 432 435 437 442 443 446 448 450 451 454 455 456 460 461 463 467 472 473 474 476 479 480 481 486 487 488 490 494 496 498 499 500
248 58
249 77 258 259 260 261 262 250 251 252 263 264 265 268 269 272 274 275 281 282 286 289 290 293 294 297 301 302 304 306 309 310 311 316 319 320 321 322 326 327 330 331 332 335 336 339 340 342 343 345 346 347 348 350 352 353 354 359 360 361 362 363 365 366 373 375 378 383 386 387 388 391 392 393 394 395 396 397 398 399 400 406 407 408 409 411 415 417 420 421 424 426 431 432 435 437 442 443 446 448 450 451 454 455 456 460 461 463 467 472 473 474 476 479 480 481 486 487 488 490 494 496 498 499 500
250 41 261 262 251 252 264 265 268 269 274 275 282 289 290 293 297 301 304 306 310 311 316 319 320 321 322 326 330 332 335 340 342 343 345 347 348 352 359 360 362 363 365 378 383 387 388 391 393 394 396 397 400 407 408 411 421 424 443 451 454 455 461 467 472 474 476 480 481 486 490 496 498
251 86 258 259 260 261 262 252 263 264 265 268 269 272 274 275 279 281 282 286 289 290 293 294 297 301 302 304 306 307 308 309 310 311 315 316 317 319 320 321 322 326 327 330 331 332 335 336 339 340 342 343 345 346 347 348 350 352 353 354 357 359 360 361 362 363 365 366 373 375 377 378 383 386 387 388 391 392 393 394 395 396 397 398 399 400 402 405 406 407 408 409 411 412 415 417 420 421 424 426 430 431 432 435 437 441 442 443 444 445 446 448 450 451 452 454 455 456 457 460 461 463 464 467 472 473 474 475 476 479 480 481 486 487 488 490 491 494 496 498 499 500
252 95 259 261 262 264 265 268 269 272 274 275 282 289 290 293 297 301 304 306 310 311 316 319 320 321 322 326 330 332 335 340 342 343 345 347 348 350 352 354 359 360 362 363 365 378 383 386 387 388 391 393 394 396 397 399 400 407 408 409 411 415 417 420 421 424 426 431 443 448 450 451 454 455 461 463 467 472 473 474 476 480 481 486 490 494 496 498
253 58
254 65
255 88
256 62
257 96
258 79 261 262 264 265 268 269 275 282 289 293 297 301 304 306 310 311 319 320 321 326 330 332 335 340 342 343 345 347 348 352 359 360 362 363 365 378 387 388 391 393 394 396 397 400 407 408 411 421 443 455 461 467 472 474 476 481 486 490 496 498
259 30 261 262 264 265 268 269 272 274 275 282 289 290 293 297 301 304 306 310 311 316 319 320 321 322 326 330 332 335 340 342 343 345 347 348 350 352 359 360 362 363 365 378 383 387 388 391 393 394 396 397 400 407 408 411 420 421 424 431 443 451 454 455 461 467 472 474 476 480 481 486 490 496 498
260 100 261 264 265 268 269 275 282 289 297 304 306 319 320 321 326 335 340 342 343 345 347 348 352 359 360 362 363 365 378 387 388 391 393 394 396 397 407 408 411 421 443 461 467 474 476 481 498
261 56 262 263 264 265 268 269 272 274 275 279 281 282 286 289 290 293 294 297 301 302 304 306 307 309 310 311 315 316 319 320 321 322 326 327 330 331 332 335 336 339 340 342 343 345 346 347 348 350 352 353 354 357 359 360 361 362 363 365 366 373 375 377 378 383 386 387 388 391 392 393 394 395 396 397 398 399 400 402 406 407 408 409 411 415 417 420 421 424 426 430 431 432 435 437 441 442 443 446 448 450 451 452 454 455 456 457 460 461 463 467 472 473 474 476 479 480 481 486 487 488 490 491 494 496 498 499 500
262 79 263 264 265 268 269 272 274 275 281 282 286 289 290 293 294 297 301 302 304 306 310 311 316 319 320 321 322 326 330 331 332 335 336 340 342 343 345 347 348 350 352 354 359 360 362 363 365 366 373 375 378 383 386 387 388 391 393 394 396 397 398 399 400 406 407 408 409 411 415 417 420 421 424 426 431 435 437 443 448 450 451 454 455 461 463 467 472 473 474 476 480 481 486 487 488 490 494 496 498 499
263 49 264 265 268 269 275 282 289 293 297 301 304 306 310 311 319 320 321 326 330 332 335 340 342 343 345 347 348 352 359 360 362 363 365 378 387 388 391 393 394 396 397 400 407 408 411 421 443 455 461 467 472 474 476 481 486 490 496 498
264 68 265 268 269 272 274 275 279 281 282 286 289 290 293 294 297 301 302 304 306 307 309 310 311 316 319 320 321 322 326 327 330 331 332 335 336 339 340 342 343 345 346 347 348 350 352 353 354 359 360 361 362 363 365 366 373 375 377 378 383 386 387 388 391 392 393 394 395 396 397 398 399 400 402 406 407 408 409 411 415 417 420 421 424 426 430 431 432 435 437 441 442 443 446 448 450 451 452 454 455 456 457 460 461 463 467 472 473 474 476 479 480 481 486 487 488 490 491 494 496 498 499 500
265 55 268 269 272 274 275 281 282 286 289 290 293 294 297 301 302 304 306 310 311 316 319 320 321 322 326 327 330 331 332 335 336 339 340 342 343 345 346 347 348 350 352 354 359 360 362 363 365 366 373 375 378 383 386 387 388 391 393 394 396 397 398 399 400 406 407 408 409 411 415 417 420 421 424 426 431 435 437 443 448 450 451 454 455 461 463 467 472 473 474 476 480 481 486 487 488 490 494 496 498 499 500
266 82
267 45
268 100 269 272 274 275 279 281 282 286 289 290 293 294 297 301 302 304 306 307 308 309 310 311 315 316 317 319 320 321 322 326 327 330 331 332 335 336 339 340 342 343 345 346 347 348 350 352 353 354 357 359 360 361 362 363 365 366 373 375 377 378 383 386 387 388 391 392 393 394 395 396 397 398 399 400 402 405 406 407 408 409 411 412 415 417 420 421 424 426 430 431 432 435 437 441 442 443 444 445 446 448 450 451 452 454 455 456 457 460 461 463 464 467 472 473 474 475 476 479 480 481 486 487 488 490 491 494 496 498 499 500
269 92 272 274 275 279 281 282 286 289 290 293 294 297 301 302 304 306 309 310 311 316 319 320 321 322 326 327 330 331 332 335 336 339 340 342 343 345 346 347 348 350 352 353 354 359 360 361 362 363 365 366 373 375 377 378 383 386 387 388 391 392 393 394 395 396 397 398 399 400 402 406 407 408 409 411 415 417 420 421 424 426 430 431 432 435 437 441 442 443 446 448 450 451 452 454 455 456 457 460 461 463 467 472 473 474 476 479 480 481 486 487 488 490 494 496 498 499 500
270 20
271 49 320 340 348 362
272 69 274 275 282 289 290 293 297 301 304 306 310 311 316 319 320 321 322 326 330 332 335 340 342 343 345 347 348 350 352 359 360 362 363 365 378 383 387 388 391 393 394 396 397 399 400 407 408 409 411 420 421 424 431 443 451 454 455 461 463 467 472 474 476 480 481 486 490 494 496 498
273 67
274 74 275 282 289 290 293 297 301 304 306 310 311 316 319 320 321 322 326 330 332 335 340 342 343 345 347 348 350 352 359 360 362 363 365 378 383 387 388 391 393 394 396 397 399 400 407 408 409 411 420 421 424 426 431 443 451 454 455 461 463 467 472 473 474 476 480 481 486 490 494 496 498
275 44 279 281 282 286 289 290 293 294 297 301 302 304 306 307 309 310 311 315 316 319 320 321 322 326 327 330 331 332 335 336 339 340 342 343 345 346 347 348 350 352 353 354 357 359 360 361 362 363 365 366 373 375 377 378 383 386 387 388 391 392 393 394 395 396 397 398 399 400 402 405 406 407 408 409 411 415 417 420 421 424 426 430 431 432 435 437 441 442 443 444 445 446 448 450 451 452 454 455 456 457 460 461 463 467 472 473 474 476 479 480 481 486 487 488 490 491 494 496 498 499 500
276 61
277 20
278 86
279 52 297 304 319 320 340 348 362 363 365 388 408 421 443 467 474
280 89
281 83 282 289 293 297 301 304 306 310 311 319 320 321 326 330 332 335 340 342 343 345 347 348 352 359 360 362 363 365 378 387 388 391 393 394 396 397 400 407 408 411 421 443 455 461 467 472 474 476 481 486 490 496 498
282 78 286 289 290 293 294 297 301 302 304 306 309 310 311 316 319 320 321 322 326 327 330 331 332 335 336 339 340 342 343 345 346 347 348 350 352 353 354 359 360 361 362 363 365 366 373 375 378 383 386 387 388 391 393 394 396 397 398 399 400 406 407 408 409 411 415 417 420 421 424 426 431 432 435 437 443 446 448 450 451 454 455 461 463 467 472 473 474 476 479 480 481 486 487 488 490 494 496 498 499 500
283 100
284 25
285 100
286 73 289 297 301 304 306 319 320 321 326 332 335 340 342 343 345 347 348 352 359 360 362 363 365 378 387 388 391 393 394 396 397 407 408 411 421 443 461 467 472 474 476 481 498
287 21
288 100
289 52 290 293 294 297 301 302 304 306 309 310 311 316 319 320 321 322 326 327 330 331 332 335 336 339 340 342 343 345 346 347 348 350 352 353 354 359 360 361 362 363 365 366 373 375 377 378 383 386 387 388 391 392 393 394 395 396 397 398 399 400 406 407 408 409 411 415 417 420 421 424 426 430 431 432 435 437 441 442 443 446 448 450 451 454 455 456 460 461 463 467 472 473 474 476 479 480 481 486 487 488 490 494 496 498 499 500
290 47 293 297 301 304 306 310 311 316 319 320 321 322 326 330 332 335 340 342 343 345 347 348 350 352 359 360 362 363 365 378 383 387 388 391 393 394 396 397 399 400 407 408 409 411 420 421 424 426 431 443 451 454 455 461 463 467 472 473 474 476 480 481 486 490 494 496 498
291 48
292 95
293 71 297 301 304 306 310 311 316 319 320 321 322 326 330 332 335 340 342 343 345 347 348 350 352 354 359 360 362 363 365 366 375 378 383 386 387 388 391 393 394 396 397 398 399 400 407 408 409 411 415 417 420 421 424 426 431 443 448 450 451 454 455 461 463 467 472 473 474 476 480 481 486 487 490 494 496 498
294 22 297 301 304 306 319 320 321 326 330 332 335 340 342 343 345 347 348 352 359 360 362 363 365 378 387 388 391 393 394 396 397 407 408 411 421 443 461 467 472 474 476 481 498
295 79
296 97
297 50 301 302 304 306 307 309 310 311 315 316 319 320 321 322 326 327 330 331 332 335 336 339 340 342 343 345 346 347 348 350 352 353 354 357 359 360 361 362 363 365 366 373 375 377 378 383 386 387 388 391 392 393 394 395 396 397 398 399 400 402 405 406 407 408 409 411 415 417 420 421 424 426 430 431 432 435 437 441 442 443 444 445 446 448 450 451 452 454 455 456 457 460 461 463 464 467 472 473 474 475 476 479 480 481 486 487 488 490 491 494 496 498 499 500
298 85
299 68
300 44
301 74 302 304 306 310 311 316 319 320 321 322 326 330 331 332 335 336 339 340 342 343 345 347 348 350 352 354 359 360 362 363 365 366 373 375 378 383 386 387 388 391 393 394 396 397 398 399 400 406 407 408 409 411 415 417 420 421 424 426 431 435 437 443 448 450 451 454 455 461 463 467 472 473 474 476 480 481 486 487 488 490 494 496 498 499
302 74 304 306 310 319 320 321 326 330 332 335 340 342 343 345 347 348 352 359 360 362 363 365 378 387 388 391 393 394 396 397 407 408 411 421 443 455 461 467 472 474 476 481 490 498
303 75 320
304 23 306 309 310 311 316 319 320 321 322 326 327 330 331 332 335 336 339 340 342 343 345 346 347 348 350 352 353 354 359 360 361 362 363 365 366 373 375 377 378 383 386 387 388 391 392 393 394 395 396 397 398 399 400 406 407 408 409 411 415 417 420 421 424 426 430 431 432 435 437 441 442 443 446 448 450 451 452 454 455 456 457 460 461 463 467 472 473 474 476 479 480 481 486 487 488 490 494 496 498 499 500
305 52
306 83 310 311 316 319 320 321 322 326 327 330 331 332 335 336 339 340 342 343 345 346 347 348 350 352 354 359 360 362 363 365 366 373 375 378 383 386 387 388 391 393 394 396 397 398 399 400 406 407 408 409 411 415 417 420 421 424 426 431 435 437 443 448 450 451 454 455 461 463 467 472 473 474 476 480 481 486 487 488 490 494 496 498 499 500
307 76 319 320 340 348 362 363 365 388 408 421 443 467 474
308 93 320 340 348 362 365 408 443 467
309 100 319 320 321 326 335 340 342 343 347 348 352 359 360 362 363 365 378 387 388 391 393 397 407 408 411 421 443 461 467 474 476 481 498
310 85 311 316 319 320 321 322 326 330 331 332 335 336 340 342 343 345 347 348 350 352 354 359 360 362 363 365 366 373 375 378 383 386 387 388 391 393 394 396 397 398 399 400 406 407 408 409 411 415 417 420 421 424 426 431 435 437 443 448 450 451 454 455 461 463 467 472 473 474 476 480 481 486 487 488 490 494 496 498 499
311 77 316 319 320 321 322 326 330 332 335 336 340 342 343 345 347 348 350 352 354 359 360 362 363 365 366 373 375 378 383 386 387 388 391 393 394 396 397 398 399 400 407 408 409 411 415 417 420 421 424 426 431 443 448 450 451 454 455 461 463 467 472 473 474 476 480 481 486 487 490 494 496 498 499
312 78
313 30
314 78
315 89 319 320 340 348 362 363 365 388 408 421 443 467 474
316 45 319 320 321 322 326 330 332 335 340 342 343 345 347 348 350 352 359 360 362 363 365 378 383 387 388 391 393 394 396 397 399 400 407 408 409 411 420 421 424 426 431 443 451 454 455 461 463 467 472 473 474 476 480 481 486 490 494 496 498
317 56 320 340 348 362 365 408 443 467
318 73
319 81 320 321 322 326 327 330 331 332 335 336 339 340 342 343 345 346 347 348 350 352 353 354 357 359 360 361 362 363 365 366 373 375 377 378 383 386 387 388 391 392 393 394 395 396 397 398 399 400 402 405 406 407 408 409 411 415 417 420 421 424 426 430 431 432 435 437 441 442 443 444 445 446 448 450 451 452 454 455 456 457 460 461 463 464 467 472 473 474 475 476 479 480 481 486 487 488 490 491 494 496 498 499 500
320 53 321 322 326 327 330 331 332 335 336 339 340 342 343 345 346 347 348 350 352 353 354 357 359 360 361 362 363 365 366 373 375 377 378 380 383 386 387 388 391 392 393 394 395 396 397 398 399 400 402 405 406 407 408 409 410 411 412 415 417 420 421 424 426 430 431 432 434 435 437 441 442 443 444 445 446 448 450 451 452 454 455 456 457 460 461 463 464 467 472 473 474 475 476 478 479 480 481 486 487 488 490 491 494 496 498 499 500
321 91 322 326 327 330 331 332 335 336 339 340 342 343 345 346 347 348 350 352 353 354 359 360 362 363 365 366 373 375 378 383 386 387 388 391 393 394 396 397 398 399 400 406 407 408 409 411 415 417 420 421 424 426 431 435 437 443 448 450 451 454 455 461 463 467 472 473 474 476 479 480 481 486 487 488 490 494 496 498 499 500
322 52 326 330 332 335 340 342 343 345 347 348 350 352 354 359 360 362 363 365 378 383 386 387 388 391 393 394 396 397 398 399 400 407 408 409 411 415 417 420 421 424 426 431 443 448 450 451 454 455 461 463 467 472 473 474 476 480 481 486 490 494 496 498
323 44
324 80
325 47
326 56 327 330 331 332 335 336 339 340 342 343 345 346 347 348 350 352 353 354 359 360 361 362 363 365 366 373 375 378 383 386 387 388 391 392 393 394 395 396 397 398 399 400 406 407 408 409 411 415 417 420 421 424 426 431 432 435 437 441 442 443 446 448 450 451 454 455 456 460 461 463 467 472 473 474 476 479 480 481 486 487 488 490 494 496 498 499 500
327 70 332 335 340 342 343 345 347 348 352 359 360 362 363 365 378 387 388 391 393 394 396 397 407 408 411 421 443 461 467 474 476 481 498
328 30
329 52
330 52 331 332 335 336 340 342 343 345 347 348 350 352 354 359 360 362 363 365 366 373 375 378 383 386 387 388 391 393 394 396 397 398 399 400 406 407 408 409 411 415 417 420 421 424 426 431 435 437 443 448 450 451 454 455 461 463 467 472 473 474 476 480 481 486 487 488 490 494 496 498 499
331 47 332 335 340 342 343 345 347 348 352 359 360 362 363 365 378 387 388 391 393 394 396 397 407 408 411 421 443 455 461 467 472 474 476 481 498
332 95 335 336 339 340 342 343 345 347 348 350 352 354 359 360 362 363 365 366 373 375 378 383 386 387 388 391 393 394 396 397 398 399 400 406 407 408 409 411 415 417 420 421 424 426 431 435 437 443 448 450 451 454 455 461 463 467 472 473 474 476 480 481 486 487 488 490 494 496 498 499
333 98
334 75
335 81 336 339 340 342 343 345 346 347 348 350 352 353 354 359 360 361 362 363 365 366 373 375 377 378 383 386 387 388 391 392 393 394 395 396 397 398 399 400 406 407 408 409 411 415 417 420 421 424 426 430 431 432 435 437 441 442 443 446 448 450 451 454 455 456 460 461 463 467 472 473 474 476 479 480 481 486 487 488 490 494 496 498 499 500
336 76 340 342 343 345 347 348 352 359 360 362 363 365 378 387 388 391 393 394 396 397 407 408 411 421 443 455 461 467 472 474 476 481 490 498
337 21
338 62
339 51 340 342 343 345 347 348 352 359 360 362 363 365 378 387 388 391 393 394 396 397 407 408 411 421 443 461 467 472 474 476 481 498
340 57 342 343 345 346 347 348 350 352 353 354 357 359 360 361 362 363 365 366 373 375 377 378 383 386 387 388 391 392 393 394 395 396 397 398 399 400 402 405 406 407 408 409 411 412 415 417 420 421 424 426 430 431 432 434 435 437 441 442 443 444 445 446 448 450 451 452 454 455 456 457 460 461 463 464 467 472 473 474 475 476 479 480 481 486 487 488 490 491 494 496 498 499 500
341 56
342 56 343 345 346 347 348 350 352 353 354 359 360 361 362 363 365 366 373 375 378 383 386 387 388 391 392 393 394 395 396 397 398 399 400 406 407 408 409 411 415 417 420 421 424 426 430 431 432 435 437 441 442 443 446 448 450 451 454 455 456 460 461 463 467 472 473 474 476 479 480 481 486 487 488 490 494 496 498 499 500
343 46 345 346 347 348 350 352 353 354 359 360 361 362 363 365 366 373 375 378 383 386 387 388 391 392 393 394 395 396 397 398 399 400 406 407 408 409 411 415 417 420 421 424 426 431 432 435 437 442 443 446 448 450 451 454 455 456 461 463 467 472 473 474 476 479 480 481 486 487 488 490 494 496 498 499 500
344 54
345 36 346 347 348 350 352 353 354 359 360 362 363 365 366 373 375 378 383 386 387 388 391 393 394 396 397 398 399 400 406 407 408 409 411 415 417 420 421 424 426 431 435 437 443 448 450 451 454 455 461 463 467 472 473 474 476 479 480 481 486 487 488 490 494 496 498 499 500
346 100 347 348 352 359 360 362 363 365 378 387 388 391 393 394 396 397 407 408 411 421 443 461 467 474 476 481 498
347 62 348 350 352 353 354 359 360 361 362 363 365 366 373 375 377 378 383 386 387 388 391 392 393 394 395 396 397 398 399 400 406 407 408 409 411 415 417 420 421 424 426 430 431 432 435 437 441 442 443 446 448 450 451 454 455 456 460 461 463 467 472 473 474 476 479 480 481 486 487 488 490 494 496 498 499 500
348 51 350 352 353 354 357 359 360 361 362 363 365 366 373 375 377 378 383 386 387 388 391 392 393 394 395 396 397 398 399 400 402 405 406 407 408 409 411 412 415 417 420 421 424 426 430 431 432 434 435 437 441 442 443 444 445 446 448 450 451 452 454 455 456 457 460 461 463 464 467 472 473 474 475 476 479 480 481 486 487 488 490 491 494 496 498 499 500
349 75
350 35 352 359 360 362 363 365 378 383 387 388 391 393 394 396 397 399 400 407 408 409 411 420 421 424 431 443 451 454 455 461 463 467 472 474 476 480 481 486 490 494 496 498
351 72
352 47 353 354 359 360 361 362 363 365 366 373 375 378 383 386 387 388 391 392 393 394 395 396 397 398 399 400 406 407 408 409 411 415 417 420 421 424 426 431 432 435 437 442 443 446 448 450 451 454 455 456 460 461 463 467 472 473 474 476 479 480 481 486 487 488 490 494 496 498 499 500
353 27 359 360 362 363 365 378 387 388 391 393 397 407 408 411 421 443 461 467 474 476 481 498
354 86 359 360 362 363 365 378 383 387 388 391 393 394 396 397 400 407 408 411 421 424 443 451 454 455 461 467 472 474 476 480 481 486 490 496 498
355 27
356 33
357 25 362 363 365 408 421 443 467 474
358 30
359 72 360 361 362 363 365 366 373 375 378 383 386 387 388 391 392 393 394 395 396 397 398 399 400 406 407 408 409 411 415 417 420 421 424 426 431 432 435 437 442 443 446 448 450 451 454 455 456 460 461 463 467 472 473 474 476 479 480 481 486 487 488 490 494 496 498 499 500
360 98 361 362 363 365 366 373 375 378 383 386 387 388 391 392 393 394 395 396 397 398 399 400 406 407 408 409 411 415 417 420 421 424 426 430 431 432 435 437 441 442 443 446 448 450 451 454 455 456 460 461 463 467 472 473 474 476 479 480 481 486 487 488 490 494 496 498 499 500
361 52 362 363 365 378 387 388 391 393 397 407 408 411 421 443 461 467 474 476 481 498
362 34 363 365 366 373 375 377 378 383 386 387 388 391 392 393 394 395 396 397 398 399 400 402 405 406 407 408 409 411 412 415 417 420 421 424 426 430 431 432 434 435 437 441 442 443 444 445 446 448 450 451 452 454 455 456 457 460 461 463 464 467 472 473 474 475 476 479 480 481 486 487 488 490 491 494 496 498 499 500
363 31 365 366 373 375 377 378 383 386 387 388 391 392 393 394 395 396 397 398 399 400 402 406 407 408 409 411 415 417 420 421 424 426 430 431 432 435 437 441 442 443 446 448 450 451 452 454 455 456 457 460 461 463 467 472 473 474 476 479 480 481 486 487 488 490 491 494 496 498 499 500
364 21
365 36 366 373 375 377 378 383 386 387 388 391 392 393 394 395 396 397 398 399 400 402 405 406 407 408 409 411 412 415 417 420 421 424 426 430 431 432 435 437 441 442 443 444 445 446 448 450 451 452 454 455 456 457 460 461 463 464 467 472 473 474 475 476 479 480 481 486 487 488 490 491 494 496 498 499 500
366 61 378 387 388 391 393 394 396 397 400 407 408 411 421 443 455 461 467 472 474 476 481 486 490 496 498
367 41
368 57
369 81
370 20
371 47
372 26
373 47 378 387 388 391 393 394 396 397 400 407 408 411 421 443 455 461 467 472 474 476 481 490 496 498
374 96
375 39 378 387 388 391 393 394 396 397 400 407 408 411 421 443 455 461 467 472 474 476 481 486 490 496 498
376 80
377 90 378 388 397 407 408 421 443 467 474 498
378 96 383 386 387 388 391 392 393 394 395 396 397 398 399 400 406 407 408 409 411 415 417 420 421 424 426 430 431 432 435 437 441 442 443 446 448 450 451 454 455 456 460 461 463 467 472 473 474 476 479 480 481 486 487 488 490 494 496 498 499 500
379 78
380 46
381 92
382 31
383 83 386 387 388 391 393 394 396 397 399 400 407 408 409 411 417 420 421 424 426 431 443 448 450 451 454 455 461 463 467 472 473 474 476 480 481 486 490 494 496 498
384 91
385 68
386 85 387 388 391 393 394 396 397 400 407 408 411 421 443 451 454 455 461 467 472 474 476 480 481 486 490 496 498
387 73 388 391 393 394 395 396 397 398 399 400 406 407 408 409 411 415 417 420 421 424 426 431 432 435 437 442 443 446 448 450 451 454 455 456 461 463 467 472 473 474 476 479 480 481 486 487 488 490 494 496 498 499 500
388 49 391 392 393 394 395 396 397 398 399 400 402 406 407 408 409 411 415 417 420 421 424 426 430 431 432 435 437 441 442 443 446 448 450 451 452 454 455 456 457 460 461 463 467 472 473 474 476 479 480 481 486 487 488 490 491 494 496 498 499 500
389 46
390 90
391 59 392 393 394 395 396 397 398 399 400 406 407 408 409 411 415 417 420 421 424 426 430 431 432 435 437 441 442 443 446 448 450 451 454 455 456 460 461 463 467 472 473 474 476 479 480 481 486 487 488 490 494 496 498 499 500
392 84 397 407 408 411 421 443 467 474 481 498
393 25 394 396 397 398 399 400 406 407 408 409 411 415 417 420 421 424 426 431 432 435 437 443 446 448 450 451 454 455 461 463 467 472 473 474 476 479 480 481 486 487 488 490 494 496 498 499 500
394 23 396 397 398 399 400 406 407 408 409 411 415 417 420 421 424 426 431 435 437 443 448 450 451 454 455 461 463 467 472 473 474 476 480 481 486 487 488 490 494 496 498 499 500
395 49 397 407 408 411 421 443 467 474 476 481 498
396 98 397 398 399 400 406 407 408 409 411 415 417 420 421 424 426 431 435 437 443 448 450 451 454 455 461 463 467 472 473 474 476 479 480 481 486 487 488 490 494 496 498 499 500
397 25 398 399 400 406 407 408 409 411 415 417 420 421 424 426 430 431 432 435 437 441 442 443 446 448 450 451 454 455 456 460 461 463 467 472 473 474 476 479 480 481 486 487 488 490 494 496 498 499 500
398 87 400 407 408 411 421 443 454 455 461 467 472 474 476 481 486 490 496 498
399 75 400 407 408 409 411 420 421 424 431 443 451 454 455 461 463 467 472 474 476 480 481 486 490 496 498
400 32 407 408 409 411 415 417 420 421 424 426 431 443 448 450 451 454 455 461 463 467 472 473 474 476 480 481 486 487 490 494 496 498
401 95
402 39 408 421 443 467 474
403 44
404 100
405 40 408 421 443 467 474
406 69 407 408 411 421 443 455 461 467 472 474 476 481 498
407 75 408 409 411 415 417 420 421 424 426 430 431 432 435 437 441 442 443 446 448 450 451 454 455 456 460 461 463 467 472 473 474 476 479 480 481 486 487 488 490 494 496 498 499 500
408 25 409 411 415 417 420 421 424 426 430 431 432 435 437 441 442 443 444 445 446 448 450 451 452 454 455 456 457 460 461 463 464 467 472 473 474 475 476 479 480 481 486 487 488 490 491 494 496 498 499 500
409 71 411 420 421 424 431 443 451 454 455 461 463 467 472 474 476 480 481 486 490 496 498
410 97
411 91 415 417 420 421 424 426 431 432 435 437 442 443 446 448 450 451 454 455 456 460 461 463 467 472 473 474 476 479 480 481 486 487 488 490 494 496 498 499 500
412 62 443 467
413 26
414 96
415 69 421 443 454 455 461 467 472 474 476 481 486 490 496 498
416 76
417 83 421 443 451 454 455 461 467 472 474 476 480 481 486 490 496 498
418 64
419 25
420 63 421 424 426 431 443 451 454 455 461 463 467 472 474 476 480 481 486 490 494 496 498
421 33 424 426 430 431 432 435 437 441 442 443 444 445 446 448 450 451 452 454 455 456 457 460 461 463 467 472 473 474 476 479 480 481 486 487 488 490 491 494 496 498 499 500
422 30
423 77
424 51 426 431 443 451 454 455 461 463 467 472 473 474 476 480 481 486 490 494 496 498
425 100
426 84 431 443 451 454 455 461 467 472 474 476 480 481 486 490 496 498
427 22
428 60
429 37
430 52 443 467 474 498
431 58 443 451 454 455 461 463 467 472 474 476 480 481 486 490 494 496 498
432 75 443 461 467 474 476 481 498
433 99
434 98
435 35 443 455 461 467 472 474 476 481 490 498
436 71
437 43 443 455 461 467 472 474 476 481 498
438 21
439 64
440 69
441 62 443 467 474 481 498
442 81 443 467 474 476 481 498
443 71 444 445 446 448 450 451 452 454 455 456 457 460 461 463 464 467 472 473 474 475 476 479 480 481 486 487 488 490 491 494 496 498 499 500
444 96 467 474
445 73 467 474
446 76 467 474 476 481 498
447 74
448 100 451 454 455 461 467 472 474 476 481 486 490 496 498
449 95
450 70 451 454 455 461 467 472 474 476 480 481 486 490 496 498
451 59 454 455 461 463 467 472 473 474 476 480 481 486 490 494 496 498
452 44 467 474
453 88
454 100 455 461 463 467 472 473 474 476 480 481 486 490 494 496 498
455 45 461 463 467 472 473 474 476 480 481 486 487 488 490 494 496 498 499
456 73 467 474 476 481 498
457 57 467 474
458 70
459 93
460 66 467 474 481 498
461 95 463 467 472 473 474 476 479 480 481 486 487 488 490 494 496 498 499 500
462 34
463 34 467 472 474 476 480 481 486 490 496 498
464 62 467 474
465 95
466 60
467 26 472 473 474 475 476 479 480 481 486 487 488 490 491 494 496 498 499 500
468 33
469 74
470 82
471 62
472 46 473 474 476 480 481 486 487 488 490 494 496 498 499
473 87 474 476 480 481 486 490 496 498
474 26 475 476 479 480 481 486 487 488 490 491 494 496 498 499 500
475 93
476 61 479 480 481 486 487 488 490 494 496 498 499 500
477 38
478 73
479 92 481 498
480 93 481 486 490 494 496 498
481 57 486 487 488 490 494 496 498 499 500
482 98
483 97
484 24
485 67
486 71 487 490 494 496 498
487 82 490 496 498
488 56 498
489 81
490 34 494 496 498 499
491 56
492 55
493 60
494 37 496 498
495 31
496 66 498
497 93
498 96 499 500
499 45
500 32
