250 150
1 73
2 39 7 12 26 32 36 53 63 130 89 102 127 135 137 162 171 174 206 242
3 49
4 79
5 54 7 12 15 23 26 32 33 34 36 42 53 54 63 64 130 76 77 78 84 85 89 100 102 112 118 122 124 127 129 135 137 141 147 152 158 162 163 169 170 171 174 182 187 193 195 201 206 213 219 221 223 235 236 238 242 245 246 247
6 57
7 98 12 15 20 23 24 26 31 32 33 34 36 37 42 48 51 52 53 54 62 63 64 65 130 68 76 77 78 84 85 88 89 92 95 98 99 100 102 103 104 108 112 118 120 122 124 127 129 135 137 141 143 147 150 152 153 158 159 162 163 169 170 171 174 179 182 187 191 193 195 201 206 211 213 215 217 219 221 223 235 236 238 242 243 245 246 247 249
8 69
9 67
10 49
11 38
12 34 15 20 23 24 26 31 32 33 34 36 37 42 45 48 51 52 53 54 62 63 64 65 130 68 73 76 77 78 84 85 88 89 90 92 95 98 99 100 101 102 103 104 108 112 118 120 122 124 127 129 135 137 141 143 147 150 151 152 153 158 159 162 163 164 169 170 171 173 174 179 182 187 191 193 195 201 206 211 213 215 217 219 221 223 235 236 238 242 243 245 246 247 249
13 96
14 27
15 92 23 26 32 33 34 36 42 53 54 63 64 130 76 77 78 84 85 89 100 102 112 118 122 127 129 135 137 141 147 152 158 162 163 169 170 171 174 182 193 195 201 206 219 221 223 235 236 238 242 245 246
16 82
17 69
18 45
19 69
20 20 26 32 34 36 53 63 64 130 77 78 84 89 102 127 129 135 137 152 162 170 171 174 193 195 206 223 236 242 245 246
21 75
22 97
23 51 26 32 33 34 36 42 51 53 54 63 64 130 76 77 78 84 85 88 89 95 100 102 112 118 122 124 127 129 135 137 141 143 147 152 158 162 163 169 170 171 174 182 187 193 195 201 206 211 213 219 221 223 235 236 238 242 245 246 247
24 70 26 32 36 63 130 89 102 135 137 162 174 206 242
25 29
26 91 31 32 33 34 36 37 42 45 48 51 52 53 54 62 63 64 65 130 68 76 77 78 84 85 88 89 92 95 98 99 100 101 102 103 104 108 112 118 120 122 124 127 129 135 137 141 143 147 150 151 152 153 158 159 162 163 164 169 170 171 173 174 179 182 187 191 193 195 201 206 211 213 215 217 219 221 223 235 236 238 242 243 245 246 247 249
27 98
28 77
29 48
30 45
31 43 32 36 53 63 64 130 77 84 89 102 127 129 135 137 152 162 170 171 174 193 195 206 236 242 245 246
32 61 33 34 36 37 42 45 48 51 52 53 54 62 63 64 65 130 68 76 77 78 84 85 88 89 92 95 98 99 100 101 102 103 104 108 112 118 120 122 124 127 129 135 137 141 143 147 150 151 152 153 158 159 162 163 164 169 170 171 173 174 179 182 187 191 193 195 201 206 211 213 215 217 219 221 223 235 236 238 242 243 245 246 247 249
33 36 34 36 42 51 53 54 63 64 130 76 77 78 84 85 88 89 100 102 112 118 122 124 127 129 135 137 141 147 152 158 162 163 169 170 171 174 182 187 193 195 201 206 211 213 219 221 223 235 236 238 242 245 246 247
34 82 36 42 51 53 54 63 64 130 76 77 78 84 85 88 89 95 100 102 112 118 120 122 124 127 129 135 137 141 143 147 150 152 158 162 163 169 170 171 174 182 187 191 193 195 201 206 211 213 215 219 221 223 235 236 238 242 245 246 247 249
35 89
36 94 37 42 48 51 52 53 54 62 63 64 65 130 68 76 77 78 84 85 88 89 92 95 98 99 100 102 103 108 112 118 120 122 124 127 129 135 137 141 143 147 150 152 153 158 159 162 163 169 170 171 174 179 182 187 191 193 195 201 206 211 213 215 217 219 221 223 235 236 238 242 243 245 246 247 249
37 26 63 130 89 102 135 137 162 174 206 242
38 35
39 58
40 58
41 57
42 46 51 53 54 63 64 130 76 77 78 84 85 89 100 102 112 118 122 124 127 129 135 137 141 147 152 158 162 163 169 170 171 174 182 187 193 195 201 206 213 219 221 223 235 236 238 242 245 246 247
43 44
44 91
45 49 63 162 206 242
46 52
47 65
48 42 53 63 130 89 102 135 137 162 174 206 242
49 33
50 60
51 37 53 63 64 130 77 78 84 89 100 102 118 122 127 129 135 137 147 152 158 162 163 170 171 174 193 195 201 206 219 221 223 236 242 245 246
52 57 53 63 130 89 102 135 137 162 174 206 242
53 91 54 62 63 64 65 130 68 76 77 78 84 85 88 89 95 98 100 102 108 112 118 120 122 124 127 129 135 137 141 143 147 150 152 153 158 159 162 163 169 170 171 174 179 182 187 191 193 195 201 206 211 213 215 217 219 221 223 235 236 238 242 243 245 246 247 249
54 52 63 64 130 76 77 78 84 89 100 102 112 118 122 127 129 135 137 141 147 152 158 162 163 170 171 174 182 193 195 201 206 219 221 223 235 236 238 242 245 246
55 95
56 84
57 72
58 75
59 89
60 81
61 67
62 74 63 130 89 102 127 135 137 162 174 206 242
63 87 64 65 130 68 73 76 77 78 84 85 88 89 92 95 98 99 100 101 102 103 104 108 112 118 120 122 124 127 129 135 137 141 143 147 150 151 152 153 158 159 162 163 164 169 170 171 173 174 179 182 187 191 193 195 201 206 211 213 215 217 219 221 223 235 236 238 242 243 245 246 247 249
64 60 130 76 77 78 84 85 88 89 95 98 100 102 112 118 120 122 124 127 129 135 137 141 143 147 150 152 158 159 162 163 169 170 171 174 179 182 187 191 193 195 201 206 211 213 215 219 221 223 235 236 238 242 245 246 247 249
65 32 130 89 102 127 135 137 162 174 206 242
66 76
67 85
68 59 130 89 102 127 135 137 162 171 174 206 242
69 62
70 39
71 64
72 52
73 88 162 206 242
74 45
75 29
76 88 130 77 78 84 89 100 102 112 118 122 127 129 135 137 141 147 152 158 162 163 170 171 174 182 193 195 201 206 219 221 223 235 236 238 242 245 246
77 85 130 78 84 85 88 89 95 98 100 102 108 112 118 120 122 124 127 129 135 137 141 143 147 150 152 158 159 162 163 169 170 171 174 179 182 187 191 193 195 201 206 211 213 215 219 221 223 235 236 238 242 243 245 246 247 249
78 54 130 84 85 88 89 95 100 102 112 118 120 122 124 127 129 135 137 141 143 147 150 152 158 162 163 169 170 171 174 182 187 191 193 195 201 206 211 213 215 219 221 223 235 236 238 242 245 246 247 249
79 40
80 57
81 91
82 55
83 60
84 37 130 85 88 89 95 98 100 102 108 112 118 120 122 124 127 129 135 137 141 143 147 150 152 158 159 162 163 169 170 171 174 179 182 187 191 193 195 201 206 211 213 215 219 221 223 235 236 238 242 243 245 246 247 249
85 86 130 89 100 102 112 118 122 127 129 135 137 141 147 152 158 162 163 170 171 174 193 195 201 206 219 221 223 235 236 242 245 246
86 21
87 21
88 43 130 89 100 102 118 127 129 135 137 147 152 162 163 170 171 174 193 195 201 206 219 221 223 236 242 245 246
89 77 130 92 95 98 99 100 102 103 104 108 112 118 120 122 124 127 129 135 137 141 143 147 150 152 153 158 159 162 163 169 170 171 174 179 182 187 191 193 195 201 206 211 213 215 217 219 221 223 235 236 238 242 243 245 246 247 249
90 75 206
91 92
92 33 130 102 135 137 162 174 206 242
93 59
94 74
95 40 130 100 102 118 127 129 135 137 147 152 162 170 171 174 193 195 201 206 219 221 223 236 242 245 246
96 36
97 62
98 21 130 102 127 129 135 137 152 162 170 171 174 195 206 242 245 246
99 56 130 102 135 137 162 174 206 242
100 38 130 102 112 118 122 124 127 129 135 137 141 143 147 152 158 162 163 169 170 171 174 182 187 191 193 195 201 206 211 213 215 219 221 223 235 236 238 242 245 246 247 249
101 22 162 206 242
102 45 130 103 104 108 112 118 120 122 124 127 129 135 137 141 143 147 150 152 153 158 159 162 163 169 170 171 174 179 182 187 191 193 195 201 206 211 213 215 217 219 221 223 235 236 238 242 243 245 246 247 249
103 94 130 135 137 162 174 206 242
104 68 130 135 137 162 206 242
105 83
106 86
107 75
108 21 130 127 129 135 137 162 170 171 174 195 206 242 245 246
109 40
110 44
111 74
112 52 130 118 122 124 127 129 135 137 141 147 152 158 162 163 169 170 171 174 182 187 193 195 201 206 213 219 221 223 235 236 238 242 245 246
113 61
114 95
115 20
116 79
117 76
118 32 130 122 124 127 129 135 137 141 143 147 152 158 162 163 169 170 171 174 182 187 193 195 201 206 211 213 219 221 223 235 236 238 242 245 246 247 249
119 21
120 91 130 127 129 135 137 147 152 162 170 171 174 193 195 206 223 236 242 245 246
121 83
122 39 130 124 127 129 135 137 141 147 152 158 162 163 169 170 171 174 182 187 193 195 201 206 213 219 221 223 235 236 238 242 245 246 247
123 31
124 81 130 127 129 135 137 147 152 158 162 163 170 171 174 193 195 201 206 219 221 223 235 236 242 245 246
125 41
126 90
127 74 130 129 135 137 141 143 147 150 152 153 158 159 162 163 169 170 171 174 179 182 187 191 193 195 201 206 211 213 215 217 219 221 223 235 236 238 242 243 245 246 247 249
128 100
129 38 130 135 137 141 143 147 150 152 158 159 162 163 169 170 171 174 179 182 187 191 193 195 201 206 211 213 215 219 221 223 235 236 238 242 243 245 246 247 249
130 33 135 137 141 143 147 150 152 153 158 159 162 163 169 170 171 174 179 182 187 191 193 195 201 206 211 213 215 217 219 221 223 235 236 238 242 243 245 246 247 249
131 74
132 40
133 80
134 39
135 22 137 141 143 147 150 152 153 158 159 162 163 169 170 171 174 179 182 187 191 193 195 201 206 211 213 215 217 219 221 223 235 236 238 242 243 245 246 247 249
136 46
137 58 141 143 147 150 151 152 153 158 159 162 163 169 170 171 174 179 182 187 191 193 195 201 206 211 213 215 217 219 221 223 235 236 238 242 243 245 246 247 249
138 65
139 67
140 37
141 82 147 152 158 162 163 169 170 171 174 182 187 193 195 201 206 213 219 221 223 235 236 238 242 245 246
142 64
143 26 147 152 162 170 171 174 193 195 201 206 219 221 223 236 242 245 246
144 80
145 74
146 20
147 62 152 158 162 163 169 170 171 174 182 187 191 193 195 201 206 211 213 215 219 221 223 235 236 238 242 245 246 247 249
148 82
149 40
150 28 152 162 170 171 174 193 195 206 223 236 242 245 246
151 72 162 206 242
152 45 158 159 162 163 169 170 171 174 179 182 187 191 193 195 201 206 211 213 215 219 221 223 235 236 238 242 245 246 247 249
153 62 162 171 174 206 242 245
154 72
155 89
156 31
157 92
158 63 162 163 169 170 171 174 182 187 193 195 201 206 213 219 221 223 235 236 238 242 245 246 247
159 89 162 170 171 174 193 195 206 223 236 242 245 246
160 33
161 25
162 54 163 164 169 170 171 173 174 179 182 187 191 193 195 201 206 211 213 215 217 219 221 223 235 236 238 242 243 245 246 247 249
163 66 169 170 171 174 182 187 193 195 201 206 211 213 219 221 223 235 236 238 242 245 246 247
164 100 206 242
165 20
166 90
167 87
168 48
169 28 170 171 174 182 193 195 201 206 219 221 223 235 236 242 245 246
170 46 171 174 179 182 187 191 193 195 201 206 211 213 215 219 221 223 235 236 238 242 243 245 246 247 249
171 76 174 179 182 187 191 193 195 201 206 211 213 215 219 221 223 235 236 238 242 243 245 246 247 249
172 50
173 66 206 242
174 30 179 182 187 191 193 195 201 206 211 213 215 217 219 221 223 235 236 238 242 243 245 246 247 249
175 26
176 23
177 40
178 70
179 57 193 195 206 223 236 242 245 246
180 92
181 52
182 54 193 195 201 206 219 221 223 235 236 238 242 245 246
183 27
184 58
185 66
186 65
187 93 193 195 201 206 219 221 223 235 236 242 245 246
188 83
189 37
190 62
191 94 193 195 206 223 236 242 245 246
192 29
193 66 195 201 206 211 213 215 219 221 223 235 236 238 242 245 246 247 249
194 98
195 20 201 206 211 213 215 219 221 223 235 236 238 242 243 245 246 247 249
196 66
197 42
198 52
199 90
200 22
201 30 206 211 213 219 221 223 235 236 238 242 245 246 247 249
202 34
203 65
204 81
205 90
206 44 211 213 215 217 219 221 223 235 236 238 242 243 245 246 247 249
207 88
208 51
209 97
210 79
211 58 219 221 223 236 242 245 246
212 46
213 65 219 221 223 235 236 242 245 246
214 40
215 68 223 236 242 245 246
216 64
217 34 242
218 59
219 99 221 223 235 236 238 242 245 246 247 249
220 82
221 86 223 235 236 238 242 245 246 247 249
222 88
223 52 235 236 238 242 245 246 247 249
224 76
225 76
226 50
227 51
228 92
229 59
230 22
231 60
232 69
233 45
234 66
235 50 236 238 242 245 246
236 62 238 242 245 246 247 249
237 59
238 90 242 245 246
239 54
240 55
241 92
242 23 243 245 246 247 249
243 97 245 246
244 73
245 39 246 247 249
246 88 247 249
247 34
248 92
249 74
250 90
