120 150
1 23 19 21 28 36 37 48 61 109
2 48 19 21 28 36 37 48 61 67 109
3 78
4 85
5 92
6 39
7 31
8 76
9 87
10 54 19 21 28 36 37 43 48 58 61 67 109
11 61 16 19 21 24 26 28 36 37 38 40 43 48 58 61 67 72 87 97 102 103 109 111 112 117 120
12 66
13 40
14 22 36
15 74
16 99 18 19 20 21 24 26 28 36 37 38 40 43 48 58 61 65 67 72 74 76 79 80 87 96 97 102 103 109 110 111 112 117 120
17 96
18 73 19 21 24 28 36 37 38 40 43 48 58 61 67 72 87 97 103 109 112 117 120
19 24 20 21 24 26 27 28 29 31 36 37 38 39 40 43 48 54 58 61 65 67 72 74 76 79 80 83 85 87 92 96 97 102 103 106 109 110 111 112 117 120
20 43 21 24 26 28 36 37 38 40 43 48 58 61 67 72 74 79 87 97 102 103 109 110 111 112 117 120
21 93 24 26 27 28 29 31 36 37 38 39 40 43 48 54 58 61 65 67 72 74 76 79 80 83 85 87 92 96 97 102 103 106 109 110 111 112 117 120
22 47
23 51
24 22 26 28 31 36 37 38 40 43 48 58 61 65 67 72 74 76 79 80 87 92 96 97 102 103 109 110 111 112 117 120
25 49
26 39 28 36 37 38 40 43 48 58 61 67 72 74 79 87 96 97 102 103 109 110 111 112 117 120
27 21 28 36 37 48 61 109
28 72 29 31 36 37 38 39 40 43 44 48 54 56 58 61 65 67 71 72 74 76 79 80 83 85 87 92 96 97 102 103 106 109 110 111 112 117 120
29 93 36 37 48 61 109
30 72
31 49 36 37 43 48 58 61 67 72 97 109 112 117 120
32 68
33 71
34 82
35 44
36 25 37 38 39 40 43 44 48 54 56 58 61 65 67 71 72 74 76 79 80 83 85 87 92 96 97 102 103 106 109 110 111 112 117 120
37 82 38 39 40 43 48 54 58 61 65 67 72 74 76 79 80 83 85 87 92 96 97 102 103 106 109 110 111 112 117 120
38 74 40 43 48 58 61 65 67 72 74 76 79 80 87 96 97 102 103 109 110 111 112 117 120
39 59 48 61 109
40 28 43 48 58 61 65 67 72 74 76 79 80 87 96 97 102 103 109 110 111 112 117 120
41 33
42 61
43 90 48 54 58 61 65 67 72 74 76 79 80 85 87 92 96 97 102 103 109 110 111 112 117 120
44 97 61 109
45 62
46 42
47 100
48 50 54 56 58 61 65 67 71 72 74 76 79 80 83 85 87 92 96 97 102 103 106 109 110 111 112 117 120
49 31
50 84
51 81
52 27
53 45
54 84 58 61 67 72 97 109 117
55 54
56 34 61 109
57 79
58 100 61 65 67 72 74 76 79 80 85 87 92 96 97 102 103 109 110 111 112 117 120
59 63
60 48
61 68 65 67 71 72 74 76 79 80 83 85 87 92 96 97 102 103 106 109 110 111 112 117 120
62 46
63 74
64 65
65 35 67 72 87 97 103 109 112 117 120
66 66
67 53 72 74 76 79 80 85 87 92 96 97 102 103 109 110 111 112 117 120
68 27
69 70
70 86
71 49 109
72 45 74 76 79 80 85 87 92 96 97 102 103 109 110 111 112 117 120
73 86
74 74 79 87 97 102 103 109 110 111 112 117 120
75 64
76 73 87 97 102 103 109 112 117 120
77 93
78 34
79 97 87 97 102 103 109 111 112 117 120
80 80 87 97 102 103 109 112 117 120
81 24
82 87
83 100 109
84 75
85 89 97 109 117
86 78
87 46 96 97 102 103 109 110 111 112 117 120
88 31
89 68
90 63
91 78
92 28 97 109 112 117 120
93 96
94 54
95 64
96 31 97 102 103 109 111 112 117 120
97 65 102 103 109 110 111 112 117 120
98 90
99 41
100 47
101 71
102 51 103 109 110 111 112 117 120
103 63 109 110 111 112 117 120
104 44
105 93
106 46 109
107 46
108 83
109 68 110 111 112 117 120
110 57 111 112 117 120
111 89 112 117 120
112 35 117 120
113 99
114 39
115 24
116 69
117 64 120
118 25
119 85
120 65
