120 150
1 58 2 3 7 8 9 11 17 20 22 25 28 29 30 32 33 34 36 37 38 39 40 41 43 47 50 51 52 53 56 57 62 63 64 65 67 68 69 70 71 72 74 76 77 83 84 85 86 87 89 93 95 96 97 98 100 102 103 104 106 107 110 111 114 116 118 119
2 85 3 7 8 9 11 15 16 17 20 22 24 25 26 28 29 30 32 33 66 34 36 37 38 39 40 41 42 43 45 47 50 51 52 53 54 56 57 60 61 62 63 64 65 67 68 69 70 71 72 73 74 75 76 77 78 80 83 84 85 86 87 88 89 90 92 93 95 96 97 98 100 102 103 104 106 107 109 110 111 114 116 117 118 119
3 37 7 8 9 11 15 16 17 20 22 24 25 26 28 29 30 32 33 66 34 36 37 38 39 40 41 42 43 45 47 50 51 52 53 54 56 57 60 61 62 63 64 65 67 68 69 70 71 72 73 74 75 76 77 78 80 83 84 85 86 87 88 89 90 92 93 95 96 97 98 100 102 103 104 106 107 109 110 111 114 116 117 118 119
4 68 17 32 33 39 43 62 69 77 85 87 100 103 106 107
5 69 32 33 39 43 62 69 77 85 100 103 106 107
6 47 17 32 33 39 43 62 69 77 85 100 103 106 107
7 63 8 9 11 17 20 22 25 28 29 30 32 33 34 36 37 38 39 40 41 43 47 50 51 52 53 56 57 62 63 64 65 67 68 69 70 71 72 74 76 77 83 84 85 86 87 89 93 95 96 97 98 100 102 103 104 106 107 110 111 114 116 119
8 37 9 10 11 12 15 16 17 18 20 22 23 24 25 26 28 29 30 32 33 66 34 35 36 37 38 39 40 41 42 43 45 46 47 48 50 51 52 53 54 56 57 59 60 61 62 63 64 65 67 68 69 70 71 72 73 74 75 76 77 78 79 80 81 82 83 84 85 86 87 88 89 90 92 93 95 96 97 98 99 100 101 102 103 104 105 106 107 108 109 110 111 112 114 115 116 117 118 119 120
9 53 11 17 20 22 25 28 29 30 32 33 34 36 37 38 39 40 41 43 47 50 51 52 53 56 57 62 63 64 65 67 68 69 70 71 72 74 76 77 83 84 85 86 87 89 93 95 96 97 98 100 102 103 106 107 110 111 114 116 119
10 90 11 17 28 32 33 39 43 62 69 77 84 85 87 100 103 106 107
11 85 12 15 16 17 18 20 22 24 25 26 28 29 30 32 33 66 34 35 36 37 38 39 40 41 42 43 45 46 47 48 50 51 52 53 54 56 57 60 61 62 63 64 65 67 68 69 70 71 72 73 74 75 76 77 78 79 80 81 82 83 84 85 86 87 88 89 90 92 93 95 96 97 98 99 100 101 102 103 104 105 106 107 108 109 110 111 112 114 115 116 117 118 119 120
12 88 17 22 28 30 32 33 39 41 43 50 62 69 71 77 84 85 87 100 103 106 107 114
13 68 43 62 69 85 100 106
14 100 17 32 33 39 43 62 69 77 85 100 103 106 107
15 86 17 22 28 29 30 32 33 39 41 43 47 50 53 62 69 71 77 84 85 87 100 103 106 107 111 114
16 93 17 22 28 29 30 32 33 38 39 41 43 47 50 52 53 62 69 71 72 77 83 84 85 87 96 97 98 100 103 106 107 110 111 114 119
17 26 18 20 22 23 24 25 26 28 29 30 32 33 66 34 35 36 37 38 39 40 41 42 43 45 46 47 48 49 50 51 52 53 54 56 57 59 60 61 62 63 64 65 67 68 69 70 71 72 73 74 75 76 77 78 79 80 81 82 83 84 85 86 87 88 89 90 92 93 95 96 97 98 99 100 101 102 103 104 105 106 107 108 109 110 111 112 114 115 116 117 118 119 120
18 44 22 28 32 33 39 41 43 50 62 69 71 77 84 85 87 100 103 106 107 114
19 77 32 33 39 43 62 69 77 85 100 103 106 107
20 72 22 25 28 29 30 32 33 66 34 36 37 38 39 40 41 43 47 50 51 52 53 56 57 62 63 64 65 67 68 69 70 71 72 74 76 77 78 80 83 84 85 86 87 89 90 93 95 96 97 98 100 102 103 104 106 107 110 111 114 116 118 119
21 46 43 62 69 85 100 106
22 58 24 25 26 28 29 30 32 33 66 34 35 36 37 38 39 40 41 42 43 45 46 47 48 50 51 52 53 54 56 57 60 61 62 63 64 65 67 68 69 70 71 72 73 74 75 76 77 78 79 80 81 82 83 84 85 86 87 88 89 90 92 93 95 96 97 98 100 101 102 103 104 105 106 107 108 109 110 111 112 114 115 116 117 118 119 120
23 44 28 32 33 39 43 62 69 77 84 85 87 100 103 106 107
24 49 28 29 30 32 33 38 39 41 43 47 50 52 53 62 69 71 72 77 83 84 85 87 97 98 100 103 106 107 110 111 114
25 100 28 29 30 32 33 34 38 39 41 43 47 50 51 52 53 62 67 68 69 71 72 76 77 83 84 85 87 96 97 98 100 103 106 107 110 111 114 116 119
26 72 28 29 30 32 33 38 39 41 43 47 50 52 53 62 69 71 72 77 83 84 85 87 97 98 100 103 106 107 110 111 114 119
27 76 43 62 69 85 100 106 107
28 74 29 30 32 33 66 34 35 36 37 38 39 40 41 42 43 45 46 47 48 50 51 52 53 54 56 57 59 60 61 62 63 64 65 67 68 69 70 71 72 73 74 75 76 77 78 79 80 81 82 83 84 85 86 87 88 89 90 92 93 95 96 97 98 99 100 101 102 103 104 105 106 107 108 109 110 111 112 114 115 116 117 118 119 120
29 78 30 32 33 66 34 35 36 37 38 39 40 41 42 43 45 47 48 50 51 52 53 54 56 57 60 61 62 63 64 65 67 68 69 70 71 72 73 74 75 76 77 78 80 81 82 83 84 85 86 87 88 89 90 92 93 95 96 97 98 100 102 103 104 106 107 108 109 110 111 114 116 117 118 119
30 30 32 33 66 34 35 36 37 38 39 40 41 42 43 45 46 47 48 50 51 52 53 54 56 57 60 61 62 63 64 65 67 68 69 70 71 72 73 74 75 76 77 78 79 80 81 82 83 84 85 86 87 88 89 90 92 93 95 96 97 98 100 102 103 104 105 106 107 108 109 110 111 112 114 116 117 118 119
31 79 33 39 43 62 69 77 85 100 106 107
32 30 33 66 34 35 36 37 38 39 40 41 42 43 45 46 47 48 49 50 51 52 53 54 55 56 57 59 60 61 62 63 64 65 67 68 69 70 71 72 73 74 75 76 77 78 79 80 81 82 83 84 85 86 87 88 89 90 92 93 94 95 96 97 98 99 100 101 102 103 104 105 106 107 108 109 110 111 112 114 115 116 117 118 119 120
33 88 66 34 35 36 37 38 39 40 41 42 43 44 45 46 47 48 49 50 51 52 53 54 55 56 57 58 59 60 61 62 63 64 65 67 68 69 70 71 72 73 74 75 76 77 78 79 80 81 82 83 84 85 86 87 88 89 90 91 92 93 94 95 96 97 98 99 100 101 102 103 104 105 106 107 108 109 110 111 112 114 115 116 117 118 119 120
34 29 36 37 38 39 40 41 43 47 50 51 52 53 56 57 62 64 65 67 68 69 70 71 72 74 76 77 83 84 85 86 87 89 93 95 96 97 98 100 102 103 106 107 110 111 114 116 119
35 70 39 41 43 50 62 69 71 77 84 85 87 100 103 106 107 111 114
36 69 38 39 41 43 47 50 51 52 53 62 67 68 69 71 72 76 77 83 84 85 87 96 97 98 100 103 106 107 110 111 114 116 119
37 26 38 39 41 43 47 50 51 52 53 56 62 64 65 67 68 69 70 71 72 74 76 77 83 84 85 87 93 96 97 98 100 103 106 107 110 111 114 116 119
38 53 66 39 40 41 42 43 45 47 50 51 52 53 54 56 57 60 61 62 63 64 65 67 68 69 70 71 72 73 74 75 76 77 78 80 83 84 85 86 87 88 89 90 92 93 95 96 97 98 100 102 103 104 106 107 109 110 111 114 116 117 118 119
39 86 66 40 41 42 43 44 45 46 47 48 49 50 51 52 53 54 55 56 57 58 59 60 61 62 63 64 65 67 68 69 70 71 72 73 74 75 76 77 78 79 80 81 82 83 84 85 86 87 88 89 90 92 93 94 95 96 97 98 99 100 101 102 103 104 105 106 107 108 109 110 111 112 114 115 116 117 118 119 120
40 48 41 43 47 50 51 52 53 56 62 64 67 68 69 71 72 74 76 77 83 84 85 87 96 97 98 100 103 106 107 110 111 114 116 119
41 55 66 42 43 45 46 47 48 50 51 52 53 54 56 57 60 61 62 63 64 65 67 68 69 70 71 72 73 74 75 76 77 78 79 80 81 82 83 84 85 86 87 88 89 90 92 93 95 96 97 98 100 101 102 103 104 105 106 107 108 109 110 111 112 114 115 116 117 118 119 120
42 30 43 47 50 52 53 62 69 71 72 77 83 84 85 87 97 98 100 103 106 107 110 111 114 119
43 95 66 44 45 46 47 48 49 50 51 52 53 54 55 56 57 58 59 60 61 62 63 64 65 67 68 69 70 71 72 73 74 75 76 77 78 79 80 81 82 83 84 85 86 87 88 89 90 91 92 93 94 95 96 97 98 99 100 101 102 103 104 105 106 107 108 109 110 111 112 113 114 115 116 117 118 119 120
44 22 62 69 77 85 100 106 107
45 79 47 50 53 62 69 71 77 83 84 85 87 98 100 103 106 107 110 111 114
46 94 50 62 69 71 77 84 85 87 100 103 106 107 111 114
47 54 66 48 50 51 52 53 54 56 57 60 61 62 63 64 65 67 68 69 70 71 72 73 74 75 76 77 78 80 81 82 83 84 85 86 87 88 89 90 92 93 95 96 97 98 100 102 103 104 106 107 109 110 111 114 116 117 118 119
48 43 50 62 69 71 77 84 85 87 100 103 106 107 111 114
49 84 62 69 77 85 100 103 106 107
50 51 66 51 52 53 54 56 57 60 61 62 63 64 65 67 68 69 70 71 72 73 74 75 76 77 78 79 80 81 82 83 84 85 86 87 88 89 90 92 93 95 96 97 98 100 101 102 103 104 105 106 107 108 109 110 111 112 114 115 116 117 118 119 120
51 80 66 52 53 56 57 62 63 64 65 67 68 69 70 71 72 74 76 77 78 80 83 84 85 86 87 89 90 93 95 96 97 98 100 102 103 104 106 107 110 111 114 116 118 119
52 90 66 53 56 57 62 63 64 65 67 68 69 70 71 72 73 74 75 76 77 78 80 83 84 85 86 87 89 90 92 93 95 96 97 98 100 102 103 104 106 107 110 111 114 116 118 119
53 61 66 54 56 57 60 61 62 63 64 65 67 68 69 70 71 72 73 74 75 76 77 78 80 83 84 85 86 87 88 89 90 92 93 95 96 97 98 100 102 103 104 106 107 109 110 111 114 116 117 118 119
54 43 62 69 71 77 83 84 85 87 98 100 103 106 107 110 111 114
55 71 62 69 77 85 100 103 106 107
56 72 57 62 64 65 67 68 69 70 71 72 74 76 77 83 84 85 86 87 89 93 95 96 97 98 100 102 103 106 107 110 111 114 116 119
57 82 62 64 65 67 68 69 70 71 72 74 76 77 83 84 85 87 93 96 97 98 100 103 106 107 110 111 114 116 119
58 83 62 69 77 85 100 106 107
59 91 62 69 77 85 87 100 103 106 107
60 56 62 69 71 77 83 84 85 87 97 98 100 103 106 107 110 111 114
61 42 62 69 71 77 83 84 85 87 97 98 100 103 106 107 110 111 114
62 45 66 63 64 65 67 68 69 70 71 72 73 74 75 76 77 78 79 80 81 82 83 84 85 86 87 88 89 90 91 92 93 94 95 96 97 98 99 100 101 102 103 104 105 106 107 108 109 110 111 112 114 115 116 117 118 119 120
63 80 67 68 69 71 72 77 83 84 85 87 96 97 98 100 103 106 107 110 111 114 116 119
64 73 65 67 68 69 70 71 72 74 76 77 83 84 85 86 87 89 93 95 96 97 98 100 103 106 107 110 111 114 116 119
65 62 67 68 69 70 71 72 74 76 77 83 84 85 86 87 89 93 95 96 97 98 100 103 106 107 110 111 114 116 119
66 95 69 71 72 77 83 84 85 87 96 97 98 100 103 106 107 110 111 114 119
67 53 68 69 70 71 72 74 76 77 83 84 85 86 87 89 93 95 96 97 98 100 102 103 104 106 107 110 111 114 116 118 119
68 40 69 70 71 72 74 76 77 83 84 85 86 87 89 93 95 96 97 98 100 102 103 104 106 107 110 111 114 116 118 119
69 42 70 71 72 73 74 75 76 77 78 79 80 81 82 83 84 85 86 87 88 89 90 91 92 93 94 95 96 97 98 99 100 101 102 103 104 105 106 107 108 109 110 111 112 114 115 116 117 118 119 120
70 63 71 72 74 76 77 83 84 85 86 87 89 93 95 96 97 98 100 103 106 107 110 111 114 116 119
71 80 72 73 74 75 76 77 78 79 80 81 82 83 84 85 86 87 88 89 90 92 93 95 96 97 98 100 101 102 103 104 105 106 107 108 109 110 111 112 114 115 116 117 118 119 120
72 79 73 74 75 76 77 78 80 83 84 85 86 87 89 90 92 93 95 96 97 98 100 102 103 104 106 107 110 111 114 116 118 119
73 86 77 83 84 85 87 97 98 100 103 106 107 110 111 114 119
74 59 76 77 83 84 85 86 87 89 93 95 96 97 98 100 103 106 107 110 111 114 116 119
75 22 77 83 84 85 87 97 98 100 103 106 107 110 111 114 119
76 62 77 83 84 85 86 87 89 93 95 96 97 98 100 102 103 106 107 110 111 114 116 119
77 72 78 79 80 81 82 83 84 85 86 87 88 89 90 91 92 93 94 95 96 97 98 99 100 101 102 103 104 105 106 107 108 109 110 111 112 114 115 116 117 118 119 120
78 51 83 84 85 87 96 97 98 100 103 106 107 110 111 114 119
79 60 84 85 87 100 103 106 107 111 114
80 55 83 84 85 87 96 97 98 100 103 106 107 110 111 114 119
81 56 84 85 87 100 103 106 107 111 114
82 92 84 85 87 100 103 106 107 111 114
83 56 84 85 86 87 88 89 90 92 93 95 96 97 98 100 102 103 104 106 107 109 110 111 114 116 117 118 119
84 55 85 86 87 88 89 90 92 93 95 96 97 98 99 100 101 102 103 104 105 106 107 108 109 110 111 112 114 115 116 117 118 119 120
85 51 86 87 88 89 90 91 92 93 94 95 96 97 98 99 100 101 102 103 104 105 106 107 108 109 110 111 112 114 115 116 117 118 119 120
86 34 87 93 96 97 98 100 103 106 107 110 111 114 116 119
87 100 88 89 90 92 93 95 96 97 98 99 100 101 102 103 104 105 106 107 108 109 110 111 112 114 115 116 117 118 119 120
88 89 98 100 103 106 107 110 111 114
89 64 93 96 97 98 100 103 106 107 110 111 114 116 119
90 99 96 97 98 100 103 106 107 110 111 114 119
91 87 100 106 107
92 74 96 97 98 100 103 106 107 110 111 114 119
93 38 95 96 97 98 100 103 106 107 110 111 114 116 119
94 28 100 103 106 107
95 50 96 97 98 100 103 106 107 110 111 114 116 119
96 86 97 98 100 102 103 104 106 107 110 111 114 116 118 119
97 92 98 100 102 103 104 106 107 110 111 114 116 117 118 119
98 98 100 102 103 104 106 107 110 111 114 116 117 118 119
99 30 100 103 106 107
100 30 101 102 103 104 105 106 107 108 109 110 111 112 114 115 116 117 118 119 120
101 89 103 106 107 114
102 51 103 106 107 110 111 114 116 119
103 65 104 105 106 107 108 109 110 111 112 114 115 116 117 118 119 120
104 31 106 107 110 111 114 116 119
105 60 106 107 111 114
106 85 107 108 109 110 111 112 114 115 116 117 118 119 120
107 79 108 109 110 111 112 114 115 116 117 118 119 120
108 39 111 114
109 27 110 111 114
110 61 111 114 116 117 118 119
111 84 112 114 116 117 118 119
112 41 114
113 53
114 77 116 117 118 119 120
115 77
116 94 119
117 86
118 91 119
119 49
120 47
