250 150
1 87 22 32 35 57 63 72 79 134 135 136 161 173 187
2 70
3 43
4 62 7 11 15 17 20 22 26 27 29 32 35 37 38 40 41 42 45 50 57 58 63 71 72 73 74 78 79 80 84 85 86 89 90 93 95 97 101 105 109 111 115 117 121 123 124 125 126 127 133 134 135 136 138 139 140 143 144 146 148 151 152 157 161 162 163 165 167 168 169 170 171 172 173 176 178 180 181 183 187 194 197 199 202 203 205 206 208 210 211 213 216 219 220 221 226 227 230 242 243 247
5 40 15 20 22 26 32 35 37 38 41 57 63 71 72 74 79 85 89 95 111 125 126 134 135 136 140 146 148 161 162 163 167 173 178 187 194 199 203 206 208 213 226 247
6 37
7 71 15 20 22 26 32 35 37 38 40 41 57 63 71 72 74 79 80 85 89 90 93 95 111 121 123 125 126 127 134 135 136 139 140 146 148 161 162 163 167 173 178 181 187 194 199 203 205 206 208 213 219 226 243 247
8 34 15 20 22 26 32 35 37 38 41 57 63 71 72 74 79 85 89 95 111 125 126 134 135 136 140 146 148 161 162 163 167 173 178 187 194 199 203 206 213 226 247
9 29 20 22 26 32 35 37 38 57 63 72 74 79 89 95 111 126 134 135 136 140 161 163 167 173 187 194 203 206 213 226
10 70
11 41 15 20 22 26 29 32 35 37 38 40 41 50 57 58 63 71 72 73 74 79 80 85 89 90 93 95 111 115 121 123 125 126 127 134 135 136 138 139 140 146 148 151 161 162 163 167 171 173 176 178 180 181 187 194 199 203 205 206 208 213 219 226 227 243 247
12 78 22 32 35 57 63 72 79 134 135 136 161 173 187
13 74
14 51
15 71 17 20 22 26 27 29 32 35 37 38 40 41 42 44 45 47 50 52 57 58 60 63 71 72 73 74 78 79 80 84 85 86 89 90 93 95 97 101 105 109 111 115 117 121 123 124 125 126 127 129 133 134 135 136 138 139 140 143 144 146 148 151 152 157 158 161 162 163 165 167 168 169 170 171 172 173 176 178 180 181 183 187 190 191 194 197 199 202 203 205 206 208 210 211 212 213 215 216 218 219 220 221 224 226 227 230 236 237 242 243 247
16 47
17 21 20 22 26 29 32 35 37 38 40 41 42 50 57 58 63 71 72 73 74 78 79 80 84 85 89 90 93 95 97 105 111 115 117 121 123 124 125 126 127 133 134 135 136 138 139 140 143 146 148 151 161 162 163 165 167 170 171 172 173 176 178 180 181 183 187 194 197 199 202 203 205 206 208 210 211 213 216 219 220 221 226 227 242 243 247
18 32
19 37
20 80 22 26 27 29 32 35 37 38 40 41 42 44 45 47 50 52 57 58 60 63 71 72 73 74 78 79 80 81 84 85 86 89 90 93 95 97 101 102 105 109 111 115 117 121 123 124 125 126 127 129 133 134 135 136 138 139 140 141 143 144 146 148 149 151 152 157 158 161 162 163 165 167 168 169 170 171 172 173 174 176 178 180 181 183 186 187 190 191 194 197 199 202 203 205 206 208 210 211 212 213 215 216 218 219 220 221 224 226 227 230 233 236 237 242 243 247
21 48
22 93 26 27 28 29 32 35 37 38 39 40 41 42 44 45 46 47 49 50 52 56 57 58 60 61 63 68 69 70 71 72 73 74 75 76 78 79 80 81 83 84 85 86 89 90 93 94 95 97 98 101 102 105 108 109 111 115 116 117 121 123 124 125 126 127 128 129 132 133 134 135 136 138 139 140 141 143 144 145 146 148 149 151 152 153 157 158 161 162 163 165 167 168 169 170 171 172 173 174 176 177 178 180 181 183 186 187 190 191 192 194 197 199 202 203 204 205 206 208 210 211 212 213 215 216 217 218 219 220 221 222 223 224 226 227 228 230 232 233 236 237 242 243 247 248
23 22
24 46
25 96
26 44 27 29 32 35 37 38 40 41 42 44 45 47 50 52 57 58 60 61 63 69 70 71 72 73 74 78 79 80 81 83 84 85 86 89 90 93 95 97 98 101 102 105 108 109 111 115 117 121 123 124 125 126 127 129 132 133 134 135 136 138 139 140 141 143 144 146 148 149 151 152 157 158 161 162 163 165 167 168 169 170 171 172 173 174 176 177 178 180 181 183 186 187 190 191 192 194 197 199 202 203 205 206 208 210 211 212 213 215 216 218 219 220 221 224 226 227 230 233 236 237 242 243 247 248
27 94 32 35 37 38 40 41 50 57 58 63 71 72 73 74 79 80 85 89 90 93 95 111 115 121 123 125 126 127 134 135 136 138 139 140 146 148 151 161 162 163 167 171 173 178 180 181 187 194 199 203 205 206 208 213 219 226 227 243 247
28 99 32 35 37 57 63 72 79 111 126 134 135 136 161 173 187
29 100 32 35 37 38 40 41 42 45 50 57 58 63 71 72 73 74 78 79 80 84 85 89 90 93 95 97 101 105 111 115 117 121 123 124 125 126 127 133 134 135 136 138 139 140 143 144 146 148 151 161 162 163 165 167 168 170 171 172 173 176 178 180 181 183 187 194 197 199 202 203 205 206 208 210 211 213 216 219 220 221 226 227 230 242 243 247
30 65
31 61
32 34 35 37 38 39 40 41 42 44 45 46 47 49 50 52 56 57 58 60 61 63 68 69 70 71 72 73 74 75 76 78 79 80 81 83 84 85 86 89 90 93 94 95 97 98 101 102 105 108 109 111 115 116 117 121 123 124 125 126 127 128 129 132 133 134 135 136 138 139 140 141 143 144 145 146 148 149 151 152 153 157 158 161 162 163 165 167 168 169 170 171 172 173 174 176 177 178 180 181 183 186 187 190 191 192 194 197 199 202 203 204 205 206 208 210 211 212 213 215 216 217 218 219 220 221 222 223 224 226 227 228 230 232 233 236 237 242 243 247 248
33 25
34 35
35 60 37 38 40 41 42 44 45 46 47 49 50 52 57 58 60 61 63 69 70 71 72 73 74 75 76 78 79 80 81 83 84 85 86 89 90 93 95 97 98 101 102 105 108 109 111 115 117 121 123 124 125 126 127 128 129 132 133 134 135 136 138 139 140 141 143 144 145 146 148 149 151 152 153 157 158 161 162 163 165 167 168 169 170 171 172 173 174 176 177 178 180 181 183 186 187 190 191 192 194 197 199 202 203 204 205 206 208 210 211 212 213 215 216 217 218 219 220 221 222 223 224 226 227 228 230 232 233 236 237 242 243 247 248
36 52
37 90 38 40 41 42 44 45 47 50 52 57 58 60 61 63 69 70 71 72 73 74 78 79 80 81 83 84 85 86 89 90 93 95 97 98 101 102 105 108 109 111 115 117 121 123 124 125 126 127 129 132 133 134 135 136 138 139 140 141 143 144 146 148 149 151 152 153 157 158 161 162 163 165 167 168 169 170 171 172 173 174 176 177 178 180 181 183 186 187 190 191 192 194 197 199 202 203 205 206 208 210 211 212 213 215 216 218 219 220 221 224 226 227 230 233 236 237 242 243 247 248
38 81 40 41 42 44 45 47 50 52 57 58 60 63 71 72 73 74 78 79 80 81 84 85 86 89 90 93 95 97 101 102 105 109 111 115 117 121 123 124 125 126 127 129 133 134 135 136 138 139 140 141 143 144 146 148 149 151 152 157 158 161 162 163 165 167 168 169 170 171 172 173 174 176 178 180 181 183 186 187 190 191 194 197 199 202 203 205 206 208 210 211 212 213 215 216 218 219 220 221 224 226 227 230 233 236 237 242 243 247
39 93 63 72 79 135 173 187
40 74 41 42 44 45 50 52 57 58 63 71 72 73 74 78 79 80 84 85 86 89 90 93 95 97 101 105 109 111 115 117 121 123 124 125 126 127 133 134 135 136 138 139 140 143 144 146 148 151 152 157 158 161 162 163 165 167 168 169 170 171 172 173 176 178 180 181 183 187 194 197 199 202 203 205 206 208 210 211 213 216 219 220 221 226 227 230 236 242 243 247
41 85 42 44 45 50 52 57 58 63 71 72 73 74 78 79 80 84 85 86 89 90 93 95 97 101 105 109 111 115 117 121 123 124 125 126 127 129 133 134 135 136 138 139 140 143 144 146 148 151 152 157 158 161 162 163 165 167 168 169 170 171 172 173 176 178 180 181 183 187 194 197 199 202 203 205 206 208 210 211 213 215 216 219 220 221 226 227 230 236 242 243 247
42 43 50 57 58 63 71 72 73 74 78 79 80 85 89 90 93 95 111 115 117 121 123 124 125 126 127 133 134 135 136 138 139 140 143 146 148 151 161 162 163 165 167 170 171 173 176 178 180 181 187 194 199 202 203 205 206 208 211 213 216 219 220 221 226 227 243 247
43 21
44 89 57 63 71 72 74 79 80 85 89 90 93 95 111 125 126 127 134 135 136 139 140 146 148 161 162 163 167 173 178 187 194 199 203 206 208 213 226 243 247
45 100 50 57 58 63 71 72 73 74 79 80 85 89 90 93 95 111 115 121 123 125 126 127 134 135 136 138 139 140 146 148 151 161 162 163 167 171 173 176 178 180 181 187 194 199 203 205 206 208 213 219 226 227 243 247
46 56 57 63 72 79 126 134 135 136 161 173 187
47 55 57 63 72 74 79 89 95 111 126 134 135 136 140 148 161 163 167 173 178 187 194 203 206 213 226
48 88
49 52 63 72 79 134 135 136 161 173 187
50 63 57 58 63 71 72 73 74 78 79 80 84 85 89 90 93 95 97 101 105 111 115 117 121 123 124 125 126 127 133 134 135 136 138 139 140 143 144 146 148 151 152 161 162 163 165 167 168 169 170 171 172 173 176 178 180 181 183 187 194 197 199 202 203 205 206 208 210 211 213 216 219 220 221 226 227 230 242 243 247
51 40
52 41 57 63 71 72 74 79 80 85 89 90 93 95 111 125 126 127 134 135 136 139 140 146 148 161 162 163 167 173 178 187 194 199 203 206 208 213 219 226 243 247
53 62
54 35
55 77
56 72 63 72 79 135 173 187
57 75 58 60 61 63 69 70 71 72 73 74 75 76 78 79 80 81 83 84 85 86 89 90 93 95 97 98 101 102 105 108 109 111 115 117 121 123 124 125 126 127 128 129 132 133 134 135 136 138 139 140 141 143 144 145 146 148 149 151 152 153 157 158 161 162 163 165 167 168 169 170 171 172 173 174 176 177 178 180 181 183 186 187 190 191 192 194 197 199 202 203 204 205 206 208 210 211 212 213 215 216 217 218 219 220 221 222 223 224 226 227 230 232 233 236 237 242 243 247 248
58 93 63 71 72 73 74 78 79 80 84 85 89 90 93 95 97 101 105 111 115 117 121 123 124 125 126 127 133 134 135 136 138 139 140 143 144 146 148 151 152 157 161 162 163 165 167 168 169 170 171 172 173 176 178 180 181 183 187 194 197 199 202 203 205 206 208 210 211 213 216 219 220 221 226 227 230 242 243 247
59 55
60 95 63 72 74 79 89 95 111 126 134 135 136 140 148 161 163 167 173 178 187 194 203 206 213 226
61 54 63 72 79 89 95 111 126 134 135 136 140 161 163 167 173 187 194 206
62 87
63 38 68 69 70 71 72 73 74 75 76 78 79 80 81 83 84 85 86 89 90 93 94 95 97 98 101 102 105 108 109 111 115 116 117 121 123 124 125 126 127 128 129 132 133 134 135 136 138 139 140 141 143 144 145 146 148 149 151 152 153 157 158 161 162 163 165 167 168 169 170 171 172 173 174 176 177 178 180 181 183 186 187 190 191 192 194 197 199 202 203 204 205 206 208 210 211 212 213 215 216 217 218 219 220 221 222 223 224 226 227 228 230 232 233 234 236 237 242 243 247 248
64 84
65 83
66 88
67 37
68 65 135 187
69 58 72 79 89 95 111 126 134 135 136 140 161 163 167 173 187 194 206
70 89 72 79 89 95 111 126 134 135 136 161 163 167 173 187 194 206
71 89 72 73 74 78 79 80 84 85 86 89 90 93 95 97 101 105 109 111 115 117 121 123 124 125 126 127 129 133 134 135 136 138 139 140 143 144 146 148 151 152 157 158 161 162 163 165 167 168 169 170 171 172 173 176 178 180 181 183 187 191 194 197 199 202 203 205 206 208 210 211 213 215 216 218 219 220 221 226 227 230 236 237 242 243 247
72 48 73 74 75 76 78 79 80 81 83 84 85 86 89 90 93 95 97 98 101 102 105 108 109 111 115 116 117 121 123 124 125 126 127 128 129 132 133 134 135 136 138 139 140 141 143 144 145 146 148 149 151 152 153 157 158 161 162 163 165 167 168 169 170 171 172 173 174 176 177 178 180 181 183 186 187 190 191 192 194 197 199 202 203 204 205 206 208 210 211 212 213 215 216 217 218 219 220 221 222 223 224 226 227 228 230 232 233 236 237 242 243 247 248
73 85 74 78 79 80 84 85 89 90 93 95 97 101 105 111 115 117 121 123 124 125 126 127 133 134 135 136 138 139 140 143 144 146 148 151 152 161 162 163 165 167 168 169 170 171 172 173 176 178 180 181 183 187 194 197 199 202 203 205 206 208 210 211 213 216 219 220 221 226 227 230 242 243 247
74 25 78 79 80 81 84 85 86 89 90 93 95 97 101 102 105 109 111 115 117 121 123 124 125 126 127 129 133 134 135 136 138 139 140 141 143 144 146 148 149 151 152 157 158 161 162 163 165 167 168 169 170 171 172 173 174 176 178 180 181 183 186 187 190 191 194 197 199 202 203 205 206 208 210 211 212 213 215 216 218 219 220 221 224 226 227 230 233 236 237 242 243 247
75 100 79 134 135 136 161 173 187
76 28 79 134 135 136 161 173 187
77 20
78 96 79 80 84 85 89 90 93 95 111 115 117 121 123 124 125 126 127 133 134 135 136 138 139 140 143 146 148 151 161 162 163 165 167 170 171 173 176 178 180 181 183 187 194 199 202 203 205 206 208 210 211 213 216 219 220 221 226 227 243 247
79 52 80 81 83 84 85 86 89 90 93 95 97 98 101 102 105 108 109 111 115 116 117 121 123 124 125 126 127 128 129 132 133 134 135 136 138 139 140 141 143 144 145 146 148 149 151 152 153 157 158 161 162 163 165 167 168 169 170 171 172 173 174 176 177 178 180 181 183 186 187 190 191 192 194 197 199 202 203 204 205 206 208 210 211 212 213 215 216 217 218 219 220 221 222 223 224 226 227 228 230 232 233 236 237 242 243 247 248
80 100 84 85 86 89 90 93 95 97 101 105 109 111 115 117 121 123 124 125 126 127 133 134 135 136 138 139 140 143 144 146 148 151 152 157 158 161 162 163 165 167 168 169 170 171 172 173 176 178 180 181 183 187 194 197 199 202 203 205 206 208 210 211 213 216 219 220 221 226 227 230 242 243 247
81 94 89 95 111 126 134 135 136 140 161 163 167 173 178 187 194 203 206 213 226
82 94
83 69 111 126 134 135 136 161 173 187
84 94 85 89 90 93 95 111 115 121 123 125 126 127 133 134 135 136 138 139 140 143 146 148 151 161 162 163 165 167 171 173 176 178 180 181 187 194 199 202 203 205 206 208 211 213 219 226 227 243 247
85 39 86 89 90 93 95 97 101 105 109 111 115 117 121 123 124 125 126 127 129 133 134 135 136 138 139 140 143 144 146 148 151 152 157 158 161 162 163 165 167 168 169 170 171 172 173 176 178 180 181 183 187 194 197 199 202 203 205 206 208 210 211 213 215 216 219 220 221 226 227 230 236 242 243 247
86 62 89 90 93 95 111 121 123 125 126 127 134 135 136 139 140 146 148 161 162 163 167 173 178 181 187 194 199 203 205 206 208 213 219 226 243 247
87 86
88 43
89 61 90 93 95 97 101 102 105 109 111 115 117 121 123 124 125 126 127 129 133 134 135 136 138 139 140 141 143 144 146 148 149 151 152 157 158 161 162 163 165 167 168 169 170 171 172 173 174 176 178 180 181 183 186 187 190 191 194 197 199 202 203 205 206 208 210 211 212 213 215 216 218 219 220 221 224 226 227 230 233 236 237 242 243 247
90 88 93 95 97 101 105 109 111 115 117 121 123 124 125 126 127 133 134 135 136 138 139 140 143 144 146 148 151 152 157 161 162 163 165 167 168 169 170 171 172 173 176 178 180 181 183 187 194 197 199 202 203 205 206 208 210 211 213 216 219 220 221 226 227 230 242 243 247
91 78
92 72
93 71 95 97 101 105 109 111 115 117 121 123 124 125 126 127 129 133 134 135 136 138 139 140 143 144 146 148 151 152 157 158 161 162 163 165 167 168 169 170 171 172 173 176 178 180 181 183 187 194 197 199 202 203 205 206 208 210 211 213 216 219 220 221 226 227 230 236 242 243 247
94 31 135 187
95 45 97 101 102 105 109 111 115 117 121 123 124 125 126 127 129 133 134 135 136 138 139 140 141 143 144 146 148 149 151 152 157 158 161 162 163 165 167 168 169 170 171 172 173 174 176 178 180 181 183 186 187 190 191 192 194 197 199 202 203 205 206 208 210 211 212 213 215 216 218 219 220 221 224 226 227 230 233 236 237 242 243 247
96 72
97 87 111 115 121 123 125 126 127 134 135 136 138 139 140 146 148 151 161 162 163 165 167 171 173 176 178 180 181 187 194 199 202 203 205 206 208 213 219 226 227 243 247
98 60 111 126 134 135 136 161 163 173 187 194
99 91
100 100
101 66 111 115 121 123 125 126 127 134 135 136 138 139 140 146 148 151 161 162 163 165 167 171 173 176 178 180 181 187 194 199 202 203 205 206 208 213 219 226 227 243 247
102 44 111 126 134 135 136 140 161 163 167 173 187 194 203 206 213
103 83
104 23
105 22 111 115 121 123 125 126 127 134 135 136 138 139 140 143 146 148 151 161 162 163 165 167 171 173 176 178 180 181 187 194 199 202 203 205 206 208 211 213 219 226 227 243 247
106 81
107 22
108 55 111 126 134 135 136 161 173 187 194
109 67 111 115 121 123 125 126 127 134 135 136 138 139 140 146 148 161 162 163 167 173 178 181 187 194 199 203 205 206 208 213 219 226 227 243 247
110 73
111 68 115 117 121 123 124 125 126 127 129 132 133 134 135 136 138 139 140 141 143 144 146 148 149 151 152 153 157 158 161 162 163 165 167 168 169 170 171 172 173 174 176 177 178 180 181 183 186 187 190 191 192 194 197 199 202 203 205 206 208 210 211 212 213 215 216 218 219 220 221 224 226 227 230 233 236 237 242 243 247 248
112 42
113 83
114 40
115 86 117 121 123 124 125 126 127 133 134 135 136 138 139 140 143 144 146 148 151 152 157 161 162 163 165 167 168 169 170 171 172 173 176 178 180 181 183 187 194 197 199 202 203 205 206 208 210 211 213 216 219 220 221 226 227 230 242 243 247
116 63 135 173 187
117 33 121 123 124 125 126 127 133 134 135 136 138 139 140 143 146 148 151 161 162 163 165 167 170 171 173 176 178 180 181 187 194 199 202 203 205 206 208 211 213 219 221 226 227 243 247
118 24
119 54
120 48
121 41 123 124 125 126 127 133 134 135 136 138 139 140 143 144 146 148 151 152 157 161 162 163 165 167 168 169 170 171 172 173 176 178 180 181 183 187 194 197 199 202 203 205 206 208 210 211 213 216 219 220 221 226 227 230 242 243 247
122 56
123 48 124 125 126 127 133 134 135 136 138 139 140 143 144 146 148 151 152 157 161 162 163 165 167 168 169 170 171 172 173 176 178 180 181 183 187 194 197 199 202 203 205 206 208 210 211 213 216 219 220 221 226 227 230 242 243 247
124 29 125 126 127 133 134 135 136 138 139 140 143 146 148 151 161 162 163 165 167 170 171 173 176 178 180 181 187 194 199 202 203 205 206 208 210 211 213 216 219 220 221 226 227 243 247
125 51 126 127 129 133 134 135 136 138 139 140 143 144 146 148 151 152 157 158 161 162 163 165 167 168 169 170 171 172 173 176 178 180 181 183 187 190 191 194 197 199 202 203 205 206 208 210 211 213 215 216 218 219 220 221 224 226 227 230 236 237 242 243 247
126 78 127 129 132 133 134 135 136 138 139 140 141 143 144 146 148 149 151 152 153 157 158 161 162 163 165 167 168 169 170 171 172 173 174 176 177 178 180 181 183 186 187 190 191 192 194 197 199 202 203 205 206 208 210 211 212 213 215 216 218 219 220 221 223 224 226 227 230 233 236 237 242 243 247 248
127 85 133 134 135 136 138 139 140 143 144 146 148 151 152 157 161 162 163 165 167 168 169 170 171 172 173 176 178 180 181 183 187 194 197 199 202 203 205 206 208 210 211 213 216 219 220 221 226 227 230 242 243 247
128 68 134 135 136 161 173 187
129 35 134 135 136 139 140 146 148 161 162 163 167 173 178 187 194 199 203 206 208 213 226 243 247
130 99
131 74
132 42 134 135 136 161 173 187 194
133 26 134 135 136 138 139 140 143 146 148 151 161 162 163 165 167 170 171 173 176 178 180 181 183 187 194 199 202 203 205 206 208 210 211 213 216 219 220 221 226 227 243 247
134 49 135 136 138 139 140 141 143 144 145 146 148 149 151 152 153 157 158 161 162 163 165 167 168 169 170 171 172 173 174 176 177 178 180 181 183 186 187 190 191 192 194 197 199 202 203 204 205 206 208 210 211 212 213 215 216 217 218 219 220 221 222 223 224 226 227 228 230 232 233 236 237 242 243 247 248
135 65 136 138 139 140 141 143 144 145 146 148 149 151 152 153 157 158 161 162 163 165 167 168 169 170 171 172 173 174 176 177 178 180 181 183 186 187 190 191 192 194 197 199 202 203 204 205 206 208 210 211 212 213 215 216 217 218 219 220 221 222 223 224 226 227 228 230 232 233 236 237 242 243 247 248
136 92 138 139 140 141 143 144 145 146 148 149 151 152 153 157 158 161 162 163 165 167 168 169 170 171 172 173 174 176 177 178 180 181 183 186 187 190 191 192 194 197 199 202 203 204 205 206 208 210 211 212 213 215 216 217 218 219 220 221 222 223 224 226 227 228 230 232 233 236 237 242 243 247 248
137 51
138 43 139 140 143 144 146 148 151 152 157 161 162 163 165 167 168 169 170 171 172 173 176 178 180 181 183 187 194 197 199 202 203 205 206 208 210 211 213 216 219 220 221 226 227 230 242 243 247
139 97 140 143 144 146 148 151 152 157 158 161 162 163 165 167 168 169 170 171 172 173 176 178 180 181 183 187 194 197 199 202 203 205 206 208 210 211 213 215 216 219 220 221 226 227 230 236 242 243 247
140 91 141 143 144 146 148 149 151 152 157 158 161 162 163 165 167 168 169 170 171 172 173 174 176 178 180 181 183 186 187 190 191 194 197 199 202 203 205 206 208 210 211 212 213 215 216 218 219 220 221 224 226 227 230 233 236 237 242 243 247
141 24 161 163 167 173 178 187 194 203 206 213 226
142 79
143 30 146 148 151 161 162 163 165 167 170 171 172 173 176 178 180 181 183 187 194 199 202 203 205 206 208 210 211 213 216 219 220 221 226 227 243 247
144 58 146 148 151 161 162 163 167 171 173 176 178 180 181 187 194 199 203 205 206 208 213 219 226 227 243 247
145 76 161 173 187
146 59 148 151 152 157 158 161 162 163 165 167 168 169 170 171 172 173 176 178 180 181 183 187 194 197 199 202 203 205 206 208 210 211 213 215 216 219 220 221 226 227 230 236 242 243 247
147 92
148 94 151 152 157 158 161 162 163 165 167 168 169 170 171 172 173 176 178 180 181 183 187 190 191 194 197 199 202 203 205 206 208 210 211 212 213 215 216 218 219 220 221 224 226 227 230 236 237 242 243 247
149 43 161 163 167 173 187 194 203 206 213
150 31
151 87 152 157 161 162 163 165 167 168 169 170 171 172 173 176 178 180 181 183 187 194 197 199 202 203 205 206 208 210 211 213 216 219 220 221 226 227 230 242 243 247
152 59 161 162 163 167 171 173 178 181 187 194 199 203 205 206 208 213 219 226 227 243 247
153 56 161 173 187
154 74
155 91
156 88
157 85 161 162 163 167 173 178 181 187 194 199 203 205 206 208 213 219 226 227 243 247
158 70 161 162 163 167 173 178 187 194 199 203 206 208 213 226 243 247
159 59
160 80
161 54 162 163 165 167 168 169 170 171 172 173 174 176 177 178 180 181 183 186 187 190 191 192 194 197 199 202 203 204 205 206 208 210 211 212 213 215 216 217 218 219 220 221 222 223 224 226 227 228 230 232 233 236 237 242 243 247 248
162 66 163 165 167 168 169 170 171 172 173 176 178 180 181 183 187 194 197 199 202 203 205 206 208 210 211 213 215 216 218 219 220 221 226 227 230 236 242 243 247
163 55 165 167 168 169 170 171 172 173 174 176 178 180 181 183 186 187 190 191 192 194 197 199 202 203 205 206 208 210 211 212 213 215 216 218 219 220 221 224 226 227 230 233 236 237 242 243 247
164 61
165 64 167 168 170 171 172 173 176 178 180 181 183 187 194 197 199 202 203 205 206 208 210 211 213 216 219 220 221 226 227 230 242 243 247
166 80
167 53 168 169 170 171 172 173 174 176 178 180 181 183 186 187 190 191 192 194 197 199 202 203 205 206 208 210 211 212 213 215 216 218 219 220 221 224 226 227 230 233 236 237 242 243 247
168 80 171 173 176 178 180 181 187 194 199 202 203 205 206 208 213 219 226 227 243 247
169 44 171 173 178 180 181 187 194 199 203 205 206 208 213 219 226 227 243 247
170 74 171 173 176 178 180 181 187 194 199 202 203 205 206 208 211 213 216 219 220 221 226 227 243 247
171 22 172 173 176 178 180 181 183 187 194 197 199 202 203 205 206 208 210 211 213 216 219 220 221 226 227 230 242 243 247
172 91 173 176 178 180 181 187 194 199 202 203 205 206 208 211 213 219 226 227 243 247
173 91 174 176 177 178 180 181 183 186 187 190 191 192 194 197 199 202 203 204 205 206 208 210 211 212 213 215 216 217 218 219 220 221 222 223 224 226 227 228 230 232 233 236 237 242 243 247 248
174 83 187 194 206
175 51
176 57 178 180 181 183 187 194 197 199 202 203 205 206 208 210 211 213 216 219 220 221 226 227 230 242 243 247
177 20 187
178 83 180 181 183 187 190 191 194 197 199 202 203 205 206 208 210 211 212 213 215 216 218 219 220 221 224 226 227 230 236 237 242 243 247
179 46
180 54 181 183 187 194 197 199 202 203 205 206 208 210 211 213 216 219 220 221 226 227 230 242 243 247
181 56 183 187 194 197 199 202 203 205 206 208 210 211 213 216 219 220 221 226 227 230 242 243 247
182 76
183 24 187 194 199 202 203 205 206 208 211 213 219 226 227 243 247
184 41
185 26
186 37 187 194 206
187 91 190 191 192 194 197 199 202 203 204 205 206 208 210 211 212 213 215 216 217 218 219 220 221 222 223 224 226 227 228 230 232 233 234 236 237 242 243 247 248
188 52
189 94
190 94 194 199 203 206 213 226 247
191 49 194 199 203 206 213 226 247
192 61 194 206
193 69
194 79 197 199 202 203 205 206 208 210 211 212 213 215 216 218 219 220 221 224 226 227 230 233 236 237 242 243 247 248
195 38
196 78
197 25 199 202 203 205 206 208 213 219 226 227 243 247
198 57
199 70 202 203 205 206 208 210 211 213 215 216 218 219 220 221 226 227 230 236 237 242 243 247
200 81
201 57
202 34 203 205 206 208 210 211 213 216 219 220 221 226 227 242 243 247
203 22 205 206 208 210 211 212 213 215 216 218 219 220 221 224 226 227 230 236 237 242 243 247
204 58
205 99 206 208 210 211 213 216 219 220 221 226 227 230 242 243 247
206 39 208 210 211 212 213 215 216 218 219 220 221 224 226 227 230 233 236 237 242 243 247
207 99
208 29 210 211 213 215 216 219 220 221 226 227 230 236 242 243 247
209 34
210 58 211 213 219 226 227 243 247
211 94 213 216 219 220 221 226 227 243 247
212 46 213 226
213 41 215 216 218 219 220 221 224 226 227 230 233 236 237 242 243 247
214 56
215 86 226 243 247
216 92 219 221 226 227 243 247
217 81
218 82 226 247
219 38 220 221 226 227 230 242 243 247
220 42 221 226 227 243 247
221 99 226 227 243 247
222 59
223 73
224 57 226 247
225 59
226 67 227 230 236 237 242 243 247
227 44 230 242 243 247
228 29
229 53
230 54 243 247
231 40
232 83
233 55
234 66
235 72
236 80 243 247
237 25 247
238 92
239 78
240 97
241 28
242 99 243 247
243 73 247
244 66
245 44
246 59
247 95
248 53
249 81
250 83
