500 150
1 64 35 238 309 323 329 357 379 431 450 485
2 42
3 86 6 9 12 21 22 23 24 26 66 35 41 49 51 52 54 55 56 63 130 74 76 77 78 82 86 87 88 93 97 99 100 102 106 114 118 121 124 135 137 139 141 146 147 148 151 153 156 158 159 166 168 169 170 173 177 178 183 188 190 192 198 200 202 218 221 225 226 227 230 231 238 244 247 250 252 254 263 269 270 273 278 280 282 287 289 291 293 294 296 298 304 308 309 323 324 326 327 329 333 335 342 347 350 353 354 357 364 365 368 370 371 373 376 377 379 380 389 390 391 392 394 395 398 402 404 406 412 413 414 421 425 427 429 431 432 438 443 447 449 450 453 455 460 466 472 476 477 481 482 485 487 492 499 500
4 65
5 47
6 68 9 12 23 66 35 41 49 51 52 54 55 56 63 130 74 76 78 86 87 93 97 99 100 102 114 121 124 135 137 139 141 146 147 148 151 158 159 166 168 169 170 177 183 188 190 192 198 200 202 218 221 225 227 230 238 244 247 250 252 254 263 269 270 273 278 282 287 289 291 293 296 298 304 308 309 323 324 326 327 329 333 342 350 353 354 357 364 368 370 371 376 377 379 380 389 390 391 394 395 398 402 404 406 412 413 414 427 429 431 432 438 443 447 449 450 453 455 460 466 472 476 477 481 485 499
7 20
8 45
9 69 12 21 22 23 24 26 66 35 41 49 51 52 54 55 56 63 130 74 76 77 78 82 86 87 88 90 93 97 99 100 102 106 114 118 121 124 259 135 137 139 141 146 147 148 151 153 156 157 158 159 165 166 168 169 170 173 177 178 183 185 188 190 192 198 200 202 218 221 225 226 227 229 230 231 232 238 244 247 250 252 254 263 269 270 273 274 278 280 282 287 289 291 293 294 296 298 304 308 309 323 324 325 326 327 329 333 335 342 345 347 350 353 354 356 357 364 365 368 370 371 373 376 377 379 380 389 390 391 392 394 395 398 402 403 404 406 412 413 414 421 424 425 427 429 431 432 438 443 447 448 449 450 453 455 460 466 472 476 477 481 482 485 487 492 499 500
10 78
11 44
12 96 23 66 35 41 49 51 54 55 56 76 86 99 102 114 121 124 135 137 139 141 146 147 148 151 158 159 166 168 169 170 177 183 192 200 227 230 238 250 252 254 263 270 273 278 282 287 289 296 298 304 308 309 323 324 326 327 329 342 350 357 364 368 376 377 379 380 389 390 391 394 395 402 404 406 413 414 431 432 438 443 450 453 455 472 477 485 499
13 50
14 27
15 58
16 55
17 81
18 87
19 76
20 38
21 79 23 66 35 49 54 55 56 76 86 99 102 121 137 139 141 158 169 183 200 227 230 238 252 254 263 273 278 282 289 296 298 304 308 309 323 324 326 329 357 364 368 377 379 380 390 391 404 406 413 414 431 438 450 455 472 477 485 499
22 71 23 66 35 49 54 55 56 76 86 99 102 121 137 139 141 158 169 183 200 227 230 238 252 254 263 273 278 282 289 296 298 304 308 309 323 326 329 357 364 368 377 379 380 390 391 404 406 413 414 431 438 450 455 472 485 499
23 60 24 26 66 35 41 49 51 52 54 55 56 63 130 74 76 77 78 82 86 87 88 93 97 99 100 102 106 114 118 121 124 259 135 137 139 141 146 147 148 151 153 156 157 158 159 165 166 168 169 170 173 177 178 183 185 188 190 192 198 200 202 218 221 225 226 227 229 230 231 238 244 247 250 252 254 263 269 270 273 278 280 282 287 289 291 293 294 296 298 304 308 309 323 324 326 327 329 333 335 342 345 347 350 353 354 357 364 365 368 370 371 373 376 377 379 380 389 390 391 392 394 395 398 402 403 404 406 412 413 414 421 424 425 427 429 431 432 438 443 447 449 450 453 455 460 466 472 476 477 481 482 485 487 492 499 500
24 76 66 35 49 54 55 56 76 86 99 102 121 137 139 141 158 169 183 200 227 230 238 252 254 263 273 278 282 287 289 296 298 304 308 309 323 324 326 329 357 364 368 377 379 380 390 391 404 406 413 414 431 438 450 455 472 477 485 499
25 91
26 69 66 35 49 54 55 56 76 86 99 102 121 137 139 141 158 169 183 200 227 230 238 252 254 263 273 278 282 287 289 296 298 304 308 309 323 324 326 329 357 364 368 377 379 380 390 391 404 406 413 414 431 438 450 455 472 477 485 499
27 77
28 57
29 33
30 22
31 76
32 51
33 66
34 90
35 34 66 41 42 45 48 49 51 52 54 55 56 63 130 74 76 77 78 82 86 87 88 90 93 97 99 100 102 106 113 114 118 121 124 259 135 137 139 141 146 147 148 151 153 156 157 158 159 165 166 168 169 170 173 177 178 183 185 188 190 192 195 198 200 202 218 221 225 226 227 229 230 231 232 238 240 244 247 250 252 254 263 269 270 273 274 278 280 282 287 289 291 292 293 294 296 298 304 308 309 318 319 323 324 325 326 327 329 331 333 335 342 345 347 350 353 354 356 357 364 365 368 370 371 373 376 377 379 380 383 389 390 391 392 394 395 398 402 403 404 406 412 413 414 421 424 425 427 429 431 432 438 443 447 448 449 450 453 455 460 466 471 472 476 477 481 482 485 487 489 492 497 499 500
36 46
37 74 357
38 62
39 93
40 74
41 29 66 49 51 54 55 56 63 130 74 76 78 86 87 93 97 99 100 102 114 121 124 135 137 139 141 146 147 148 151 158 159 166 168 169 170 177 183 188 190 192 198 200 202 218 221 225 227 230 238 244 247 250 252 254 263 269 270 273 278 282 287 289 293 296 298 304 308 309 323 324 326 327 329 342 350 353 354 357 364 368 370 371 376 377 379 380 389 390 391 394 395 398 402 404 406 412 413 414 427 429 431 432 438 443 449 450 453 455 460 466 472 476 477 481 485 499
42 22 49 102 158 169 227 238 308 309 323 326 329 357 379 390 406 413 431 450 485 499
43 73
44 26
45 72 238 308 309 323 329 357 379 406 431 450 485
46 41
47 91
48 88 238 308 309 323 329 357 379 431 450 485
49 95 66 51 52 54 55 56 63 130 74 76 77 78 82 86 87 88 90 93 97 99 100 102 106 114 118 121 124 259 135 137 139 141 146 147 148 151 153 156 157 158 159 165 166 168 169 170 173 177 178 183 185 188 190 192 198 200 202 218 221 225 226 227 229 230 231 232 238 244 247 250 252 254 263 269 270 273 274 278 280 282 287 289 291 293 294 296 298 304 308 309 323 324 325 326 327 329 331 333 335 342 345 347 350 353 354 356 357 364 365 368 370 371 373 376 377 379 380 383 389 390 391 392 394 395 398 402 403 404 406 412 413 414 421 424 425 427 429 431 432 438 443 447 448 449 450 453 455 460 466 472 476 477 481 482 485 487 492 499 500
50 35
51 84 66 54 55 56 63 130 74 76 86 93 99 100 102 114 121 124 135 137 139 141 146 147 148 151 158 159 166 168 169 170 177 183 188 190 192 198 200 202 218 221 227 230 238 244 247 250 252 254 263 269 270 273 278 282 287 289 293 296 298 304 308 309 323 324 326 327 329 342 350 354 357 364 368 370 371 376 377 379 380 389 390 391 394 395 398 402 404 406 412 413 414 431 432 438 443 449 450 453 455 460 466 472 476 477 485 499
52 32 66 54 55 56 76 86 99 102 114 121 137 139 141 158 159 166 169 170 183 192 200 227 230 238 252 254 263 273 278 282 287 289 296 298 304 308 309 323 324 326 327 329 350 357 364 368 377 379 380 390 391 402 404 406 413 414 431 432 438 443 450 453 455 472 477 485 499
53 59
54 56 66 55 56 63 130 74 76 78 82 86 87 88 93 97 99 100 102 106 114 118 121 124 135 137 139 141 146 147 148 151 153 156 158 159 166 168 169 170 173 177 178 183 188 190 192 198 200 202 218 221 225 226 227 230 231 238 244 247 250 252 254 263 269 270 273 278 280 282 287 289 291 293 294 296 298 304 308 309 323 324 326 327 329 333 335 342 347 350 353 354 357 364 368 370 371 373 376 377 379 380 389 390 391 392 394 395 398 402 404 406 412 413 414 421 427 429 431 432 438 443 447 449 450 453 455 460 466 472 476 477 481 482 485 487 492 499 500
55 84 66 56 63 130 74 76 77 78 82 86 87 88 93 97 99 100 102 106 114 118 121 124 259 135 137 139 141 146 147 148 151 153 156 157 158 159 165 166 168 169 170 173 177 178 183 185 188 190 192 198 200 202 218 221 225 226 227 229 230 231 238 244 247 250 252 254 263 269 270 273 278 280 282 287 289 291 293 294 296 298 304 308 309 323 324 326 327 329 333 335 342 345 347 350 353 354 357 364 365 368 370 371 373 376 377 379 380 389 390 391 392 394 395 398 402 403 404 406 412 413 414 421 424 425 427 429 431 432 438 443 447 449 450 453 455 460 466 472 476 477 481 482 485 487 492 499 500
56 71 66 63 130 74 76 77 78 82 86 87 88 93 97 99 100 102 106 114 118 121 124 259 135 137 139 141 146 147 148 151 153 156 157 158 159 165 166 168 169 170 173 177 178 183 185 188 190 192 198 200 202 218 221 225 226 227 229 230 231 238 244 247 250 252 254 263 269 270 273 278 280 282 287 289 291 293 294 296 298 304 308 309 323 324 326 327 329 333 335 342 345 347 350 353 354 357 364 365 368 370 371 373 376 377 379 380 389 390 391 392 394 395 398 402 403 404 406 412 413 414 421 424 425 427 429 431 432 438 443 447 449 450 453 455 460 466 472 476 477 481 482 485 487 492 499 500
57 78
58 82
59 78
60 52
61 71
62 26
63 66 66 130 74 76 86 93 99 100 102 114 121 124 135 137 139 141 146 147 148 151 158 159 166 168 169 170 177 183 188 190 192 198 200 202 218 221 227 230 238 244 247 250 252 254 263 269 270 273 278 282 287 289 293 296 298 304 308 309 323 324 326 327 329 342 350 354 357 364 368 370 371 376 377 379 380 389 390 391 394 395 398 402 404 406 413 414 431 432 438 443 449 450 453 455 460 466 472 476 477 485 499
64 84
65 76
66 95 130 74 76 78 82 86 87 88 93 97 99 100 102 106 114 118 121 124 135 137 139 141 146 147 148 151 153 158 159 166 168 169 170 173 177 178 183 188 190 192 198 200 202 218 221 225 226 227 230 238 244 247 250 252 254 263 269 270 273 278 280 282 287 289 291 293 294 296 298 304 308 309 323 324 326 327 329 333 335 342 347 350 353 354 357 364 368 370 371 373 376 377 379 380 389 390 391 392 394 395 398 402 404 406 412 413 414 421 427 429 431 432 438 443 447 449 450 453 455 460 466 472 476 477 481 482 485 487 492 499 500
67 80
68 50
69 53
70 30
71 82
72 38
73 45
74 99 76 86 93 99 100 102 114 121 124 135 137 139 141 146 147 148 151 158 159 166 168 169 170 177 183 188 190 192 200 202 218 221 227 230 238 244 247 250 252 254 263 269 270 273 278 282 287 289 293 296 298 304 308 309 323 324 326 327 329 342 350 354 357 364 368 370 371 376 377 379 380 389 390 391 394 395 398 402 404 406 413 414 431 432 438 443 449 450 453 455 460 466 472 476 477 485 499
75 51
76 98 130 77 78 82 86 87 88 93 97 99 100 102 106 114 118 121 124 259 135 137 139 141 146 147 148 151 153 156 157 158 159 165 166 168 169 170 173 177 178 183 185 188 190 192 198 200 202 218 221 225 226 227 229 230 231 232 238 244 247 250 252 254 263 269 270 273 278 280 282 287 289 291 293 294 296 298 304 308 309 323 324 326 327 329 333 335 342 345 347 350 353 354 356 357 364 365 368 370 371 373 376 377 379 380 389 390 391 392 394 395 398 402 403 404 406 412 413 414 421 424 425 427 429 431 432 438 443 447 449 450 453 455 460 466 472 476 477 481 482 485 487 492 499 500
77 100 86 99 102 137 141 158 169 183 227 230 238 252 273 278 282 304 308 309 323 326 329 357 368 379 380 390 404 406 413 414 431 438 450 455 472 485 499
78 88 86 99 102 114 121 135 137 139 141 146 148 151 158 159 166 168 169 170 177 183 192 200 227 230 238 252 254 263 273 278 282 287 289 296 298 304 308 309 323 324 326 327 329 342 350 357 364 368 376 377 379 380 389 390 391 395 402 404 406 413 414 431 432 438 443 450 453 455 472 477 485 499
79 81
80 77
81 99
82 97 86 99 102 121 137 139 141 158 169 183 200 227 230 238 252 254 263 273 278 282 287 289 296 298 304 308 309 323 324 326 329 350 357 364 368 377 379 380 390 391 404 406 413 414 431 438 450 453 455 472 477 485 499
83 31
84 54
85 47
86 45 130 87 88 93 97 99 100 102 106 114 118 121 124 259 135 137 139 141 146 147 148 151 153 156 157 158 159 166 168 169 170 173 177 178 183 188 190 192 198 200 202 218 221 225 226 227 229 230 231 238 244 247 250 252 254 263 269 270 273 278 280 282 287 289 291 293 294 296 298 304 308 309 323 324 326 327 329 333 335 342 345 347 350 353 354 357 364 365 368 370 371 373 376 377 379 380 389 390 391 392 394 395 398 402 403 404 406 412 413 414 421 424 425 427 429 431 432 438 443 447 449 450 453 455 460 466 472 476 477 481 482 485 487 492 499 500
87 36 99 102 114 121 135 137 139 141 146 148 151 158 159 166 168 169 170 177 183 192 200 227 230 238 252 254 263 273 278 282 287 289 296 298 304 308 309 323 324 326 327 329 342 350 357 364 368 376 377 379 380 389 390 391 395 402 404 406 413 414 431 432 438 443 450 453 455 472 477 485 499
88 96 99 102 121 137 139 141 158 169 183 200 227 230 238 252 254 263 273 278 282 287 289 296 298 304 308 309 323 324 326 329 357 364 368 377 379 380 390 391 404 406 413 414 431 438 450 455 472 477 485 499
89 96
90 74 102 137 158 169 227 238 304 308 309 323 326 329 357 379 390 406 413 431 450 485 499
91 77
92 98
93 69 99 100 102 114 121 124 135 137 139 141 146 147 148 151 158 159 166 168 169 170 177 183 188 190 192 200 202 218 221 227 230 238 244 250 252 254 263 269 270 273 278 282 287 289 293 296 298 304 308 309 323 324 326 327 329 342 350 354 357 364 368 370 371 376 377 379 380 389 390 391 394 395 398 402 404 406 413 414 431 432 438 443 449 450 453 455 460 466 472 476 477 485 499
94 22
95 40
96 39
97 81 99 102 114 121 135 137 139 141 146 148 151 158 159 166 168 169 170 177 183 192 200 227 230 238 252 254 263 273 278 282 287 289 296 298 304 308 309 323 324 326 327 329 342 350 357 364 368 376 377 379 380 389 390 391 395 402 404 406 413 414 431 432 438 443 450 453 455 472 477 485 499
98 90
99 73 130 100 102 106 114 118 121 124 259 135 137 139 141 146 147 148 151 153 156 157 158 159 165 166 168 169 170 173 177 178 183 188 190 192 198 200 202 218 221 225 226 227 229 230 231 238 244 247 250 252 254 263 269 270 273 278 280 282 287 289 291 293 294 296 298 304 308 309 323 324 326 327 329 333 335 342 345 347 350 353 354 357 364 365 368 370 371 373 376 377 379 380 389 390 391 392 394 395 398 402 403 404 406 412 413 414 421 424 425 427 429 431 432 438 443 447 449 450 453 455 460 466 472 476 477 481 482 485 487 492 499 500
100 84 102 114 121 124 135 137 139 141 146 147 148 151 158 159 166 168 169 170 177 183 188 190 192 200 202 218 227 230 238 250 252 254 263 270 273 278 282 287 289 296 298 304 308 309 323 324 326 327 329 342 350 357 364 368 370 376 377 379 380 389 390 391 394 395 402 404 406 413 414 431 432 438 443 449 450 453 455 460 472 476 477 485 499
101 53
102 73 130 106 113 114 118 121 124 259 135 137 139 141 146 147 148 151 153 156 157 158 159 165 166 168 169 170 173 177 178 183 185 188 190 192 198 200 202 218 221 225 226 227 229 230 231 232 238 244 247 250 252 254 263 269 270 273 274 278 280 282 287 289 291 293 294 296 298 304 308 309 318 323 324 325 326 327 329 331 333 335 342 345 347 350 353 354 356 357 364 365 368 370 371 373 376 377 379 380 383 389 390 391 392 394 395 398 402 403 404 406 412 413 414 421 424 425 427 429 431 432 438 443 447 448 449 450 453 455 460 466 472 476 477 481 482 485 487 489 492 499 500
103 81
104 51
105 38
106 43 114 121 137 139 141 158 166 169 170 183 200 227 230 238 252 254 263 273 278 282 287 289 296 298 304 308 309 323 324 326 327 329 350 357 364 368 377 379 380 390 391 404 406 413 414 431 432 438 450 453 455 472 477 485 499
107 64
108 28
109 83
110 28
111 66
112 22
113 56 158 169 238 308 309 323 329 357 379 406 431 450 485 499
114 61 130 121 124 135 137 139 141 146 147 148 151 158 159 166 168 169 170 177 183 188 190 192 198 200 202 218 221 225 227 230 238 244 247 250 252 254 263 269 270 273 278 282 287 289 291 293 296 298 304 308 309 323 324 326 327 329 333 342 350 353 354 357 364 368 370 371 376 377 379 380 389 390 391 394 395 398 402 404 406 412 413 414 427 429 431 432 438 443 447 449 450 453 455 460 466 472 476 477 481 485 499
115 72
116 69
117 55
118 20 121 137 139 141 158 169 183 200 227 230 238 252 254 263 273 278 282 289 296 298 304 308 309 323 326 329 357 364 368 377 379 380 390 391 404 406 413 414 431 438 450 455 472 485 499
119 50
120 52
121 95 130 124 135 137 139 141 146 147 148 151 153 158 159 166 168 169 170 177 178 183 188 190 192 198 200 202 218 221 225 226 227 230 238 244 247 250 252 254 263 269 270 273 278 280 282 287 289 291 293 294 296 298 304 308 309 323 324 326 327 329 333 335 342 347 350 353 354 357 364 368 370 371 373 376 377 379 380 389 390 391 394 395 398 402 404 406 412 413 414 421 427 429 431 432 438 443 447 449 450 453 455 460 466 472 476 477 481 485 487 492 499 500
122 89
123 32
124 60 130 135 137 139 141 146 147 148 151 158 159 166 168 169 170 177 183 188 190 192 198 200 202 218 221 227 230 238 244 247 250 252 254 263 269 270 273 278 282 287 289 293 296 298 304 308 309 323 324 326 327 329 342 350 354 357 364 368 370 371 376 377 379 380 389 390 391 394 395 398 402 404 406 412 413 414 431 432 438 443 449 450 453 455 460 466 472 476 477 485 499
125 29
126 90
127 20
128 90
129 41
130 37 135 137 139 141 146 147 148 151 158 159 166 168 169 170 177 183 190 192 200 227 230 238 250 252 254 263 270 273 278 282 287 289 296 298 304 308 309 323 324 326 327 329 342 350 357 364 368 376 377 379 380 389 390 391 394 395 402 404 406 413 414 431 432 438 443 449 450 453 455 472 476 477 485 499
131 95
132 20
133 84
134 33
135 28 137 139 141 146 147 148 151 158 159 166 168 169 170 177 183 188 190 192 198 200 202 218 221 227 230 238 244 247 250 252 254 263 269 270 273 278 282 287 289 293 296 298 304 308 309 323 324 326 327 329 342 350 354 357 364 368 370 371 376 377 379 380 389 390 391 394 395 398 402 404 406 412 413 414 427 431 432 438 443 449 450 453 455 460 466 472 476 477 485 499
136 40
137 91 259 139 141 146 147 148 151 153 156 157 158 159 165 166 168 169 170 173 177 178 183 185 188 190 192 198 200 202 218 221 225 226 227 229 230 231 232 238 244 247 250 252 254 263 269 270 273 274 278 280 282 287 289 291 293 294 296 298 304 308 309 323 324 325 326 327 329 331 333 335 342 345 347 350 353 354 356 357 364 365 368 370 371 373 376 377 379 380 383 389 390 391 392 394 395 398 402 403 404 406 412 413 414 421 424 425 427 429 431 432 438 443 447 448 449 450 453 455 460 466 472 476 477 481 482 485 487 492 499 500
138 39
139 63 141 146 147 148 151 153 158 159 166 168 169 170 173 177 178 183 188 190 192 198 200 202 218 221 225 226 227 230 238 244 247 250 252 254 263 269 270 273 278 280 282 287 289 291 293 294 296 298 304 308 309 323 324 326 327 329 333 335 342 347 350 353 354 357 364 368 370 371 373 376 377 379 380 389 390 391 394 395 398 402 404 406 412 413 414 421 427 429 431 432 438 443 447 449 450 453 455 460 466 472 476 477 481 482 485 487 492 499 500
140 66
141 29 259 146 147 148 151 153 156 157 158 159 165 166 168 169 170 173 177 178 183 188 190 192 198 200 202 218 221 225 226 227 229 230 231 238 244 247 250 252 254 263 269 270 273 278 280 282 287 289 291 293 294 296 298 304 308 309 323 324 326 327 329 333 335 342 345 347 350 353 354 357 364 365 368 370 371 373 376 377 379 380 389 390 391 392 394 395 398 402 403 404 406 412 413 414 421 424 425 427 429 431 432 438 443 447 449 450 453 455 460 466 472 476 477 481 482 485 487 492 499 500
142 74
143 97 357
144 41
145 81
146 53 147 148 151 158 159 166 168 169 170 177 183 188 190 192 198 200 202 218 221 227 230 238 244 247 250 252 254 263 269 270 273 278 282 287 289 293 296 298 304 308 309 323 324 326 327 329 342 350 354 357 364 368 370 371 376 377 379 380 389 390 391 394 395 398 402 404 406 412 413 414 427 431 432 438 443 449 450 453 455 460 466 472 476 477 485 499
147 22 148 151 158 159 166 168 169 170 177 183 188 190 192 198 200 202 218 221 227 230 238 244 247 250 252 254 263 269 270 273 278 282 287 289 293 296 298 304 308 309 323 324 326 327 329 342 350 354 357 364 368 370 371 376 377 379 380 389 390 391 394 395 398 402 404 406 412 413 414 431 432 438 443 449 450 453 455 460 466 472 476 477 485 499
148 32 151 158 159 166 168 169 170 177 183 188 190 192 198 200 202 218 221 225 227 230 238 244 247 250 252 254 263 269 270 273 278 282 287 289 291 293 296 298 304 308 309 323 324 326 327 329 342 350 353 354 357 364 368 370 371 376 377 379 380 389 390 391 394 395 398 402 404 406 412 413 414 427 429 431 432 438 443 449 450 453 455 460 466 472 476 477 481 485 499
149 91
150 61
151 33 158 159 166 168 169 170 177 183 188 190 192 198 200 202 218 221 227 230 238 244 247 250 252 254 263 269 270 273 278 282 287 289 293 296 298 304 308 309 323 324 326 327 329 342 350 354 357 364 368 370 371 376 377 379 380 389 390 391 394 395 398 402 404 406 412 413 414 427 431 432 438 443 449 450 453 455 460 466 472 476 477 485 499
152 91
153 55 158 169 183 200 227 230 238 252 254 263 273 278 282 287 289 296 298 304 308 309 323 324 326 329 350 357 364 368 377 379 380 390 391 404 406 413 414 431 438 450 453 455 472 477 485 499
154 56 357
155 57
156 44 158 169 183 227 230 238 252 254 273 278 282 298 304 308 309 323 326 329 357 364 368 379 380 390 404 406 413 414 431 438 450 455 472 485 499
157 60 158 169 227 238 273 278 282 304 308 309 323 326 329 357 368 379 380 390 404 406 413 414 431 438 450 455 472 485 499
158 55 259 159 165 166 168 169 170 173 177 178 183 185 188 190 192 198 200 202 218 221 225 226 227 229 230 231 232 238 244 247 250 252 254 263 269 270 273 274 278 280 282 287 289 291 293 294 296 298 304 308 309 318 323 324 325 326 327 329 331 333 335 342 345 347 350 353 354 356 357 364 365 368 370 371 373 376 377 379 380 383 389 390 391 392 394 395 398 402 403 404 406 412 413 414 421 424 425 427 429 431 432 438 443 447 448 449 450 453 455 460 466 472 476 477 481 482 485 487 489 492 499 500
159 92 166 168 169 170 177 183 188 190 192 198 200 202 218 221 225 227 230 238 244 247 250 252 254 263 269 270 273 278 282 287 289 291 293 296 298 304 308 309 323 324 326 327 329 333 342 350 353 354 357 364 368 370 371 376 377 379 380 389 390 391 394 395 398 402 404 406 412 413 414 427 429 431 432 438 443 447 449 450 453 455 460 466 472 476 477 481 485 499
160 39
161 38
162 100
163 30
164 65
165 22 169 227 238 273 278 282 304 308 309 323 326 329 357 379 380 390 404 406 413 431 438 450 455 472 485 499
166 78 168 169 170 177 183 188 190 192 198 200 202 218 221 225 226 227 230 238 244 247 250 252 254 263 269 270 273 278 282 287 289 291 293 296 298 304 308 309 323 324 326 327 329 333 342 350 353 354 357 364 368 370 371 376 377 379 380 389 390 391 394 395 398 402 404 406 412 413 414 427 429 431 432 438 443 447 449 450 453 455 460 466 472 476 477 481 485 499
167 84
168 32 169 170 177 183 188 190 192 198 200 202 218 221 227 230 238 244 247 250 252 254 263 269 270 273 278 282 287 289 293 296 298 304 308 309 323 324 326 327 329 342 350 354 357 364 368 370 371 376 377 379 380 389 390 391 394 395 398 402 404 406 412 413 414 427 431 432 438 443 449 450 453 455 460 466 472 476 477 485 499
169 51 259 170 173 177 178 183 185 188 190 192 198 200 202 218 221 225 226 227 229 230 231 232 238 244 247 250 252 254 263 269 270 273 274 278 280 282 287 289 291 293 294 296 298 304 308 309 318 323 324 325 326 327 329 331 333 335 342 345 347 350 353 354 356 357 364 365 368 370 371 373 376 377 379 380 383 389 390 391 392 394 395 398 402 403 404 406 412 413 414 421 424 425 427 429 431 432 438 443 447 448 449 450 453 455 460 466 472 476 477 481 482 485 487 489 492 499 500
170 52 177 178 183 188 190 192 198 200 202 218 221 225 226 227 230 238 244 247 250 252 254 263 269 270 273 278 280 282 287 289 291 293 294 296 298 304 308 309 323 324 326 327 329 333 342 350 353 354 357 364 368 370 371 376 377 379 380 389 390 391 394 395 398 402 404 406 412 413 414 427 429 431 432 438 443 447 449 450 453 455 460 466 472 476 477 481 485 499
171 47
172 62
173 63 183 200 227 230 238 252 254 273 278 282 298 304 308 309 323 326 329 357 364 368 377 379 380 390 391 404 406 413 414 431 438 450 455 472 485 499
174 25
175 42
176 59
177 24 183 188 190 192 198 200 202 218 221 225 227 230 238 244 247 250 252 254 263 269 270 273 278 282 287 289 293 296 298 304 308 309 323 324 326 327 329 342 350 353 354 357 364 368 370 371 376 377 379 380 389 390 391 394 395 398 402 404 406 412 413 414 427 429 431 432 438 443 449 450 453 455 460 466 472 476 477 485 499
178 88 183 200 227 230 238 252 254 263 273 278 282 287 289 296 298 304 308 309 323 324 326 329 350 357 364 368 377 379 380 390 391 404 406 413 414 431 438 450 453 455 472 477 485 499
179 61
180 71
181 23
182 48
183 78 188 190 192 198 200 202 218 221 225 226 227 230 231 238 244 247 250 252 254 263 269 270 273 278 280 282 287 289 291 293 294 296 298 304 308 309 323 324 326 327 329 333 335 342 347 350 353 354 357 364 365 368 370 371 373 376 377 379 380 389 390 391 392 394 395 398 402 404 406 412 413 414 421 425 427 429 431 432 438 443 447 449 450 453 455 460 466 472 476 477 481 482 485 487 492 499 500
184 85
185 92 227 238 273 278 282 304 308 309 323 326 329 357 379 380 390 404 406 413 431 438 450 455 472 485 499
186 39
187 31
188 76 190 192 200 202 218 221 227 230 238 244 247 250 252 254 263 269 270 273 278 282 287 289 293 296 298 304 308 309 323 324 326 327 329 342 350 354 357 364 368 370 371 376 377 379 380 389 390 391 394 395 398 402 404 406 413 414 431 432 438 443 449 450 453 455 460 466 472 476 477 485 499
189 87
190 54 192 198 200 202 218 221 227 230 238 244 247 250 252 254 263 269 270 273 278 282 287 289 293 296 298 304 308 309 323 324 326 327 329 342 350 354 357 364 368 370 371 376 377 379 380 389 390 391 394 395 398 402 404 406 413 414 431 432 438 443 449 450 453 455 460 466 472 476 477 485 499
191 61
192 66 198 200 202 218 221 225 227 230 238 244 247 250 252 254 263 269 270 273 278 282 287 289 291 293 296 298 304 308 309 323 324 326 327 329 333 342 350 353 354 357 364 368 370 371 376 377 379 380 389 390 391 394 395 398 402 404 406 412 413 414 427 429 431 432 438 443 447 449 450 453 455 460 466 472 476 477 481 485 499
193 40
194 22
195 74 238 323 329 357 379 431 450 485
196 99
197 96
198 73 200 227 230 238 250 252 254 263 270 273 278 282 287 289 296 298 304 308 309 323 324 326 327 329 342 350 357 364 368 376 377 379 380 389 390 391 394 395 402 404 406 413 414 431 432 438 443 449 450 453 455 472 476 477 485 499
199 24
200 43 202 218 221 225 226 227 230 238 244 247 250 252 254 263 269 270 273 278 280 282 287 289 291 293 294 296 298 304 308 309 323 324 326 327 329 333 335 342 347 350 353 354 357 364 368 370 371 373 376 377 379 380 389 390 391 392 394 395 398 402 404 406 412 413 414 421 427 429 431 432 438 443 447 449 450 453 455 460 466 472 476 477 481 482 485 487 492 499 500
201 93
202 47 218 221 227 230 238 244 250 252 254 263 269 270 273 278 282 287 289 293 296 298 304 308 309 323 324 326 327 329 342 350 354 357 364 368 370 371 376 377 379 380 389 390 391 394 395 398 402 404 406 413 414 431 432 438 443 449 450 453 455 460 466 472 476 477 485 499
203 51
204 22
205 49
206 39 357
207 21
208 72
209 93
210 72
211 49
212 68
213 71
214 82
215 44
216 25
217 82
218 74 221 227 230 238 244 250 252 254 263 269 270 273 278 282 287 289 293 296 298 304 308 309 323 324 326 327 329 342 350 354 357 364 368 370 371 376 377 379 380 389 390 391 394 395 398 402 404 406 413 414 431 432 438 443 449 450 453 455 460 466 472 476 477 485 499
219 59 238 323 329 357 379 431 485
220 28
221 33 227 230 238 250 252 254 263 269 270 273 278 282 287 289 293 296 298 304 308 309 323 324 326 327 329 342 350 354 357 364 368 370 376 377 379 380 389 390 391 394 395 402 404 406 413 414 431 432 438 443 449 450 453 455 460 472 476 477 485 499
222 61
223 90
224 97
225 62 227 230 238 252 254 263 273 278 282 287 289 296 298 304 308 309 323 324 326 327 329 342 350 357 364 368 377 379 380 390 391 395 402 404 406 413 414 431 432 438 443 450 453 455 472 477 485 499
226 42 227 230 238 252 254 263 273 278 282 287 289 296 298 304 308 309 323 324 326 329 350 357 364 368 377 379 380 390 391 404 406 413 414 431 432 438 450 453 455 472 477 485 499
227 100 259 229 230 231 232 238 244 247 250 252 254 263 269 270 273 274 278 280 282 287 289 291 293 294 296 298 304 308 309 323 324 325 326 327 329 331 333 335 342 345 347 350 353 354 356 357 364 365 368 370 371 373 376 377 379 380 383 389 390 391 392 394 395 398 402 403 404 406 412 413 414 421 424 425 427 429 431 432 438 443 447 448 449 450 453 455 460 466 472 476 477 481 482 485 487 489 492 499 500
228 50
229 31 230 238 252 273 278 282 304 308 309 323 326 329 357 368 379 380 390 404 406 413 414 431 438 450 455 472 485 499
230 84 231 238 244 247 250 252 254 263 269 270 273 278 280 282 287 289 291 293 294 296 298 304 308 309 323 324 326 327 329 333 335 342 347 350 353 354 357 364 365 368 370 371 373 376 377 379 380 389 390 391 392 394 395 398 402 404 406 412 413 414 421 425 427 429 431 432 438 443 447 449 450 453 455 460 466 472 476 477 481 482 485 487 492 499 500
231 81 238 252 254 273 278 282 298 304 308 309 323 326 329 357 364 368 379 380 390 404 406 413 414 431 438 450 455 472 485 499
232 27 238 278 304 308 309 323 326 329 357 379 380 390 406 413 431 450 455 472 485 499
233 45
234 84
235 54
236 34
237 79
238 100 259 240 244 247 250 252 254 263 269 270 273 274 278 280 282 287 289 291 292 293 294 296 298 304 308 309 310 318 319 323 324 325 326 327 329 331 333 335 342 345 347 350 353 354 356 357 364 365 368 370 371 373 376 377 379 380 383 389 390 391 392 394 395 398 402 403 404 406 412 413 414 421 424 425 427 429 431 432 438 443 447 448 449 450 453 455 460 462 466 471 472 476 477 481 482 485 487 489 492 497 499 500
239 63
240 48 309 323 329 357 379 431 450 485
241 68
242 46
243 74
244 65 250 252 254 263 269 270 273 278 282 287 289 293 296 298 304 308 309 323 324 326 327 329 342 350 357 364 368 370 376 377 379 380 389 390 391 394 395 402 404 406 413 414 431 432 438 443 449 450 453 455 460 472 476 477 485 499
245 35
246 66
247 53 250 252 254 263 270 273 278 282 287 289 296 298 304 308 309 323 324 326 327 329 342 350 357 364 368 370 376 377 379 380 389 390 391 394 395 402 404 406 413 414 431 432 438 443 449 450 453 455 460 472 476 477 485 499
248 27
249 70
250 86 252 254 263 269 270 273 278 282 287 289 293 296 298 304 308 309 323 324 326 327 329 342 350 354 357 364 368 370 371 376 377 379 380 389 390 391 394 395 398 402 404 406 412 413 414 431 432 438 443 449 450 453 455 460 466 472 476 477 485 499
251 49
252 45 254 263 269 270 273 278 280 282 287 289 291 293 294 296 298 304 308 309 323 324 326 327 329 333 335 342 347 350 353 354 357 364 365 368 370 371 373 376 377 379 380 389 390 391 392 394 395 398 402 404 406 412 413 414 421 425 427 429 431 432 438 443 447 449 450 453 455 460 466 472 476 477 481 482 485 487 492 499 500
253 86
254 74 263 269 270 273 278 280 282 287 289 291 293 294 296 298 304 308 309 323 324 326 327 329 333 335 342 347 350 353 354 357 364 368 370 371 373 376 377 379 380 389 390 391 392 394 395 398 402 404 406 412 413 414 421 427 429 431 432 438 443 447 449 450 453 455 460 466 472 476 477 481 482 485 487 492 499 500
255 64
256 73
257 93
258 34
259 97 273 278 282 304 308 309 323 326 329 357 379 380 390 404 406 413 414 431 438 450 455 472 485 499
260 80
261 24
262 87
263 100 269 270 273 278 280 282 287 289 291 293 294 296 298 304 308 309 323 324 326 327 329 333 335 342 347 350 353 354 357 364 368 370 371 373 376 377 379 380 389 390 391 394 395 398 402 404 406 412 413 414 421 427 429 431 432 438 443 447 449 450 453 455 460 466 472 476 477 481 485 487 492 499 500
264 75
265 89
266 78
267 46
268 31
269 68 270 273 278 282 287 289 293 296 298 304 308 309 323 324 326 327 329 342 350 354 357 364 368 370 371 376 377 379 380 389 390 391 394 395 402 404 406 413 414 431 432 438 443 449 450 453 455 460 472 476 477 485 499
270 63 273 278 282 287 289 293 296 298 304 308 309 323 324 326 327 329 342 350 354 357 364 368 370 371 376 377 379 380 389 390 391 394 395 398 402 404 406 412 413 414 431 432 438 443 449 450 453 455 460 466 472 476 477 485 499
271 78
272 28
273 96 278 280 282 287 289 291 293 294 296 298 304 308 309 323 324 326 327 329 333 335 342 345 347 350 353 354 357 364 365 368 370 371 373 376 377 379 380 389 390 391 392 394 395 398 402 403 404 406 412 413 414 421 424 425 427 429 431 432 438 443 447 449 450 453 455 460 466 472 476 477 481 482 485 487 492 499 500
274 54 304 308 309 323 326 329 357 379 390 406 413 431 450 485 499
275 64
276 31
277 65 357
278 90 280 282 287 289 291 293 294 296 298 304 308 309 323 324 326 327 329 333 335 342 345 347 350 353 354 356 357 364 365 368 370 371 373 376 377 379 380 389 390 391 392 394 395 398 402 403 404 406 412 413 414 421 424 425 427 429 431 432 438 443 447 449 450 453 455 460 466 472 476 477 481 482 485 487 492 499 500
279 41
280 47 282 287 289 296 298 304 308 309 323 324 326 329 350 357 364 368 377 379 380 390 391 404 406 413 414 431 438 450 453 455 472 477 485 499
281 71
282 51 287 289 291 293 294 296 298 304 308 309 323 324 326 327 329 333 335 342 345 347 350 353 354 357 364 365 368 370 371 373 376 377 379 380 389 390 391 392 394 395 398 402 403 404 406 412 413 414 421 424 425 427 429 431 432 438 443 447 449 450 453 455 460 466 472 476 477 481 482 485 487 492 499 500
283 63
284 44
285 93
286 46
287 46 289 291 293 294 296 298 304 308 309 323 324 326 327 329 333 342 347 350 353 354 357 364 368 370 371 373 376 377 379 380 389 390 391 394 395 398 402 404 406 412 413 414 421 427 429 431 432 438 443 447 449 450 453 455 460 466 472 476 477 481 485 499
288 83
289 68 291 293 294 296 298 304 308 309 323 324 326 327 329 333 335 342 347 350 353 354 357 364 368 370 371 373 376 377 379 380 389 390 391 394 395 398 402 404 406 412 413 414 421 427 429 431 432 438 443 447 449 450 453 455 460 466 472 476 477 481 485 487 492 499 500
290 57
291 89 296 298 304 308 309 323 324 326 327 329 350 357 364 368 377 379 380 390 391 402 404 406 413 414 431 432 438 443 450 453 455 472 477 485 499
292 35 309 323 329 357 379 431 450 485
293 99 296 298 304 308 309 323 324 326 327 329 342 350 354 357 364 368 370 371 376 377 379 380 389 390 391 394 395 402 404 406 413 414 431 432 438 443 449 450 453 455 460 466 472 476 477 485 499
294 39 296 298 304 308 309 323 324 326 329 350 357 364 368 377 379 380 390 391 404 406 413 414 431 438 450 453 455 472 477 485 499
295 24
296 69 298 304 308 309 323 324 326 327 329 333 335 342 347 350 353 354 357 364 368 370 371 373 376 377 379 380 389 390 391 394 395 398 402 404 406 412 413 414 421 427 429 431 432 438 443 447 449 450 453 455 460 466 472 476 477 481 482 485 487 492 499 500
297 64
298 25 304 308 309 323 324 326 327 329 333 335 342 347 350 353 354 357 364 368 370 371 373 376 377 379 380 389 390 391 392 394 395 398 402 404 406 412 413 414 421 427 429 431 432 438 443 447 449 450 453 455 460 466 472 476 477 481 482 485 487 492 499 500
299 85
300 65
301 81
302 61
303 40
304 64 308 309 323 324 325 326 327 329 333 335 342 345 347 350 353 354 356 357 364 365 368 370 371 373 376 377 379 380 389 390 391 392 394 395 398 402 403 404 406 412 413 414 421 424 425 427 429 431 432 438 443 447 448 449 450 453 455 460 466 472 476 477 481 482 485 487 492 499 500
305 88
306 43
307 99
308 53 309 318 319 323 324 325 326 327 329 331 333 335 342 345 347 350 353 354 356 357 364 365 368 370 371 373 376 377 379 380 383 389 390 391 392 394 395 398 402 403 404 406 412 413 414 421 424 425 427 429 431 432 438 443 447 448 449 450 453 455 460 466 472 476 477 481 482 485 487 489 492 499 500
309 98 318 319 323 324 325 326 327 329 331 333 335 342 345 347 350 353 354 356 357 364 365 368 370 371 373 376 377 379 380 383 389 390 391 392 394 395 398 402 403 404 406 412 413 414 421 424 425 427 429 431 432 438 443 447 448 449 450 453 455 460 466 471 472 476 477 481 482 485 487 489 492 499 500
310 70 323 329 357 379 431
311 38
312 75
313 23
314 80
315 72
316 97
317 89
318 80 323 329 357 379 406 413 431 450 485 499
319 38 323 329 357 379 406 431 450 485
320 30
321 34
322 22
323 61 324 325 326 327 329 331 333 335 342 345 347 350 353 354 356 357 364 365 368 370 371 373 376 377 379 380 383 389 390 391 392 394 395 398 402 403 404 406 412 413 414 421 424 425 427 429 431 432 438 443 447 448 449 450 453 455 460 462 466 471 472 476 477 481 482 485 487 489 492 497 499 500
324 48 326 327 329 333 335 342 347 350 353 354 357 364 368 370 371 373 376 377 379 380 389 390 391 394 395 398 402 404 406 412 413 414 421 427 429 431 432 438 443 447 449 450 453 455 460 466 472 476 477 481 485 487 492 499
325 22 326 329 357 379 390 406 413 431 450 455 485 499
326 28 327 329 331 333 335 342 345 347 350 353 354 356 357 364 365 368 370 371 373 376 377 379 380 383 389 390 391 392 394 395 398 402 403 404 406 412 413 414 421 424 425 427 429 431 432 438 443 447 448 449 450 453 455 460 466 472 476 477 481 482 485 487 489 492 499 500
327 99 329 333 342 350 353 354 357 364 368 370 371 376 377 379 380 389 390 391 394 395 398 402 404 406 412 413 414 427 429 431 432 438 443 447 449 450 453 455 460 466 472 476 477 481 485 499
328 55
329 89 331 333 335 342 345 347 350 353 354 356 357 364 365 368 370 371 373 376 377 379 380 383 389 390 391 392 394 395 398 402 403 404 406 412 413 414 421 424 425 427 429 431 432 438 443 447 448 449 450 453 455 460 462 466 471 472 476 477 481 482 485 487 489 492 497 499 500
330 67
331 24 357 379 390 406 413 431 450 485 499
332 27
333 91 350 357 364 368 377 379 380 390 391 404 406 413 414 431 432 438 443 450 453 455 472 477 485 499
334 90
335 20 357 364 368 377 379 380 390 391 404 406 413 414 431 438 450 455 472 477 485 499
336 36
337 77
338 44
339 24
340 60
341 96
342 83 350 353 354 357 364 368 370 371 376 377 379 380 389 390 391 394 395 398 402 404 406 412 413 414 427 429 431 432 438 443 449 450 453 455 460 466 472 476 477 485 499
343 53
344 76
345 27 357 379 380 390 404 406 413 431 438 450 455 472 485 499
346 91
347 58 357 364 368 377 379 380 390 391 404 406 413 414 431 438 450 455 472 477 485 499
348 78
349 23
350 31 353 354 357 364 368 370 371 376 377 379 380 389 390 391 394 395 398 402 404 406 412 413 414 427 429 431 432 438 443 447 449 450 453 455 460 466 472 476 477 481 485 499
351 99
352 42
353 64 357 364 368 377 379 380 390 391 402 404 406 413 414 431 432 438 443 450 453 455 472 477 485 499
354 39 357 364 368 370 376 377 379 380 389 390 391 394 395 402 404 406 413 414 431 432 438 443 449 450 453 455 460 472 476 477 485 499
355 73
356 43 357 379 390 406 413 431 450 455 472 485 499
357 36 361 364 365 368 370 371 373 376 377 379 380 383 389 390 391 392 394 395 398 402 403 404 406 412 413 414 421 424 425 427 429 431 432 438 443 447 448 449 450 453 455 460 462 466 471 472 476 477 481 482 485 487 489 492 496 497 499 500
358 76
359 97
360 41
361 90
362 24
363 82
364 55 368 370 371 373 376 377 379 380 389 390 391 392 394 395 398 402 404 406 412 413 414 421 427 429 431 432 438 443 447 449 450 453 455 460 466 472 476 477 481 482 485 487 492 499 500
365 93 368 379 380 390 404 406 413 414 431 438 450 455 472 485 499
366 63
367 61
368 39 370 371 373 376 377 379 380 389 390 391 392 394 395 398 402 404 406 412 413 414 421 425 427 429 431 432 438 443 447 449 450 453 455 460 466 472 476 477 481 482 485 487 492 499 500
369 73
370 54 371 376 377 379 380 389 390 391 394 395 398 402 404 406 413 414 431 432 438 443 449 450 453 455 460 466 472 476 477 485 499
371 77 376 377 379 380 389 390 391 394 395 402 404 406 413 414 431 432 438 443 449 450 453 455 460 472 476 477 485 499
372 100
373 46 377 379 380 390 391 404 406 413 414 431 438 450 455 472 477 485 499
374 69
375 74
376 41 377 379 380 389 390 391 394 395 398 402 404 406 412 413 414 427 431 432 438 443 449 450 453 455 460 466 472 476 477 485 499
377 32 379 380 389 390 391 392 394 395 398 402 404 406 412 413 414 421 427 429 431 432 438 443 447 449 450 453 455 460 466 472 476 477 481 482 485 487 492 499 500
378 56
379 68 380 383 389 390 391 392 394 395 398 402 403 404 406 412 413 414 421 424 425 427 429 431 432 438 443 447 448 449 450 453 455 460 462 466 471 472 476 477 481 482 485 487 489 492 497 499 500
380 98 389 390 391 392 394 395 398 402 403 404 406 412 413 414 421 424 425 427 429 431 432 438 443 447 449 450 453 455 460 466 472 476 477 481 482 485 487 492 499 500
381 61
382 28
383 21 390 406 413 431 450 485 499
384 30
385 47
386 43
387 54
388 33
389 31 390 391 394 395 398 402 404 406 412 413 414 427 431 432 438 443 449 450 453 455 460 466 472 476 477 485 499
390 38 391 392 394 395 398 402 403 404 406 412 413 414 421 424 425 427 429 431 432 438 443 447 448 449 450 453 455 460 466 472 476 477 481 482 485 487 492 499 500
391 49 392 394 395 398 402 404 406 412 413 414 421 427 429 431 432 438 443 447 449 450 453 455 460 466 472 476 477 481 482 485 487 492 499 500
392 40 404 406 413 414 431 438 450 455 472 485 499
393 44
394 93 395 398 402 404 406 412 413 414 431 432 438 443 449 450 453 455 460 466 472 476 477 485 499
395 20 398 402 404 406 412 413 414 427 431 432 438 443 449 450 453 455 460 466 472 476 477 485 499
396 81
397 71
398 36 402 404 406 413 414 431 432 438 443 449 450 453 455 460 472 476 477 485 499
399 71
400 36
401 42
402 56 404 406 412 413 414 427 429 431 432 438 443 447 449 450 453 455 460 466 472 476 477 481 485 499
403 85 404 406 413 414 431 438 450 455 472 485 499
404 23 406 412 413 414 421 424 425 427 429 431 432 438 443 447 449 450 453 455 460 466 472 476 477 481 482 485 487 492 499 500
405 86
406 88 412 413 414 421 424 425 427 429 431 432 438 443 447 448 449 450 453 455 460 466 472 476 477 481 482 485 487 489 492 499 500
407 95
408 61
409 41
410 34
411 74
412 37 413 414 431 432 438 443 450 453 455 472 477 485 499
413 82 414 421 424 425 427 429 431 432 438 443 447 448 449 450 453 455 460 466 472 476 477 481 482 485 487 489 492 499 500
414 30 421 425 427 429 431 432 438 443 447 449 450 453 455 460 466 472 476 477 481 482 485 487 492 499 500
415 98
416 86
417 37
418 93
419 100
420 69
421 25 431 438 450 455 472 477 485 499
422 54
423 47
424 58 431 438 450 455 472 485 499
425 50 431 438 450 455 472 485 499
426 87
427 90 431 432 438 443 450 453 455 472 477 485 499
428 45
429 71 431 432 438 443 450 453 455 472 477 485 499
430 70
431 38 432 438 443 447 448 449 450 453 455 460 462 466 471 472 476 477 481 482 485 487 489 492 497 499 500
432 49 438 443 447 449 450 453 455 460 466 472 476 477 481 485 499
433 42
434 33
435 78
436 48
437 94
438 99 443 447 449 450 453 455 460 466 472 476 477 481 482 485 487 492 499 500
439 100
440 84
441 91
442 27
443 69 447 449 450 453 455 460 466 472 476 477 481 485 499
444 52
445 64
446 99
447 30 450 453 455 472 477 485 499
448 34 450 455 485 499
449 55 450 453 455 460 466 472 476 477 485 499
450 96 453 455 460 466 471 472 476 477 481 482 485 487 489 492 497 499 500
451 92
452 48
453 88 455 460 466 472 476 477 481 485 499
454 76
455 38 460 466 472 476 477 481 482 485 487 492 499 500
456 73
457 90
458 99
459 45
460 84 466 472 476 477 485 499
461 94
462 82
463 28
464 35
465 94
466 100 472 476 477 485 499
467 44
468 23
469 58
470 23
471 35 485
472 84 476 477 481 482 485 487 492 499 500
473 75
474 30
475 58
476 61 477 485 499
477 61 481 485 487 499
478 100
479 63
480 99
481 85 485 499
482 60 485 499
483 78
484 56
485 76 487 489 492 497 499 500
486 61
487 59 499
488 93
489 83 499
490 84
491 89
492 59 499
493 75
494 32
495 21
496 62
497 27
498 64
499 44 500
500 83
