250 150
1 71 4 7 12 14 16 30 31 66 40 42 48 51 54 56 59 60 62 63 64 68 69 70 84 85 86 87 91 97 101 104 106 107 108 109 110 115 119 121 123 124 128 132 138 139 142 145 146 147 150 152 154 163 167 170 172 173 183 184 192 194 195 196 202 203 208 209 212 213 215 217 222 223 234 238 239 242 243 245 249
2 39
3 69 4 7 12 14 16 30 31 66 40 42 48 51 54 56 59 60 62 63 64 68 69 70 84 85 86 87 91 97 101 104 106 107 108 109 110 115 119 121 123 124 128 132 138 139 142 145 146 147 150 152 154 163 167 170 172 173 183 184 192 194 195 196 202 203 208 209 212 213 215 217 222 223 234 238 239 242 243 245 249
4 32 5 6 7 9 12 14 16 21 22 26 30 31 32 66 39 40 42 45 48 51 54 56 59 60 62 63 64 131 68 69 70 71 76 79 81 82 84 85 86 87 88 90 91 93 97 101 103 104 106 107 108 109 110 112 113 115 116 119 121 123 124 128 129 132 138 139 142 145 146 147 148 150 152 153 154 156 158 163 166 167 169 170 172 173 174 176 177 180 182 183 184 188 192 194 195 196 199 202 203 204 207 208 209 211 212 213 214 215 216 217 222 223 227 229 232 234 238 239 241 242 243 244 245 248 249
5 82 12 16 31 40 42 51 54 56 60 62 63 64 68 84 86 87 91 97 101 106 115 119 123 128 138 142 145 147 150 152 154 167 172 184 195 196 202 208 209 212 213 215 222 234 238 239 242 243 245
6 75 7 12 14 16 30 31 40 42 51 54 56 60 62 63 64 68 69 84 86 87 91 97 101 106 115 119 123 124 128 138 139 142 145 146 147 150 152 154 163 167 172 173 183 184 194 195 196 202 208 209 212 213 215 217 222 234 238 239 242 243 245 249
7 60 9 12 14 16 21 22 26 30 31 66 39 40 42 45 48 51 54 56 59 60 62 63 64 131 68 69 70 71 76 79 81 82 84 85 86 87 88 90 91 93 97 101 103 104 106 107 108 109 110 112 113 115 116 119 121 123 124 128 129 132 138 139 142 145 146 147 148 150 152 153 154 156 158 163 167 170 172 173 176 180 182 183 184 188 192 194 195 196 199 202 203 204 207 208 209 211 212 213 215 217 222 223 227 229 232 234 238 239 241 242 243 244 245 248 249
8 39
9 80 12 16 31 40 42 51 54 56 60 62 63 64 68 84 86 87 91 97 101 106 115 119 123 128 138 139 142 145 147 150 152 154 163 167 172 173 184 195 196 202 208 209 212 213 215 217 222 234 238 239 242 243 245
10 61
11 43 12 16 40 63 87 91 106 115 123 128 152 202 234 239 243
12 34 14 16 21 22 26 28 29 30 31 32 33 66 34 37 38 39 40 42 43 44 45 46 47 48 49 51 54 56 59 60 62 63 64 131 68 69 70 71 73 76 79 81 82 84 85 86 87 88 90 91 93 95 97 99 100 101 103 104 106 107 108 109 110 111 112 113 114 115 116 118 119 121 123 124 126 128 129 132 133 137 138 139 140 142 143 144 145 146 147 148 150 152 153 154 155 156 158 161 162 163 166 167 169 170 171 172 173 174 176 177 178 180 182 183 184 188 190 192 194 195 196 199 200 202 203 204 207 208 209 211 212 213 214 215 216 217 222 223 224 225 227 229 232 233 234 235 238 239 241 242 243 244 245 248 249
13 80
14 69 16 21 22 30 31 66 39 40 42 45 48 51 54 56 59 60 62 63 64 131 68 69 70 76 79 81 82 84 85 86 87 88 90 91 93 97 101 103 104 106 107 108 109 110 112 113 115 116 119 121 123 124 128 129 132 138 139 142 145 146 147 148 150 152 153 154 156 158 163 167 170 172 173 180 182 183 184 188 192 194 195 196 199 202 203 204 208 209 212 213 215 217 222 223 227 229 232 234 238 239 241 242 243 244 245 248 249
15 21
16 59 21 22 26 28 29 30 31 32 33 66 34 37 38 39 40 42 43 44 45 46 47 48 49 51 54 56 59 60 62 63 64 131 68 69 70 71 73 76 79 81 82 84 85 86 87 88 90 91 93 95 97 99 100 101 103 104 106 107 108 109 110 111 112 113 114 115 116 118 119 121 123 124 126 128 129 132 133 137 138 139 140 142 143 144 145 146 147 148 150 152 153 154 155 156 158 161 162 163 166 167 169 170 171 172 173 174 176 177 178 180 182 183 184 188 190 192 194 195 196 199 200 202 203 204 207 208 209 211 212 213 214 215 216 217 222 223 224 225 227 229 232 233 234 235 238 239 241 242 243 244 245 248 249
17 82
18 54
19 26
20 51
21 96 30 31 66 40 42 48 51 54 56 59 60 62 63 64 68 69 70 84 85 86 87 91 97 101 104 106 107 108 109 110 115 119 121 123 124 128 132 138 139 142 145 146 147 150 152 154 163 167 170 172 173 183 184 192 194 195 196 202 203 208 209 212 213 215 217 222 223 234 238 239 242 243 245 249
22 76 31 40 42 51 54 56 60 62 63 64 68 84 86 87 91 97 101 106 115 119 123 128 138 139 142 145 147 150 152 154 163 167 172 173 184 194 195 196 202 208 209 212 213 215 217 222 234 238 239 242 243 245
23 76
24 45
25 41
26 73 31 40 42 51 54 56 60 62 63 64 68 84 86 87 91 97 101 106 115 119 123 128 138 139 142 145 147 150 152 154 167 172 184 195 196 202 208 209 212 213 215 217 222 234 238 239 242 243 245
27 91
28 23 31 40 42 54 56 60 63 64 68 84 87 91 97 106 115 119 123 128 138 142 145 147 150 152 154 172 184 195 196 202 208 209 213 215 234 238 239 242 243 245
29 98 40 63 87 91 106 115 123 128 152 202 209 234 239 243
30 90 31 66 39 40 42 45 48 51 54 56 59 60 62 63 64 131 68 69 70 76 79 81 82 84 85 86 87 88 90 91 93 97 101 103 104 106 107 108 109 110 112 113 115 116 119 121 123 124 128 129 132 138 139 142 145 146 147 148 150 152 153 154 156 163 167 170 172 173 180 182 183 184 188 192 194 195 196 199 202 203 204 208 209 212 213 215 217 222 223 227 229 232 234 238 239 242 243 244 245 248 249
31 59 32 66 38 39 40 42 45 48 51 54 56 59 60 62 63 64 131 68 69 70 71 76 79 81 82 84 85 86 87 88 90 91 93 97 101 103 104 106 107 108 109 110 111 112 113 115 116 119 121 123 124 128 129 132 138 139 142 145 146 147 148 150 152 153 154 156 158 163 166 167 169 170 172 173 174 176 177 180 182 183 184 188 192 194 195 196 199 202 203 204 207 208 209 211 212 213 214 215 216 217 222 223 227 229 232 234 238 239 241 242 243 244 245 248 249
32 43 40 42 51 54 56 60 62 63 64 68 84 87 91 97 101 106 115 119 123 128 138 142 145 147 150 152 154 172 184 195 196 202 208 209 212 213 215 234 238 239 242 243 245
33 52 40 56 63 87 91 106 115 123 128 138 145 152 202 209 234 238 239 243
34 48 40 87 91 202 239
35 87
36 97
37 51 40 63 87 91 106 115 123 128 152 202 209 234 239 243
38 72 40 42 54 56 60 63 64 68 84 87 91 106 115 123 128 138 145 147 150 152 154 184 195 196 202 208 209 213 215 234 238 239 242 243 245
39 77 40 42 48 51 54 56 60 62 63 64 68 69 84 86 87 91 97 101 106 107 109 110 115 119 121 123 124 128 138 139 142 145 146 147 150 152 154 163 167 172 173 183 184 192 194 195 196 202 208 209 212 213 215 217 222 234 238 239 242 243 245 249
40 59 66 42 43 44 45 46 47 48 49 51 54 56 59 60 62 63 64 131 68 69 70 71 73 76 79 81 82 84 85 86 87 88 90 91 93 95 97 100 101 103 104 106 107 108 109 110 111 112 113 114 115 116 119 121 123 124 126 128 129 132 133 137 138 139 140 142 143 144 145 146 147 148 150 152 153 154 155 156 158 161 162 163 166 167 169 170 171 172 173 174 176 177 178 180 182 183 184 188 190 192 194 195 196 199 200 202 203 204 207 208 209 211 212 213 214 215 216 217 222 223 224 227 229 232 233 234 235 238 239 241 242 243 244 245 248 249
41 83
42 65 66 43 44 45 47 48 51 54 56 59 60 62 63 64 131 68 69 70 71 73 76 79 81 82 84 85 86 87 88 90 91 93 97 101 103 104 106 107 108 109 110 111 112 113 114 115 116 119 121 123 124 128 129 132 133 138 139 142 143 145 146 147 148 150 152 153 154 156 158 163 166 167 169 170 172 173 174 176 177 180 182 183 184 188 192 194 195 196 199 202 203 204 207 208 209 211 212 213 214 215 216 217 222 223 227 229 232 234 235 238 239 241 242 243 244 245 248 249
43 40 54 56 60 63 64 68 84 87 91 106 115 123 128 138 145 152 154 195 196 202 208 209 215 234 238 239 242 243 245
44 79 54 56 60 63 64 68 84 87 91 106 115 123 128 138 145 152 195 196 202 208 209 234 238 239 242 243
45 30 66 48 51 54 56 59 60 62 63 64 68 69 70 84 85 86 87 91 97 101 104 106 107 108 109 110 115 119 121 123 124 128 132 138 139 142 145 146 147 150 152 154 163 167 170 172 173 180 183 184 192 194 195 196 202 203 204 208 209 212 213 215 217 222 223 234 238 239 242 243 245 249
46 31 63 87 91 106 115 123 128 152 202 209 234 239 243
47 99 54 56 60 63 64 68 84 87 91 106 115 123 128 138 145 152 154 195 196 202 208 209 234 238 239 242 243 245
48 40 66 51 54 56 59 60 62 63 64 131 68 69 70 76 79 81 82 84 85 86 87 88 90 91 93 97 101 103 104 106 107 108 109 110 112 113 115 116 119 121 123 124 128 129 132 138 139 142 145 146 147 148 150 152 153 154 156 163 167 170 172 173 180 182 183 184 188 192 194 195 196 199 202 203 204 208 209 212 213 215 217 222 223 227 229 232 234 238 239 242 243 244 245 249
49 42 56 63 87 91 106 115 123 128 152 202 209 234 238 239 243
50 66
51 47 66 54 56 59 60 62 63 64 131 68 69 70 71 76 79 81 82 84 85 86 87 88 90 91 93 97 101 103 104 106 107 108 109 110 112 113 115 116 119 121 123 124 128 129 132 138 139 142 145 146 147 148 150 152 153 154 156 158 163 166 167 169 170 172 173 174 176 177 180 182 183 184 188 192 194 195 196 199 202 203 204 207 208 209 211 212 213 214 215 216 217 222 223 227 229 232 234 238 239 241 242 243 244 245 248 249
52 67
53 50
54 72 66 56 59 60 62 63 64 131 68 69 70 71 73 76 79 81 82 84 85 86 87 88 90 91 93 97 101 103 104 106 107 108 109 110 111 112 113 114 115 116 119 121 123 124 128 129 132 133 137 138 139 142 143 145 146 147 148 150 152 153 154 156 158 163 166 167 169 170 172 173 174 176 177 180 182 183 184 188 192 194 195 196 199 202 203 204 207 208 209 211 212 213 214 215 216 217 222 223 224 227 229 232 234 235 238 239 241 242 243 244 245 248 249
55 62
56 95 66 59 60 62 63 64 131 68 69 70 71 73 76 79 81 82 84 85 86 87 88 90 91 93 97 101 103 104 106 107 108 109 110 111 112 113 114 115 116 119 121 123 124 128 129 132 133 137 138 139 142 143 145 146 147 148 150 152 153 154 156 158 162 163 166 167 169 170 171 172 173 174 176 177 180 182 183 184 188 192 194 195 196 199 202 203 204 207 208 209 211 212 213 214 215 216 217 222 223 224 227 229 232 234 235 238 239 241 242 243 244 245 248 249
57 75
58 81
59 36 66 60 62 63 64 68 69 70 76 84 85 86 87 88 90 91 93 97 101 104 106 107 108 109 110 113 115 119 121 123 124 128 132 138 139 142 145 146 147 148 150 152 154 156 163 167 170 172 173 180 182 183 184 188 192 194 195 196 199 202 203 204 208 209 212 213 215 217 222 223 227 229 232 234 238 239 242 243 244 245 249
60 36 66 62 63 64 131 68 69 70 71 73 76 79 81 82 84 85 86 87 88 90 91 93 97 101 103 104 106 107 108 109 110 111 112 113 114 115 116 119 121 123 124 128 129 132 133 138 139 142 143 145 146 147 148 150 152 153 154 156 158 163 166 167 169 170 172 173 174 176 177 180 182 183 184 188 192 194 195 196 199 202 203 204 207 208 209 211 212 213 214 215 216 217 222 223 224 227 229 232 234 235 238 239 241 242 243 244 245 248 249
61 70
62 89 66 63 64 131 68 69 70 71 76 79 81 82 84 85 86 87 88 90 91 93 97 101 103 104 106 107 108 109 110 112 113 115 116 119 121 123 124 128 129 132 138 139 142 145 146 147 148 150 152 153 154 156 158 163 166 167 169 170 172 173 174 176 177 180 182 183 184 188 192 194 195 196 199 202 203 204 207 208 209 211 212 213 214 215 216 217 222 223 227 229 232 234 238 239 241 242 243 244 245 248 249
63 95 66 64 131 68 69 70 71 73 76 79 81 82 84 85 86 87 88 90 91 93 97 100 101 103 104 106 107 108 109 110 111 112 113 114 115 116 119 121 123 124 126 128 129 132 133 137 138 139 142 143 145 146 147 148 150 152 153 154 155 156 158 162 163 166 167 169 170 171 172 173 174 176 177 180 182 183 184 188 192 194 195 196 199 200 202 203 204 207 208 209 211 212 213 214 215 216 217 222 223 224 227 229 232 234 235 238 239 241 242 243 244 245 248 249
64 62 66 131 68 69 70 71 76 79 81 82 84 85 86 87 88 90 91 93 97 101 103 104 106 107 108 109 110 111 112 113 114 115 116 119 121 123 124 128 129 132 133 138 139 142 145 146 147 148 150 152 153 154 156 158 163 166 167 169 170 172 173 174 176 177 180 182 183 184 188 192 194 195 196 199 202 203 204 207 208 209 211 212 213 214 215 216 217 222 223 227 229 232 234 235 238 239 241 242 243 244 245 248 249
65 56
66 23 68 69 70 76 84 85 86 87 88 90 91 93 97 101 104 106 107 108 109 110 113 115 119 121 123 124 128 132 138 139 142 145 146 147 148 150 152 154 156 163 167 170 172 173 180 182 183 184 188 192 194 195 196 199 202 203 204 208 209 212 213 215 217 222 223 227 229 232 234 238 239 242 243 244 245 249
67 37
68 50 131 69 70 71 73 76 79 81 82 84 85 86 87 88 90 91 93 97 101 103 104 106 107 108 109 110 111 112 113 114 115 116 119 121 123 124 128 129 132 133 137 138 139 142 143 145 146 147 148 150 152 153 154 156 158 163 166 167 169 170 172 173 174 176 177 180 182 183 184 188 192 194 195 196 199 202 203 204 207 208 209 211 212 213 214 215 216 217 222 223 224 227 229 232 234 235 238 239 241 242 243 244 245 248 249
69 46 131 70 76 79 81 82 84 85 86 87 88 90 91 93 97 101 103 104 106 107 108 109 110 112 113 115 116 119 121 123 124 128 129 132 138 139 142 145 146 147 148 150 152 153 154 156 163 167 170 172 173 180 182 183 184 188 192 194 195 196 199 202 203 204 208 209 212 213 215 217 222 223 227 229 232 234 238 239 242 243 244 245 249
70 30 76 84 85 86 87 88 90 91 93 97 101 104 106 107 108 109 110 113 115 119 121 123 124 128 132 138 139 142 145 146 147 148 150 152 154 156 163 167 170 172 173 180 182 183 184 188 192 194 195 196 199 202 203 204 208 209 212 213 215 217 222 223 227 229 232 234 238 239 242 243 244 245 249
71 64 84 86 87 91 97 101 106 115 119 123 128 138 139 142 145 147 150 152 154 167 172 184 195 196 202 208 209 212 213 215 217 222 234 238 239 242 243 245
72 94
73 65 87 91 106 115 123 128 138 145 152 195 196 202 209 234 238 239 242 243
74 55
75 24
76 28 84 85 86 87 91 97 101 104 106 107 108 109 110 115 119 121 123 124 128 132 138 139 142 145 146 147 150 152 154 163 167 170 172 173 183 184 192 194 195 196 202 203 204 208 209 212 213 215 217 222 223 234 238 239 242 243 245 249
77 96
78 31
79 57 84 86 87 91 97 101 106 107 109 110 115 119 121 123 124 128 138 139 142 145 146 147 150 152 154 163 167 172 173 183 184 192 194 195 196 202 208 209 212 213 215 217 222 234 238 239 242 243 245 249
80 72
81 96 84 86 87 91 97 101 106 107 115 119 121 123 124 128 138 139 142 145 146 147 150 152 154 163 167 172 173 183 184 192 194 195 196 202 208 209 212 213 215 217 222 234 238 239 242 243 245 249
82 63 84 86 87 91 97 101 106 107 109 110 115 119 121 123 124 128 138 139 142 145 146 147 150 152 154 163 167 172 173 183 184 192 194 195 196 202 208 209 212 213 215 217 222 234 238 239 242 243 245 249
83 40
84 79 131 85 86 87 88 90 91 93 97 101 103 104 106 107 108 109 110 111 112 113 114 115 116 119 121 123 124 128 129 132 133 138 139 142 145 146 147 148 150 152 153 154 156 158 163 166 167 169 170 172 173 174 176 177 180 182 183 184 188 192 194 195 196 199 202 203 204 207 208 209 211 212 213 214 215 216 217 222 223 227 229 232 234 235 238 239 241 242 243 244 245 248 249
85 89 86 87 88 90 91 93 97 101 104 106 107 108 109 110 113 115 119 121 123 124 128 132 138 139 142 145 146 147 148 150 152 154 156 163 167 170 172 173 180 182 183 184 192 194 195 196 199 202 203 204 208 209 212 213 215 217 222 223 227 229 232 234 238 239 242 243 244 245 249
86 97 131 87 88 90 91 93 97 101 103 104 106 107 108 109 110 112 113 115 116 119 121 123 124 128 129 132 138 139 142 145 146 147 148 150 152 153 154 156 158 163 166 167 170 172 173 176 180 182 183 184 188 192 194 195 196 199 202 203 204 207 208 209 211 212 213 214 215 217 222 223 227 229 232 234 238 239 241 242 243 244 245 248 249
87 50 131 88 90 91 93 95 97 99 100 101 103 104 106 107 108 109 110 111 112 113 114 115 116 118 119 121 123 124 126 128 129 132 133 137 138 139 140 142 143 144 145 146 147 148 150 152 153 154 155 156 158 161 162 163 166 167 169 170 171 172 173 174 176 177 178 180 182 183 184 188 190 192 194 195 196 199 200 202 203 204 207 208 209 211 212 213 214 215 216 217 222 223 224 227 229 232 233 234 235 238 239 241 242 243 244 245 248 249
88 37 91 97 101 104 106 107 108 109 110 113 115 119 121 123 124 128 132 138 139 142 145 146 147 150 152 154 156 163 167 170 172 173 180 183 184 192 194 195 196 202 203 204 208 209 212 213 215 217 222 223 227 234 238 239 242 243 244 245 249
89 93
90 52 91 97 101 104 106 107 108 109 110 115 119 121 123 124 128 132 138 139 142 145 146 147 150 152 154 163 167 170 172 173 183 184 192 194 195 196 202 203 204 208 209 212 213 215 217 222 223 234 238 239 242 243 245 249
91 86 131 93 95 97 99 100 101 103 104 106 107 108 109 110 111 112 113 114 115 116 118 119 121 123 124 126 128 129 132 133 137 138 139 140 142 143 144 145 146 147 148 150 152 153 154 155 156 158 161 162 163 166 167 169 170 171 172 173 174 176 177 178 180 182 183 184 188 190 192 194 195 196 199 200 202 203 204 207 208 209 211 212 213 214 215 216 217 222 223 224 227 229 232 233 234 235 238 239 241 242 243 244 245 248 249
92 74
93 47 97 101 106 107 108 109 110 115 119 121 123 124 128 132 138 139 142 145 146 147 150 152 154 163 167 170 172 173 183 184 192 194 195 196 202 203 208 209 212 213 215 217 222 223 234 238 239 242 243 245 249
94 84
95 77 202 239
96 48
97 54 131 101 103 104 106 107 108 109 110 112 113 115 116 119 121 123 124 128 129 132 138 139 142 145 146 147 148 150 152 153 154 156 158 163 166 167 169 170 172 173 174 176 177 180 182 183 184 188 192 194 195 196 199 202 203 204 207 208 209 211 212 213 214 215 216 217 222 223 227 229 232 234 238 239 241 242 243 244 245 248 249
98 97
99 70 202 239
100 29 106 115 123 128 202 234 239
101 40 131 103 104 106 107 108 109 110 112 113 115 116 119 121 123 124 128 129 132 138 139 142 145 146 147 148 150 152 153 154 156 158 163 166 167 169 170 172 173 174 176 177 180 182 183 184 188 192 194 195 196 199 202 203 204 207 208 209 211 212 213 214 215 216 217 222 223 227 229 232 234 238 239 241 242 243 244 245 248 249
102 74
103 71 106 107 109 110 115 119 121 123 124 128 138 139 142 145 146 147 150 152 154 163 167 172 173 183 184 192 194 195 196 202 208 209 212 213 215 217 222 234 238 239 242 243 245 249
104 46 106 107 108 109 110 113 115 119 121 123 124 128 132 138 139 142 145 146 147 148 150 152 154 156 163 167 170 172 173 180 182 183 184 192 194 195 196 199 202 203 204 208 209 212 213 215 217 222 223 227 229 232 234 238 239 242 243 244 245 249
105 46
106 63 131 107 108 109 110 111 112 113 114 115 116 119 121 123 124 126 128 129 132 133 137 138 139 142 143 145 146 147 148 150 152 153 154 155 156 158 162 163 166 167 169 170 171 172 173 174 176 177 180 182 183 184 188 190 192 194 195 196 199 200 202 203 204 207 208 209 211 212 213 214 215 216 217 222 223 224 227 229 232 234 235 238 239 241 242 243 244 245 248 249
107 48 131 108 109 110 112 113 115 116 119 121 123 124 128 129 132 138 139 142 145 146 147 148 150 152 153 154 156 163 167 170 172 173 180 182 183 184 188 192 194 195 196 199 202 203 204 208 209 212 213 215 217 222 223 227 229 232 234 238 239 242 243 244 245 249
108 74 109 110 113 115 119 121 123 124 128 129 132 138 139 142 145 146 147 148 150 152 153 154 156 163 167 170 172 173 180 182 183 184 188 192 194 195 196 199 202 203 204 208 209 212 213 215 217 222 223 227 229 232 234 238 239 242 243 244 245 249
109 25 131 110 113 115 116 119 121 123 124 128 129 132 138 139 142 145 146 147 148 150 152 153 154 156 163 167 170 172 173 180 182 183 184 188 192 194 195 196 199 202 203 204 208 209 212 213 215 217 222 223 227 229 232 234 238 239 242 243 244 245 249
110 77 131 112 113 115 116 119 121 123 124 128 129 132 138 139 142 145 146 147 148 150 152 153 154 156 163 167 170 172 173 180 182 183 184 188 192 194 195 196 199 202 203 204 208 209 212 213 215 217 222 223 227 229 232 234 238 239 242 243 244 245 249
111 46 115 119 123 128 138 145 147 150 152 154 172 184 195 196 202 208 209 213 215 234 238 239 242 243 245
112 80 115 119 121 123 124 128 138 139 142 145 146 147 150 152 154 163 167 172 173 183 184 192 194 195 196 202 208 209 212 213 215 217 222 234 238 239 242 243 245 249
113 35 115 119 121 123 124 128 132 138 139 142 145 146 147 150 152 154 156 163 167 170 172 173 180 182 183 184 192 194 195 196 199 202 203 204 208 209 212 213 215 217 222 223 227 232 234 238 239 242 243 244 245 249
114 56 115 123 128 138 145 152 195 196 202 208 209 234 238 239 242 243
115 65 131 116 119 121 123 124 126 128 129 132 133 137 138 139 142 143 145 146 147 148 150 152 153 154 155 156 158 162 163 166 167 169 170 171 172 173 174 176 177 180 182 183 184 188 190 192 194 195 196 199 200 202 203 204 207 208 209 211 212 213 214 215 216 217 222 223 224 227 229 232 234 235 238 239 241 242 243 244 245 248 249
116 49 119 121 123 124 128 138 139 142 145 146 147 150 152 154 163 167 172 173 183 184 192 194 195 196 202 208 209 212 213 215 217 222 234 238 239 242 243 245 249
117 38
118 26 202 239
119 81 131 121 123 124 128 129 132 138 139 142 145 146 147 148 150 152 153 154 156 158 163 166 167 169 170 172 173 174 176 177 180 182 183 184 188 192 194 195 196 199 202 203 204 207 208 209 211 212 213 214 215 216 217 222 223 227 229 232 234 238 239 241 242 243 244 245 248 249
120 80
121 73 131 123 124 128 129 132 138 139 142 145 146 147 148 150 152 153 154 156 163 167 170 172 173 180 182 183 184 188 192 194 195 196 199 202 203 204 208 209 212 213 215 217 222 223 227 229 232 234 238 239 242 243 244 245 249
122 38
123 27 131 124 126 128 129 132 133 137 138 139 142 143 145 146 147 148 150 152 153 154 155 156 158 162 163 166 167 169 170 171 172 173 174 176 177 180 182 183 184 188 190 192 194 195 196 199 200 202 203 204 207 208 209 211 212 213 214 215 216 217 222 223 224 227 229 232 234 235 238 239 241 242 243 244 245 248 249
124 97 131 128 129 132 138 139 142 145 146 147 148 150 152 153 154 156 163 167 170 172 173 180 182 183 184 188 192 194 195 196 199 202 203 204 208 209 212 213 215 217 222 223 227 229 232 234 238 239 242 243 244 245 248 249
125 47
126 88 128 202 234 239
127 42
128 62 131 129 132 133 137 138 139 142 143 145 146 147 148 150 152 153 154 155 156 158 162 163 166 167 169 170 171 172 173 174 176 177 180 182 183 184 188 192 194 195 196 199 200 202 203 204 207 208 209 211 212 213 214 215 216 217 222 223 224 227 229 232 234 235 238 239 241 242 243 244 245 248 249
129 45 132 138 139 142 145 146 147 150 152 154 163 167 172 173 183 184 192 194 195 196 202 208 209 212 213 215 217 222 234 238 239 242 243 245 249
130 33
131 78 138 139 142 145 146 147 150 152 154 163 167 172 173 183 184 192 194 195 196 202 208 209 212 213 215 217 222 234 238 239 242 243 245 249
132 35 138 139 142 145 146 147 148 150 152 153 154 156 163 167 170 172 173 180 182 183 184 188 192 194 195 196 199 202 203 204 208 209 212 213 215 217 222 223 227 229 232 234 238 239 242 243 244 245 249
133 63 138 145 152 154 195 196 202 208 209 215 234 238 239 242 243 245
134 25
135 74
136 63
137 41 138 145 152 202 209 234 238 239 242 243
138 81 139 142 143 145 146 147 148 150 152 153 154 156 158 162 163 166 167 169 170 171 172 173 174 176 177 180 182 183 184 188 192 194 195 196 199 202 203 204 207 208 209 211 212 213 214 215 216 217 222 223 224 227 229 232 234 235 238 239 241 242 243 244 245 248 249
139 68 142 145 146 147 148 150 152 153 154 156 158 163 167 170 172 173 176 180 182 183 184 188 192 194 195 196 199 202 203 204 207 208 209 211 212 213 215 217 222 223 227 229 232 234 238 239 241 242 243 244 245 248 249
140 78 202 239
141 52
142 30 145 146 147 148 150 152 153 154 156 158 163 166 167 169 170 172 173 174 176 177 180 182 183 184 188 192 194 195 196 199 202 203 204 207 208 209 211 212 213 214 215 216 217 222 223 227 229 232 234 238 239 241 242 243 244 245 248 249
143 22 145 152 195 196 202 209 234 238 239 242 243
144 100 202 239
145 42 146 147 148 150 152 153 154 156 158 162 163 166 167 169 170 171 172 173 174 176 177 180 182 183 184 188 192 194 195 196 199 202 203 204 207 208 209 211 212 213 214 215 216 217 222 223 224 227 229 232 234 235 238 239 241 242 243 244 245 248 249
146 53 147 148 150 152 153 154 156 163 167 170 172 173 180 182 183 184 188 192 194 195 196 199 202 203 204 208 209 212 213 215 217 222 223 227 229 232 234 238 239 242 243 244 245 248 249
147 60 148 150 152 153 154 156 158 163 166 167 169 170 172 173 174 176 177 180 182 183 184 188 192 194 195 196 199 202 203 204 207 208 209 211 212 213 214 215 216 217 222 223 227 229 232 234 238 239 241 242 243 244 245 248 249
148 58 150 152 154 163 167 170 172 173 180 183 184 192 194 195 196 202 203 204 208 209 212 213 215 217 222 223 234 238 239 242 243 245 249
149 92
150 74 152 153 154 156 158 163 166 167 169 170 172 173 174 176 177 180 182 183 184 188 192 194 195 196 199 202 203 204 207 208 209 211 212 213 214 215 216 217 222 223 227 229 232 234 238 239 241 242 243 244 245 248 249
151 67
152 72 153 154 155 156 158 162 163 166 167 169 170 171 172 173 174 176 177 180 182 183 184 188 192 194 195 196 199 200 202 203 204 207 208 209 211 212 213 214 215 216 217 222 223 224 227 229 232 234 235 238 239 241 242 243 244 245 248 249
153 30 154 163 167 172 173 183 184 192 194 195 196 202 208 209 212 213 215 217 222 234 238 239 242 243 245 249
154 48 156 158 163 166 167 169 170 172 173 174 176 177 180 182 183 184 188 192 194 195 196 199 202 203 204 207 208 209 211 212 213 214 215 216 217 222 223 227 229 232 234 238 239 241 242 243 244 245 248 249
155 65 202 234 239
156 23 163 167 170 172 173 180 182 183 184 192 194 195 196 199 202 203 204 208 209 212 213 215 217 222 223 227 232 234 238 239 242 243 244 245 249
157 94
158 99 163 167 172 173 184 194 195 196 202 208 209 212 213 215 217 222 234 238 239 242 243 245
159 67
160 57
161 73 202 239
162 44 202 209 234 238 239 243
163 63 167 170 172 173 176 180 182 183 184 188 192 194 195 196 199 202 203 204 208 209 212 213 215 217 222 223 227 229 232 234 238 239 241 242 243 244 245 248 249
164 53
165 87
166 54 167 172 184 195 196 202 208 209 212 213 215 222 234 238 239 242 243 245
167 62 170 172 173 176 180 182 183 184 188 192 194 195 196 199 202 203 204 207 208 209 211 212 213 214 215 217 222 223 227 229 232 234 238 239 241 242 243 244 245 248 249
168 100
169 30 172 184 195 196 202 208 209 212 213 215 234 238 239 242 243 245
170 20 172 173 180 182 183 184 188 192 194 195 196 199 202 203 204 208 209 212 213 215 217 222 223 227 229 232 234 238 239 242 243 244 245 249
171 25 202 209 234 238 239 243
172 94 173 174 176 177 180 182 183 184 188 192 194 195 196 199 202 203 204 207 208 209 211 212 213 214 215 216 217 222 223 227 229 232 234 238 239 241 242 243 244 245 248 249
173 85 176 180 182 183 184 188 192 194 195 196 199 202 203 204 208 209 212 213 215 217 222 223 227 229 232 234 238 239 241 242 243 244 245 248 249
174 68 184 195 196 202 208 209 212 213 215 234 238 239 242 243 245
175 59
176 82 184 195 196 202 208 209 212 213 215 217 222 234 238 239 242 243 245
177 52 184 195 196 202 208 209 212 213 215 234 238 239 242 243 245
178 100 202 239
179 89
180 49 182 183 184 192 194 195 196 199 202 203 204 208 209 212 213 215 217 222 223 227 232 234 238 239 242 243 244 245 249
181 74
182 44 183 184 192 194 195 196 202 203 204 208 209 212 213 215 217 222 223 227 232 234 238 239 242 243 244 245 249
183 23 184 188 192 194 195 196 199 202 203 204 208 209 212 213 215 217 222 223 227 229 232 234 238 239 242 243 244 245 248 249
184 39 188 192 194 195 196 199 202 203 204 207 208 209 211 212 213 214 215 216 217 222 223 227 229 232 234 238 239 241 242 243 244 245 248 249
185 21 202
186 65
187 80
188 93 192 194 195 196 202 208 209 212 213 215 217 222 223 234 238 239 242 243 245 249
189 36
190 97 202 239
191 74
192 37 194 195 196 199 202 203 204 208 209 212 213 215 217 222 223 227 229 232 234 238 239 242 243 244 245 249
193 52
194 94 195 196 199 202 203 204 208 209 212 213 215 217 222 223 227 229 232 234 238 239 241 242 243 244 245 248 249
195 60 196 199 202 203 204 207 208 209 211 212 213 214 215 216 217 222 223 224 227 229 232 234 235 238 239 241 242 243 244 245 248 249
196 77 199 202 203 204 207 208 209 211 212 213 214 215 216 217 222 223 224 227 229 232 234 235 238 239 241 242 243 244 245 248 249
197 57
198 71
199 61 202 203 204 208 209 212 213 215 217 222 223 227 234 238 239 242 243 244 245 249
200 92 202 234 239
201 98
202 86 203 204 207 208 209 211 212 213 214 215 216 217 222 223 224 225 227 229 232 233 234 235 238 239 241 242 243 244 245 248 249
203 55 204 208 209 212 213 215 217 222 223 227 229 232 234 238 239 242 243 244 245 249
204 89 208 209 212 213 215 217 222 223 227 232 234 238 239 242 243 244 245 249
205 24
206 88
207 53 208 209 212 213 215 222 234 238 239 242 243 245
208 85 209 211 212 213 214 215 216 217 222 223 227 229 232 234 235 238 239 241 242 243 244 245 248 249
209 39 211 212 213 214 215 216 217 222 223 224 227 229 232 234 235 238 239 241 242 243 244 245 248 249
210 89
211 64 212 213 215 217 222 234 238 239 242 243 245
212 45 213 214 215 216 217 222 223 227 229 232 234 238 239 241 242 243 244 245 248 249
213 52 214 215 216 217 222 223 227 229 232 234 238 239 241 242 243 244 245 248 249
214 71 215 222 234 238 239 242 243 245
215 79 216 217 222 223 227 229 232 234 238 239 241 242 243 244 245 248 249
216 23 234 238 239 242 243 245
217 50 222 223 227 229 232 234 238 239 241 242 243 244 245 248 249
218 95
219 55
220 36
221 95
222 41 223 227 229 232 234 238 239 241 242 243 244 245 248 249
223 36 227 229 232 234 238 239 242 243 244 245 249
224 94 234 238 239 242 243
225 52
226 36
227 76 232 234 238 239 242 243 244 245 249
228 72
229 52 234 238 239 242 243 245 249
230 42
231 27
232 61 234 238 239 242 243 244 245 249
233 55 239
234 64 235 238 239 241 242 243 244 245 248 249
235 30 238 239 242 243 245
236 22
237 53
238 71 239 241 242 243 244 245 248 249
239 51 241 242 243 244 245 248 249
240 37
241 96 242 243 245
242 74 243 244 245 248 249
243 63 244 245 248 249
244 54 245 249
245 81 248 249
246 77
247 55
248 29
249 89
250 41
