500 150
1 87
2 62
3 73 9 17 22 27 28 39 44 49 51 52 56 60 65 67 73 74 78 84 85 87 92 94 95 99 102 111 112 115 118 119 124 125 262 132 137 143 145 152 154 164 166 172 173 177 181 182 187 190 191 192 196 199 201 204 208 209 210 211 213 214 217 223 231 236 244 245 248 250 263 266 267 268 281 282 284 286 289 293 298 299 301 302 305 317 320 323 325 327 329 335 338 340 343 347 348 349 350 358 363 371 373 376 379 380 393 397 401 403 413 416 430 434 435 439 440 441 448 454 455 459 468 471 472 473 475 479 481 483 492
4 65 9 17 22 44 49 51 52 60 78 87 92 95 102 112 118 119 124 125 262 132 143 145 164 172 173 177 181 187 190 191 192 196 201 204 208 209 210 211 217 223 236 244 248 250 263 266 281 282 284 286 289 298 317 320 323 327 335 338 343 349 350 363 371 379 380 393 397 403 416 430 439 440 448 455 459 468 471 475 481 483 492
5 73
6 72 9 17 22 27 28 39 44 49 51 52 56 60 67 78 85 87 92 95 99 102 111 112 115 118 119 124 125 262 132 137 143 145 164 166 172 173 177 181 187 190 191 192 196 199 201 204 208 209 210 211 217 223 236 244 245 248 250 263 266 267 281 282 284 286 289 293 298 317 320 323 327 335 338 340 343 347 349 350 363 371 373 376 379 380 393 397 403 416 430 435 439 440 441 448 454 455 459 468 471 473 475 479 481 483 492
7 77
8 85
9 33 12 15 17 20 22 27 28 31 33 66 36 39 40 44 46 47 49 51 52 56 59 60 61 63 64 65 131 67 69 71 73 74 75 77 78 79 81 84 85 86 87 89 92 94 95 96 99 101 102 106 111 112 115 118 119 124 125 126 259 260 261 262 132 134 135 136 137 140 143 145 147 151 152 154 157 159 162 164 166 170 172 173 177 178 181 182 187 189 190 191 192 193 196 199 201 204 208 209 210 211 212 213 214 217 221 223 230 231 233 236 242 244 245 246 247 248 250 257 263 266 267 268 280 281 282 283 284 285 286 289 290 291 292 293 294 298 299 300 301 302 303 305 306 309 314 315 317 319 320 322 323 325 327 328 329 330 332 334 335 336 338 340 342 343 346 347 348 349 350 352 353 355 358 359 360 361 363 365 368 371 373 376 377 378 379 380 388 393 397 399 401 403 405 407 411 412 413 415 416 421 425 430 431 433 434 435 436 437 438 439 440 441 444 445 447 448 450 453 454 455 459 467 468 469 470 471 472 473 474 475 476 477 478 479 481 483 488 490 492 498 500
10 39 112 191 196 209 263 320 327 468 471 492
11 58
12 100 17 22 27 39 44 49 51 52 56 60 67 78 87 92 95 102 111 112 118 119 124 125 262 132 137 143 145 164 172 173 177 181 187 190 191 192 196 199 201 204 208 209 210 211 217 223 236 244 245 248 250 263 266 267 281 282 284 286 289 298 317 320 323 327 335 338 343 347 349 350 363 371 376 379 380 393 397 403 416 430 435 439 440 448 454 455 459 468 471 475 479 481 483 492
13 87
14 24
15 35 17 49 51 52 78 87 102 112 118 119 124 125 262 132 143 177 181 191 196 204 209 210 211 217 223 244 248 250 263 266 282 284 289 298 317 320 327 335 338 343 349 350 363 380 397 403 430 439 440 448 455 459 468 471 475 483 492
16 34 17 49 51 52 78 87 102 112 118 119 124 125 262 143 181 191 196 209 210 211 223 248 250 263 266 282 284 289 298 320 327 338 350 363 380 397 439 440 455 459 468 471 475 483 492
17 28 18 20 22 27 28 31 33 66 36 39 40 44 46 47 49 51 52 56 59 60 61 63 64 65 131 67 68 69 71 73 74 75 77 78 79 81 84 85 86 87 89 92 94 95 96 97 99 101 102 106 111 112 115 118 119 123 124 125 126 128 259 260 261 262 132 134 135 136 137 140 143 145 147 151 152 154 155 157 159 161 162 164 166 170 171 172 173 177 178 181 182 187 189 190 191 192 193 196 199 201 204 208 209 210 211 212 213 214 215 217 220 221 223 224 230 231 233 236 242 244 245 246 247 248 250 251 257 263 266 267 268 280 281 282 283 284 285 286 289 290 291 292 293 294 298 299 300 301 302 303 305 306 307 309 314 315 317 319 320 322 323 325 327 328 329 330 332 334 335 336 338 340 342 343 346 347 348 349 350 352 353 355 357 358 359 360 361 363 365 368 371 373 376 377 378 379 380 381 382 388 393 397 399 401 403 405 407 411 412 413 415 416 421 425 430 431 433 434 435 436 437 438 439 440 441 444 445 447 448 450 453 454 455 456 459 460 467 468 469 470 471 472 473 474 475 476 477 478 479 481 483 487 488 490 492 498 499 500
18 70 49 51 52 78 87 102 112 118 119 124 125 262 143 177 181 191 196 204 209 210 211 217 223 244 248 250 263 266 282 284 289 298 320 327 338 349 350 363 380 397 439 440 448 455 459 468 471 475 483 492
19 49
20 36 44 49 51 52 78 87 102 112 118 119 124 125 262 132 143 145 172 177 181 187 190 191 192 196 204 208 209 210 211 217 223 244 248 250 263 266 282 284 289 298 317 320 327 335 338 343 349 350 363 380 397 403 430 439 440 448 455 459 468 471 475 483 492
21 65
22 27 27 28 31 33 66 39 40 44 46 47 49 51 52 56 59 60 61 63 64 65 131 67 69 71 73 74 75 78 79 84 85 86 87 92 94 95 96 99 101 102 106 111 112 115 118 119 124 125 260 261 262 132 134 136 137 140 143 145 147 151 152 154 157 159 162 164 166 170 172 173 177 178 181 182 187 189 190 191 192 193 196 199 201 204 208 209 210 211 212 213 214 217 221 223 230 231 233 236 242 244 245 246 247 248 250 257 263 266 267 268 281 282 283 284 286 289 291 292 293 294 298 299 300 301 302 303 305 306 309 314 315 317 320 322 323 325 327 328 329 330 332 334 335 336 338 340 342 343 346 347 348 349 350 352 353 355 358 359 360 363 365 371 373 376 377 378 379 380 388 393 397 399 401 403 405 407 411 412 413 415 416 421 425 430 433 434 435 437 439 440 441 444 445 447 448 450 453 454 455 459 467 468 469 471 472 473 474 475 476 477 478 479 481 483 488 492 498 500
23 75
24 99
25 99
26 59
27 79 28 31 66 39 40 44 46 47 49 51 52 56 59 60 63 64 65 131 67 69 73 74 75 78 84 85 86 87 92 94 95 96 99 102 106 111 112 115 118 119 124 125 260 261 262 132 134 137 140 143 145 151 152 154 159 164 166 172 173 177 181 182 187 189 190 191 192 193 196 199 201 204 208 209 210 211 212 213 214 217 221 223 230 231 236 242 244 245 247 248 250 257 263 266 267 268 281 282 284 286 289 291 293 294 298 299 300 301 302 303 305 306 309 314 317 320 322 323 325 327 328 329 330 334 335 338 340 342 343 346 347 348 349 350 352 353 355 358 359 360 363 371 373 376 378 379 380 388 393 397 399 401 403 405 407 411 412 413 415 416 421 425 430 433 434 435 437 439 440 441 445 447 448 450 453 454 455 459 467 468 469 471 472 473 474 475 476 477 478 479 481 483 488 492 500
28 99 31 66 39 40 44 46 47 49 51 52 56 59 60 63 64 65 131 67 69 73 74 75 78 84 85 86 87 92 94 95 96 99 102 106 111 112 115 118 119 124 125 260 262 132 134 137 140 143 145 151 152 154 164 166 172 173 177 181 182 187 189 190 191 192 193 196 199 201 204 208 209 210 211 213 214 217 221 223 230 231 236 242 244 245 247 248 250 257 263 266 267 268 281 282 284 286 289 291 293 294 298 299 300 301 302 303 305 306 309 314 317 320 322 323 325 327 328 329 330 334 335 338 340 342 343 346 347 348 349 350 352 353 355 358 359 360 363 371 373 376 378 379 380 388 393 397 399 401 403 405 407 411 412 413 415 416 421 430 433 434 435 437 439 440 441 445 447 448 450 453 454 455 459 467 468 471 472 473 474 475 476 477 478 479 481 483 488 492 500
29 90 112 191 196 209 263 320 327 468 471 492
30 64
31 42 39 44 49 51 52 56 60 67 74 78 84 85 87 92 94 95 99 102 111 112 115 118 119 124 125 262 132 137 143 145 164 166 172 173 177 181 182 187 190 191 192 196 199 201 204 208 209 210 211 217 223 236 244 245 248 250 263 266 267 268 281 282 284 286 289 293 298 317 320 323 325 327 329 335 338 340 343 347 349 350 363 371 373 376 379 380 393 397 403 416 430 435 439 440 441 448 454 455 459 468 471 473 475 479 481 483 492
32 82
33 58 39 44 49 51 52 60 67 78 87 92 95 102 112 118 119 124 125 262 132 143 145 164 172 173 177 181 187 190 191 192 196 199 201 204 208 209 210 211 217 223 236 244 248 250 263 266 267 281 282 284 286 289 298 317 320 323 327 335 338 343 347 349 350 363 371 376 379 380 393 397 403 416 430 435 439 440 448 454 455 459 468 471 475 479 481 483 492
34 56
35 89 112 119 143 191 196 209 211 263 298 320 327 380 468 471 492
36 80 49 51 52 78 87 102 112 118 119 124 125 262 132 143 145 177 181 190 191 192 196 204 209 210 211 217 223 244 248 250 263 266 282 284 289 298 317 320 327 335 338 343 349 350 363 380 397 403 430 439 440 448 455 459 468 471 475 483 492
37 97
38 82
39 44 66 40 44 46 47 49 51 52 56 59 60 61 63 64 65 131 67 69 71 73 74 75 78 84 85 86 87 92 94 95 96 99 102 106 111 112 115 118 119 124 125 260 261 262 132 134 137 140 143 145 151 152 154 157 159 162 164 166 170 172 173 177 181 182 187 189 190 191 192 193 196 199 201 204 208 209 210 211 212 213 214 217 221 223 230 231 233 236 242 244 245 247 248 250 257 263 266 267 268 281 282 284 286 289 291 293 294 298 299 300 301 302 303 305 306 309 314 315 317 320 322 323 325 327 328 329 330 334 335 338 340 342 343 346 347 348 349 350 352 353 355 358 359 360 363 371 373 376 377 378 379 380 388 393 397 399 401 403 405 407 411 412 413 415 416 421 425 430 433 434 435 437 439 440 441 444 445 447 448 450 453 454 455 459 467 468 469 471 472 473 474 475 476 477 478 479 481 483 488 492 498 500
40 92 44 49 51 52 56 60 67 73 74 78 84 85 87 92 94 95 99 102 111 112 115 118 119 124 125 262 132 137 143 145 152 154 164 166 172 173 177 181 182 187 190 191 192 196 199 201 204 208 209 210 211 213 214 217 223 231 236 244 245 248 250 263 266 267 268 281 282 284 286 289 293 298 299 302 305 317 320 323 325 327 329 335 338 340 343 347 348 349 350 358 363 371 373 376 379 380 393 397 401 403 413 416 430 435 439 440 441 448 454 455 459 468 471 472 473 475 479 481 483 492
41 29
42 39
43 90
44 99 66 46 47 49 51 52 56 59 60 61 63 64 65 131 67 69 71 73 74 75 77 78 79 84 85 86 87 89 92 94 95 96 99 101 102 106 111 112 115 118 119 124 125 126 259 260 261 262 132 134 136 137 140 143 145 147 151 152 154 157 159 162 164 166 170 172 173 177 178 181 182 187 189 190 191 192 193 196 199 201 204 208 209 210 211 212 213 214 217 221 223 230 231 233 236 242 244 245 246 247 248 250 257 263 266 267 268 280 281 282 283 284 285 286 289 290 291 292 293 294 298 299 300 301 302 303 305 306 309 314 315 317 320 322 323 325 327 328 329 330 332 334 335 336 338 340 342 343 346 347 348 349 350 352 353 355 358 359 360 361 363 365 371 373 376 377 378 379 380 388 393 397 399 401 403 405 407 411 412 413 415 416 421 425 430 433 434 435 436 437 438 439 440 441 444 445 447 448 450 453 454 455 459 467 468 469 471 472 473 474 475 476 477 478 479 481 483 488 490 492 498 500
45 68
46 40 49 51 52 56 60 65 67 73 74 78 84 85 87 92 94 95 99 102 106 111 112 115 118 119 124 125 262 132 137 143 145 152 154 164 166 172 173 177 181 182 187 190 191 192 196 199 201 204 208 209 210 211 213 214 217 223 231 236 244 245 248 250 263 266 267 268 281 282 284 286 289 293 298 299 301 302 305 317 320 323 325 327 329 335 338 340 343 347 348 349 350 352 353 358 363 371 373 376 379 380 393 397 401 403 413 416 421 430 433 434 435 439 440 441 445 448 454 455 459 468 471 472 473 475 476 478 479 481 483 492
47 23 49 51 52 56 60 65 67 73 74 75 78 84 85 87 92 94 95 99 102 106 111 112 115 118 119 124 125 262 132 137 143 145 152 154 164 166 172 173 177 181 182 187 190 191 192 196 199 201 204 208 209 210 211 213 214 217 223 231 236 244 245 248 250 263 266 267 268 281 282 284 286 289 293 298 299 301 302 305 309 317 320 323 325 327 329 335 338 340 343 347 348 349 350 352 353 355 358 360 363 371 373 376 379 380 393 397 401 403 413 416 421 430 433 434 435 439 440 441 445 448 454 455 459 468 471 472 473 475 476 478 479 481 483 492
48 95
49 39 66 51 52 54 56 59 60 61 63 64 65 131 67 68 69 71 73 74 75 77 78 79 81 84 85 86 87 89 92 94 95 96 97 99 101 102 106 111 112 115 117 118 119 123 124 125 126 128 259 260 261 262 132 134 135 136 137 140 143 145 147 151 152 154 155 157 159 161 162 164 166 170 171 172 173 175 177 178 181 182 187 189 190 191 192 193 196 198 199 201 204 207 208 209 210 211 212 213 214 215 217 219 220 221 223 224 230 231 233 236 237 242 244 245 246 247 248 250 251 257 263 264 266 267 268 279 280 281 282 283 284 285 286 287 289 290 291 292 293 294 298 299 300 301 302 303 305 306 307 309 314 315 317 319 320 322 323 325 327 328 329 330 331 332 334 335 336 338 340 342 343 346 347 348 349 350 352 353 355 356 357 358 359 360 361 363 365 367 368 371 373 376 377 378 379 380 381 382 384 388 393 397 399 401 403 405 406 407 411 412 413 415 416 418 421 425 428 430 431 433 434 435 436 437 438 439 440 441 443 444 445 447 448 450 453 454 455 456 458 459 460 467 468 469 470 471 472 473 474 475 476 477 478 479 481 483 487 488 490 492 498 499 500
50 77
51 59 66 52 54 56 59 60 61 63 64 65 131 67 68 69 71 73 74 75 77 78 79 81 84 85 86 87 89 92 94 95 96 97 99 101 102 106 111 112 115 117 118 119 123 124 125 126 128 259 260 261 262 132 134 135 136 137 140 143 145 147 151 152 154 155 157 159 161 162 164 166 168 170 171 172 173 175 177 178 181 182 187 189 190 191 192 193 196 198 199 201 204 207 208 209 210 211 212 213 214 215 217 219 220 221 223 224 230 231 233 236 237 242 244 245 246 247 248 250 251 257 263 264 266 267 268 279 280 281 282 283 284 285 286 287 289 290 291 292 293 294 298 299 300 301 302 303 305 306 307 309 310 314 315 317 319 320 322 323 325 327 328 329 330 331 332 334 335 336 338 340 342 343 346 347 348 349 350 352 353 355 356 357 358 359 360 361 363 365 367 368 371 373 376 377 378 379 380 381 382 384 388 393 397 399 401 403 405 406 407 410 411 412 413 415 416 418 421 425 428 430 431 433 434 435 436 437 438 439 440 441 443 444 445 447 448 450 453 454 455 456 458 459 460 467 468 469 470 471 472 473 474 475 476 477 478 479 481 483 487 488 490 492 498 499 500
52 74 66 56 59 60 61 63 64 65 131 67 68 69 71 73 74 75 77 78 79 81 84 85 86 87 89 92 94 95 96 97 99 101 102 106 111 112 115 117 118 119 123 124 125 126 128 259 260 261 262 132 134 135 136 137 140 143 145 147 151 152 154 155 157 159 161 162 164 166 170 171 172 173 175 177 178 181 182 187 189 190 191 192 193 196 198 199 201 204 207 208 209 210 211 212 213 214 215 217 220 221 223 224 230 231 233 236 237 242 244 245 246 247 248 250 251 257 263 264 266 267 268 279 280 281 282 283 284 285 286 287 289 290 291 292 293 294 298 299 300 301 302 303 305 306 307 309 314 315 317 319 320 322 323 325 327 328 329 330 331 332 334 335 336 338 340 342 343 346 347 348 349 350 352 353 355 356 357 358 359 360 361 363 365 368 371 373 376 377 378 379 380 381 382 384 388 393 397 399 401 403 405 406 407 411 412 413 415 416 418 421 425 428 430 431 433 434 435 436 437 438 439 440 441 444 445 447 448 450 453 454 455 456 458 459 460 467 468 469 470 471 472 473 474 475 476 477 478 479 481 483 487 488 490 492 498 499 500
53 94
54 67 87 102 112 118 119 124 125 143 191 196 209 210 211 223 263 289 298 320 327 380 397 440 455 459 468 471 475 483 492
55 72
56 90 66 59 60 63 64 65 131 67 69 71 73 74 75 78 84 85 86 87 92 94 95 96 99 102 106 111 112 115 118 119 124 125 260 261 262 132 134 137 140 143 145 151 152 154 159 164 166 170 172 173 177 181 182 187 189 190 191 192 193 196 199 201 204 208 209 210 211 212 213 214 217 221 223 230 231 236 242 244 245 247 248 250 257 263 266 267 268 281 282 284 286 289 291 293 294 298 299 300 301 302 303 305 306 309 314 315 317 320 322 323 325 327 328 329 330 334 335 338 340 342 343 346 347 348 349 350 352 353 355 358 359 360 363 371 373 376 378 379 380 388 393 397 399 401 403 405 407 411 412 413 415 416 421 425 430 433 434 435 437 439 440 441 445 447 448 450 453 454 455 459 467 468 469 471 472 473 474 475 476 477 478 479 481 483 488 492 500
57 60
58 49
59 21 60 65 67 73 74 78 84 85 87 92 94 95 99 102 111 112 115 118 119 124 125 262 132 137 143 145 152 154 164 166 172 173 177 181 182 187 190 191 192 196 199 201 204 208 209 210 211 213 214 217 223 231 236 244 245 248 250 263 266 267 268 281 282 284 286 289 293 298 299 302 305 317 320 323 325 327 329 335 338 340 343 347 348 349 350 358 363 371 373 376 379 380 393 397 401 403 413 416 430 435 439 440 441 448 454 455 459 468 471 472 473 475 479 481 483 492
60 20 66 61 63 64 65 131 67 69 71 73 74 75 78 79 84 85 86 87 92 94 95 96 99 101 102 106 111 112 115 118 119 124 125 260 261 262 132 134 136 137 140 143 145 147 151 152 154 157 159 162 164 166 170 172 173 177 178 181 182 187 189 190 191 192 193 196 199 201 204 208 209 210 211 212 213 214 217 221 223 230 231 233 236 242 244 245 246 247 248 250 257 263 266 267 268 280 281 282 283 284 286 289 291 292 293 294 298 299 300 301 302 303 305 306 309 314 315 317 320 322 323 325 327 328 329 330 332 334 335 336 338 340 342 343 346 347 348 349 350 352 353 355 358 359 360 363 365 371 373 376 377 378 379 380 388 393 397 399 401 403 405 407 411 412 413 415 416 421 425 430 433 434 435 437 439 440 441 444 445 447 448 450 453 454 455 459 467 468 469 471 472 473 474 475 476 477 478 479 481 483 488 492 498 500
61 49 67 78 87 92 95 102 112 118 119 124 125 262 132 143 145 164 172 173 177 181 187 190 191 192 196 199 201 204 208 209 210 211 217 223 236 244 248 250 263 266 267 281 282 284 286 289 298 317 320 323 327 335 338 343 347 349 350 363 371 376 379 380 393 397 403 416 430 435 439 440 448 454 455 459 468 471 475 479 481 483 492
62 33
63 85 65 67 73 74 75 78 84 85 87 92 94 95 99 102 106 111 112 115 118 119 124 125 262 132 137 143 145 152 154 164 166 172 173 177 181 182 187 190 191 192 196 199 201 204 208 209 210 211 213 214 217 223 231 236 244 245 247 248 250 263 266 267 268 281 282 284 286 289 293 298 299 301 302 305 309 317 320 323 325 327 328 329 335 338 340 343 347 348 349 350 352 353 355 358 360 363 371 373 376 379 380 393 397 401 403 413 416 421 430 433 434 435 439 440 441 445 448 454 455 459 468 471 472 473 475 476 478 479 481 483 492
64 84 67 78 84 85 87 92 95 99 102 111 112 115 118 119 124 125 262 132 137 143 145 164 166 172 173 177 181 187 190 191 192 196 199 201 204 208 209 210 211 217 223 236 244 245 248 250 263 266 267 281 282 284 286 289 293 298 317 320 323 327 335 338 340 343 347 349 350 363 371 373 376 379 380 393 397 403 416 430 435 439 440 441 448 454 455 459 468 471 473 475 479 481 483 492
65 50 66 131 67 69 73 74 75 78 84 85 86 87 92 94 95 99 102 106 111 112 115 118 119 124 125 260 262 132 134 137 140 143 145 152 154 164 166 172 173 177 181 182 187 189 190 191 192 196 199 201 204 208 209 210 211 213 214 217 223 231 236 244 245 247 248 250 263 266 267 268 281 282 284 286 289 291 293 294 298 299 300 301 302 305 306 309 314 317 320 323 325 327 328 329 335 338 340 342 343 346 347 348 349 350 352 353 355 358 360 363 371 373 376 379 380 393 397 401 403 413 416 421 430 433 434 435 439 440 441 445 448 450 454 455 459 468 471 472 473 475 476 477 478 479 481 483 492
66 95 67 73 74 78 84 85 87 92 94 95 99 102 106 111 112 115 118 119 124 125 262 132 137 143 145 152 154 164 166 172 173 177 181 182 187 190 191 192 196 199 201 204 208 209 210 211 213 214 217 223 231 236 244 245 248 250 263 266 267 268 281 282 284 286 289 293 298 299 301 302 305 317 320 323 325 327 329 335 338 340 343 347 348 349 350 352 353 358 363 371 373 376 379 380 393 397 401 403 413 416 421 430 434 435 439 440 441 445 448 454 455 459 468 471 472 473 475 478 479 481 483 492
67 52 131 69 71 73 74 75 78 84 85 86 87 92 94 95 96 99 102 106 111 112 115 118 119 124 125 260 261 262 132 134 137 140 143 145 151 152 154 157 159 162 164 166 170 172 173 177 181 182 187 189 190 191 192 193 196 199 201 204 208 209 210 211 212 213 214 217 221 223 230 231 233 236 242 244 245 247 248 250 257 263 266 267 268 281 282 284 286 289 291 293 294 298 299 300 301 302 303 305 306 309 314 315 317 320 322 323 325 327 328 329 330 334 335 338 340 342 343 346 347 348 349 350 352 353 355 358 359 360 363 371 373 376 377 378 379 380 388 393 397 399 401 403 405 407 411 412 413 415 416 421 425 430 433 434 435 437 439 440 441 444 445 447 448 450 453 454 455 459 467 468 469 471 472 473 474 475 476 477 478 479 481 483 488 492 498 500
68 31 78 87 102 112 118 119 124 125 262 143 177 181 191 196 204 209 210 211 217 223 244 248 250 263 266 282 284 289 298 320 327 335 338 343 349 350 363 380 397 430 439 440 448 455 459 468 471 475 483 492
69 46 73 74 75 78 84 85 87 92 94 95 99 102 106 111 112 115 118 119 124 125 262 132 137 143 145 152 154 164 166 172 173 177 181 182 187 190 191 192 196 199 201 204 208 209 210 211 213 214 217 223 231 236 244 245 248 250 263 266 267 268 281 282 284 286 289 293 298 299 301 302 305 309 317 320 323 325 327 329 335 338 340 343 347 348 349 350 352 353 355 358 363 371 373 376 379 380 393 397 401 403 413 416 421 430 433 434 435 439 440 441 445 448 454 455 459 468 471 472 473 475 476 478 479 481 483 492
70 96
71 73 78 87 92 95 102 111 112 118 119 124 125 262 132 143 145 164 172 173 177 181 187 190 191 192 196 199 201 204 208 209 210 211 217 223 236 244 248 250 263 266 267 281 282 284 286 289 298 317 320 323 327 335 338 343 347 349 350 363 371 376 379 380 393 397 403 416 430 435 439 440 448 454 455 459 468 471 475 479 481 483 492
72 66
73 33 131 74 75 78 84 85 86 87 92 94 95 99 102 106 111 112 115 118 119 124 125 260 262 132 134 137 140 143 145 152 154 164 166 172 173 177 181 182 187 189 190 191 192 196 199 201 204 208 209 210 211 213 214 217 223 231 236 242 244 245 247 248 250 257 263 266 267 268 281 282 284 286 289 291 293 294 298 299 300 301 302 305 306 309 314 317 320 323 325 327 328 329 335 338 340 342 343 346 347 348 349 350 352 353 355 358 360 363 371 373 376 379 380 388 393 397 401 403 405 413 416 421 430 433 434 435 437 439 440 441 445 447 448 450 454 455 459 468 471 472 473 474 475 476 477 478 479 481 483 492 500
74 90 131 75 78 84 85 86 87 92 94 95 99 102 106 111 112 115 118 119 124 125 260 262 132 134 137 140 143 145 152 154 164 166 172 173 177 181 182 187 189 190 191 192 196 199 201 204 208 209 210 211 213 214 217 223 231 236 242 244 245 247 248 250 257 263 266 267 268 281 282 284 286 289 291 293 294 298 299 300 301 302 305 306 309 314 317 320 323 325 327 328 329 335 338 340 342 343 346 347 348 349 350 352 353 355 358 360 363 371 373 376 379 380 388 393 397 401 403 405 411 413 416 421 430 433 434 435 437 439 440 441 445 447 448 450 454 455 459 468 471 472 473 474 475 476 477 478 479 481 483 492 500
75 77 78 84 85 86 87 92 94 95 99 102 106 111 112 115 118 119 124 125 262 132 134 137 143 145 152 154 164 166 172 173 177 181 182 187 190 191 192 196 199 201 204 208 209 210 211 213 214 217 223 231 236 244 245 247 248 250 263 266 267 268 281 282 284 286 289 293 294 298 299 301 302 305 309 317 320 323 325 327 328 329 335 338 340 343 347 348 349 350 352 353 355 358 360 363 371 373 376 379 380 393 397 401 403 413 416 421 430 433 434 435 439 440 441 445 448 454 455 459 468 471 472 473 475 476 478 479 481 483 492
76 79
77 27 78 87 102 112 118 119 124 125 262 132 143 145 172 177 181 187 190 191 192 196 204 208 209 210 211 217 223 244 248 250 263 266 282 284 286 289 298 317 320 327 335 338 343 349 350 363 380 397 403 430 439 440 448 455 459 468 471 475 483 492
78 91 131 79 81 84 85 86 87 89 92 94 95 96 97 99 101 102 106 111 112 115 118 119 123 124 125 126 128 259 260 261 262 132 134 135 136 137 140 143 145 147 151 152 154 155 157 159 161 162 164 166 170 171 172 173 177 178 181 182 187 189 190 191 192 193 196 199 201 204 207 208 209 210 211 212 213 214 215 217 220 221 223 224 230 231 233 236 237 242 244 245 246 247 248 250 251 257 263 264 266 267 268 279 280 281 282 283 284 285 286 287 289 290 291 292 293 294 298 299 300 301 302 303 305 306 307 309 314 315 317 319 320 322 323 325 327 328 329 330 331 332 334 335 336 338 340 342 343 346 347 348 349 350 352 353 355 357 358 359 360 361 363 365 368 371 373 376 377 378 379 380 381 382 384 388 393 397 399 401 403 405 406 407 411 412 413 415 416 418 421 425 428 430 431 433 434 435 436 437 438 439 440 441 444 445 447 448 450 453 454 455 456 458 459 460 467 468 469 470 471 472 473 474 475 476 477 478 479 481 483 487 488 490 492 498 499 500
79 54 87 102 112 118 119 124 125 262 132 143 145 172 173 177 181 187 190 191 192 196 204 208 209 210 211 217 223 244 248 250 263 266 282 284 286 289 298 317 320 327 335 338 343 349 350 363 379 380 393 397 403 430 439 440 448 455 459 468 471 475 483 492
80 62
81 44 87 102 112 118 119 124 125 262 143 177 181 191 196 204 209 210 211 217 223 244 248 250 263 266 282 284 289 298 317 320 327 335 338 343 349 350 363 380 397 430 439 440 448 455 459 468 471 475 483 492
82 78
83 35
84 62 131 85 86 87 92 94 95 96 99 102 106 111 112 115 118 119 124 125 260 262 132 134 137 140 143 145 152 154 164 166 172 173 177 181 182 187 189 190 191 192 196 199 201 204 208 209 210 211 213 214 217 221 223 230 231 236 242 244 245 247 248 250 257 263 266 267 268 281 282 284 286 289 291 293 294 298 299 300 301 302 303 305 306 309 314 317 320 322 323 325 327 328 329 335 338 340 342 343 346 347 348 349 350 352 353 355 358 360 363 371 373 376 379 380 388 393 397 399 401 403 405 411 412 413 416 421 430 433 434 435 437 439 440 441 445 447 448 450 453 454 455 459 468 471 472 473 474 475 476 477 478 479 481 483 488 492 500
85 97 131 86 87 92 94 95 96 99 102 106 111 112 115 118 119 124 125 260 262 132 134 137 140 143 145 151 152 154 164 166 172 173 177 181 182 187 189 190 191 192 193 196 199 201 204 208 209 210 211 213 214 217 221 223 230 231 236 242 244 245 247 248 250 257 263 266 267 268 281 282 284 286 289 291 293 294 298 299 300 301 302 303 305 306 309 314 317 320 322 323 325 327 328 329 330 334 335 338 340 342 343 346 347 348 349 350 352 353 355 358 359 360 363 371 373 376 378 379 380 388 393 397 399 401 403 405 407 411 412 413 415 416 421 425 430 433 434 435 437 439 440 441 445 447 448 450 453 454 455 459 467 468 471 472 473 474 475 476 477 478 479 481 483 488 492 500
86 25 87 92 94 95 99 102 106 111 112 115 118 119 124 125 262 132 137 143 145 152 154 164 166 172 173 177 181 182 187 190 191 192 196 199 201 204 208 209 210 211 213 214 217 223 231 236 244 245 248 250 263 266 267 268 281 282 284 286 289 293 298 299 301 302 305 309 317 320 323 325 327 329 335 338 340 343 347 348 349 350 352 353 355 358 360 363 371 373 376 379 380 393 397 401 403 413 416 421 430 433 434 435 439 440 441 445 448 454 455 459 468 471 472 473 475 476 478 479 481 483 492
87 79 131 89 92 94 95 96 97 99 101 102 105 106 111 112 115 117 118 119 123 124 125 126 128 259 260 261 262 132 134 135 136 137 140 143 145 147 151 152 154 155 157 159 161 162 164 166 168 170 171 172 173 175 177 178 181 182 187 189 190 191 192 193 196 198 199 201 204 206 207 208 209 210 211 212 213 214 215 217 219 220 221 222 223 224 230 231 233 236 237 242 244 245 246 247 248 250 251 257 263 264 266 267 268 269 279 280 281 282 283 284 285 286 287 289 290 291 292 293 294 298 299 300 301 302 303 305 306 307 309 310 314 315 317 319 320 322 323 325 327 328 329 330 331 332 334 335 336 338 340 342 343 346 347 348 349 350 352 353 355 356 357 358 359 360 361 362 363 365 367 368 371 373 376 377 378 379 380 381 382 384 388 393 397 399 401 403 405 406 407 410 411 412 413 415 416 418 421 425 428 430 431 433 434 435 436 437 438 439 440 441 443 444 445 447 448 450 453 454 455 456 458 459 460 467 468 469 470 471 472 473 474 475 476 477 478 479 481 483 487 488 490 491 492 498 499 500
88 31
89 26 102 112 118 119 124 125 262 132 143 145 172 177 181 187 190 191 192 196 204 208 209 210 211 217 223 244 248 250 263 266 282 284 289 298 317 320 327 335 338 343 349 350 363 380 397 403 430 439 440 448 455 459 468 471 475 483 492
90 87
91 30
92 24 131 94 95 96 99 101 102 106 111 112 115 118 119 124 125 260 261 262 132 134 136 137 140 143 145 147 151 152 154 157 159 162 164 166 170 172 173 177 178 181 182 187 189 190 191 192 193 196 199 201 204 208 209 210 211 212 213 214 217 221 223 230 231 233 236 242 244 245 246 247 248 250 257 263 266 267 268 281 282 283 284 286 289 291 293 294 298 299 300 301 302 303 305 306 309 314 315 317 320 322 323 325 327 328 329 330 332 334 335 338 340 342 343 346 347 348 349 350 352 353 355 358 359 360 363 365 371 373 376 377 378 379 380 388 393 397 399 401 403 405 407 411 412 413 415 416 421 425 430 433 434 435 437 439 440 441 444 445 447 448 450 453 454 455 459 467 468 469 471 472 473 474 475 476 477 478 479 481 483 488 492 498 500
93 31
94 24 131 95 99 102 106 111 112 115 118 119 124 125 260 262 132 134 137 140 143 145 152 154 164 166 172 173 177 181 182 187 189 190 191 192 196 199 201 204 208 209 210 211 213 214 217 221 223 231 236 242 244 245 247 248 250 257 263 266 267 268 281 282 284 286 289 291 293 294 298 299 300 301 302 305 306 309 314 317 320 323 325 327 328 329 335 338 340 342 343 346 347 348 349 350 352 353 355 358 360 363 371 373 376 379 380 388 393 397 401 403 405 411 412 413 416 421 430 433 434 435 437 439 440 441 445 447 448 450 454 455 459 468 471 472 473 474 475 476 477 478 479 481 483 492 500
95 53 131 96 99 101 102 106 111 112 115 118 119 124 125 260 261 262 132 134 136 137 140 143 145 147 151 152 154 157 159 162 164 166 170 172 173 177 178 181 182 187 189 190 191 192 193 196 199 201 204 208 209 210 211 212 213 214 217 221 223 230 231 233 236 242 244 245 246 247 248 250 257 263 266 267 268 281 282 283 284 286 289 291 293 294 298 299 300 301 302 303 305 306 309 314 315 317 320 322 323 325 327 328 329 330 332 334 335 338 340 342 343 346 347 348 349 350 352 353 355 358 359 360 363 365 371 373 376 377 378 379 380 388 393 397 399 401 403 405 407 411 412 413 415 416 421 425 430 433 434 435 437 439 440 441 444 445 447 448 450 453 454 455 459 467 468 469 471 472 473 474 475 476 477 478 479 481 483 488 492 498 500
96 90 99 102 111 112 115 118 119 124 125 262 132 137 143 145 164 166 172 173 177 181 182 187 190 191 192 196 199 201 204 208 209 210 211 217 223 236 244 245 248 250 263 266 267 281 282 284 286 289 293 298 317 320 323 327 335 338 340 343 347 349 350 363 371 373 376 379 380 393 397 403 416 430 435 439 440 441 448 454 455 459 468 471 473 475 479 481 483 492
97 66 102 112 118 119 124 125 143 181 191 196 209 210 211 223 248 250 263 266 282 284 289 298 320 327 338 350 363 380 397 439 440 455 459 468 471 475 483 492
98 21
99 58 131 102 106 111 112 115 118 119 124 125 260 262 132 134 137 140 143 145 151 152 154 164 166 172 173 177 181 182 187 189 190 191 192 193 196 199 201 204 208 209 210 211 213 214 217 221 223 230 231 236 242 244 245 247 248 250 257 263 266 267 268 281 282 284 286 289 291 293 294 298 299 300 301 302 303 305 306 309 314 317 320 322 323 325 327 328 329 330 334 335 338 340 342 343 346 347 348 349 350 352 353 355 358 359 360 363 371 373 376 378 379 380 388 393 397 399 401 403 405 407 411 412 413 416 421 430 433 434 435 437 439 440 441 445 447 448 450 453 454 455 459 467 468 471 472 473 474 475 476 477 478 479 481 483 488 492 500
100 28
101 81 102 112 118 119 124 125 262 132 143 145 164 172 173 177 181 187 190 191 192 196 201 204 208 209 210 211 217 223 236 244 248 250 263 266 281 282 284 286 289 298 317 320 323 327 335 338 343 349 350 363 371 379 380 393 397 403 416 430 435 439 440 448 455 459 468 471 475 481 483 492
102 61 131 106 111 112 115 117 118 119 123 124 125 126 128 259 260 261 262 132 134 135 136 137 140 143 145 147 151 152 154 155 157 159 161 162 164 166 170 171 172 173 175 177 178 181 182 187 189 190 191 192 193 196 198 199 201 204 207 208 209 210 211 212 213 214 215 217 220 221 223 224 230 231 233 236 237 242 244 245 246 247 248 250 251 257 263 264 266 267 268 279 280 281 282 283 284 285 286 287 289 290 291 292 293 294 298 299 300 301 302 303 305 306 307 309 314 315 317 319 320 322 323 325 327 328 329 330 331 332 334 335 336 338 340 342 343 346 347 348 349 350 352 353 355 356 357 358 359 360 361 363 365 368 371 373 376 377 378 379 380 381 382 384 388 393 397 399 401 403 405 406 407 411 412 413 415 416 418 421 425 428 430 431 433 434 435 436 437 438 439 440 441 443 444 445 447 448 450 453 454 455 456 458 459 460 467 468 469 470 471 472 473 474 475 476 477 478 479 481 483 487 488 490 492 498 499 500
103 100
104 33
105 95 112 119 143 191 196 209 211 263 298 320 327 380 468 471 475 492
106 77 131 111 112 115 118 119 124 125 260 262 132 134 137 140 143 145 152 154 164 166 172 173 177 181 182 187 190 191 192 196 199 201 204 208 209 210 211 213 214 217 223 231 236 244 245 247 248 250 263 266 267 268 281 282 284 286 289 291 293 294 298 299 300 301 302 305 306 309 314 317 320 323 325 327 328 329 335 338 340 342 343 347 348 349 350 352 353 355 358 360 363 371 373 376 379 380 393 397 401 403 413 416 421 430 433 434 435 439 440 441 445 448 454 455 459 468 471 472 473 475 476 478 479 481 483 492
107 77
108 75
109 52 112 191 196 209 263 320 327 468 471 492
110 58
111 95 131 112 115 118 119 124 125 260 261 262 132 134 137 140 143 145 151 152 154 159 164 166 172 173 177 181 182 187 189 190 191 192 193 196 199 201 204 208 209 210 211 212 213 214 217 221 223 230 231 236 242 244 245 247 248 250 257 263 266 267 268 281 282 284 286 289 291 293 294 298 299 300 301 302 303 305 306 309 314 315 317 320 322 323 325 327 328 329 330 334 335 338 340 342 343 346 347 348 349 350 352 353 355 358 359 360 363 371 373 376 378 379 380 388 393 397 399 401 403 405 407 411 412 413 415 416 421 425 430 433 434 435 437 439 440 441 445 447 448 450 453 454 455 459 467 468 469 471 472 473 474 475 476 477 478 479 481 483 488 492 500
112 47 131 115 117 118 119 123 124 125 126 128 259 260 261 262 132 134 135 136 137 140 143 145 147 151 152 154 155 157 159 161 162 164 166 167 168 170 171 172 173 175 177 178 181 182 187 189 190 191 192 193 196 198 199 201 204 206 207 208 209 210 211 212 213 214 215 217 218 219 220 221 222 223 224 230 231 233 236 237 242 244 245 246 247 248 250 251 252 257 263 264 266 267 268 269 270 279 280 281 282 283 284 285 286 287 289 290 291 292 293 294 298 299 300 301 302 303 305 306 307 309 310 314 315 317 319 320 322 323 325 327 328 329 330 331 332 334 335 336 338 340 342 343 345 346 347 348 349 350 352 353 355 356 357 358 359 360 361 362 363 365 367 368 371 372 373 376 377 378 379 380 381 382 384 388 393 397 399 401 403 405 406 407 410 411 412 413 414 415 416 418 421 425 428 430 431 433 434 435 436 437 438 439 440 441 443 444 445 447 448 449 450 453 454 455 456 458 459 460 466 467 468 469 470 471 472 473 474 475 476 477 478 479 481 483 487 488 490 491 492 498 499 500
113 27
114 29
115 74 131 118 119 124 125 260 262 132 134 137 140 143 145 151 152 154 164 166 172 173 177 181 182 187 189 190 191 192 193 196 199 201 204 208 209 210 211 212 213 214 217 221 223 230 231 236 242 244 245 247 248 250 257 263 266 267 268 281 282 284 286 289 291 293 294 298 299 300 301 302 303 305 306 309 314 317 320 322 323 325 327 328 329 330 334 335 338 340 342 343 346 347 348 349 350 352 353 355 358 359 360 363 371 373 376 378 379 380 388 393 397 399 401 403 405 407 411 412 413 415 416 421 425 430 433 434 435 437 439 440 441 445 447 448 450 453 454 455 459 467 468 471 472 473 474 475 476 477 478 479 481 483 488 492 500
116 84
117 49 118 119 124 125 143 191 196 209 210 211 223 250 263 266 282 289 298 320 327 380 397 440 455 459 468 471 475 483 492
118 25 131 119 123 124 125 126 128 259 260 261 262 132 134 135 136 137 140 143 145 147 151 152 154 155 157 159 161 162 164 166 168 170 171 172 173 175 177 178 181 182 187 189 190 191 192 193 196 198 199 201 204 207 208 209 210 211 212 213 214 215 217 219 220 221 223 224 230 231 233 236 237 242 244 245 246 247 248 250 251 257 263 264 266 267 268 279 280 281 282 283 284 285 286 287 289 290 291 292 293 294 298 299 300 301 302 303 305 306 307 309 310 314 315 317 319 320 322 323 325 327 328 329 330 331 332 334 335 336 338 340 342 343 346 347 348 349 350 352 353 355 356 357 358 359 360 361 363 365 367 368 371 373 376 377 378 379 380 381 382 384 388 393 397 399 401 403 405 406 407 410 411 412 413 415 416 418 421 425 428 430 431 433 434 435 436 437 438 439 440 441 443 444 445 447 448 450 453 454 455 456 458 459 460 467 468 469 470 471 472 473 474 475 476 477 478 479 481 483 487 488 490 492 498 499 500
119 57 131 123 124 125 126 128 259 260 261 262 132 134 135 136 137 140 143 145 147 151 152 154 155 157 159 161 162 164 166 168 170 171 172 173 175 177 178 181 182 187 189 190 191 192 193 196 198 199 201 204 206 207 208 209 210 211 212 213 214 215 217 219 220 221 222 223 224 230 231 233 236 237 242 244 245 246 247 248 250 251 257 263 264 266 267 268 269 279 280 281 282 283 284 285 286 287 289 290 291 292 293 294 298 299 300 301 302 303 305 306 307 309 310 314 315 317 319 320 322 323 325 327 328 329 330 331 332 334 335 336 338 340 342 343 346 347 348 349 350 352 353 355 356 357 358 359 360 361 362 363 365 367 368 371 372 373 376 377 378 379 380 381 382 384 388 393 397 399 401 403 405 406 407 410 411 412 413 414 415 416 418 421 425 428 430 431 433 434 435 436 437 438 439 440 441 443 444 445 447 448 449 450 453 454 455 456 458 459 460 466 467 468 469 470 471 472 473 474 475 476 477 478 479 481 483 487 488 490 491 492 498 499 500
120 90
121 61
122 59
123 99 124 125 143 181 191 196 209 210 211 223 248 250 263 266 282 284 289 298 320 327 338 350 363 380 397 439 440 455 459 468 471 475 483 492
124 70 131 125 126 128 259 260 261 262 132 134 135 136 137 140 143 145 147 151 152 154 155 157 159 161 162 164 166 168 170 171 172 173 175 177 178 181 182 187 189 190 191 192 193 196 198 199 201 204 206 207 208 209 210 211 212 213 214 215 217 219 220 221 222 223 224 230 231 233 236 237 242 244 245 246 247 248 250 251 257 263 264 266 267 268 269 279 280 281 282 283 284 285 286 287 289 290 291 292 293 294 298 299 300 301 302 303 305 306 307 309 310 314 315 317 319 320 322 323 325 327 328 329 330 331 332 334 335 336 338 340 342 343 346 347 348 349 350 352 353 355 356 357 358 359 360 361 362 363 365 367 368 371 373 376 377 378 379 380 381 382 384 388 393 397 399 401 403 405 406 407 410 411 412 413 415 416 418 421 425 428 430 431 433 434 435 436 437 438 439 440 441 443 444 445 447 448 450 453 454 455 456 458 459 460 467 468 469 470 471 472 473 474 475 476 477 478 479 481 483 487 488 490 491 492 498 499 500
125 33 131 126 128 259 260 261 262 132 134 135 136 137 140 143 145 147 151 152 154 155 157 159 161 162 164 166 168 170 171 172 173 175 177 178 181 182 187 189 190 191 192 193 196 198 199 201 204 207 208 209 210 211 212 213 214 215 217 219 220 221 223 224 230 231 233 236 237 242 244 245 246 247 248 250 251 257 263 264 266 267 268 279 280 281 282 283 284 285 286 287 289 290 291 292 293 294 298 299 300 301 302 303 305 306 307 309 310 314 315 317 319 320 322 323 325 327 328 329 330 331 332 334 335 336 338 340 342 343 346 347 348 349 350 352 353 355 356 357 358 359 360 361 363 365 367 368 371 373 376 377 378 379 380 381 382 384 388 393 397 399 401 403 405 406 407 410 411 412 413 415 416 418 421 425 428 430 431 433 434 435 436 437 438 439 440 441 443 444 445 447 448 450 453 454 455 456 458 459 460 467 468 469 470 471 472 473 474 475 476 477 478 479 481 483 487 488 490 492 498 499 500
126 25 262 132 143 145 172 177 181 187 190 191 192 196 204 208 209 210 211 217 223 244 248 250 263 266 282 284 289 298 317 320 327 335 338 343 349 350 363 380 397 403 430 439 440 448 455 459 468 471 475 483 492
127 54
128 66 262 143 177 181 191 196 204 209 210 211 217 223 244 248 250 263 266 282 284 289 298 320 327 338 349 350 363 380 397 439 440 448 455 459 468 471 475 483 492
129 32
130 20
131 32 262 132 137 143 145 152 154 164 166 172 173 177 181 182 187 190 191 192 196 199 201 204 208 209 210 211 213 214 217 223 231 236 244 245 248 250 263 266 267 268 281 282 284 286 289 293 298 299 301 302 305 317 320 323 325 327 329 335 338 340 343 347 348 349 350 352 358 363 371 373 376 379 380 393 397 401 403 413 416 430 434 435 439 440 441 445 448 454 455 459 468 471 472 473 475 479 481 483 492
132 47 259 260 261 262 134 136 137 140 143 145 147 151 152 154 157 159 162 164 166 170 172 173 177 178 181 182 187 189 190 191 192 193 196 199 201 204 208 209 210 211 212 213 214 217 221 223 230 231 233 236 242 244 245 246 247 248 250 257 263 266 267 268 280 281 282 283 284 285 286 289 290 291 292 293 294 298 299 300 301 302 303 305 306 309 314 315 317 320 322 323 325 327 328 329 330 332 334 335 336 338 340 342 343 346 347 348 349 350 352 353 355 358 359 360 361 363 365 368 371 373 376 377 378 379 380 388 393 397 399 401 403 405 407 411 412 413 415 416 421 425 430 433 434 435 436 437 438 439 440 441 444 445 447 448 450 453 454 455 459 467 468 469 470 471 472 473 474 475 476 477 478 479 481 483 488 490 492 498 500
133 28
134 71 262 137 143 145 152 154 164 166 172 173 177 181 182 187 190 191 192 196 199 201 204 208 209 210 211 213 214 217 223 231 236 244 245 248 250 263 266 267 268 281 282 284 286 289 293 298 299 301 302 305 309 317 320 323 325 327 329 335 338 340 343 347 348 349 350 352 353 355 358 363 371 373 376 379 380 393 397 401 403 413 416 421 430 433 434 435 439 440 441 445 448 454 455 459 468 471 472 473 475 476 478 479 481 483 492
135 33 262 143 177 181 191 196 204 209 210 211 217 223 244 248 250 263 266 282 284 289 298 317 320 327 335 338 343 349 350 363 380 397 403 430 439 440 448 455 459 468 471 475 483 492
136 55 262 143 145 164 172 173 177 181 187 190 191 192 196 199 201 204 208 209 210 211 217 223 236 244 248 250 263 266 281 282 284 286 289 298 317 320 323 327 335 338 343 349 350 363 371 376 379 380 393 397 403 416 430 435 439 440 448 454 455 459 468 471 475 481 483 492
137 81 260 261 262 140 143 145 151 152 154 159 164 166 172 173 177 181 182 187 189 190 191 192 193 196 199 201 204 208 209 210 211 212 213 214 217 221 223 230 231 236 242 244 245 247 248 250 257 263 266 267 268 281 282 284 286 289 291 293 294 298 299 300 301 302 303 305 306 309 314 317 320 322 323 325 327 328 329 330 334 335 338 340 342 343 346 347 348 349 350 352 353 355 358 359 360 363 371 373 376 378 379 380 388 393 397 399 401 403 405 407 411 412 413 415 416 421 425 430 433 434 435 437 439 440 441 445 447 448 450 453 454 455 459 467 468 469 471 472 473 474 475 476 477 478 479 481 483 488 492 500
138 56
139 21
140 83 262 143 145 152 154 164 166 172 173 177 181 182 187 190 191 192 196 199 201 204 208 209 210 211 213 214 217 223 231 236 244 245 248 250 263 266 267 268 281 282 284 286 289 293 298 299 301 302 305 317 320 323 325 327 329 335 338 340 343 347 348 349 350 352 353 358 363 371 373 376 379 380 393 397 401 403 413 416 430 434 435 439 440 441 445 448 454 455 459 468 471 472 473 475 478 479 481 483 492
141 67
142 46
143 96 259 260 261 262 145 147 151 152 154 155 157 159 161 162 164 166 168 170 171 172 173 175 177 178 181 182 187 189 190 191 192 193 196 198 199 201 204 206 207 208 209 210 211 212 213 214 215 217 219 220 221 222 223 224 230 231 233 236 237 242 244 245 246 247 248 250 251 257 263 264 266 267 268 269 279 280 281 282 283 284 285 286 287 289 290 291 292 293 294 298 299 300 301 302 303 305 306 307 309 310 314 315 317 319 320 322 323 325 327 328 329 330 331 332 334 335 336 338 340 342 343 346 347 348 349 350 352 353 355 356 357 358 359 360 361 362 363 365 367 368 371 372 373 376 377 378 379 380 381 382 384 388 393 397 399 401 403 405 406 407 410 411 412 413 414 415 416 418 421 425 428 430 431 433 434 435 436 437 438 439 440 441 443 444 445 447 448 449 450 453 454 455 456 458 459 460 466 467 468 469 470 471 472 473 474 475 476 477 478 479 481 483 487 488 490 491 492 498 499 500
144 50
145 94 259 260 261 262 147 151 152 154 157 159 162 164 166 170 172 173 177 178 181 182 187 189 190 191 192 193 196 199 201 204 208 209 210 211 212 213 214 217 221 223 230 231 233 236 242 244 245 246 247 248 250 257 263 266 267 268 280 281 282 283 284 285 286 289 290 291 292 293 294 298 299 300 301 302 303 305 306 309 314 315 317 320 322 323 325 327 328 329 330 332 334 335 336 338 340 342 343 346 347 348 349 350 352 353 355 358 359 360 361 363 365 371 373 376 377 378 379 380 388 393 397 399 401 403 405 407 411 412 413 415 416 421 425 430 433 434 435 436 437 438 439 440 441 444 445 447 448 450 453 454 455 459 467 468 469 471 472 473 474 475 476 477 478 479 481 483 488 490 492 498 500
146 55
147 57 262 164 172 173 177 181 187 190 191 192 196 201 204 208 209 210 211 217 223 236 244 248 250 263 266 281 282 284 286 289 298 317 320 323 327 335 338 343 349 350 363 371 379 380 393 397 403 416 430 439 440 448 455 459 468 471 475 481 483 492
148 100
149 35
150 50
151 21 262 164 166 172 173 177 181 187 190 191 192 196 199 201 204 208 209 210 211 217 223 236 244 245 248 250 263 266 267 281 282 284 286 289 293 298 317 320 323 327 335 338 340 343 347 349 350 363 371 373 376 379 380 393 397 403 416 430 435 439 440 441 448 454 455 459 468 471 473 475 479 481 483 492
152 97 260 262 154 164 166 172 173 177 181 182 187 189 190 191 192 196 199 201 204 208 209 210 211 213 214 217 223 231 236 242 244 245 247 248 250 263 266 267 268 281 282 284 286 289 291 293 294 298 299 300 301 302 305 306 309 314 317 320 323 325 327 328 329 335 338 340 342 343 346 347 348 349 350 352 353 355 358 360 363 371 373 376 379 380 393 397 401 403 405 413 416 421 430 433 434 435 437 439 440 441 445 447 448 450 454 455 459 468 471 472 473 474 475 476 477 478 479 481 483 492 500
153 30
154 34 260 262 164 166 172 173 177 181 182 187 189 190 191 192 196 199 201 204 208 209 210 211 213 214 217 223 231 236 242 244 245 247 248 250 263 266 267 268 281 282 284 286 289 291 293 294 298 299 300 301 302 305 306 309 314 317 320 323 325 327 328 329 335 338 340 342 343 346 347 348 349 350 352 353 355 358 360 363 371 373 376 379 380 393 397 401 403 413 416 421 430 433 434 435 439 440 441 445 448 450 454 455 459 468 471 472 473 475 476 477 478 479 481 483 492
155 57 262 177 181 191 196 209 210 211 217 223 244 248 250 263 266 282 284 289 298 320 327 338 349 350 363 380 397 439 440 448 455 459 468 471 475 483 492
156 74
157 99 262 164 172 173 177 181 187 190 191 192 196 199 201 204 208 209 210 211 217 223 236 244 248 250 263 266 267 281 282 284 286 289 298 317 320 323 327 335 338 343 347 349 350 363 371 376 379 380 393 397 403 416 430 435 439 440 448 454 455 459 468 471 475 479 481 483 492
158 63
159 40 262 164 172 173 177 181 187 190 191 192 196 199 201 204 208 209 210 211 217 223 236 244 245 248 250 263 266 267 281 282 284 286 289 298 317 320 323 327 335 338 343 347 349 350 363 371 376 379 380 393 397 403 416 430 435 439 440 448 454 455 459 468 471 475 479 481 483 492
160 96
161 83 262 181 191 196 209 210 211 217 223 248 250 263 266 282 284 289 298 320 327 338 350 363 380 397 439 440 455 459 468 471 475 483 492
162 37 262 164 172 173 177 181 187 190 191 192 196 199 201 204 208 209 210 211 217 223 236 244 248 250 263 266 267 281 282 284 286 289 298 317 320 323 327 335 338 343 347 349 350 363 371 376 379 380 393 397 403 416 430 435 439 440 448 454 455 459 468 471 475 479 481 483 492
163 59
164 72 260 261 262 166 170 172 173 177 178 181 182 187 189 190 191 192 193 196 199 201 204 208 209 210 211 212 213 214 217 221 223 230 231 233 236 242 244 245 246 247 248 250 257 263 266 267 268 281 282 283 284 286 289 291 293 294 298 299 300 301 302 303 305 306 309 314 315 317 320 322 323 325 327 328 329 330 334 335 338 340 342 343 346 347 348 349 350 352 353 355 358 359 360 363 371 373 376 377 378 379 380 388 393 397 399 401 403 405 407 411 412 413 415 416 421 425 430 433 434 435 437 439 440 441 444 445 447 448 450 453 454 455 459 467 468 469 471 472 473 474 475 476 477 478 479 481 483 488 492 498 500
165 59
166 50 260 262 172 173 177 181 182 187 189 190 191 192 193 196 199 201 204 208 209 210 211 213 214 217 221 223 230 231 236 242 244 245 247 248 250 257 263 266 267 268 281 282 284 286 289 291 293 294 298 299 300 301 302 303 305 306 309 314 317 320 322 323 325 327 328 329 330 334 335 338 340 342 343 346 347 348 349 350 352 353 355 358 359 360 363 371 373 376 378 379 380 388 393 397 399 401 403 405 407 411 412 413 416 421 430 433 434 435 437 439 440 441 445 447 448 450 453 454 455 459 467 468 471 472 473 474 475 476 477 478 479 481 483 488 492 500
167 84 191 209 263 320 327 468 471 492
168 88 191 196 209 210 211 223 263 289 298 320 327 380 440 455 459 468 471 475 483 492
169 22
170 97 262 172 173 177 181 187 190 191 192 196 199 201 204 208 209 210 211 217 223 236 244 248 250 263 266 267 281 282 284 286 289 298 317 320 323 327 335 338 343 347 349 350 363 371 376 379 380 393 397 403 416 430 435 439 440 448 454 455 459 468 471 475 479 481 483 492
171 81 262 177 181 191 196 204 209 210 211 217 223 244 248 250 263 266 282 284 289 298 317 320 327 335 338 343 349 350 363 380 397 430 439 440 448 455 459 468 471 475 483 492
172 22 259 260 261 262 173 177 178 181 182 187 189 190 191 192 193 196 199 201 204 208 209 210 211 212 213 214 217 221 223 230 231 233 236 242 244 245 246 247 248 250 257 263 266 267 268 280 281 282 283 284 285 286 289 290 291 292 293 294 298 299 300 301 302 303 305 306 309 314 315 317 320 322 323 325 327 328 329 330 332 334 335 336 338 340 342 343 346 347 348 349 350 352 353 355 358 359 360 361 363 365 371 373 376 377 378 379 380 388 393 397 399 401 403 405 407 411 412 413 415 416 421 425 430 433 434 435 437 439 440 441 444 445 447 448 450 453 454 455 459 467 468 469 471 472 473 474 475 476 477 478 479 481 483 488 490 492 498 500
173 55 260 261 262 177 178 181 182 187 189 190 191 192 193 196 199 201 204 208 209 210 211 212 213 214 217 221 223 230 231 233 236 242 244 245 246 247 248 250 257 263 266 267 268 280 281 282 283 284 286 289 291 292 293 294 298 299 300 301 302 303 305 306 309 314 315 317 320 322 323 325 327 328 329 330 332 334 335 336 338 340 342 343 346 347 348 349 350 352 353 355 358 359 360 363 365 371 373 376 377 378 379 380 388 393 397 399 401 403 405 407 411 412 413 415 416 421 425 430 433 434 435 437 439 440 441 444 445 447 448 450 453 454 455 459 467 468 469 471 472 473 474 475 476 477 478 479 481 483 488 492 498 500
174 31
175 66 191 196 209 210 211 223 250 263 266 282 289 298 320 327 380 397 440 455 459 468 471 475 483 492
176 23 471
177 88 259 260 261 262 178 181 182 187 189 190 191 192 193 196 199 201 204 208 209 210 211 212 213 214 217 220 221 223 224 230 231 233 236 242 244 245 246 247 248 250 251 257 263 266 267 268 280 281 282 283 284 285 286 289 290 291 292 293 294 298 299 300 301 302 303 305 306 309 314 315 317 319 320 322 323 325 327 328 329 330 332 334 335 336 338 340 342 343 346 347 348 349 350 352 353 355 357 358 359 360 361 363 365 368 371 373 376 377 378 379 380 381 388 393 397 399 401 403 405 407 411 412 413 415 416 421 425 430 431 433 434 435 436 437 438 439 440 441 444 445 447 448 450 453 454 455 459 460 467 468 469 470 471 472 473 474 475 476 477 478 479 481 483 487 488 490 492 498 500
178 89 262 181 187 190 191 192 196 199 201 204 208 209 210 211 217 223 236 244 248 250 263 266 281 282 284 286 289 298 317 320 323 327 335 338 343 347 349 350 363 371 376 379 380 393 397 403 416 430 435 439 440 448 454 455 459 468 471 475 479 481 483 492
179 28
180 77
181 78 259 260 261 262 182 187 189 190 191 192 193 196 199 201 204 207 208 209 210 211 212 213 214 215 217 220 221 223 224 230 231 233 236 237 242 244 245 246 247 248 250 251 257 263 266 267 268 280 281 282 283 284 285 286 287 289 290 291 292 293 294 298 299 300 301 302 303 305 306 307 309 314 315 317 319 320 322 323 325 327 328 329 330 331 332 334 335 336 338 340 342 343 346 347 348 349 350 352 353 355 357 358 359 360 361 363 365 368 371 373 376 377 378 379 380 381 382 384 388 393 397 399 401 403 405 406 407 411 412 413 415 416 421 425 428 430 431 433 434 435 436 437 438 439 440 441 444 445 447 448 450 453 454 455 456 458 459 460 467 468 469 470 471 472 473 474 475 476 477 478 479 481 483 487 488 490 492 498 499 500
182 41 260 262 187 189 190 191 192 196 199 201 204 208 209 210 211 213 214 217 221 223 231 236 242 244 245 247 248 250 257 263 266 267 268 281 282 284 286 289 291 293 294 298 299 300 301 302 305 306 309 314 317 320 323 325 327 328 329 335 338 340 342 343 346 347 348 349 350 352 353 355 358 360 363 371 373 376 379 380 388 393 397 399 401 403 405 411 412 413 416 421 430 433 434 435 437 439 440 441 445 447 448 450 453 454 455 459 468 471 472 473 474 475 476 477 478 479 481 483 492 500
183 93
184 94
185 45
186 84
187 48 259 260 261 262 189 190 191 192 193 196 199 201 204 208 209 210 211 212 213 214 217 221 223 230 231 233 236 242 244 245 246 247 248 250 257 263 266 267 268 280 281 282 283 284 285 286 289 290 291 292 293 294 298 299 300 301 302 303 305 306 309 314 315 317 320 322 323 325 327 328 329 330 332 334 335 336 338 340 342 343 346 347 348 349 350 352 353 355 358 359 360 361 363 365 371 373 376 377 378 379 380 388 393 397 399 401 403 405 407 411 412 413 415 416 421 425 430 433 434 435 436 437 438 439 440 441 444 445 447 448 450 453 454 455 459 467 468 469 471 472 473 474 475 476 477 478 479 481 483 488 490 492 498 500
188 75
189 38 262 190 191 192 196 199 201 204 208 209 210 211 213 214 217 223 231 236 244 245 248 250 263 266 267 268 281 282 284 286 289 293 298 299 301 302 305 317 320 323 325 327 329 335 338 340 343 347 348 349 350 358 363 371 373 376 379 380 393 397 401 403 413 416 430 435 439 440 441 448 454 455 459 468 471 472 473 475 479 481 483 492
190 68 259 260 261 262 191 192 193 196 199 201 204 208 209 210 211 212 213 214 217 221 223 230 231 233 236 242 244 245 246 247 248 250 257 263 266 267 268 280 281 282 283 284 285 286 289 290 291 292 293 294 298 299 300 301 302 303 305 306 309 314 315 317 320 322 323 325 327 328 329 330 332 334 335 336 338 340 342 343 346 347 348 349 350 352 353 355 358 359 360 361 363 365 371 373 376 377 378 379 380 388 393 397 399 401 403 405 407 411 412 413 415 416 421 425 430 433 434 435 436 437 438 439 440 441 444 445 447 448 450 453 454 455 459 467 468 469 471 472 473 474 475 476 477 478 479 481 483 488 490 492 498 500
191 34 259 260 261 262 192 193 196 198 199 201 204 206 207 208 209 210 211 212 213 214 215 217 218 219 220 221 222 223 224 230 231 233 236 237 242 244 245 246 247 248 250 251 252 257 263 264 266 267 268 269 270 273 279 280 281 282 283 284 285 286 287 289 290 291 292 293 294 298 299 300 301 302 303 305 306 307 309 310 314 315 317 319 320 322 323 325 327 328 329 330 331 332 334 335 336 338 340 342 343 345 346 347 348 349 350 352 353 355 356 357 358 359 360 361 362 363 365 367 368 371 372 373 376 377 378 379 380 381 382 384 388 393 397 399 401 403 405 406 407 410 411 412 413 414 415 416 418 421 425 428 430 431 433 434 435 436 437 438 439 440 441 443 444 445 447 448 449 450 453 454 455 456 458 459 460 466 467 468 469 470 471 472 473 474 475 476 477 478 479 481 483 487 488 490 491 492 498 499 500
192 37 259 260 261 262 193 196 199 201 204 208 209 210 211 212 213 214 217 221 223 230 231 233 236 242 244 245 246 247 248 250 257 263 266 267 268 280 281 282 283 284 285 286 289 290 291 292 293 294 298 299 300 301 302 303 305 306 309 314 315 317 320 322 323 325 327 328 329 330 332 334 335 336 338 340 342 343 346 347 348 349 350 352 353 355 358 359 360 361 363 365 371 373 376 377 378 379 380 388 393 397 399 401 403 405 407 411 412 413 415 416 421 425 430 433 434 435 436 437 438 439 440 441 444 445 447 448 450 453 454 455 459 467 468 469 471 472 473 474 475 476 477 478 479 481 483 488 490 492 498 500
193 40 262 196 199 201 204 208 209 210 211 217 223 236 244 245 248 250 263 266 267 281 282 284 286 289 293 298 317 320 323 327 335 338 343 347 349 350 363 371 373 376 379 380 393 397 403 416 430 435 439 440 441 448 454 455 459 468 471 473 475 479 481 483 492
194 78
195 60
196 94 259 260 261 262 198 199 201 204 206 207 208 209 210 211 212 213 214 215 217 219 220 221 222 223 224 230 231 233 236 237 242 244 245 246 247 248 250 251 257 263 264 266 267 268 269 279 280 281 282 283 284 285 286 287 289 290 291 292 293 294 298 299 300 301 302 303 305 306 307 309 310 314 315 317 319 320 322 323 325 327 328 329 330 331 332 334 335 336 338 340 342 343 346 347 348 349 350 352 353 355 356 357 358 359 360 361 362 363 365 367 368 371 372 373 376 377 378 379 380 381 382 384 388 393 397 399 401 403 405 406 407 410 411 412 413 414 415 416 418 421 425 428 430 431 433 434 435 436 437 438 439 440 441 443 444 445 447 448 449 450 453 454 455 456 458 459 460 466 467 468 469 470 471 472 473 474 475 476 477 478 479 481 483 487 488 490 491 492 498 499 500
197 58
198 71 209 210 211 223 250 263 266 282 289 298 320 327 380 397 440 455 459 468 471 475 483 492
199 70 260 261 262 201 204 208 209 210 211 212 213 214 217 221 223 230 231 233 236 242 244 245 247 248 250 257 263 266 267 268 281 282 283 284 286 289 291 293 294 298 299 300 301 302 303 305 306 309 314 315 317 320 322 323 325 327 328 329 330 334 335 338 340 342 343 346 347 348 349 350 352 353 355 358 359 360 363 371 373 376 377 378 379 380 388 393 397 399 401 403 405 407 411 412 413 415 416 421 425 430 433 434 435 437 439 440 441 444 445 447 448 450 453 454 455 459 467 468 469 471 472 473 474 475 476 477 478 479 481 483 488 492 498 500
200 30
201 77 260 261 262 204 208 209 210 211 212 213 214 217 221 223 230 231 233 236 242 244 245 246 247 248 250 257 263 266 267 268 281 282 283 284 286 289 291 293 294 298 299 300 301 302 303 305 306 309 314 315 317 320 322 323 325 327 328 329 330 332 334 335 338 340 342 343 346 347 348 349 350 352 353 355 358 359 360 363 371 373 376 377 378 379 380 388 393 397 399 401 403 405 407 411 412 413 415 416 421 425 430 433 434 435 437 439 440 441 444 445 447 448 450 453 454 455 459 467 468 469 471 472 473 474 475 476 477 478 479 481 483 488 492 498 500
202 34
203 96
204 58 259 260 261 262 208 209 210 211 212 213 214 217 220 221 223 230 231 233 236 242 244 245 246 247 248 250 257 263 266 267 268 280 281 282 283 284 285 286 289 290 291 292 293 294 298 299 300 301 302 303 305 306 309 314 315 317 319 320 322 323 325 327 328 329 330 332 334 335 336 338 340 342 343 346 347 348 349 350 352 353 355 357 358 359 360 361 363 365 368 371 373 376 377 378 379 380 381 388 393 397 399 401 403 405 407 411 412 413 415 416 421 425 430 431 433 434 435 436 437 438 439 440 441 444 445 447 448 450 453 454 455 459 460 467 468 469 470 471 472 473 474 475 476 477 478 479 481 483 487 488 490 492 498 500
205 70
206 61 209 210 211 223 263 289 298 320 327 380 440 459 468 471 475 492
207 27 209 210 211 223 248 250 263 266 282 284 289 298 320 327 338 380 397 439 440 455 459 468 471 475 483 492
208 55 259 260 261 262 209 210 211 212 213 214 217 221 223 230 231 233 236 242 244 245 246 247 248 250 257 263 266 267 268 280 281 282 283 284 285 286 289 291 292 293 294 298 299 300 301 302 303 305 306 309 314 315 317 320 322 323 325 327 328 329 330 332 334 335 336 338 340 342 343 346 347 348 349 350 352 353 355 358 359 360 361 363 365 371 373 376 377 378 379 380 388 393 397 399 401 403 405 407 411 412 413 415 416 421 425 430 433 434 435 437 439 440 441 444 445 447 448 450 453 454 455 459 467 468 469 471 472 473 474 475 476 477 478 479 481 483 488 490 492 498 500
209 48 259 260 261 262 210 211 212 213 214 215 217 218 219 220 221 222 223 224 230 231 233 236 237 242 244 245 246 247 248 250 251 257 263 264 266 267 268 269 270 279 280 281 282 283 284 285 286 287 289 290 291 292 293 294 298 299 300 301 302 303 305 306 307 309 310 314 315 317 319 320 322 323 325 327 328 329 330 331 332 334 335 336 338 340 342 343 346 347 348 349 350 352 353 355 356 357 358 359 360 361 362 363 365 367 368 371 372 373 376 377 378 379 380 381 382 384 388 393 397 399 401 403 405 406 407 410 411 412 413 414 415 416 418 421 425 428 430 431 433 434 435 436 437 438 439 440 441 443 444 445 447 448 449 450 453 454 455 456 458 459 460 466 467 468 469 470 471 472 473 474 475 476 477 478 479 481 483 487 488 490 491 492 498 499 500
210 80 259 260 261 262 211 212 213 214 215 217 219 220 221 222 223 224 230 231 233 236 237 242 244 245 246 247 248 250 251 257 263 264 266 267 268 269 279 280 281 282 283 284 285 286 287 289 290 291 292 293 294 298 299 300 301 302 303 305 306 307 309 310 314 315 317 319 320 322 323 325 327 328 329 330 331 332 334 335 336 338 340 342 343 346 347 348 349 350 352 353 355 356 357 358 359 360 361 362 363 365 367 368 371 373 376 377 378 379 380 381 382 384 388 393 397 399 401 403 405 406 407 410 411 412 413 415 416 418 421 425 428 430 431 433 434 435 436 437 438 439 440 441 443 444 445 447 448 450 453 454 455 456 458 459 460 467 468 469 470 471 472 473 474 475 476 477 478 479 481 483 487 488 490 491 492 498 499 500
211 26 259 260 261 262 212 213 214 215 217 219 220 221 222 223 224 230 231 233 236 237 242 244 245 246 247 248 250 251 257 263 264 266 267 268 269 279 280 281 282 283 284 285 286 287 289 290 291 292 293 294 298 299 300 301 302 303 305 306 307 309 310 314 315 317 319 320 322 323 325 327 328 329 330 331 332 334 335 336 338 340 342 343 346 347 348 349 350 352 353 355 356 357 358 359 360 361 362 363 365 367 368 371 372 373 376 377 378 379 380 381 382 384 388 393 397 399 401 403 405 406 407 410 411 412 413 414 415 416 418 421 425 428 430 431 433 434 435 436 437 438 439 440 441 443 444 445 447 448 450 453 454 455 456 458 459 460 466 467 468 469 470 471 472 473 474 475 476 477 478 479 481 483 487 488 490 491 492 498 499 500
212 59 262 217 223 236 244 245 248 250 263 266 267 281 282 284 286 289 298 317 320 323 327 335 338 343 347 349 350 363 371 376 379 380 393 397 403 416 430 435 439 440 448 454 455 459 468 471 475 479 481 483 492
213 31 260 262 214 217 223 231 236 244 245 247 248 250 263 266 267 268 281 282 284 286 289 291 293 294 298 299 300 301 302 305 306 309 314 317 320 323 325 327 328 329 335 338 340 342 343 346 347 348 349 350 352 353 355 358 360 363 371 373 376 379 380 393 397 401 403 413 416 421 430 433 434 435 439 440 441 445 448 450 454 455 459 468 471 472 473 475 476 477 478 479 481 483 492
214 55 260 262 217 223 231 236 242 244 245 247 248 250 263 266 267 268 281 282 284 286 289 291 293 294 298 299 300 301 302 305 306 309 314 317 320 323 325 327 328 329 335 338 340 342 343 346 347 348 349 350 352 353 355 358 360 363 371 373 376 379 380 393 397 401 403 413 416 421 430 433 434 435 439 440 441 445 448 450 454 455 459 468 471 472 473 475 476 477 478 479 481 483 492
215 80 262 217 223 244 248 250 263 266 282 284 289 298 320 327 338 350 363 380 397 439 440 455 459 468 471 475 483 492
216 75
217 73 259 260 261 262 220 221 223 224 230 231 233 236 242 244 245 246 247 248 250 251 257 263 266 267 268 280 281 282 283 284 285 286 289 290 291 292 293 294 298 299 300 301 302 303 305 306 307 309 314 315 317 319 320 322 323 325 327 328 329 330 332 334 335 336 338 340 342 343 346 347 348 349 350 352 353 355 357 358 359 360 361 363 365 368 371 373 376 377 378 379 380 381 388 393 397 399 401 403 405 407 411 412 413 415 416 421 425 430 431 433 434 435 436 437 438 439 440 441 444 445 447 448 450 453 454 455 456 459 460 467 468 469 470 471 472 473 474 475 476 477 478 479 481 483 487 488 490 492 498 499 500
218 48 263 320 327 468 471 492
219 22 223 263 289 298 320 327 380 397 440 455 459 468 471 475 483 492
220 35 262 223 244 248 250 263 266 282 284 289 298 320 327 338 343 349 350 363 380 397 439 440 448 455 459 468 471 475 483 492
221 97 262 223 236 244 245 248 250 263 266 267 281 282 284 286 289 293 298 317 320 323 327 335 338 340 343 347 349 350 363 371 373 376 379 380 393 397 403 416 430 435 439 440 441 448 454 455 459 468 471 473 475 479 481 483 492
222 46 223 263 289 298 320 327 380 440 459 468 471 475 483 492
223 98 259 260 261 262 224 230 231 233 236 237 242 244 245 246 247 248 250 251 257 263 264 266 267 268 269 279 280 281 282 283 284 285 286 287 289 290 291 292 293 294 298 299 300 301 302 303 305 306 307 309 310 314 315 317 319 320 322 323 325 327 328 329 330 331 332 334 335 336 338 340 342 343 346 347 348 349 350 352 353 355 356 357 358 359 360 361 362 363 365 367 368 371 373 376 377 378 379 380 381 382 384 388 393 397 399 401 403 405 406 407 410 411 412 413 415 416 418 421 425 428 430 431 433 434 435 436 437 438 439 440 441 443 444 445 447 448 450 453 454 455 456 458 459 460 467 468 469 470 471 472 473 474 475 476 477 478 479 481 483 487 488 490 491 492 498 499 500
224 48 262 244 248 250 263 266 282 284 289 298 320 327 338 349 350 363 380 397 439 440 448 455 459 468 471 475 483 492
225 49
226 28
227 67
228 94
229 46
230 46 262 236 244 245 248 250 263 266 267 281 282 284 286 289 293 298 317 320 323 327 335 338 340 343 347 349 350 363 371 373 376 379 380 393 397 403 416 430 435 439 440 441 448 454 455 459 468 471 473 475 479 481 483 492
231 37 260 262 236 244 245 247 248 250 263 266 267 268 281 282 284 286 289 291 293 294 298 299 300 301 302 305 306 309 314 317 320 323 325 327 328 329 335 338 340 342 343 346 347 348 349 350 352 353 355 358 360 363 371 373 376 379 380 393 397 401 403 413 416 421 430 433 434 435 439 440 441 445 448 450 454 455 459 468 471 472 473 475 476 477 478 479 481 483 492
232 45
233 48 262 236 244 248 250 263 266 267 281 282 284 286 289 298 317 320 323 327 335 338 343 347 349 350 363 371 376 379 380 393 397 403 416 430 435 439 440 448 454 455 459 468 471 475 479 481 483 492
234 42
235 31
236 67 260 261 262 242 244 245 246 247 248 250 257 263 266 267 268 281 282 283 284 286 289 291 293 294 298 299 300 301 302 303 305 306 309 314 315 317 320 322 323 325 327 328 329 330 332 334 335 336 338 340 342 343 346 347 348 349 350 352 353 355 358 359 360 363 365 371 373 376 377 378 379 380 388 393 397 399 401 403 405 407 411 412 413 415 416 421 425 430 433 434 435 437 439 440 441 444 445 447 448 450 453 454 455 459 467 468 469 471 472 473 474 475 476 477 478 479 481 483 488 492 498 500
237 23 248 250 263 266 282 284 289 298 320 327 338 380 397 439 440 455 459 468 471 475 483 492
238 98
239 58
240 55
241 24
242 60 262 244 245 248 250 263 266 267 268 281 282 284 286 289 293 298 299 302 317 320 323 325 327 329 335 338 340 343 347 349 350 363 371 373 376 379 380 393 397 401 403 413 416 430 435 439 440 441 448 454 455 459 468 471 472 473 475 479 481 483 492
243 48
244 95 259 260 261 262 245 246 247 248 250 251 257 263 266 267 268 280 281 282 283 284 285 286 289 290 291 292 293 294 298 299 300 301 302 303 305 306 309 314 315 317 319 320 322 323 325 327 328 329 330 332 334 335 336 338 340 342 343 346 347 348 349 350 352 353 355 357 358 359 360 361 363 365 368 371 373 376 377 378 379 380 381 388 393 397 399 401 403 405 407 411 412 413 415 416 421 425 430 431 433 434 435 436 437 438 439 440 441 444 445 447 448 450 453 454 455 459 460 467 468 469 470 471 472 473 474 475 476 477 478 479 481 483 487 488 490 492 498 500
245 93 260 261 262 247 248 250 257 263 266 267 268 281 282 284 286 289 291 293 294 298 299 300 301 302 303 305 306 309 314 317 320 322 323 325 327 328 329 330 334 335 338 340 342 343 346 347 348 349 350 352 353 355 358 359 360 363 371 373 376 378 379 380 388 393 397 399 401 403 405 407 411 412 413 415 416 421 425 430 433 434 435 437 439 440 441 445 447 448 450 453 454 455 459 467 468 469 471 472 473 474 475 476 477 478 479 481 483 488 492 500
246 49 262 248 250 263 266 281 282 284 286 289 298 317 320 323 327 335 338 343 349 350 363 379 380 393 397 403 430 439 440 448 455 459 468 471 475 483 492
247 56 262 248 250 263 266 267 268 281 282 284 286 289 293 298 299 301 302 305 309 317 320 323 325 327 328 329 335 338 340 343 347 348 349 350 352 353 355 358 360 363 371 373 376 379 380 393 397 401 403 413 416 421 430 433 434 435 439 440 441 445 448 454 455 459 468 471 472 473 475 476 478 479 481 483 492
248 90 259 260 261 262 250 251 257 263 266 267 268 280 281 282 283 284 285 286 289 290 291 292 293 294 298 299 300 301 302 303 305 306 307 309 314 315 317 319 320 322 323 325 327 328 329 330 331 332 334 335 336 338 340 342 343 346 347 348 349 350 352 353 355 357 358 359 360 361 363 365 368 371 373 376 377 378 379 380 381 382 388 393 397 399 401 403 405 406 407 411 412 413 415 416 421 425 430 431 433 434 435 436 437 438 439 440 441 444 445 447 448 450 453 454 455 456 458 459 460 467 468 469 470 471 472 473 474 475 476 477 478 479 481 483 487 488 490 492 498 499 500
249 31
250 24 259 260 261 262 251 257 263 264 266 267 268 279 280 281 282 283 284 285 286 287 289 290 291 292 293 294 298 299 300 301 302 303 305 306 307 309 314 315 317 319 320 322 323 325 327 328 329 330 331 332 334 335 336 338 340 342 343 346 347 348 349 350 352 353 355 356 357 358 359 360 361 363 365 368 371 373 376 377 378 379 380 381 382 384 388 393 397 399 401 403 405 406 407 411 412 413 415 416 418 421 425 428 430 431 433 434 435 436 437 438 439 440 441 444 445 447 448 450 453 454 455 456 458 459 460 467 468 469 470 471 472 473 474 475 476 477 478 479 481 483 487 488 490 492 498 499 500
251 71 262 263 266 282 284 289 298 320 327 338 349 350 363 380 397 439 440 448 455 459 468 471 475 483 492
252 39 327 471 492
253 69
254 32
255 82
256 75
257 60 262 263 266 267 268 281 282 284 286 289 293 298 317 320 323 325 327 329 335 338 340 343 347 349 350 363 371 373 376 379 380 393 397 401 403 416 430 435 439 440 441 448 454 455 459 468 471 472 473 475 479 481 483 492
258 39
259 80 262 263 266 282 284 289 298 317 320 327 335 338 343 349 350 363 380 397 403 430 439 440 448 455 459 468 471 475 483 492
260 61 262 263 266 267 268 281 282 284 286 289 293 298 299 301 302 305 317 320 323 325 327 329 335 338 340 343 347 348 349 350 352 353 358 363 371 373 376 379 380 393 397 401 403 413 416 421 430 434 435 439 440 441 445 448 454 455 459 468 471 472 473 475 478 479 481 483 492
261 43 262 263 266 267 281 282 284 286 289 298 317 320 323 327 335 338 343 347 349 350 363 371 376 379 380 393 397 403 416 430 435 439 440 448 454 455 459 468 471 475 479 481 483 492
262 34 263 266 267 268 280 281 282 283 284 285 286 289 290 291 292 293 294 298 299 300 301 302 303 305 306 307 309 314 315 317 319 320 322 323 325 327 328 329 330 332 334 335 336 338 340 342 343 346 347 348 349 350 352 353 355 357 358 359 360 361 363 365 368 371 373 376 377 378 379 380 381 382 388 393 397 399 401 403 405 407 411 412 413 415 416 421 425 430 431 433 434 435 436 437 438 439 440 441 444 445 447 448 450 453 454 455 456 459 460 467 468 469 470 471 472 473 474 475 476 477 478 479 481 483 487 488 490 492 498 499 500
263 80 264 266 267 268 269 279 280 281 282 283 284 285 286 287 289 290 291 292 293 294 298 299 300 301 302 303 305 306 307 309 310 314 315 317 319 320 322 323 325 327 328 329 330 331 332 334 335 336 338 340 342 343 346 347 348 349 350 352 353 355 356 357 358 359 360 361 362 363 365 367 368 371 372 373 376 377 378 379 380 381 382 384 388 393 397 399 401 403 405 406 407 410 411 412 413 414 415 416 418 421 425 428 430 431 433 434 435 436 437 438 439 440 441 443 444 445 447 448 449 450 453 454 455 456 458 459 460 466 467 468 469 470 471 472 473 474 475 476 477 478 479 481 483 487 488 490 491 492 498 499 500
264 69 266 282 289 298 320 327 380 397 440 455 459 468 471 475 483 492
265 21
266 59 267 268 279 280 281 282 283 284 285 286 287 289 290 291 292 293 294 298 299 300 301 302 303 305 306 307 309 314 315 317 319 320 322 323 325 327 328 329 330 331 332 334 335 336 338 340 342 343 346 347 348 349 350 352 353 355 356 357 358 359 360 361 363 365 368 371 373 376 377 378 379 380 381 382 384 388 393 397 399 401 403 405 406 407 411 412 413 415 416 418 421 425 428 430 431 433 434 435 436 437 438 439 440 441 444 445 447 448 450 453 454 455 456 458 459 460 467 468 469 470 471 472 473 474 475 476 477 478 479 481 483 487 488 490 492 498 499 500
267 82 268 281 282 284 286 289 291 293 294 298 299 300 301 302 303 305 306 309 314 315 317 320 322 323 325 327 328 329 330 334 335 338 340 342 343 346 347 348 349 350 352 353 355 358 359 360 363 371 373 376 377 378 379 380 388 393 397 399 401 403 405 407 411 412 413 415 416 421 425 430 433 434 435 437 439 440 441 444 445 447 448 450 453 454 455 459 467 468 469 471 472 473 474 475 476 477 478 479 481 483 488 492 498 500
268 54 281 282 284 286 289 291 293 294 298 299 300 301 302 305 306 309 314 317 320 323 325 327 328 329 335 338 340 342 343 346 347 348 349 350 352 353 355 358 360 363 371 373 376 379 380 388 393 397 401 403 405 411 413 416 421 430 433 434 435 437 439 440 441 445 447 448 450 454 455 459 468 471 472 473 474 475 476 477 478 479 481 483 492 500
269 26 289 298 320 327 380 440 459 468 471 475 483 492
270 51 320 327 468 471 492
271 96
272 76
273 76 471
274 45
275 41
276 73
277 91
278 23
279 98 282 289 298 320 327 338 380 397 440 455 459 468 471 475 483 492
280 90 282 284 286 289 298 317 320 327 335 338 343 349 350 363 379 380 393 397 403 430 439 440 448 455 459 468 471 475 483 492
281 59 282 283 284 286 289 291 293 294 298 299 300 301 302 303 305 306 309 314 315 317 320 322 323 325 327 328 329 330 332 334 335 338 340 342 343 346 347 348 349 350 352 353 355 358 359 360 363 365 371 373 376 377 378 379 380 388 393 397 399 401 403 405 407 411 412 413 415 416 421 425 430 433 434 435 437 439 440 441 444 445 447 448 450 453 454 455 459 467 468 469 471 472 473 474 475 476 477 478 479 481 483 488 492 498 500
282 43 283 284 285 286 287 289 290 291 292 293 294 298 299 300 301 302 303 305 306 307 309 314 315 317 319 320 322 323 325 327 328 329 330 331 332 334 335 336 338 340 342 343 346 347 348 349 350 352 353 355 357 358 359 360 361 363 365 368 371 373 376 377 378 379 380 381 382 384 388 393 397 399 401 403 405 406 407 411 412 413 415 416 418 421 425 428 430 431 433 434 435 436 437 438 439 440 441 444 445 447 448 450 453 454 455 456 458 459 460 467 468 469 470 471 472 473 474 475 476 477 478 479 481 483 487 488 490 492 498 499 500
283 52 284 286 289 298 317 320 323 327 335 338 343 349 350 363 371 376 379 380 393 397 403 416 430 435 439 440 448 454 455 459 468 471 475 481 483 492
284 48 285 286 289 290 291 292 293 294 298 299 300 301 302 303 305 306 307 309 314 315 317 319 320 322 323 325 327 328 329 330 331 332 334 335 336 338 340 342 343 346 347 348 349 350 352 353 355 357 358 359 360 361 363 365 368 371 373 376 377 378 379 380 381 382 388 393 397 399 401 403 405 406 407 411 412 413 415 416 421 425 430 431 433 434 435 436 437 438 439 440 441 444 445 447 448 450 453 454 455 456 459 460 467 468 469 470 471 472 473 474 475 476 477 478 479 481 483 487 488 490 492 498 499 500
285 87 286 289 298 317 320 327 335 338 343 349 350 363 380 397 403 430 439 440 448 455 459 468 471 475 483 492
286 97 289 291 292 293 294 298 299 300 301 302 303 305 306 309 314 315 317 320 322 323 325 327 328 329 330 332 334 335 336 338 340 342 343 346 347 348 349 350 352 353 355 358 359 360 361 363 365 371 373 376 377 378 379 380 388 393 397 399 401 403 405 407 411 412 413 415 416 421 425 430 433 434 435 437 439 440 441 444 445 447 448 450 453 454 455 459 467 468 469 471 472 473 474 475 476 477 478 479 481 483 488 490 492 498 500
287 51 289 298 320 327 338 380 397 440 455 459 468 471 475 483 492
288 72
289 77 290 291 292 293 294 298 299 300 301 302 303 305 306 307 309 310 314 315 317 319 320 322 323 325 327 328 329 330 331 332 334 335 336 338 340 342 343 346 347 348 349 350 352 353 355 356 357 358 359 360 361 362 363 365 367 368 371 373 376 377 378 379 380 381 382 384 388 393 397 399 401 403 405 406 407 410 411 412 413 415 416 418 421 425 428 430 431 433 434 435 436 437 438 439 440 441 443 444 445 447 448 450 453 454 455 456 458 459 460 467 468 469 470 471 472 473 474 475 476 477 478 479 481 483 487 488 490 491 492 498 499 500
290 59 298 317 320 327 335 338 343 349 350 363 380 397 403 430 439 440 448 455 459 468 471 475 483 492
291 83 293 298 299 301 302 305 317 320 323 325 327 329 335 338 340 343 347 348 349 350 352 353 358 363 371 373 376 379 380 393 397 401 403 413 416 421 430 433 434 435 439 440 441 445 448 454 455 459 468 471 472 473 475 476 478 479 481 483 492
292 65 298 317 320 327 335 338 343 349 350 363 379 380 393 397 403 430 439 440 448 455 459 468 471 475 483 492
293 40 294 298 299 300 301 302 303 305 306 309 314 317 320 322 323 325 327 328 329 330 334 335 338 340 342 343 346 347 348 349 350 352 353 355 358 359 360 363 371 373 376 378 379 380 388 393 397 399 401 403 405 407 411 412 413 416 421 430 433 434 435 437 439 440 441 445 447 448 450 453 454 455 459 467 468 471 472 473 474 475 476 477 478 479 481 483 488 492 500
294 79 298 299 301 302 305 309 317 320 323 325 327 329 335 338 340 343 347 348 349 350 352 353 355 358 363 371 373 376 379 380 393 397 401 403 413 416 421 430 433 434 435 439 440 441 445 448 454 455 459 468 471 472 473 475 476 478 479 481 483 492
295 30
296 31
297 99
298 40 299 300 301 302 303 305 306 307 309 310 314 315 317 319 320 322 323 325 327 328 329 330 331 332 334 335 336 338 340 342 343 346 347 348 349 350 352 353 355 356 357 358 359 360 361 362 363 365 367 368 371 372 373 376 377 378 379 380 381 382 384 388 393 397 399 401 403 405 406 407 410 411 412 413 414 415 416 418 421 425 428 430 431 433 434 435 436 437 438 439 440 441 443 444 445 447 448 450 453 454 455 456 458 459 460 466 467 468 469 470 471 472 473 474 475 476 477 478 479 481 483 487 488 490 491 492 498 499 500
299 42 300 301 302 305 306 309 314 317 320 323 325 327 328 329 335 338 340 342 343 346 347 348 349 350 352 353 355 358 360 363 371 373 376 379 380 388 393 397 401 403 405 413 416 421 430 433 434 435 437 439 440 441 445 447 448 450 454 455 459 468 471 472 473 474 475 476 477 478 479 481 483 492 500
300 66 301 302 305 317 320 323 325 327 329 335 338 340 343 347 348 349 350 352 353 358 363 371 373 376 379 380 393 397 401 403 413 416 421 430 434 435 439 440 441 445 448 454 455 459 468 471 472 473 475 478 479 481 483 492
301 47 302 305 306 309 314 317 320 323 325 327 328 329 335 338 340 342 343 346 347 348 349 350 352 353 355 358 360 363 371 373 376 379 380 393 397 401 403 413 416 421 430 433 434 435 439 440 441 445 448 450 454 455 459 468 471 472 473 475 476 477 478 479 481 483 492
302 67 305 306 309 314 317 320 323 325 327 328 329 335 338 340 342 343 346 347 348 349 350 352 353 355 358 360 363 371 373 376 379 380 388 393 397 401 403 405 413 416 421 430 433 434 435 437 439 440 441 445 447 448 450 454 455 459 468 471 472 473 474 475 476 477 478 479 481 483 492 500
303 50 317 320 323 327 335 338 340 343 347 349 350 363 371 373 376 379 380 393 397 403 416 430 435 439 440 441 448 454 455 459 468 471 473 475 479 481 483 492
304 72
305 62 306 309 314 317 320 323 325 327 328 329 335 338 340 342 343 346 347 348 349 350 352 353 355 358 360 363 371 373 376 379 380 393 397 401 403 413 416 421 430 433 434 435 439 440 441 445 448 450 454 455 459 468 471 472 473 475 476 477 478 479 481 483 492
306 95 317 320 323 325 327 329 335 338 340 343 347 348 349 350 352 353 358 363 371 373 376 379 380 393 397 401 403 413 416 421 430 434 435 439 440 441 445 448 454 455 459 468 471 472 473 475 478 479 481 483 492
307 75 320 327 338 350 363 380 397 439 440 455 459 468 471 475 483 492
308 81
309 36 317 320 323 325 327 328 329 335 338 340 343 347 348 349 350 352 353 355 358 360 363 371 373 376 379 380 393 397 401 403 413 416 421 430 433 434 435 439 440 441 445 448 454 455 459 468 471 472 473 475 476 478 479 481 483 492
310 36 320 327 380 440 455 459 468 471 475 483 492
311 70
312 89
313 95
314 62 317 320 323 325 327 329 335 338 340 343 347 348 349 350 352 353 358 363 371 373 376 379 380 393 397 401 403 413 416 421 430 434 435 439 440 441 445 448 454 455 459 468 471 472 473 475 478 479 481 483 492
315 56 317 320 323 327 335 338 343 347 349 350 363 371 376 379 380 393 397 403 416 430 435 439 440 448 454 455 459 468 471 475 479 481 483 492
316 23
317 37 319 320 322 323 325 327 328 329 330 332 334 335 336 338 340 342 343 346 347 348 349 350 352 353 355 358 359 360 361 363 365 368 371 373 376 377 378 379 380 388 393 397 399 401 403 405 407 411 412 413 415 416 421 425 430 431 433 434 435 436 437 438 439 440 441 444 445 447 448 450 453 454 455 459 467 468 469 470 471 472 473 474 475 476 477 478 479 481 483 488 490 492 498 500
318 50
319 46 320 327 335 338 343 349 350 363 380 397 430 439 440 448 455 459 468 471 475 483 492
320 30 322 323 325 327 328 329 330 331 332 334 335 336 338 340 342 343 346 347 348 349 350 352 353 355 356 357 358 359 360 361 362 363 365 367 368 371 372 373 376 377 378 379 380 381 382 384 388 393 397 399 401 403 405 406 407 410 411 412 413 414 415 416 418 421 425 428 430 431 433 434 435 436 437 438 439 440 441 443 444 445 447 448 449 450 453 454 455 456 458 459 460 466 467 468 469 470 471 472 473 474 475 476 477 478 479 481 483 487 488 490 491 492 498 499 500
321 64
322 94 323 327 335 338 340 343 347 349 350 363 371 373 376 379 380 393 397 403 416 430 435 439 440 441 448 454 455 459 468 471 473 475 479 481 483 492
323 65 325 327 328 329 330 334 335 338 340 342 343 346 347 348 349 350 352 353 355 358 359 360 363 371 373 376 377 378 379 380 388 393 397 399 401 403 405 407 411 412 413 415 416 421 425 430 433 434 435 437 439 440 441 444 445 447 448 450 453 454 455 459 467 468 469 471 472 473 474 475 476 477 478 479 481 483 488 492 498 500
324 55
325 24 327 328 329 335 338 340 342 343 346 347 348 349 350 352 353 355 358 360 363 371 373 376 379 380 388 393 397 401 403 405 413 416 421 430 433 434 435 437 439 440 441 445 447 448 450 454 455 459 468 471 472 473 474 475 476 477 478 479 481 483 492 500
326 28
327 96 328 329 330 331 332 334 335 336 338 340 342 343 345 346 347 348 349 350 352 353 355 356 357 358 359 360 361 362 363 365 367 368 371 372 373 376 377 378 379 380 381 382 384 388 393 397 399 401 403 405 406 407 410 411 412 413 414 415 416 418 421 425 428 430 431 433 434 435 436 437 438 439 440 441 443 444 445 447 448 449 450 453 454 455 456 458 459 460 466 467 468 469 470 471 472 473 474 475 476 477 478 479 481 483 487 488 490 491 492 498 499 500
328 31 329 335 338 340 343 347 348 349 350 352 353 355 358 360 363 371 373 376 379 380 393 397 401 403 413 416 421 430 433 434 435 439 440 441 445 448 454 455 459 468 471 472 473 475 476 478 479 481 483 492
329 57 335 338 340 342 343 346 347 348 349 350 352 353 355 358 360 363 371 373 376 379 380 388 393 397 401 403 405 411 413 416 421 430 433 434 435 437 439 440 441 445 447 448 450 454 455 459 468 471 472 473 474 475 476 477 478 479 481 483 492 500
330 72 335 338 343 347 349 350 363 371 373 376 379 380 393 397 403 416 430 435 439 440 448 454 455 459 468 471 475 479 481 483 492
331 96 338 380 397 439 440 455 459 468 471 475 483 492
332 63 335 338 343 349 350 363 379 380 393 397 403 430 439 440 448 455 459 468 471 475 483 492
333 40
334 79 335 338 340 343 347 349 350 363 371 373 376 379 380 393 397 403 416 430 435 439 440 441 448 454 455 459 468 471 473 475 479 481 483 492
335 89 336 338 340 342 343 346 347 348 349 350 352 353 355 358 359 360 361 363 365 368 371 373 376 377 378 379 380 388 393 397 399 401 403 405 407 411 412 413 415 416 421 425 430 431 433 434 435 436 437 438 439 440 441 444 445 447 448 450 453 454 455 459 467 468 469 470 471 472 473 474 475 476 477 478 479 481 483 488 490 492 498 500
336 97 338 343 349 350 363 379 380 393 397 403 430 439 440 448 455 459 468 471 475 483 492
337 50
338 37 340 342 343 346 347 348 349 350 352 353 355 357 358 359 360 361 363 365 368 371 373 376 377 378 379 380 381 382 384 388 393 397 399 401 403 405 406 407 411 412 413 415 416 418 421 425 428 430 431 433 434 435 436 437 438 439 440 441 444 445 447 448 450 453 454 455 456 458 459 460 467 468 469 470 471 472 473 474 475 476 477 478 479 481 483 487 488 490 492 498 499 500
339 93
340 52 342 343 346 347 348 349 350 352 353 355 358 359 360 363 371 373 376 379 380 388 393 397 399 401 403 405 411 412 413 416 421 430 433 434 435 437 439 440 441 445 447 448 450 453 454 455 459 468 471 472 473 474 475 476 477 478 479 481 483 488 492 500
341 86
342 74 343 347 348 349 350 352 353 358 363 371 373 376 379 380 393 397 401 403 413 416 421 430 434 435 439 440 441 445 448 454 455 459 468 471 472 473 475 478 479 481 483 492
343 47 346 347 348 349 350 352 353 355 357 358 359 360 361 363 365 368 371 373 376 377 378 379 380 381 388 393 397 399 401 403 405 407 411 412 413 415 416 421 425 430 431 433 434 435 436 437 438 439 440 441 444 445 447 448 450 453 454 455 459 460 467 468 469 470 471 472 473 474 475 476 477 478 479 481 483 488 490 492 498 500
344 84
345 77 471 492
346 48 347 348 349 350 358 363 371 373 376 379 380 393 397 401 403 413 416 430 434 435 439 440 441 448 454 455 459 468 471 472 473 475 479 481 483 492
347 54 348 349 350 352 353 355 358 359 360 363 371 373 376 377 378 379 380 388 393 397 399 401 403 405 407 411 412 413 415 416 421 425 430 433 434 435 437 439 440 441 444 445 447 448 450 453 454 455 459 467 468 469 471 472 473 474 475 476 477 478 479 481 483 488 492 498 500
348 97 349 350 352 353 355 358 360 363 371 373 376 379 380 393 397 401 403 413 416 421 430 433 434 435 439 440 441 445 448 450 454 455 459 468 471 472 473 475 476 477 478 479 481 483 492
349 70 350 352 353 355 357 358 359 360 361 363 365 368 371 373 376 377 378 379 380 381 388 393 397 399 401 403 405 407 411 412 413 415 416 421 425 430 431 433 434 435 436 437 438 439 440 441 444 445 447 448 450 453 454 455 459 460 467 468 469 470 471 472 473 474 475 476 477 478 479 481 483 487 488 490 492 498 500
350 29 352 353 355 357 358 359 360 361 363 365 368 371 373 376 377 378 379 380 381 382 388 393 397 399 401 403 405 407 411 412 413 415 416 421 425 430 431 433 434 435 436 437 438 439 440 441 444 445 447 448 450 453 454 455 456 459 460 467 468 469 470 471 472 473 474 475 476 477 478 479 481 483 487 488 490 492 498 499 500
351 40
352 74 353 355 358 360 363 371 373 376 379 380 393 397 401 403 413 416 421 430 433 434 435 439 440 441 445 448 454 455 459 468 471 472 473 475 476 478 479 481 483 492
353 71 355 358 360 363 371 373 376 379 380 393 397 401 403 413 416 421 430 433 434 435 439 440 441 445 448 454 455 459 468 471 472 473 475 476 478 479 481 483 492
354 46
355 46 358 360 363 371 373 376 379 380 393 397 401 403 413 416 421 430 433 434 435 439 440 441 445 448 454 455 459 468 471 472 473 475 476 478 479 481 483 492
356 63 380 397 440 455 459 468 471 475 483 492
357 48 363 380 397 439 440 448 455 459 468 471 475 483 492
358 74 360 363 371 373 376 379 380 393 397 401 403 413 416 421 430 433 434 435 439 440 441 445 448 450 454 455 459 468 471 472 473 475 476 477 478 479 481 483 492
359 25 363 371 373 376 379 380 393 397 403 416 430 435 439 440 441 448 454 455 459 468 471 473 475 479 481 483 492
360 77 363 371 373 376 379 380 393 397 401 403 413 416 421 430 433 434 435 439 440 441 445 448 454 455 459 468 471 472 473 475 476 478 479 481 483 492
361 46 363 380 397 403 430 439 440 448 455 459 468 471 475 483 492
362 80 380 440 459 468 471 475 483 492
363 35 365 368 371 373 376 377 378 379 380 381 382 388 393 397 399 401 403 405 406 407 411 412 413 415 416 421 425 430 431 433 434 435 436 437 438 439 440 441 444 445 447 448 450 453 454 455 456 459 460 467 468 469 470 471 472 473 474 475 476 477 478 479 481 483 487 488 490 492 498 499 500
364 56
365 65 379 380 393 397 403 430 439 440 448 455 459 468 471 475 483 492
366 49
367 38 380 397 440 455 459 468 471 475 483 492
368 26 380 397 403 430 439 440 448 455 459 468 471 475 483 492
369 81
370 80
371 73 373 376 377 378 379 380 388 393 397 399 401 403 405 407 411 412 413 415 416 421 425 430 433 434 435 437 439 440 441 444 445 447 448 450 453 454 455 459 467 468 469 471 472 473 474 475 476 477 478 479 481 483 488 492 498 500
372 38 468 471 492
373 27 376 378 379 380 388 393 397 399 401 403 405 407 411 412 413 416 421 430 433 434 435 437 439 440 441 445 447 448 450 453 454 455 459 467 468 471 472 473 474 475 476 477 478 479 481 483 488 492 500
374 97
375 47
376 88 377 378 379 380 388 393 397 399 401 403 405 407 411 412 413 415 416 421 425 430 433 434 435 437 439 440 441 444 445 447 448 450 453 454 455 459 467 468 469 471 472 473 474 475 476 477 478 479 481 483 488 492 498 500
377 42 379 380 393 397 403 416 430 435 439 440 448 454 455 459 468 471 475 479 481 483 492
378 62 379 380 393 397 403 416 430 435 439 440 441 448 454 455 459 468 471 473 475 479 481 483 492
379 45 380 388 393 397 399 401 403 405 407 411 412 413 415 416 421 425 430 433 434 435 437 439 440 441 444 445 447 448 450 453 454 455 459 467 468 469 471 472 473 474 475 476 477 478 479 481 483 488 492 498 500
380 33 381 382 384 388 393 397 399 401 403 405 406 407 410 411 412 413 414 415 416 418 421 425 428 430 431 433 434 435 436 437 438 439 440 441 443 444 445 447 448 450 453 454 455 456 458 459 460 466 467 468 469 470 471 472 473 474 475 476 477 478 479 481 483 487 488 490 491 492 498 499 500
381 78 397 439 440 448 455 459 468 471 475 483 492
382 35 397 439 440 455 459 468 471 475 483 492
383 63
384 25 397 440 455 459 468 471 475 483 492
385 74
386 63
387 41
388 81 393 397 401 403 416 430 435 439 440 441 448 454 455 459 468 471 472 473 475 479 481 483 492
389 68
390 78
391 52
392 30
393 22 397 399 401 403 405 407 411 412 413 415 416 421 425 430 433 434 435 437 439 440 441 444 445 447 448 450 453 454 455 459 467 468 469 471 472 473 474 475 476 477 478 479 481 483 488 492 498 500
394 100
395 42
396 53
397 60 399 401 403 405 406 407 411 412 413 415 416 418 421 425 428 430 431 433 434 435 436 437 438 439 440 441 443 444 445 447 448 450 453 454 455 456 458 459 460 467 468 469 470 471 472 473 474 475 476 477 478 479 481 483 487 488 490 492 498 499 500
398 58
399 92 403 416 430 435 439 440 441 448 454 455 459 468 471 473 475 479 481 483 492
400 74
401 67 403 405 413 416 421 430 433 434 435 437 439 440 441 445 447 448 450 454 455 459 468 471 472 473 474 475 476 477 478 479 481 483 492 500
402 72
403 30 405 407 411 412 413 415 416 421 425 430 433 434 435 436 437 438 439 440 441 444 445 447 448 450 453 454 455 459 467 468 469 470 471 472 473 474 475 476 477 478 479 481 483 488 490 492 498 500
404 48
405 65 413 416 430 435 439 440 441 448 454 455 459 468 471 472 473 475 479 481 483 492
406 23 439 440 455 459 468 471 475 483 492
407 94 416 430 435 439 440 448 454 455 459 468 471 473 475 479 481 483 492
408 99
409 67
410 57 440 455 459 468 471 475 483 492
411 73 416 430 435 439 440 441 448 454 455 459 468 471 473 475 479 481 483 492
412 44 416 430 435 439 440 441 448 454 455 459 468 471 473 475 479 481 483 492
413 63 416 421 430 433 434 435 437 439 440 441 445 448 450 454 455 459 468 471 472 473 475 476 477 478 479 481 483 492 500
414 53 468 471 492
415 87 416 430 435 439 440 448 454 455 459 468 471 475 479 481 483 492
416 54 421 425 430 433 434 435 437 439 440 441 444 445 447 448 450 453 454 455 459 467 468 469 471 472 473 474 475 476 477 478 479 481 483 488 492 498 500
417 62
418 100 440 455 459 468 471 475 483 492
419 30
420 20
421 25 430 433 434 435 439 440 441 445 448 454 455 459 468 471 472 473 475 476 478 479 481 483 492
422 94
423 85
424 68
425 59 430 435 439 440 448 454 455 459 468 471 475 479 481 483 492
426 82
427 52
428 100 439 440 455 459 468 471 475 483 492
429 89
430 49 431 433 434 435 436 437 438 439 440 441 444 445 447 448 450 453 454 455 459 467 468 469 470 471 472 473 474 475 476 477 478 479 481 483 488 490 492 498 500
431 74 439 440 448 455 459 468 471 475 483 492
432 44
433 23 434 435 439 440 441 445 448 454 455 459 468 471 472 473 475 476 478 479 481 483 492
434 39 435 439 440 441 445 448 450 454 455 459 468 471 472 473 475 476 477 478 479 481 483 492
435 21 437 439 440 441 444 445 447 448 450 453 454 455 459 467 468 469 471 472 473 474 475 476 477 478 479 481 483 488 492 498 500
436 65 439 440 448 455 459 468 471 475 483 492
437 80 439 440 441 448 454 455 459 468 471 472 473 475 479 481 483 492
438 93 439 440 448 455 459 468 471 475 483 492
439 36 440 441 444 445 447 448 450 453 454 455 456 458 459 460 467 468 469 470 471 472 473 474 475 476 477 478 479 481 483 487 488 490 492 498 499 500
440 97 441 443 444 445 447 448 450 453 454 455 456 458 459 460 467 468 469 470 471 472 473 474 475 476 477 478 479 481 483 487 488 490 492 498 499 500
441 74 445 447 448 450 453 454 455 459 467 468 471 472 473 474 475 476 477 478 479 481 483 488 492 500
442 37
443 52 455 459 468 471 475 483 492
444 94 448 454 455 459 468 471 475 479 481 483 492
445 60 448 454 455 459 468 471 472 473 475 476 478 479 481 483 492
446 77
447 57 448 454 455 459 468 471 472 473 475 479 481 483 492
448 71 450 453 454 455 459 460 467 468 469 470 471 472 473 474 475 476 477 478 479 481 483 487 488 490 492 498 500
449 61 468 471 492
450 92 454 455 459 468 471 472 473 475 479 481 483 492
451 98
452 86
453 55 454 455 459 468 471 473 475 479 481 483 492
454 89 455 459 467 468 469 471 472 473 474 475 476 477 478 479 481 483 488 492 498 500
455 24 456 458 459 460 467 468 469 470 471 472 473 474 475 476 477 478 479 481 483 487 488 490 492 498 499 500
456 88 459 468 471 475 483 492
457 53
458 85 459 468 471 475 483 492
459 39 460 467 468 469 470 471 472 473 474 475 476 477 478 479 481 483 487 488 490 491 492 498 499 500
460 89 468 471 475 483 492
461 64
462 45
463 52
464 71
465 79
466 23 468 471 492
467 50 468 471 473 475 479 481 483 492
468 95 469 470 471 472 473 474 475 476 477 478 479 481 483 487 488 490 491 492 498 499 500
469 55 471 475 479 481 483 492
470 36 471 475 483 492
471 95 472 473 474 475 476 477 478 479 481 483 487 488 490 491 492 498 499 500
472 41 473 474 475 476 477 478 479 481 483 492 500
473 36 474 475 476 477 478 479 481 483 488 492 500
474 94 475 479 481 483 492
475 52 476 477 478 479 481 483 487 488 490 491 492 498 499 500
476 36 478 479 481 483 492
477 76 479 481 483 492
478 72 479 481 483 492
479 52 481 483 488 492 498 500
480 42
481 27 483 488 492 498 500
482 61
483 55 487 488 490 492 498 499 500
484 64
485 30
486 22
487 53 492
488 71 492
489 51
490 37 492
491 96 492
492 74 498 499 500
493 63
494 54
495 81
496 77
497 55
498 29
499 89
500 41
