250 150
1 73 2 3 4 5 6 8 9 10 11 12 14 15 17 18 19 20 21 23 24 25 26 27 28 29 31 33 34 35 36 37 39 40 42 43 46 48 49 50 51 52 53 54 55 56 58 59 60 61 62 63 131 67 68 69 70 71 72 73 76 77 80 81 82 83 84 86 87 89 90 91 92 94 95 96 97 98 99 100 101 102 105 106 110 112 114 115 116 117 118 119 120 121 122 123 125 126 127 129 134 135 136 137 139 140 142 143 144 145 146 148 150 151 152 154 155 156 159 160 161 162 163 164 165 166 167 168 171 172 174 176 177 178 179 181 182 183 184 185 186 188 190 191 192 193 194 195 196 198 199 200 201 202 203 204 205 206 207 208 209 210 211 212 213 215 217 218 220 221 222 223 224 225 226 227 229 230 231 232 233 234 235 236 238 239 240 241 242 243 244 245 246 247 248 249 250
2 99 4 5 6 8 10 12 15 17 18 19 21 24 25 26 28 33 34 35 36 39 40 42 43 48 49 50 51 52 54 55 58 61 62 63 131 67 69 70 77 80 83 84 86 87 89 90 91 92 94 95 96 97 98 99 100 101 102 105 110 112 114 115 116 117 121 125 126 127 129 134 135 137 139 140 143 144 145 148 150 151 152 155 156 159 160 161 162 164 166 168 171 172 174 176 177 178 179 181 182 183 184 186 188 190 192 193 194 196 198 200 201 202 203 204 206 207 208 209 211 212 213 215 217 218 220 221 223 224 225 226 227 229 230 231 233 234 235 236 238 241 242 243 244 248 249 250
3 36 4 5 6 8 10 15 18 19 21 24 25 26 28 33 34 35 36 39 40 42 43 48 49 50 51 52 55 58 62 63 131 69 70 77 80 83 84 86 89 90 91 92 94 95 96 97 99 101 110 115 116 117 121 125 126 127 129 134 135 137 139 140 143 144 145 148 150 151 152 155 156 159 160 161 162 164 166 168 171 172 174 176 177 179 181 182 183 184 186 188 190 192 193 194 196 201 202 203 204 206 207 208 209 212 213 215 217 221 224 225 226 227 229 230 231 233 234 235 238 241 242 243 244 248 249 250
4 56 5 6 7 8 9 10 11 12 14 15 16 17 18 19 20 21 23 24 25 26 27 28 29 31 32 33 34 35 36 37 39 40 42 43 46 48 49 50 51 52 53 54 55 56 58 59 60 61 62 63 131 67 68 69 70 71 72 73 76 77 80 81 82 83 84 86 87 88 89 90 91 92 94 95 96 97 98 99 100 101 102 105 106 108 110 112 114 115 116 117 118 119 120 121 122 123 125 126 127 128 129 134 135 136 137 139 140 142 143 144 145 146 148 150 151 152 154 155 156 159 160 161 162 163 164 165 166 167 168 170 171 172 174 176 177 178 179 181 182 183 184 185 186 188 189 190 191 192 193 194 195 196 198 199 200 201 202 203 204 205 206 207 208 209 210 211 212 213 215 217 218 220 221 222 223 224 225 226 227 229 230 231 232 233 234 235 236 238 239 240 241 242 243 244 245 246 247 248 249 250
5 65 6 8 10 12 15 17 18 19 21 24 25 26 28 29 33 34 35 36 37 39 40 42 43 46 48 49 50 51 52 54 55 58 60 61 62 63 131 67 69 70 72 76 77 80 81 82 83 84 86 87 89 90 91 92 94 95 96 97 98 99 100 101 102 105 106 110 112 114 115 116 117 121 123 125 126 127 129 134 135 136 137 139 140 143 144 145 146 148 150 151 152 154 155 156 159 160 161 162 164 166 168 171 172 174 176 177 178 179 181 182 183 184 185 186 188 190 192 193 194 196 198 199 200 201 202 203 204 206 207 208 209 210 211 212 213 215 217 218 220 221 222 223 224 225 226 227 229 230 231 233 234 235 236 238 239 240 241 242 243 244 247 248 249 250
6 46 7 8 9 10 11 12 13 14 15 16 17 18 19 20 21 22 23 24 25 26 27 28 29 30 31 32 33 66 34 35 36 37 38 39 40 41 42 43 44 45 46 47 48 49 50 51 52 53 54 55 56 57 58 59 60 61 62 63 64 65 130 131 67 68 69 70 71 72 73 74 75 76 77 78 79 80 81 82 83 84 85 86 87 88 89 90 91 92 93 94 95 96 97 98 99 100 101 102 103 104 105 106 107 108 109 110 111 112 113 114 115 116 117 118 119 120 121 122 123 124 125 126 127 128 129 132 133 134 135 136 137 138 139 140 141 142 143 144 145 146 147 148 149 150 151 152 153 154 155 156 157 158 159 160 161 162 163 164 165 166 167 168 169 170 171 172 173 174 175 176 177 178 179 180 181 182 183 184 185 186 187 188 189 190 191 192 193 194 195 196 197 198 199 200 201 202 203 204 205 206 207 208 209 210 211 212 213 214 215 216 217 218 219 220 221 222 223 224 225 226 227 228 229 230 231 232 233 234 235 236 237 238 239 240 241 242 243 244 245 246 247 248 249 250
7 60 8 10 15 18 19 21 24 25 26 28 33 34 39 43 48 50 51 52 55 58 62 63 131 70 77 80 83 84 90 91 94 95 96 99 101 110 115 117 121 126 129 135 137 139 140 143 144 145 148 150 151 152 155 156 160 162 164 166 171 172 176 179 182 183 184 186 188 193 194 196 202 204 206 207 208 209 212 213 215 217 224 225 226 227 229 233 234 235 238 242 243 248 249
8 32 9 10 11 12 13 14 15 16 17 18 19 20 21 22 23 24 25 26 27 28 29 30 31 32 33 66 34 35 36 37 38 39 40 41 42 43 44 45 46 47 48 49 50 51 52 53 54 55 56 57 58 59 60 61 62 63 64 65 130 131 67 68 69 70 71 72 73 74 75 76 77 78 79 80 81 82 83 84 85 86 87 88 89 90 91 92 93 94 95 96 97 98 99 100 101 102 103 104 105 106 107 108 109 110 111 112 113 114 115 116 117 118 119 120 121 122 123 124 125 126 127 128 129 132 133 134 135 136 137 138 139 140 141 142 143 144 145 146 147 148 149 150 151 152 153 154 155 156 157 158 159 160 161 162 163 164 165 166 167 168 169 170 171 172 173 174 175 176 177 178 179 180 181 182 183 184 185 186 187 188 189 190 191 192 193 194 195 196 197 198 199 200 201 202 203 204 205 206 207 208 209 210 211 212 213 214 215 216 217 218 219 220 221 222 223 224 225 226 227 228 229 230 231 232 233 234 235 236 237 238 239 240 241 242 243 244 245 246 247 248 249 250
9 77 10 15 18 19 21 24 25 26 28 33 34 35 39 42 43 48 50 51 52 55 58 62 63 131 70 77 80 83 84 90 91 94 95 96 99 101 110 115 116 117 121 126 129 134 135 137 139 140 143 144 145 148 150 151 152 155 156 160 161 162 164 166 168 171 172 176 179 182 183 184 186 188 193 194 196 201 202 204 206 207 208 209 212 213 215 217 224 225 226 227 229 233 234 235 238 241 242 243 244 248 249
10 41 11 12 13 14 15 16 17 18 19 20 21 22 23 24 25 26 27 28 29 30 31 32 33 34 35 36 37 38 39 40 41 42 43 44 45 46 47 48 49 50 51 52 53 54 55 56 57 58 59 60 61 62 63 130 131 67 68 69 70 71 72 73 74 76 77 78 80 81 82 83 84 85 86 87 88 89 90 91 92 93 94 95 96 97 98 99 100 101 102 103 104 105 106 108 110 112 113 114 115 116 117 118 119 120 121 122 123 124 125 126 127 128 129 132 133 134 135 136 137 138 139 140 141 142 143 144 145 146 147 148 149 150 151 152 153 154 155 156 157 158 159 160 161 162 163 164 165 166 167 168 170 171 172 173 174 175 176 177 178 179 180 181 182 183 184 185 186 187 188 189 190 191 192 193 194 195 196 198 199 200 201 202 203 204 205 206 207 208 209 210 211 212 213 214 215 216 217 218 220 221 222 223 224 225 226 227 229 230 231 232 233 234 235 236 237 238 239 240 241 242 243 244 245 246 247 248 249 250
11 32 15 18 19 21 24 25 26 28 33 34 35 39 42 43 48 50 51 52 55 58 62 63 131 70 77 80 83 84 90 91 94 95 96 99 101 110 115 116 117 121 126 129 134 135 137 139 140 143 144 145 148 150 151 152 155 156 160 161 162 164 166 168 171 172 176 179 182 183 184 186 188 193 194 196 201 202 204 206 207 208 209 212 213 215 217 224 225 226 227 229 233 234 235 238 241 242 243 244 248 249
12 94 15 17 18 19 21 24 25 26 28 33 34 35 36 39 40 42 43 48 49 50 51 52 54 55 58 61 62 63 131 67 69 70 76 77 80 81 83 84 86 87 89 90 91 92 94 95 96 97 98 99 100 101 102 105 110 112 114 115 116 117 121 125 126 127 129 134 135 137 139 140 143 144 145 146 148 150 151 152 155 156 159 160 161 162 164 166 168 171 172 174 176 177 178 179 181 182 183 184 186 188 190 192 193 194 196 198 200 201 202 203 204 206 207 208 209 211 212 213 215 217 218 220 221 222 223 224 225 226 227 229 230 231 233 234 235 236 238 241 242 243 244 248 249 250
13 77 15 18 19 21 25 28 33 34 39 43 48 50 51 52 55 58 63 131 70 80 83 84 90 91 94 95 96 101 110 115 117 121 126 129 135 139 140 143 145 148 150 152 156 160 162 164 166 171 172 176 179 182 183 188 194 204 206 207 208 212 213 215 217 224 225 226 227 229 234 238 242 243 248 249
14 63 15 18 19 21 24 25 26 28 33 34 35 39 42 43 48 50 51 52 55 58 62 63 131 70 77 80 83 84 90 91 94 95 96 99 101 110 115 116 117 121 126 127 129 134 135 137 139 140 143 144 145 148 150 151 152 155 156 160 161 162 164 166 168 171 172 176 179 182 183 184 186 188 192 193 194 196 201 202 204 206 207 208 209 212 213 215 217 221 224 225 226 227 229 233 234 235 238 241 242 243 244 248 249
15 35 16 17 18 19 20 21 22 23 24 25 26 27 28 29 30 31 32 33 66 34 35 36 37 38 39 40 41 42 43 44 45 46 47 48 49 50 51 52 53 54 55 56 57 58 59 60 61 62 63 64 65 130 131 67 68 69 70 71 72 73 74 75 76 77 78 79 80 81 82 83 84 85 86 87 88 89 90 91 92 93 94 95 96 97 98 99 100 101 102 103 104 105 106 107 108 109 110 111 112 113 114 115 116 117 118 119 120 121 122 123 124 125 126 127 128 129 132 133 134 135 136 137 138 139 140 141 142 143 144 145 146 147 148 149 150 151 152 153 154 155 156 157 158 159 160 161 162 163 164 165 166 167 168 169 170 171 172 173 174 175 176 177 178 179 180 181 182 183 184 185 186 187 188 189 190 191 192 193 194 195 196 197 198 199 200 201 202 203 204 205 206 207 208 209 210 211 212 213 214 215 216 217 218 219 220 221 222 223 224 225 226 227 228 229 230 231 232 233 234 235 236 237 238 239 240 241 242 243 244 245 246 247 248 249 250
16 78 18 19 21 24 25 26 28 33 34 39 42 43 48 50 51 52 55 58 62 63 131 70 77 80 83 84 90 91 94 95 96 99 101 110 115 117 121 126 129 135 137 139 140 143 144 145 148 150 151 152 155 156 160 162 164 166 168 171 172 176 179 182 183 184 186 188 193 194 196 201 202 204 206 207 208 209 212 213 215 217 224 225 226 227 229 233 234 235 238 241 242 243 244 248 249
17 24 18 19 21 24 25 26 28 33 34 35 36 37 39 40 42 43 46 48 49 50 51 52 54 55 58 61 62 63 131 67 69 70 72 76 77 80 81 82 83 84 86 87 89 90 91 92 94 95 96 97 98 99 100 101 102 105 110 112 114 115 116 117 121 123 125 126 127 129 134 135 136 137 139 140 143 144 145 146 148 150 151 152 155 156 159 160 161 162 164 166 168 171 172 174 176 177 178 179 181 182 183 184 186 188 190 192 193 194 196 198 200 201 202 203 204 206 207 208 209 211 212 213 215 217 218 220 221 222 223 224 225 226 227 229 230 231 233 234 235 236 238 240 241 242 243 244 248 249 250
18 95 19 20 21 22 23 24 25 26 27 28 29 30 31 32 33 66 34 35 36 37 38 39 40 41 42 43 44 45 46 47 48 49 50 51 52 53 54 55 56 57 58 59 60 61 62 63 64 65 130 131 67 68 69 70 71 72 73 74 75 76 77 78 79 80 81 82 83 84 85 86 87 88 89 90 91 92 93 94 95 96 97 98 99 100 101 102 103 104 105 106 107 108 109 110 111 112 113 114 115 116 117 118 119 120 121 122 123 124 125 126 127 128 129 132 133 134 135 136 137 138 139 140 141 142 143 144 145 146 147 148 149 150 151 152 153 154 155 156 157 158 159 160 161 162 163 164 165 166 167 168 169 170 171 172 173 174 175 176 177 178 179 180 181 182 183 184 185 186 187 188 189 190 191 192 193 194 195 196 197 198 199 200 201 202 203 204 205 206 207 208 209 210 211 212 213 214 215 216 217 218 219 220 221 222 223 224 225 226 227 228 229 230 231 232 233 234 235 236 237 238 239 240 241 242 243 244 245 246 247 248 249 250
19 96 20 21 22 23 24 25 26 27 28 29 31 32 33 34 35 36 37 39 40 41 42 43 44 46 47 48 49 50 51 52 53 54 55 56 57 58 59 60 61 62 63 130 131 67 68 69 70 71 72 73 74 76 77 78 80 81 82 83 84 86 87 88 89 90 91 92 93 94 95 96 97 98 99 100 101 102 103 104 105 106 108 110 112 113 114 115 116 117 118 119 120 121 122 123 125 126 127 128 129 132 133 134 135 136 137 138 139 140 141 142 143 144 145 146 147 148 150 151 152 154 155 156 157 158 159 160 161 162 163 164 165 166 167 168 170 171 172 173 174 175 176 177 178 179 180 181 182 183 184 185 186 187 188 189 190 191 192 193 194 195 196 198 199 200 201 202 203 204 205 206 207 208 209 210 211 212 213 214 215 216 217 218 220 221 222 223 224 225 226 227 229 230 231 232 233 234 235 236 238 239 240 241 242 243 244 245 246 247 248 249 250
20 81 21 24 25 26 28 33 34 35 36 39 42 43 48 49 50 51 52 55 58 62 63 131 69 70 77 80 83 84 89 90 91 92 94 95 96 99 101 110 115 116 117 121 126 127 129 134 135 137 139 140 143 144 145 148 150 151 152 155 156 159 160 161 162 164 166 168 171 172 176 179 182 183 184 186 188 190 192 193 194 196 201 202 203 204 206 207 208 209 212 213 215 217 221 224 225 226 227 229 230 231 233 234 235 238 241 242 243 244 248 249 250
21 86 22 23 24 25 26 27 28 29 30 31 32 33 66 34 35 36 37 38 39 40 41 42 43 44 45 46 47 48 49 50 51 52 53 54 55 56 57 58 59 60 61 62 63 64 65 130 131 67 68 69 70 71 72 73 74 75 76 77 78 79 80 81 82 83 84 85 86 87 88 89 90 91 92 93 94 95 96 97 98 99 100 101 102 103 104 105 106 107 108 109 110 111 112 113 114 115 116 117 118 119 120 121 122 123 124 125 126 127 128 129 132 133 134 135 136 137 138 139 140 141 142 143 144 145 146 147 148 149 150 151 152 153 154 155 156 157 158 159 160 161 162 163 164 165 166 167 168 169 170 171 172 173 174 175 176 177 178 179 180 181 182 183 184 185 186 187 188 189 190 191 192 193 194 195 196 197 198 199 200 201 202 203 204 205 206 207 208 209 210 211 212 213 214 215 216 217 218 219 220 221 222 223 224 225 226 227 228 229 230 231 232 233 234 235 236 237 238 239 240 241 242 243 244 245 246 247 248 249 250
22 75 24 25 28 33 34 39 43 48 50 51 52 55 58 62 63 131 70 80 83 84 90 91 94 95 96 99 101 110 115 117 121 126 129 135 137 139 140 143 145 148 150 152 155 156 160 162 164 166 171 172 176 179 182 183 186 188 194 202 204 206 207 208 212 213 215 217 224 225 226 227 229 233 234 238 242 243 248 249
23 36 24 25 26 28 33 34 35 39 42 43 48 50 51 52 55 58 62 63 131 70 77 80 83 84 90 91 94 95 96 99 101 110 115 116 117 121 126 127 129 134 135 137 139 140 143 144 145 148 150 151 152 155 156 160 161 162 164 166 168 171 172 176 179 182 183 184 186 188 192 193 194 196 201 202 204 206 207 208 209 212 213 215 217 221 224 225 226 227 229 233 234 235 238 241 242 243 244 248 249
24 21 25 26 27 28 29 31 32 33 34 35 36 37 39 40 42 43 46 47 48 49 50 51 52 53 54 55 56 57 58 59 60 61 62 63 131 67 68 69 70 71 72 73 76 77 78 80 81 82 83 84 86 87 88 89 90 91 92 94 95 96 97 98 99 100 101 102 104 105 106 108 110 112 114 115 116 117 118 119 120 121 122 123 125 126 127 128 129 133 134 135 136 137 138 139 140 142 143 144 145 146 147 148 150 151 152 154 155 156 158 159 160 161 162 163 164 165 166 167 168 170 171 172 173 174 176 177 178 179 180 181 182 183 184 185 186 187 188 189 190 191 192 193 194 195 196 198 199 200 201 202 203 204 205 206 207 208 209 210 211 212 213 214 215 216 217 218 220 221 222 223 224 225 226 227 229 230 231 232 233 234 235 236 238 239 240 241 242 243 244 245 246 247 248 249 250
25 48 26 27 28 29 30 31 32 33 34 35 36 37 38 39 40 41 42 43 44 45 46 47 48 49 50 51 52 53 54 55 56 57 58 59 60 61 62 63 130 131 67 68 69 70 71 72 73 74 75 76 77 78 80 81 82 83 84 85 86 87 88 89 90 91 92 93 94 95 96 97 98 99 100 101 102 103 104 105 106 108 110 112 113 114 115 116 117 118 119 120 121 122 123 124 125 126 127 128 129 132 133 134 135 136 137 138 139 140 141 142 143 144 145 146 147 148 149 150 151 152 153 154 155 156 157 158 159 160 161 162 163 164 165 166 167 168 170 171 172 173 174 175 176 177 178 179 180 181 182 183 184 185 186 187 188 189 190 191 192 193 194 195 196 198 199 200 201 202 203 204 205 206 207 208 209 210 211 212 213 214 215 216 217 218 220 221 222 223 224 225 226 227 229 230 231 232 233 234 235 236 237 238 239 240 241 242 243 244 245 246 247 248 249 250
26 28 27 28 29 31 32 33 34 35 36 37 39 40 42 43 46 48 49 50 51 52 53 54 55 56 58 59 60 61 62 63 131 67 68 69 70 71 72 73 76 77 78 80 81 82 83 84 86 87 88 89 90 91 92 94 95 96 97 98 99 100 101 102 105 106 108 110 112 114 115 116 117 118 119 120 121 122 123 125 126 127 128 129 133 134 135 136 137 138 139 140 142 143 144 145 146 148 150 151 152 154 155 156 159 160 161 162 163 164 165 166 167 168 170 171 172 173 174 176 177 178 179 180 181 182 183 184 185 186 187 188 189 190 191 192 193 194 195 196 198 199 200 201 202 203 204 205 206 207 208 209 210 211 212 213 215 216 217 218 220 221 222 223 224 225 226 227 229 230 231 232 233 234 235 236 238 239 240 241 242 243 244 245 246 247 248 249 250
27 95 28 33 34 35 39 42 43 48 49 50 51 52 55 58 62 63 131 69 70 77 80 83 84 90 91 92 94 95 96 99 101 110 115 116 117 121 126 127 129 134 135 137 139 140 143 144 145 148 150 151 152 155 156 159 160 161 162 164 166 168 171 172 176 179 182 183 184 186 188 192 193 194 196 201 202 203 204 206 207 208 209 212 213 215 217 221 224 225 226 227 229 230 231 233 234 235 238 241 242 243 244 248 249
28 62 29 30 31 32 33 66 34 35 36 37 38 39 40 41 42 43 44 45 46 47 48 49 50 51 52 53 54 55 56 57 58 59 60 61 62 63 64 65 130 131 67 68 69 70 71 72 73 74 75 76 77 78 79 80 81 82 83 84 85 86 87 88 89 90 91 92 93 94 95 96 97 98 99 100 101 102 103 104 105 106 107 108 109 110 111 112 113 114 115 116 117 118 119 120 121 122 123 124 125 126 127 128 129 132 133 134 135 136 137 138 139 140 141 142 143 144 145 146 147 148 149 150 151 152 153 154 155 156 157 158 159 160 161 162 163 164 165 166 167 168 169 170 171 172 173 174 175 176 177 178 179 180 181 182 183 184 185 186 187 188 189 190 191 192 193 194 195 196 197 198 199 200 201 202 203 204 205 206 207 208 209 210 211 212 213 214 215 216 217 218 219 220 221 222 223 224 225 226 227 228 229 230 231 232 233 234 235 236 237 238 239 240 241 242 243 244 245 246 247 248 249 250
29 91 33 34 35 36 39 40 42 43 48 49 50 51 52 54 55 58 62 63 131 67 69 70 77 80 83 84 86 89 90 91 92 94 95 96 97 98 99 101 110 115 116 117 121 125 126 127 129 134 135 137 139 140 143 144 145 148 150 151 152 155 156 159 160 161 162 164 166 168 171 172 174 176 177 179 181 182 183 184 186 188 190 192 193 194 196 198 201 202 203 204 206 207 208 209 212 213 215 217 221 224 225 226 227 229 230 231 233 234 235 238 241 242 243 244 248 249 250
30 40 33 34 39 43 48 50 51 52 55 58 63 131 70 80 83 84 90 91 94 95 96 101 115 117 121 126 129 135 139 140 143 145 148 150 152 156 160 162 164 166 171 172 176 179 182 183 188 194 204 206 207 208 212 213 215 217 224 225 226 227 229 234 242 243 248 249
31 26 33 34 35 36 39 42 43 48 49 50 51 52 55 58 62 63 131 69 70 77 80 83 84 89 90 91 92 94 95 96 99 101 110 115 116 117 121 126 127 129 134 135 137 139 140 143 144 145 148 150 151 152 155 156 159 160 161 162 164 166 168 171 172 176 179 182 183 184 186 188 190 192 193 194 196 201 202 203 204 206 207 208 209 212 213 215 217 221 224 225 226 227 229 230 231 233 234 235 238 241 242 243 244 248 249 250
32 88 33 34 39 42 43 48 50 51 52 55 58 62 63 131 70 77 80 83 84 90 91 94 95 96 99 101 110 115 117 121 126 129 135 137 139 140 143 144 145 148 150 151 152 155 156 160 162 164 166 168 171 172 176 179 182 183 184 186 188 193 194 196 201 202 204 206 207 208 209 212 213 215 217 224 225 226 227 229 233 234 235 238 241 242 243 244 248 249
33 43 66 34 35 36 37 38 39 40 41 42 43 44 45 46 47 48 49 50 51 52 53 54 55 56 57 58 59 60 61 62 63 64 65 130 131 67 68 69 70 71 72 73 74 75 76 77 78 79 80 81 82 83 84 85 86 87 88 89 90 91 92 93 94 95 96 97 98 99 100 101 102 103 104 105 106 107 108 109 110 111 112 113 114 115 116 117 118 119 120 121 122 123 124 125 126 127 128 129 132 133 134 135 136 137 138 139 140 141 142 143 144 145 146 147 148 149 150 151 152 153 154 155 156 157 158 159 160 161 162 163 164 165 166 167 168 169 170 171 172 173 174 175 176 177 178 179 180 181 182 183 184 185 186 187 188 189 190 191 192 193 194 195 196 197 198 199 200 201 202 203 204 205 206 207 208 209 210 211 212 213 214 215 216 217 218 219 220 221 222 223 224 225 226 227 228 229 230 231 232 233 234 235 236 237 238 239 240 241 242 243 244 245 246 247 248 249 250
34 45 66 35 36 37 38 39 40 41 42 43 44 45 46 47 48 49 50 51 52 53 54 55 56 57 58 59 60 61 62 63 64 65 130 131 67 68 69 70 71 72 73 74 75 76 77 78 79 80 81 82 83 84 85 86 87 88 89 90 91 92 93 94 95 96 97 98 99 100 101 102 103 104 105 106 107 108 109 110 111 112 113 114 115 116 117 118 119 120 121 122 123 124 125 126 127 128 129 132 133 134 135 136 137 138 139 140 141 142 143 144 145 146 147 148 149 150 151 152 153 154 155 156 157 158 159 160 161 162 163 164 165 166 167 168 169 170 171 172 173 174 175 176 177 178 179 180 181 182 183 184 185 186 187 188 189 190 191 192 193 194 195 196 197 198 199 200 201 202 203 204 205 206 207 208 209 210 211 212 213 214 215 216 217 218 219 220 221 222 223 224 225 226 227 228 229 230 231 232 233 234 235 236 237 238 239 240 241 242 243 244 245 246 247 248 249 250
35 22 36 37 39 40 42 43 46 48 49 50 51 52 53 54 55 56 58 59 60 61 62 63 131 67 68 69 70 71 72 73 76 77 80 81 82 83 84 86 87 89 90 91 92 94 95 96 97 98 99 100 101 102 105 106 110 112 114 115 116 117 118 119 120 121 122 123 125 126 127 129 134 135 136 137 139 140 142 143 144 145 146 148 150 151 152 154 155 156 159 160 161 162 163 164 165 166 167 168 171 172 174 176 177 178 179 181 182 183 184 185 186 188 190 191 192 193 194 195 196 198 199 200 201 202 203 204 205 206 207 208 209 210 211 212 213 215 217 218 220 221 222 223 224 225 226 227 229 230 231 232 233 234 235 236 238 239 240 241 242 243 244 245 246 247 248 249 250
36 54 37 39 40 42 43 46 48 49 50 51 52 54 55 58 59 60 61 62 63 131 67 69 70 71 72 76 77 80 81 82 83 84 86 87 89 90 91 92 94 95 96 97 98 99 100 101 102 105 106 110 112 114 115 116 117 119 121 123 125 126 127 129 134 135 136 137 139 140 142 143 144 145 146 148 150 151 152 154 155 156 159 160 161 162 164 166 168 171 172 174 176 177 178 179 181 182 183 184 185 186 188 190 192 193 194 196 198 199 200 201 202 203 204 205 206 207 208 209 210 211 212 213 215 217 218 220 221 222 223 224 225 226 227 229 230 231 232 233 234 235 236 238 239 240 241 242 243 244 247 248 249 250
37 28 39 40 42 43 48 49 50 51 52 54 55 58 62 63 131 67 69 70 77 80 83 84 86 89 90 91 92 94 95 96 97 98 99 100 101 102 105 110 114 115 116 117 121 125 126 127 129 134 135 137 139 140 143 144 145 148 150 151 152 155 156 159 160 161 162 164 166 168 171 172 174 176 177 179 181 182 183 184 186 188 190 192 193 194 196 198 201 202 203 204 206 207 208 209 211 212 213 215 217 218 221 223 224 225 226 227 229 230 231 233 234 235 238 241 242 243 244 248 249 250
38 48 39 43 48 50 51 52 55 58 63 131 70 80 83 90 91 94 95 96 101 115 117 121 126 129 135 139 140 143 148 150 152 156 160 162 164 166 171 172 176 179 182 183 188 194 204 206 207 208 212 213 217 224 225 226 227 229 234 242 243 248 249
39 88 66 40 41 42 43 44 45 46 47 48 49 50 51 52 53 54 55 56 57 58 59 60 61 62 63 64 65 130 131 67 68 69 70 71 72 73 74 75 76 77 78 79 80 81 82 83 84 85 86 87 88 89 90 91 92 93 94 95 96 97 98 99 100 101 102 103 104 105 106 107 108 109 110 111 112 113 114 115 116 117 118 119 120 121 122 123 124 125 126 127 128 129 132 133 134 135 136 137 138 139 140 141 142 143 144 145 146 147 148 149 150 151 152 153 154 155 156 157 158 159 160 161 162 163 164 165 166 167 168 169 170 171 172 173 174 175 176 177 178 179 180 181 182 183 184 185 186 187 188 189 190 191 192 193 194 195 196 197 198 199 200 201 202 203 204 205 206 207 208 209 210 211 212 213 214 215 216 217 218 219 220 221 222 223 224 225 226 227 228 229 230 231 232 233 234 235 236 237 238 239 240 241 242 243 244 245 246 247 248 249 250
40 80 42 43 46 48 49 50 51 52 54 55 58 60 61 62 63 131 67 69 70 72 76 77 80 81 82 83 84 86 87 89 90 91 92 94 95 96 97 98 99 100 101 102 105 106 110 112 114 115 116 117 121 123 125 126 127 129 134 135 136 137 139 140 143 144 145 146 148 150 151 152 154 155 156 159 160 161 162 164 166 168 171 172 174 176 177 178 179 181 182 183 184 185 186 188 190 192 193 194 196 198 199 200 201 202 203 204 206 207 208 209 210 211 212 213 215 217 218 220 221 222 223 224 225 226 227 229 230 231 233 234 235 236 238 240 241 242 243 244 248 249 250
41 35 43 48 50 51 52 55 58 62 63 131 70 80 83 84 90 91 94 95 96 99 101 110 115 117 121 126 129 135 139 140 143 145 148 150 152 155 156 160 162 164 166 171 172 176 179 182 183 188 194 202 204 206 207 208 212 213 215 217 224 225 226 227 229 233 234 238 242 243 248 249
42 81 43 46 48 49 50 51 52 53 54 55 56 58 59 60 61 62 63 131 67 68 69 70 71 72 73 76 77 80 81 82 83 84 86 87 88 89 90 91 92 94 95 96 97 98 99 100 101 102 105 106 108 110 112 114 115 116 117 118 119 120 121 122 123 125 126 127 128 129 134 135 136 137 139 140 142 143 144 145 146 148 150 151 152 154 155 156 159 160 161 162 163 164 165 166 167 168 170 171 172 174 176 177 178 179 181 182 183 184 185 186 188 189 190 191 192 193 194 195 196 198 199 200 201 202 203 204 205 206 207 208 209 210 211 212 213 215 217 218 220 221 222 223 224 225 226 227 229 230 231 232 233 234 235 236 238 239 240 241 242 243 244 245 246 247 248 249 250
43 69 66 44 45 46 47 48 49 50 51 52 53 54 55 56 57 58 59 60 61 62 63 64 65 130 131 67 68 69 70 71 72 73 74 75 76 77 78 79 80 81 82 83 84 85 86 87 88 89 90 91 92 93 94 95 96 97 98 99 100 101 102 103 104 105 106 107 108 109 110 111 112 113 114 115 116 117 118 119 120 121 122 123 124 125 126 127 128 129 132 133 134 135 136 137 138 139 140 141 142 143 144 145 146 147 148 149 150 151 152 153 154 155 156 157 158 159 160 161 162 163 164 165 166 167 168 169 170 171 172 173 174 175 176 177 178 179 180 181 182 183 184 185 186 187 188 189 190 191 192 193 194 195 196 197 198 199 200 201 202 203 204 205 206 207 208 209 210 211 212 213 214 215 216 217 218 219 220 221 222 223 224 225 226 227 228 229 230 231 232 233 234 235 236 237 238 239 240 241 242 243 244 245 246 247 248 249 250
44 94 48 50 51 52 55 58 63 131 70 80 83 84 90 91 94 95 96 101 115 117 121 126 129 135 139 140 143 145 148 150 152 156 160 162 164 166 171 172 176 179 182 183 188 194 204 206 207 208 212 213 215 217 224 225 226 227 229 234 242 243 248 249
45 96 48 50 51 52 55 58 63 131 70 80 83 84 90 91 94 95 96 101 115 117 121 126 129 135 139 140 143 148 150 152 156 160 162 164 166 171 172 176 179 182 183 188 194 204 206 207 208 212 213 215 217 224 225 226 227 229 234 242 243 248 249
46 95 48 49 50 51 52 54 55 58 62 63 131 67 69 70 77 80 83 84 86 89 90 91 92 94 95 96 97 98 99 101 102 105 110 115 116 117 121 125 126 127 129 134 135 137 139 140 143 144 145 148 150 151 152 155 156 159 160 161 162 164 166 168 171 172 174 176 177 179 181 182 183 184 186 188 190 192 193 194 196 198 201 202 203 204 206 207 208 209 211 212 213 215 217 218 221 223 224 225 226 227 229 230 231 233 234 235 238 241 242 243 244 248 249 250
47 67 48 50 51 52 55 58 62 63 131 70 80 83 84 90 91 94 95 96 99 101 110 115 117 121 126 129 135 137 139 140 143 145 148 150 152 155 156 160 162 164 166 171 172 176 179 182 183 184 186 188 193 194 196 202 204 206 207 208 212 213 215 217 224 225 226 227 229 233 234 235 238 242 243 248 249
48 30 66 49 50 51 52 53 54 55 56 57 58 59 60 61 62 63 64 65 130 131 67 68 69 70 71 72 73 74 75 76 77 78 79 80 81 82 83 84 85 86 87 88 89 90 91 92 93 94 95 96 97 98 99 100 101 102 103 104 105 106 107 108 109 110 111 112 113 114 115 116 117 118 119 120 121 122 123 124 125 126 127 128 129 132 133 134 135 136 137 138 139 140 141 142 143 144 145 146 147 148 149 150 151 152 153 154 155 156 157 158 159 160 161 162 163 164 165 166 167 168 169 170 171 172 173 174 175 176 177 178 179 180 181 182 183 184 185 186 187 188 189 190 191 192 193 194 195 196 197 198 199 200 201 202 203 204 205 206 207 208 209 210 211 212 213 214 215 216 217 218 219 220 221 222 223 224 225 226 227 228 229 230 231 232 233 234 235 236 237 238 239 240 241 242 243 244 245 246 247 248 249 250
49 29 50 51 52 54 55 58 59 60 61 62 63 131 67 69 70 71 72 76 77 80 81 82 83 84 86 87 89 90 91 92 94 95 96 97 98 99 100 101 102 105 106 110 112 114 115 116 117 119 121 123 125 126 127 129 134 135 136 137 139 140 142 143 144 145 146 148 150 151 152 154 155 156 159 160 161 162 164 165 166 168 171 172 174 176 177 178 179 181 182 183 184 185 186 188 190 192 193 194 196 198 199 200 201 202 203 204 205 206 207 208 209 210 211 212 213 215 217 218 220 221 222 223 224 225 226 227 229 230 231 232 233 234 235 236 238 239 240 241 242 243 244 247 248 249 250
50 59 66 51 52 53 54 55 56 57 58 59 60 61 62 63 64 65 130 131 67 68 69 70 71 72 73 74 75 76 77 78 79 80 81 82 83 84 85 86 87 88 89 90 91 92 93 94 95 96 97 98 99 100 101 102 103 104 105 106 107 108 109 110 111 112 113 114 115 116 117 118 119 120 121 122 123 124 125 126 127 128 129 132 133 134 135 136 137 138 139 140 141 142 143 144 145 146 147 148 149 150 151 152 153 154 155 156 157 158 159 160 161 162 163 164 165 166 167 168 169 170 171 172 173 174 175 176 177 178 179 180 181 182 183 184 185 186 187 188 189 190 191 192 193 194 195 196 197 198 199 200 201 202 203 204 205 206 207 208 209 210 211 212 213 214 215 216 217 218 219 220 221 222 223 224 225 226 227 229 230 231 232 233 234 235 236 237 238 239 240 241 242 243 244 245 246 247 248 249 250
51 40 66 52 53 54 55 56 57 58 59 60 61 62 63 64 65 130 131 67 68 69 70 71 72 73 74 75 76 77 78 79 80 81 82 83 84 85 86 87 88 89 90 91 92 93 94 95 96 97 98 99 100 101 102 103 104 105 106 107 108 109 110 111 112 113 114 115 116 117 118 119 120 121 122 123 124 125 126 127 128 129 132 133 134 135 136 137 138 139 140 141 142 143 144 145 146 147 148 149 150 151 152 153 154 155 156 157 158 159 160 161 162 163 164 165 166 167 168 169 170 171 172 173 174 175 176 177 178 179 180 181 182 183 184 185 186 187 188 189 190 191 192 193 194 195 196 197 198 199 200 201 202 203 204 205 206 207 208 209 210 211 212 213 214 215 216 217 218 220 221 222 223 224 225 226 227 229 230 231 232 233 234 235 236 237 238 239 240 241 242 243 244 245 246 247 248 249 250
52 65 66 53 54 55 56 57 58 59 60 61 62 63 64 65 130 131 67 68 69 70 71 72 73 74 75 76 77 78 79 80 81 82 83 84 85 86 87 88 89 90 91 92 93 94 95 96 97 98 99 100 101 102 103 104 105 106 107 108 109 110 111 112 113 114 115 116 117 118 119 120 121 122 123 124 125 126 127 128 129 132 133 134 135 136 137 138 139 140 141 142 143 144 145 146 147 148 149 150 151 152 153 154 155 156 157 158 159 160 161 162 163 164 165 166 167 168 169 170 171 172 173 174 175 176 177 178 179 180 181 182 183 184 185 186 187 188 189 190 191 192 193 194 195 196 197 198 199 200 201 202 203 204 205 206 207 208 209 210 211 212 213 214 215 216 217 218 219 220 221 222 223 224 225 226 227 228 229 230 231 232 233 234 235 236 237 238 239 240 241 242 243 244 245 246 247 248 249 250
53 31 55 58 62 63 131 70 77 80 83 84 90 91 94 95 96 99 101 110 115 116 117 121 126 129 134 135 137 139 140 143 144 145 148 150 151 152 155 156 160 161 162 164 166 168 171 172 176 179 182 183 184 186 188 193 194 196 201 202 204 206 207 208 209 212 213 215 217 224 225 226 227 229 233 234 235 238 241 242 243 244 248 249
54 74 55 58 60 61 62 63 131 67 69 70 72 76 77 80 81 82 83 84 86 87 89 90 91 92 94 95 96 97 98 99 100 101 102 105 110 112 114 115 116 117 121 123 125 126 127 129 134 135 136 137 139 140 143 144 145 146 148 150 151 152 155 156 159 160 161 162 164 166 168 171 172 174 176 177 178 179 181 182 183 184 185 186 188 190 192 193 194 196 198 200 201 202 203 204 206 207 208 209 211 212 213 215 217 218 220 221 222 223 224 225 226 227 229 230 231 233 234 235 236 238 240 241 242 243 244 248 249 250
55 39 66 56 57 58 59 60 61 62 63 64 65 130 131 67 68 69 70 71 72 73 74 75 76 77 78 79 80 81 82 83 84 85 86 87 88 89 90 91 92 93 94 95 96 97 98 99 100 101 102 103 104 105 106 107 108 109 110 111 112 113 114 115 116 117 118 119 120 121 122 123 124 125 126 127 128 129 132 133 134 135 136 137 138 139 140 141 142 143 144 145 146 147 148 149 150 151 152 153 154 155 156 157 158 159 160 161 162 163 164 165 166 167 168 169 170 171 172 173 174 175 176 177 178 179 180 181 182 183 184 185 186 187 188 189 190 191 192 193 194 195 196 197 198 199 200 201 202 203 204 205 206 207 208 209 210 211 212 213 214 215 216 217 218 219 220 221 222 223 224 225 226 227 228 229 230 231 232 233 234 235 236 237 238 239 240 241 242 243 244 245 246 247 248 249 250
56 57 58 62 63 131 70 77 80 83 84 90 91 94 95 96 99 101 110 115 116 117 121 126 129 134 135 137 139 140 143 144 145 148 150 151 152 155 156 160 161 162 164 166 168 171 172 176 179 182 183 184 186 188 193 194 196 201 202 204 206 207 208 209 212 213 215 217 224 225 226 227 229 233 234 235 238 241 242 243 244 248 249
57 95 58 62 63 131 70 80 83 84 90 91 94 95 96 99 101 110 115 117 121 126 129 135 137 139 140 143 145 148 150 152 155 156 160 162 164 166 171 172 176 179 182 183 188 194 202 204 206 207 208 212 213 215 217 224 225 226 227 229 233 234 238 242 243 248 249
58 46 66 59 60 61 62 63 64 65 130 131 67 68 69 70 71 72 73 74 75 76 77 78 80 81 82 83 84 85 86 87 88 89 90 91 92 93 94 95 96 97 98 99 100 101 102 103 104 105 106 107 108 109 110 112 113 114 115 116 117 118 119 120 121 122 123 124 125 126 127 128 129 132 133 134 135 136 137 138 139 140 141 142 143 144 145 146 147 148 149 150 151 152 153 154 155 156 157 158 159 160 161 162 163 164 165 166 167 168 170 171 172 173 174 175 176 177 178 179 180 181 182 183 184 185 186 187 188 189 190 191 192 193 194 195 196 197 198 199 200 201 202 203 204 205 206 207 208 209 210 211 212 213 214 215 216 217 218 220 221 222 223 224 225 226 227 229 230 231 232 233 234 235 236 237 238 239 240 241 242 243 244 245 246 247 248 249 250
59 32 62 63 131 69 70 77 80 83 84 89 90 91 92 94 95 96 99 101 110 115 116 117 121 126 127 129 134 135 137 139 140 143 144 145 148 150 151 152 155 156 159 160 161 162 164 166 168 171 172 176 179 182 183 184 186 188 190 192 193 194 196 201 202 203 204 206 207 208 209 212 213 215 217 221 224 225 226 227 229 230 231 233 234 235 238 241 242 243 244 248 249 250
60 82 62 63 131 67 69 70 77 80 83 84 86 89 90 91 92 94 95 96 97 98 99 101 110 115 116 117 121 125 126 127 129 134 135 137 139 140 143 144 145 148 150 151 152 155 156 159 160 161 162 164 166 168 171 172 174 176 177 179 181 182 183 184 186 188 190 192 193 194 196 198 201 202 203 204 206 207 208 209 211 212 213 215 217 221 224 225 226 227 229 230 231 233 234 235 238 241 242 243 244 248 249 250
61 55 62 63 131 67 69 70 76 77 80 81 83 84 86 87 89 90 91 92 94 95 96 97 98 99 100 101 102 105 110 112 114 115 116 117 121 125 126 127 129 134 135 137 139 140 143 144 145 146 148 150 151 152 155 156 159 160 161 162 164 166 168 171 172 174 176 177 178 179 181 182 183 184 186 188 190 192 193 194 196 198 200 201 202 203 204 206 207 208 209 211 212 213 215 217 218 220 221 222 223 224 225 226 227 229 230 231 233 234 235 236 238 241 242 243 244 248 249 250
62 36 63 131 67 68 69 70 71 72 73 74 76 77 78 80 81 82 83 84 86 87 88 89 90 91 92 93 94 95 96 97 98 99 100 101 102 103 104 105 106 108 110 112 113 114 115 116 117 118 119 120 121 122 123 125 126 127 128 129 132 133 134 135 136 137 138 139 140 142 143 144 145 146 147 148 150 151 152 154 155 156 157 158 159 160 161 162 163 164 165 166 167 168 170 171 172 173 174 175 176 177 178 179 180 181 182 183 184 185 186 187 188 189 190 191 192 193 194 195 196 198 199 200 201 202 203 204 205 206 207 208 209 210 211 212 213 214 215 216 217 218 220 221 222 223 224 225 226 227 229 230 231 232 233 234 235 236 238 239 240 241 242 243 244 245 246 247 248 249 250
63 47 66 64 65 130 131 67 68 69 70 71 72 73 74 75 76 77 78 79 80 81 82 83 84 85 86 87 88 89 90 91 92 93 94 95 96 97 98 99 100 101 102 103 104 105 106 107 108 109 110 111 112 113 114 115 116 117 118 119 120 121 122 123 124 125 126 127 128 129 132 133 134 135 136 137 138 139 140 141 142 143 144 145 146 147 148 149 150 151 152 153 154 155 156 157 158 159 160 161 162 163 164 165 166 167 168 169 170 171 172 173 174 175 176 177 178 179 180 181 182 183 184 185 186 187 188 189 190 191 192 193 194 195 196 197 198 199 200 201 202 203 204 205 206 207 208 209 210 211 212 213 214 215 216 217 218 219 220 221 222 223 224 225 226 227 229 230 231 232 233 234 235 236 237 238 239 240 241 242 243 244 245 246 247 248 249 250
64 85 131 70 80 83 90 91 94 95 96 101 115 121 126 129 135 139 140 143 148 150 152 156 160 164 171 172 176 179 182 183 188 194 204 206 207 208 212 213 217 224 225 226 227 229 248 249
65 80 131 70 80 83 90 91 94 95 96 101 115 121 126 129 135 139 140 143 148 150 152 156 160 164 171 172 176 179 182 183 188 194 204 206 207 208 212 213 217 224 225 226 227 229 248 249
66 36 131 70 80 83 90 91 94 95 96 101 115 121 126 129 135 139 140 143 148 150 152 156 160 164 171 172 176 179 182 183 188 194 204 206 207 208 212 213 217 224 225 226 227 229 248 249
67 31 131 69 70 72 76 77 80 81 82 83 84 86 87 89 90 91 92 94 95 96 97 98 99 100 101 102 105 110 112 114 115 116 117 121 123 125 126 127 129 134 135 136 137 139 140 143 144 145 146 148 150 151 152 155 156 159 160 161 162 164 166 168 171 172 174 176 177 178 179 181 182 183 184 185 186 188 190 192 193 194 196 198 200 201 202 203 204 206 207 208 209 211 212 213 215 217 218 220 221 222 223 224 225 226 227 229 230 231 233 234 235 236 238 240 241 242 243 244 248 249 250
68 40 131 69 70 77 80 83 84 90 91 94 95 96 99 101 110 115 116 117 121 126 127 129 134 135 137 139 140 143 144 145 148 150 151 152 155 156 160 161 162 164 166 168 171 172 176 179 182 183 184 186 188 192 193 194 196 201 202 204 206 207 208 209 212 213 215 217 221 224 225 226 227 229 233 234 235 238 241 242 243 244 248 249
69 82 131 70 71 72 76 77 80 81 82 83 84 86 87 89 90 91 92 94 95 96 97 98 99 100 101 102 105 106 110 112 114 115 116 117 119 121 123 125 126 127 129 134 135 136 137 139 140 142 143 144 145 146 148 150 151 152 154 155 156 159 160 161 162 164 165 166 168 171 172 174 176 177 178 179 181 182 183 184 185 186 188 190 191 192 193 194 196 198 199 200 201 202 203 204 205 206 207 208 209 210 211 212 213 215 217 218 220 221 222 223 224 225 226 227 229 230 231 232 233 234 235 236 238 239 240 241 242 243 244 247 248 249 250
70 53 130 131 71 72 73 74 75 76 77 78 79 80 81 82 83 84 85 86 87 88 89 90 91 92 93 94 95 96 97 98 99 100 101 102 103 104 105 106 107 108 109 110 111 112 113 114 115 116 117 118 119 120 121 122 123 124 125 126 127 128 129 132 133 134 135 136 137 138 139 140 141 142 143 144 145 146 147 148 149 150 151 152 153 154 155 156 157 158 159 160 161 162 163 164 165 166 167 168 169 170 171 172 173 174 175 176 177 178 179 180 181 182 183 184 185 186 187 188 189 190 191 192 193 194 195 196 197 198 199 200 201 202 203 204 205 206 207 208 209 210 211 212 213 214 215 216 217 218 219 220 221 222 223 224 225 226 227 228 229 230 231 232 233 234 235 236 237 238 239 240 241 242 243 244 245 246 247 248 249 250
71 59 131 77 80 83 84 90 91 92 94 95 96 99 101 110 115 116 117 121 126 127 129 134 135 137 139 140 143 144 145 148 150 151 152 155 156 159 160 161 162 164 166 168 171 172 176 179 182 183 184 186 188 192 193 194 196 201 202 203 204 206 207 208 209 212 213 215 217 221 224 225 226 227 229 230 231 233 234 235 238 241 242 243 244 248 249
72 57 131 77 80 83 84 86 89 90 91 92 94 95 96 97 98 99 100 101 102 105 110 114 115 116 117 121 125 126 127 129 134 135 137 139 140 143 144 145 148 150 151 152 155 156 159 160 161 162 164 166 168 171 172 174 176 177 179 181 182 183 184 186 188 190 192 193 194 196 198 200 201 202 203 204 206 207 208 209 211 212 213 215 217 218 221 223 224 225 226 227 229 230 231 233 234 235 238 241 242 243 244 248 249 250
73 31 131 77 80 83 84 90 91 94 95 96 99 101 110 115 116 117 121 126 129 134 135 137 139 140 143 144 145 148 150 151 152 155 156 160 161 162 164 166 168 171 172 176 179 182 183 184 186 188 193 194 196 201 202 204 206 207 208 209 212 213 215 217 221 224 225 226 227 229 233 234 235 238 241 242 243 244 248 249
74 82 131 80 83 84 90 91 94 95 96 101 110 115 117 121 126 129 135 139 140 143 145 148 150 152 155 156 160 162 164 166 171 172 176 179 182 183 188 194 202 204 206 207 208 212 213 215 217 224 225 226 227 229 233 234 238 242 243 248 249
75 72 131 80 83 90 91 94 95 96 101 115 117 121 126 129 135 139 140 143 148 150 152 156 160 164 171 172 176 179 182 183 188 194 204 206 207 208 212 213 217 224 225 226 227 229 234 248 249
76 38 131 77 80 83 84 86 87 89 90 91 92 94 95 96 97 98 99 100 101 102 105 110 112 114 115 116 117 121 125 126 127 129 134 135 137 139 140 143 144 145 148 150 151 152 155 156 159 160 161 162 164 166 168 171 172 174 176 177 179 181 182 183 184 186 188 190 192 193 194 196 198 200 201 202 203 204 206 207 208 209 211 212 213 215 217 218 220 221 223 224 225 226 227 229 230 231 233 234 235 236 238 241 242 243 244 248 249 250
77 69 131 78 80 81 82 83 84 86 87 88 89 90 91 92 94 95 96 97 98 99 100 101 102 105 106 108 110 112 114 115 116 117 118 119 120 121 122 123 125 126 127 128 129 133 134 135 136 137 138 139 140 142 143 144 145 146 148 150 151 152 154 155 156 159 160 161 162 163 164 165 166 167 168 170 171 172 173 174 176 177 178 179 180 181 182 183 184 185 186 187 188 189 190 191 192 193 194 195 196 198 199 200 201 202 203 204 205 206 207 208 209 210 211 212 213 215 216 217 218 220 221 222 223 224 225 226 227 229 230 231 232 233 234 235 236 238 239 240 241 242 243 244 245 246 247 248 249 250
78 53 131 80 83 84 90 91 94 95 96 99 101 110 115 117 121 126 129 135 137 139 140 143 144 145 148 150 151 152 155 156 160 162 164 166 171 172 176 179 182 183 184 186 188 193 194 196 202 204 206 207 208 209 212 213 215 217 224 225 226 227 229 233 234 235 238 242 243 248 249
79 74 131 80 83 90 95 96 101 115 121 126 129 135 139 143 148 150 152 156 160 164 171 172 176 179 182 183 194 204 206 207 208 212 213 217 224 225 226 227 229 248 249
80 79 130 131 81 82 83 84 85 86 87 88 89 90 91 92 93 94 95 96 97 98 99 100 101 102 103 104 105 106 107 108 109 110 111 112 113 114 115 116 117 118 119 120 121 122 123 124 125 126 127 128 129 132 133 134 135 136 137 138 139 140 141 142 143 144 145 146 147 148 149 150 151 152 153 154 155 156 157 158 159 160 161 162 163 164 165 166 167 168 169 170 171 172 173 174 175 176 177 178 179 180 181 182 183 184 185 186 187 188 189 190 191 192 193 194 195 196 197 198 199 200 201 202 203 204 205 206 207 208 209 210 211 212 213 214 215 216 217 218 219 220 221 222 223 224 225 226 227 228 229 230 231 232 233 234 235 236 237 238 239 240 241 242 243 244 245 246 247 248 249 250
81 97 131 83 84 86 87 89 90 91 92 94 95 96 97 98 99 100 101 102 105 110 112 114 115 116 117 121 125 126 127 129 134 135 137 139 140 143 144 145 148 150 151 152 155 156 159 160 161 162 164 166 168 171 172 174 176 177 178 179 181 182 183 184 186 188 190 192 193 194 196 198 200 201 202 203 204 206 207 208 209 211 212 213 215 217 218 220 221 222 223 224 225 226 227 229 230 231 233 234 235 236 238 241 242 243 244 248 249 250
82 42 131 83 84 86 89 90 91 92 94 95 96 97 98 99 101 102 110 115 116 117 121 125 126 127 129 134 135 137 139 140 143 144 145 148 150 151 152 155 156 159 160 161 162 164 166 168 171 172 174 176 177 179 181 182 183 184 186 188 190 192 193 194 196 198 201 202 203 204 206 207 208 209 211 212 213 215 217 218 221 223 224 225 226 227 229 230 231 233 234 235 238 241 242 243 244 248 249 250
83 49 130 131 84 85 86 87 88 89 90 91 92 93 94 95 96 97 98 99 100 101 102 103 104 105 106 107 108 109 110 111 112 113 114 115 116 117 118 119 120 121 122 123 124 125 126 127 128 129 132 133 134 135 136 137 138 139 140 141 142 143 144 145 146 147 148 149 150 151 152 153 154 155 156 157 158 159 160 161 162 163 164 165 166 167 168 169 170 171 172 173 174 175 176 177 178 179 180 181 182 183 184 185 186 187 188 189 190 191 192 193 194 195 196 197 198 199 200 201 202 203 204 205 206 207 208 209 210 211 212 213 214 215 216 217 218 219 220 221 222 223 224 225 226 227 228 229 230 231 232 233 234 235 236 237 238 239 240 241 242 243 244 245 246 247 248 249 250
84 74 130 131 85 86 87 88 89 90 91 92 93 94 95 96 97 98 99 100 101 102 103 104 105 106 108 110 112 113 114 115 116 117 118 119 120 121 122 123 124 125 126 127 128 129 132 133 134 135 136 137 138 139 140 141 142 143 144 145 146 147 148 149 150 151 152 153 154 155 156 157 158 159 160 161 162 163 164 165 166 167 168 170 171 172 173 174 175 176 177 178 179 180 181 182 183 184 185 186 187 188 189 190 191 192 193 194 195 196 198 199 200 201 202 203 204 205 206 207 208 209 210 211 212 213 214 215 216 217 218 220 221 222 223 224 225 226 227 229 230 231 232 233 234 235 236 237 238 239 240 241 242 243 244 245 246 247 248 249 250
85 86 131 90 91 94 95 96 101 115 117 121 126 129 135 139 140 143 145 148 150 152 156 160 162 164 166 171 172 176 179 182 183 188 194 204 206 207 208 212 213 215 217 224 225 226 227 229 234 242 243 248 249
86 37 131 87 89 90 91 92 94 95 96 97 98 99 100 101 102 105 106 110 112 114 115 116 117 121 123 125 126 127 129 134 135 136 137 139 140 143 144 145 146 148 150 151 152 154 155 156 159 160 161 162 164 166 168 171 172 174 176 177 178 179 181 182 183 184 185 186 188 190 192 193 194 196 198 199 200 201 202 203 204 206 207 208 209 210 211 212 213 215 217 218 220 221 222 223 224 225 226 227 229 230 231 233 234 235 236 238 239 240 241 242 243 244 247 248 249 250
87 89 131 89 90 91 92 94 95 96 97 98 99 100 101 102 105 110 112 114 115 116 117 121 125 126 127 129 134 135 137 139 140 143 144 145 146 148 150 151 152 155 156 159 160 161 162 164 166 168 171 172 174 176 177 178 179 181 182 183 184 186 188 190 192 193 194 196 198 200 201 202 203 204 206 207 208 209 211 212 213 215 217 218 220 221 222 223 224 225 226 227 229 230 231 233 234 235 236 238 241 242 243 244 248 249 250
88 63 131 90 91 94 95 96 99 101 110 115 116 117 121 126 129 135 137 139 140 143 144 145 148 150 151 152 155 156 160 161 162 164 166 168 171 172 176 179 182 183 184 186 188 193 194 196 201 202 204 206 207 208 209 212 213 215 217 224 225 226 227 229 233 234 235 238 241 242 243 244 248 249
89 75 131 90 91 92 94 95 96 97 98 99 100 101 102 105 106 110 112 114 115 116 117 121 123 125 126 127 129 134 135 136 137 139 140 142 143 144 145 146 148 150 151 152 154 155 156 159 160 161 162 164 166 168 171 172 174 176 177 178 179 181 182 183 184 185 186 188 190 192 193 194 196 198 199 200 201 202 203 204 205 206 207 208 209 210 211 212 213 215 217 218 220 221 222 223 224 225 226 227 229 230 231 233 234 235 236 238 239 240 241 242 243 244 247 248 249 250
90 84 130 131 91 92 93 94 95 96 97 98 99 100 101 102 103 104 105 106 107 108 109 110 111 112 113 114 115 116 117 118 119 120 121 122 123 124 125 126 127 128 129 132 133 134 135 136 137 138 139 140 141 142 143 144 145 146 147 148 149 150 151 152 153 154 155 156 157 158 159 160 161 162 163 164 165 166 167 168 169 170 171 172 173 174 175 176 177 178 179 180 181 182 183 184 185 186 187 188 189 190 191 192 193 194 195 196 197 198 199 200 201 202 203 204 205 206 207 208 209 210 211 212 213 214 215 216 217 218 219 220 221 222 223 224 225 226 227 228 229 230 231 232 233 234 235 236 237 238 239 240 241 242 243 244 245 246 247 248 249 250
91 38 130 131 92 93 94 95 96 97 98 99 100 101 102 103 104 105 106 107 108 109 110 112 113 114 115 116 117 118 119 120 121 122 123 124 125 126 127 128 129 132 133 134 135 136 137 138 139 140 141 142 143 144 145 146 147 148 149 150 151 152 153 154 155 156 157 158 159 160 161 162 163 164 165 166 167 168 170 171 172 173 174 175 176 177 178 179 180 181 182 183 184 185 186 187 188 189 190 191 192 193 194 195 196 197 198 199 200 201 202 203 204 205 206 207 208 209 210 211 212 213 214 215 216 217 218 220 221 222 223 224 225 226 227 229 230 231 232 233 234 235 236 237 238 239 240 241 242 243 244 245 246 247 248 249 250
92 42 131 94 95 96 97 98 99 100 101 102 105 106 110 112 114 115 116 117 119 121 123 125 126 127 129 134 135 136 137 139 140 142 143 144 145 146 148 150 151 152 154 155 156 159 160 161 162 164 165 166 168 171 172 174 176 177 178 179 181 182 183 184 185 186 188 190 191 192 193 194 196 198 199 200 201 202 203 204 205 206 207 208 209 210 211 212 213 215 217 218 220 221 222 223 224 225 226 227 229 230 231 232 233 234 235 236 238 239 240 241 242 243 244 247 248 249 250
93 59 131 94 95 96 99 101 110 115 117 121 126 129 135 139 140 143 145 148 150 152 155 156 160 162 164 166 171 172 176 179 182 183 188 194 202 204 206 207 208 212 213 215 217 224 225 226 227 229 233 234 238 242 243 248 249
94 80 130 131 95 96 97 98 99 100 101 102 103 104 105 106 108 109 110 112 113 114 115 116 117 118 119 120 121 122 123 124 125 126 127 128 129 132 133 134 135 136 137 138 139 140 141 142 143 144 145 146 147 148 149 150 151 152 153 154 155 156 157 158 159 160 161 162 163 164 165 166 167 168 170 171 172 173 174 175 176 177 178 179 180 181 182 183 184 185 186 187 188 189 190 191 192 193 194 195 196 198 199 200 201 202 203 204 205 206 207 208 209 210 211 212 213 214 215 216 217 218 220 221 222 223 224 225 226 227 229 230 231 232 233 234 235 236 237 238 239 240 241 242 243 244 245 246 247 248 249 250
95 23 130 131 96 97 98 99 100 101 102 103 104 105 106 107 108 109 110 111 112 113 114 115 116 117 118 119 120 121 122 123 124 125 126 127 128 129 132 133 134 135 136 137 138 139 140 141 142 143 144 145 146 147 148 149 150 151 152 153 154 155 156 157 158 159 160 161 162 163 164 165 166 167 168 169 170 171 172 173 174 175 176 177 178 179 180 181 182 183 184 185 186 187 188 189 190 191 192 193 194 195 196 197 198 199 200 201 202 203 204 205 206 207 208 209 210 211 212 213 214 215 216 217 218 219 220 221 222 223 224 225 226 227 228 229 230 231 232 233 234 235 236 237 238 239 240 241 242 243 244 245 246 247 248 249 250
96 20 130 131 97 98 99 100 101 102 103 104 105 106 107 108 109 110 111 112 113 114 115 116 117 118 119 120 121 122 123 124 125 126 127 128 129 132 133 134 135 136 137 138 139 140 141 142 143 144 145 146 147 148 149 150 151 152 153 154 155 156 157 158 159 160 161 162 163 164 165 166 167 168 169 170 171 172 173 174 175 176 177 178 179 180 181 182 183 184 185 186 187 188 189 190 191 192 193 194 195 196 197 198 199 200 201 202 203 204 205 206 207 208 209 210 211 212 213 214 215 216 217 218 219 220 221 222 223 224 225 226 227 228 229 230 231 232 233 234 235 236 237 238 239 240 241 242 243 244 245 246 247 248 249 250
97 95 131 98 99 100 101 102 105 106 110 112 114 115 116 117 121 123 125 126 127 129 134 135 136 137 139 140 143 144 145 146 148 150 151 152 154 155 156 159 160 161 162 164 166 168 171 172 174 176 177 178 179 181 182 183 184 185 186 188 190 192 193 194 196 198 199 200 201 202 203 204 206 207 208 209 210 211 212 213 215 217 218 220 221 222 223 224 225 226 227 229 230 231 233 234 235 236 238 239 240 241 242 243 244 247 248 249 250
98 46 131 99 100 101 102 105 110 112 114 115 116 117 121 123 125 126 127 129 134 135 136 137 139 140 143 144 145 146 148 150 151 152 155 156 159 160 161 162 164 166 168 171 172 174 176 177 178 179 181 182 183 184 185 186 188 190 192 193 194 196 198 200 201 202 203 204 206 207 208 209 211 212 213 215 217 218 220 221 222 223 224 225 226 227 229 230 231 233 234 235 236 238 240 241 242 243 244 248 249 250
99 98 131 100 101 102 104 105 106 108 110 112 114 115 116 117 118 119 120 121 122 123 125 126 127 128 129 132 133 134 135 136 137 138 139 140 142 143 144 145 146 147 148 150 151 152 154 155 156 158 159 160 161 162 163 164 165 166 167 168 170 171 172 173 174 175 176 177 178 179 180 181 182 183 184 185 186 187 188 189 190 191 192 193 194 195 196 198 199 200 201 202 203 204 205 206 207 208 209 210 211 212 213 214 215 216 217 218 220 221 222 223 224 225 226 227 229 230 231 232 233 234 235 236 238 239 240 241 242 243 244 245 246 247 248 249 250
100 97 131 101 102 105 110 112 114 115 116 117 121 125 126 127 129 134 135 137 139 140 143 144 145 146 148 150 151 152 155 156 159 160 161 162 164 166 168 171 172 174 176 177 178 179 181 182 183 184 186 188 190 192 193 194 196 198 200 201 202 203 204 206 207 208 209 211 212 213 215 217 218 220 221 222 223 224 225 226 227 229 230 231 233 234 235 236 238 240 241 242 243 244 248 249 250
101 64 130 131 102 103 104 105 106 107 108 109 110 111 112 113 114 115 116 117 118 119 120 121 122 123 124 125 126 127 128 129 132 133 134 135 136 137 138 139 140 141 142 143 144 145 146 147 148 149 150 151 152 153 154 155 156 157 158 159 160 161 162 163 164 165 166 167 168 169 170 171 172 173 174 175 176 177 178 179 180 181 182 183 184 185 186 187 188 189 190 191 192 193 194 195 196 197 198 199 200 201 202 203 204 205 206 207 208 209 210 211 212 213 214 215 216 217 218 219 220 221 222 223 224 225 226 227 228 229 230 231 232 233 234 235 236 237 238 239 240 241 242 243 244 245 246 247 248 249 250
102 66 131 105 110 112 114 115 116 117 121 123 125 126 127 129 134 135 136 137 139 140 143 144 145 146 148 150 151 152 155 156 159 160 161 162 164 166 168 171 172 174 176 177 178 179 181 182 183 184 185 186 188 190 192 193 194 196 198 200 201 202 203 204 206 207 208 209 211 212 213 215 217 218 220 221 222 223 224 225 226 227 229 230 231 233 234 235 236 238 240 241 242 243 244 248 249 250
103 84 131 110 115 117 121 126 129 135 139 140 143 145 148 150 152 155 156 160 162 164 166 171 172 176 179 182 183 188 194 202 204 206 207 208 212 213 215 217 224 225 226 227 229 233 234 238 242 243 248 249
104 24 131 110 115 117 121 126 129 135 137 139 140 143 145 148 150 152 155 156 160 162 164 166 171 172 176 179 182 183 184 186 188 193 194 196 202 204 206 207 208 212 213 215 217 224 225 226 227 229 233 234 235 238 242 243 248 249
105 25 131 110 112 114 115 116 117 121 123 125 126 127 129 134 135 136 137 139 140 143 144 145 146 148 150 151 152 155 156 159 160 161 162 164 166 168 171 172 174 176 177 178 179 181 182 183 184 186 188 190 192 193 194 196 198 200 201 202 203 204 206 207 208 209 211 212 213 215 217 218 220 221 222 223 224 225 226 227 229 230 231 233 234 235 236 238 240 241 242 243 244 248 249 250
106 20 131 110 115 116 117 121 125 126 127 129 134 135 137 139 140 143 144 145 148 150 151 152 155 156 159 160 161 162 164 166 168 171 172 174 176 177 179 181 182 183 184 186 188 190 192 193 194 196 201 202 203 204 206 207 208 209 212 213 215 217 221 224 225 226 227 229 230 231 233 234 235 238 241 242 243 244 248 249 250
107 68 131 115 121 126 129 135 139 140 143 148 150 152 156 160 164 171 172 176 179 182 183 194 204 206 207 208 212 213 217 224 225 226 227 229 248 249
108 32 131 110 115 117 121 126 129 135 137 139 140 143 144 145 148 150 151 152 155 156 160 162 164 166 171 172 176 179 182 183 184 186 188 193 194 196 202 204 206 207 208 209 212 213 215 217 224 225 226 227 229 233 234 235 238 241 242 243 244 248 249
109 38 131 115 121 126 129 135 139 140 143 148 150 152 156 160 164 171 172 176 179 182 183 188 194 204 206 207 208 212 213 217 224 225 226 227 229 248 249
110 48 130 131 112 113 114 115 116 117 118 119 120 121 122 123 125 126 127 128 129 132 133 134 135 136 137 138 139 140 142 143 144 145 146 147 148 150 151 152 154 155 156 157 158 159 160 161 162 163 164 165 166 167 168 170 171 172 173 174 175 176 177 178 179 180 181 182 183 184 185 186 187 188 189 190 191 192 193 194 195 196 198 199 200 201 202 203 204 205 206 207 208 209 210 211 212 213 214 215 216 217 218 220 221 222 223 224 225 226 227 229 230 231 232 233 234 235 236 238 239 240 241 242 243 244 245 246 247 248 249 250
111 27 131 115 121 126 129 135 139 143 148 150 152 156 160 164 171 172 176 179 182 183 194 204 206 207 208 212 213 217 224 225 226 227 229 248 249
112 74 131 114 115 116 117 121 125 126 127 129 134 135 137 139 140 143 144 145 146 148 150 151 152 155 156 159 160 161 162 164 166 168 171 172 174 176 177 178 179 181 182 183 184 186 188 190 192 193 194 196 198 200 201 202 203 204 206 207 208 209 211 212 213 215 217 218 220 221 222 223 224 225 226 227 229 230 231 233 234 235 236 238 241 242 243 244 248 249 250
113 86 131 115 117 121 126 129 135 139 140 143 145 148 150 152 155 156 160 162 164 166 171 172 176 179 182 183 188 194 202 204 206 207 208 212 213 215 217 224 225 226 227 229 234 238 242 243 248 249
114 54 131 115 116 117 121 125 126 127 129 134 135 137 139 140 143 144 145 146 148 150 151 152 155 156 159 160 161 162 164 166 168 171 172 174 176 177 178 179 181 182 183 184 186 188 190 192 193 194 196 198 200 201 202 203 204 206 207 208 209 211 212 213 215 217 218 220 221 222 223 224 225 226 227 229 230 231 233 234 235 236 238 240 241 242 243 244 248 249 250
115 81 130 131 116 117 118 119 120 121 122 123 124 125 126 127 128 129 132 133 134 135 136 137 138 139 140 141 142 143 144 145 146 147 148 149 150 151 152 153 154 155 156 157 158 159 160 161 162 163 164 165 166 167 168 169 170 171 172 173 174 175 176 177 178 179 180 181 182 183 184 185 186 187 188 189 190 191 192 193 194 195 196 197 198 199 200 201 202 203 204 205 206 207 208 209 210 211 212 213 214 215 216 217 218 219 220 221 222 223 224 225 226 227 228 229 230 231 232 233 234 235 236 237 238 239 240 241 242 243 244 245 246 247 248 249 250
116 73 131 117 118 119 120 121 122 123 125 126 127 129 134 135 136 137 139 140 142 143 144 145 146 148 150 151 152 154 155 156 159 160 161 162 163 164 165 166 167 168 171 172 174 176 177 178 179 181 182 183 184 185 186 188 190 191 192 193 194 195 196 198 199 200 201 202 203 204 205 206 207 208 209 210 211 212 213 215 217 218 220 221 222 223 224 225 226 227 229 230 231 232 233 234 235 236 238 239 240 241 242 243 244 245 246 247 248 249 250
117 77 130 131 118 119 120 121 122 123 124 125 126 127 128 129 132 133 134 135 136 137 138 139 140 141 142 143 144 145 146 147 148 149 150 151 152 153 154 155 156 157 158 159 160 161 162 163 164 165 166 167 168 170 171 172 173 174 175 176 177 178 179 180 181 182 183 184 185 186 187 188 189 190 191 192 193 194 195 196 198 199 200 201 202 203 204 205 206 207 208 209 210 211 212 213 214 215 216 217 218 220 221 222 223 224 225 226 227 229 230 231 232 233 234 235 236 237 238 239 240 241 242 243 244 245 246 247 248 249 250
118 40 131 121 126 129 134 135 137 139 140 143 144 145 148 150 151 152 155 156 160 161 162 164 166 168 171 172 176 179 182 183 184 186 188 193 194 196 201 202 204 206 207 208 209 212 213 215 217 221 224 225 226 227 229 233 234 235 238 241 242 243 244 248 249
119 48 131 121 126 127 129 134 135 137 139 140 143 144 145 148 150 151 152 155 156 159 160 161 162 164 166 168 171 172 176 179 182 183 184 186 188 192 193 194 196 201 202 203 204 206 207 208 209 212 213 215 217 221 224 225 226 227 229 230 231 233 234 235 238 241 242 243 244 248 249
120 81 131 121 126 129 134 135 137 139 140 143 144 145 148 150 151 152 155 156 160 161 162 164 166 168 171 172 176 179 182 183 184 186 188 193 194 196 201 202 204 206 207 208 209 212 213 215 217 224 225 226 227 229 233 234 235 238 241 242 243 244 248 249
121 86 130 131 122 123 124 125 126 127 128 129 132 133 134 135 136 137 138 139 140 141 142 143 144 145 146 147 148 149 150 151 152 153 154 155 156 157 158 159 160 161 162 163 164 165 166 167 168 169 170 171 172 173 174 175 176 177 178 179 180 181 182 183 184 185 186 187 188 189 190 191 192 193 194 195 196 197 198 199 200 201 202 203 204 205 206 207 208 209 210 211 212 213 214 215 216 217 218 219 220 221 222 223 224 225 226 227 228 229 230 231 232 233 234 235 236 237 238 239 240 241 242 243 244 245 246 247 248 249 250
122 59 131 126 127 129 134 135 137 139 140 143 144 145 148 150 151 152 155 156 160 161 162 164 166 168 171 172 176 179 182 183 184 186 188 192 193 194 196 201 202 204 206 207 208 209 212 213 215 217 221 224 225 226 227 229 233 234 235 238 241 242 243 244 248 249
123 87 131 125 126 127 129 134 135 137 139 140 143 144 145 148 150 151 152 155 156 159 160 161 162 164 166 168 171 172 174 176 177 179 181 182 183 184 186 188 190 192 193 194 196 198 201 202 203 204 206 207 208 209 211 212 213 215 217 218 221 223 224 225 226 227 229 230 231 233 234 235 238 241 242 243 244 248 249 250
124 60 131 126 129 135 139 140 143 148 150 152 156 160 162 164 166 171 172 176 179 182 183 188 194 204 206 207 208 212 213 215 217 224 225 226 227 229 234 242 243 248 249
125 27 131 126 127 129 134 135 136 137 139 140 143 144 145 146 148 150 151 152 154 155 156 159 160 161 162 164 166 168 171 172 174 176 177 178 179 181 182 183 184 185 186 188 190 192 193 194 196 198 200 201 202 203 204 206 207 208 209 210 211 212 213 215 217 218 220 221 222 223 224 225 226 227 229 230 231 233 234 235 236 238 240 241 242 243 244 248 249 250
126 81 130 131 127 128 129 132 133 134 135 136 137 138 139 140 141 142 143 144 145 146 147 148 149 150 151 152 153 154 155 156 157 158 159 160 161 162 163 164 165 166 167 168 169 170 171 172 173 174 175 176 177 178 179 180 181 182 183 184 185 186 187 188 189 190 191 192 193 194 195 196 197 198 199 200 201 202 203 204 205 206 207 208 209 210 211 212 213 214 215 216 217 218 219 220 221 222 223 224 225 226 227 228 229 230 231 232 233 234 235 236 237 238 239 240 241 242 243 244 245 246 247 248 249 250
127 22 131 129 134 135 136 137 139 140 142 143 144 145 146 148 150 151 152 154 155 156 159 160 161 162 163 164 165 166 168 171 172 174 176 177 178 179 181 182 183 184 185 186 188 190 191 192 193 194 195 196 198 199 200 201 202 203 204 205 206 207 208 209 210 211 212 213 215 217 218 220 221 222 223 224 225 226 227 229 230 231 232 233 234 235 236 238 239 240 241 242 243 244 245 247 248 249 250
128 29 131 129 135 137 139 140 143 144 145 148 150 151 152 155 156 160 162 164 166 171 172 176 179 182 183 184 186 188 193 194 196 202 204 206 207 208 209 212 213 215 217 224 225 226 227 229 233 234 235 238 241 242 243 244 248 249
129 62 130 131 132 133 134 135 136 137 138 139 140 141 142 143 144 145 146 147 148 149 150 151 152 153 154 155 156 157 158 159 160 161 162 163 164 165 166 167 168 169 170 171 172 173 174 175 176 177 178 179 180 181 182 183 184 185 186 187 188 189 190 191 192 193 194 195 196 197 198 199 200 201 202 203 204 205 206 207 208 209 210 211 212 213 214 215 216 217 218 219 220 221 222 223 224 225 226 227 229 230 231 232 233 234 235 236 237 238 239 240 241 242 243 244 245 246 247 248 249 250
130 41 131 135 139 140 143 145 148 150 152 156 160 162 164 166 171 172 176 179 182 183 188 194 204 206 207 208 212 213 215 217 224 225 226 227 229 234 238 242 243 248 249
131 76 132 133 134 135 136 137 138 139 140 141 142 143 144 145 146 147 148 149 150 151 152 153 154 155 156 157 158 159 160 161 162 163 164 165 166 167 168 169 170 171 172 173 174 175 176 177 178 179 180 181 182 183 184 185 186 187 188 189 190 191 192 193 194 195 196 197 198 199 200 201 202 203 204 205 206 207 208 209 210 211 212 213 214 215 216 217 218 219 220 221 222 223 224 225 226 227 228 229 230 231 232 233 234 235 236 237 238 239 240 241 242 243 244 245 246 247 248 249 250
132 57 135 139 140 143 145 148 150 152 155 156 160 162 164 166 171 172 176 179 182 183 188 194 202 204 206 207 208 212 213 215 217 224 225 226 227 229 233 234 238 242 243 248 249
133 31 135 137 139 140 143 144 145 148 150 151 152 155 156 160 162 164 166 171 172 176 179 182 183 184 186 188 193 194 196 202 204 206 207 208 209 212 213 215 217 224 225 226 227 229 233 234 235 238 242 243 248 249
134 79 135 136 137 139 140 142 143 144 145 146 148 150 151 152 154 155 156 159 160 161 162 163 164 165 166 167 168 171 172 174 176 177 178 179 181 182 183 184 185 186 188 190 191 192 193 194 195 196 198 199 200 201 202 203 204 205 206 207 208 209 210 211 212 213 215 217 218 220 221 222 223 224 225 226 227 229 230 231 232 233 234 235 236 238 239 240 241 242 243 244 245 246 247 248 249 250
135 30 136 137 138 139 140 141 142 143 144 145 146 147 148 149 150 151 152 153 154 155 156 157 158 159 160 161 162 163 164 165 166 167 168 169 170 171 172 173 174 175 176 177 178 179 180 181 182 183 184 185 186 187 188 189 190 191 192 193 194 195 196 197 198 199 200 201 202 203 204 205 206 207 208 209 210 211 212 213 214 215 216 217 218 219 220 221 222 223 224 225 226 227 228 229 230 231 232 233 234 235 236 237 238 239 240 241 242 243 244 245 246 247 248 249 250
136 83 137 139 140 143 144 145 148 150 151 152 155 156 159 160 161 162 164 166 168 171 172 174 176 177 179 181 182 183 184 186 188 190 192 193 194 196 198 201 202 203 204 206 207 208 209 211 212 213 215 217 218 221 223 224 225 226 227 229 230 231 233 234 235 238 241 242 243 244 248 249 250
137 29 138 139 140 142 143 144 145 146 147 148 150 151 152 154 155 156 158 159 160 161 162 163 164 165 166 167 168 170 171 172 173 174 176 177 178 179 180 181 182 183 184 185 186 187 188 189 190 191 192 193 194 195 196 198 199 200 201 202 203 204 205 206 207 208 209 210 211 212 213 214 215 216 217 218 220 221 222 223 224 225 226 227 229 230 231 232 233 234 235 236 238 239 240 241 242 243 244 245 246 247 248 249 250
138 65 139 140 143 144 145 148 150 152 155 156 160 162 164 166 171 172 176 179 182 183 184 186 188 193 194 196 202 204 206 207 208 209 212 213 215 217 224 225 226 227 229 233 234 235 238 242 243 248 249
139 97 140 141 142 143 144 145 146 147 148 149 150 151 152 153 154 155 156 157 158 159 160 161 162 163 164 165 166 167 168 169 170 171 172 173 174 175 176 177 178 179 180 181 182 183 184 185 186 187 188 189 190 191 192 193 194 195 196 197 198 199 200 201 202 203 204 205 206 207 208 209 210 211 212 213 214 215 216 217 218 219 220 221 222 223 224 225 226 227 228 229 230 231 232 233 234 235 236 237 238 239 240 241 242 243 244 245 246 247 248 249 250
140 49 141 142 143 144 145 146 147 148 149 150 151 152 153 154 155 156 157 158 159 160 161 162 163 164 165 166 167 168 170 171 172 173 174 175 176 177 178 179 180 181 182 183 184 185 186 187 188 189 190 191 192 193 194 195 196 197 198 199 200 201 202 203 204 205 206 207 208 209 210 211 212 213 214 215 216 217 218 220 221 222 223 224 225 226 227 229 230 231 232 233 234 235 236 237 238 239 240 241 242 243 244 245 246 247 248 249 250
141 52 143 145 148 150 152 156 160 162 164 166 171 172 176 179 182 183 188 194 204 206 207 208 212 213 215 217 224 225 226 227 229 234 242 243 248 249
142 42 143 144 145 148 150 151 152 155 156 159 160 161 162 164 166 168 171 172 176 179 182 183 184 186 188 190 192 193 194 196 201 202 203 204 206 207 208 209 212 213 215 217 221 224 225 226 227 229 230 231 233 234 235 238 241 242 243 244 248 249 250
143 20 144 145 146 147 148 149 150 151 152 153 154 155 156 157 158 159 160 161 162 163 164 165 166 167 168 169 170 171 172 173 174 175 176 177 178 179 180 181 182 183 184 185 186 187 188 189 190 191 192 193 194 195 196 197 198 199 200 201 202 203 204 205 206 207 208 209 210 211 212 213 214 215 216 217 218 219 220 221 222 223 224 225 226 227 228 229 230 231 232 233 234 235 236 237 238 239 240 241 242 243 244 245 246 247 248 249 250
144 85 145 146 148 150 151 152 154 155 156 159 160 161 162 163 164 165 166 167 168 170 171 172 173 174 176 177 178 179 181 182 183 184 185 186 187 188 189 190 191 192 193 194 195 196 198 199 200 201 202 203 204 205 206 207 208 209 210 211 212 213 215 217 218 220 221 222 223 224 225 226 227 229 230 231 232 233 234 235 236 238 239 240 241 242 243 244 245 246 247 248 249 250
145 89 146 147 148 150 151 152 154 155 156 157 158 159 160 161 162 163 164 165 166 167 168 170 171 172 173 174 175 176 177 178 179 180 181 182 183 184 185 186 187 188 189 190 191 192 193 194 195 196 198 199 200 201 202 203 204 205 206 207 208 209 210 211 212 213 214 215 216 217 218 220 221 222 223 224 225 226 227 229 230 231 232 233 234 235 236 238 239 240 241 242 243 244 245 246 247 248 249 250
146 93 148 150 151 152 155 156 159 160 161 162 164 166 168 171 172 174 176 177 179 181 182 183 184 186 188 190 192 193 194 196 198 200 201 202 203 204 206 207 208 209 211 212 213 215 217 218 220 221 223 224 225 226 227 229 230 231 233 234 235 236 238 241 242 243 244 248 249 250
147 39 148 150 152 155 156 160 162 164 166 171 172 176 179 182 183 186 188 193 194 196 202 204 206 207 208 212 213 215 217 224 225 226 227 229 233 234 238 242 243 248 249
148 29 149 150 151 152 153 154 155 156 157 158 159 160 161 162 163 164 165 166 167 168 169 170 171 172 173 174 175 176 177 178 179 180 181 182 183 184 185 186 187 188 189 190 191 192 193 194 195 196 197 198 199 200 201 202 203 204 205 206 207 208 209 210 211 212 213 214 215 216 217 218 219 220 221 222 223 224 225 226 227 228 229 230 231 232 233 234 235 236 237 238 239 240 241 242 243 244 245 246 247 248 249 250
149 33 150 152 156 160 162 164 166 171 172 176 179 182 183 188 194 204 206 207 208 212 213 215 217 224 225 226 227 229 234 242 243 248 249
150 21 151 152 153 154 155 156 157 158 159 160 161 162 163 164 165 166 167 168 169 170 171 172 173 174 175 176 177 178 179 180 181 182 183 184 185 186 187 188 189 190 191 192 193 194 195 196 197 198 199 200 201 202 203 204 205 206 207 208 209 210 211 212 213 214 215 216 217 218 219 220 221 222 223 224 225 226 227 228 229 230 231 232 233 234 235 236 237 238 239 240 241 242 243 244 245 246 247 248 249 250
151 26 152 154 155 156 159 160 161 162 163 164 165 166 167 168 170 171 172 173 174 176 177 178 179 181 182 183 184 185 186 187 188 189 190 191 192 193 194 195 196 198 199 200 201 202 203 204 205 206 207 208 209 210 211 212 213 215 217 218 220 221 222 223 224 225 226 227 229 230 231 232 233 234 235 236 238 239 240 241 242 243 244 245 246 247 248 249 250
152 73 153 154 155 156 157 158 159 160 161 162 163 164 165 166 167 168 169 170 171 172 173 174 175 176 177 178 179 180 181 182 183 184 185 186 187 188 189 190 191 192 193 194 195 196 197 198 199 200 201 202 203 204 205 206 207 208 209 210 211 212 213 214 215 216 217 218 219 220 221 222 223 224 225 226 227 228 229 230 231 232 233 234 235 236 237 238 239 240 241 242 243 244 245 246 247 248 249 250
153 28 156 160 162 164 166 171 172 176 179 182 183 188 194 204 206 207 208 212 213 215 217 224 225 226 227 229 234 242 243 248 249
154 28 155 156 159 160 161 162 164 166 168 171 172 174 176 177 179 181 182 183 184 186 188 190 192 193 194 196 201 202 203 204 206 207 208 209 212 213 215 217 221 224 225 226 227 229 230 231 233 234 235 238 241 242 243 244 248 249 250
155 38 156 157 158 159 160 161 162 163 164 165 166 167 168 170 171 172 173 174 175 176 177 178 179 180 181 182 183 184 185 186 187 188 189 190 191 192 193 194 195 196 198 199 200 201 202 203 204 205 206 207 208 209 210 211 212 213 214 215 216 217 218 220 221 222 223 224 225 226 227 229 230 231 232 233 234 235 236 238 239 240 241 242 243 244 245 246 247 248 249 250
156 33 157 158 159 160 161 162 163 164 165 166 167 168 169 170 171 172 173 174 175 176 177 178 179 180 181 182 183 184 185 186 187 188 189 190 191 192 193 194 195 196 197 198 199 200 201 202 203 204 205 206 207 208 209 210 211 212 213 214 215 216 217 218 219 220 221 222 223 224 225 226 227 228 229 230 231 232 233 234 235 236 237 238 239 240 241 242 243 244 245 246 247 248 249 250
157 96 160 162 164 166 171 172 176 179 182 183 188 194 202 204 206 207 208 212 213 215 217 224 225 226 227 229 234 238 242 243 248 249
158 50 160 162 164 166 171 172 176 179 182 183 186 188 193 194 196 202 204 206 207 208 212 213 215 217 224 225 226 227 229 233 234 238 242 243 248 249
159 73 160 161 162 164 165 166 168 171 172 174 176 177 178 179 181 182 183 184 185 186 188 190 192 193 194 196 198 199 200 201 202 203 204 205 206 207 208 209 210 211 212 213 215 217 218 220 221 222 223 224 225 226 227 229 230 231 232 233 234 235 236 238 239 240 241 242 243 244 247 248 249 250
160 53 161 162 163 164 165 166 167 168 169 170 171 172 173 174 175 176 177 178 179 180 181 182 183 184 185 186 187 188 189 190 191 192 193 194 195 196 197 198 199 200 201 202 203 204 205 206 207 208 209 210 211 212 213 214 215 216 217 218 219 220 221 222 223 224 225 226 227 228 229 230 231 232 233 234 235 236 237 238 239 240 241 242 243 244 245 246 247 248 249 250
161 31 162 163 164 165 166 167 168 171 172 174 176 177 178 179 181 182 183 184 185 186 188 190 191 192 193 194 195 196 198 199 200 201 202 203 204 205 206 207 208 209 210 211 212 213 215 217 218 220 221 222 223 224 225 226 227 229 230 231 232 233 234 235 236 238 239 240 241 242 243 244 245 246 247 248 249 250
162 100 163 164 165 166 167 168 170 171 172 173 174 175 176 177 178 179 180 181 182 183 184 185 186 187 188 189 190 191 192 193 194 195 196 198 199 200 201 202 203 204 205 206 207 208 209 210 211 212 213 214 215 216 217 218 220 221 222 223 224 225 226 227 229 230 231 232 233 234 235 236 237 238 239 240 241 242 243 244 245 246 247 248 249 250
163 27 164 166 168 171 172 176 179 182 183 184 186 188 192 193 194 196 201 202 204 206 207 208 209 212 213 215 217 221 224 225 226 227 229 233 234 235 238 241 242 243 244 248 249
164 85 165 166 167 168 169 170 171 172 173 174 175 176 177 178 179 180 181 182 183 184 185 186 187 188 189 190 191 192 193 194 195 196 197 198 199 200 201 202 203 204 205 206 207 208 209 210 211 212 213 214 215 216 217 218 219 220 221 222 223 224 225 226 227 228 229 230 231 232 233 234 235 236 237 238 239 240 241 242 243 244 245 246 247 248 249 250
165 37 166 168 171 172 176 179 182 183 184 186 188 192 193 194 196 201 202 203 204 206 207 208 209 212 213 215 217 221 224 225 226 227 229 230 231 233 234 235 238 241 242 243 244 248 249
166 42 167 168 170 171 172 173 174 175 176 177 178 179 180 181 182 183 184 185 186 187 188 189 190 191 192 193 194 195 196 198 199 200 201 202 203 204 205 206 207 208 209 210 211 212 213 214 215 216 217 218 220 221 222 223 224 225 226 227 229 230 231 232 233 234 235 236 237 238 239 240 241 242 243 244 245 246 247 248 249 250
167 79 168 171 172 176 179 182 183 184 186 188 193 194 196 201 202 204 206 207 208 209 212 213 215 217 221 224 225 226 227 229 233 234 235 238 241 242 243 244 248 249
168 60 171 172 174 176 177 178 179 181 182 183 184 185 186 188 189 190 191 192 193 194 195 196 198 199 200 201 202 203 204 205 206 207 208 209 210 211 212 213 215 217 218 220 221 222 223 224 225 226 227 229 230 231 232 233 234 235 236 238 239 240 241 242 243 244 245 246 247 248 249 250
169 95 171 172 176 179 182 183 194 204 206 207 208 212 213 217 224 225 226 227 229 248 249
170 21 171 172 176 179 182 183 184 186 188 193 194 196 202 204 206 207 208 209 212 213 215 217 224 225 226 227 229 233 234 235 238 241 242 243 244 248 249
171 87 172 173 174 175 176 177 178 179 180 181 182 183 184 185 186 187 188 189 190 191 192 193 194 195 196 197 198 199 200 201 202 203 204 205 206 207 208 209 210 211 212 213 214 215 216 217 218 219 220 221 222 223 224 225 226 227 228 229 230 231 232 233 234 235 236 237 238 239 240 241 242 243 244 245 246 247 248 249 250
172 34 173 174 175 176 177 178 179 180 181 182 183 184 185 186 187 188 189 190 191 192 193 194 195 196 197 198 199 200 201 202 203 204 205 206 207 208 209 210 211 212 213 214 215 216 217 218 219 220 221 222 223 224 225 226 227 228 229 230 231 232 233 234 235 236 237 238 239 240 241 242 243 244 245 246 247 248 249 250
173 46 176 179 182 183 184 186 188 193 194 196 202 204 206 207 208 209 212 213 215 217 224 225 226 227 229 233 234 235 238 242 243 248 249
174 88 176 177 178 179 181 182 183 184 185 186 188 190 192 193 194 196 198 199 200 201 202 203 204 206 207 208 209 210 211 212 213 215 217 218 220 221 222 223 224 225 226 227 229 230 231 233 234 235 236 238 240 241 242 243 244 248 249 250
175 57 176 179 182 183 188 194 202 204 206 207 208 212 213 215 217 224 225 226 227 229 233 234 238 242 243 248 249
176 41 177 178 179 180 181 182 183 184 185 186 187 188 189 190 191 192 193 194 195 196 197 198 199 200 201 202 203 204 205 206 207 208 209 210 211 212 213 214 215 216 217 218 219 220 221 222 223 224 225 226 227 229 230 231 232 233 234 235 236 237 238 239 240 241 242 243 244 245 246 247 248 249 250
177 66 178 179 181 182 183 184 185 186 188 190 192 193 194 196 198 200 201 202 203 204 206 207 208 209 210 211 212 213 215 217 218 220 221 222 223 224 225 226 227 229 230 231 233 234 235 236 238 240 241 242 243 244 248 249 250
178 38 179 181 182 183 184 186 188 190 192 193 194 196 198 200 201 202 203 204 206 207 208 209 211 212 213 215 217 218 220 221 222 223 224 225 226 227 229 230 231 233 234 235 236 238 241 242 243 244 248 249 250
179 79 180 181 182 183 184 185 186 187 188 189 190 191 192 193 194 195 196 197 198 199 200 201 202 203 204 205 206 207 208 209 210 211 212 213 214 215 216 217 218 219 220 221 222 223 224 225 226 227 228 229 230 231 232 233 234 235 236 237 238 239 240 241 242 243 244 245 246 247 248 249 250
180 27 182 183 184 186 188 193 194 196 202 204 206 207 208 212 213 215 217 224 225 226 227 229 233 234 235 238 242 243 248 249
181 85 182 183 184 185 186 188 190 192 193 194 196 198 200 201 202 203 204 206 207 208 209 210 211 212 213 215 217 218 220 221 222 223 224 225 226 227 229 230 231 233 234 235 236 238 240 241 242 243 244 248 249 250
182 72 183 184 185 186 187 188 189 190 191 192 193 194 195 196 197 198 199 200 201 202 203 204 205 206 207 208 209 210 211 212 213 214 215 216 217 218 219 220 221 222 223 224 225 226 227 228 229 230 231 232 233 234 235 236 237 238 239 240 241 242 243 244 245 246 247 248 249 250
183 83 184 185 186 187 188 189 190 191 192 193 194 195 196 197 198 199 200 201 202 203 204 205 206 207 208 209 210 211 212 213 214 215 216 217 218 219 220 221 222 223 224 225 226 227 228 229 230 231 232 233 234 235 236 237 238 239 240 241 242 243 244 245 246 247 248 249 250
184 82 185 186 187 188 189 190 191 192 193 194 195 196 198 199 200 201 202 203 204 205 206 207 208 209 210 211 212 213 215 216 217 218 220 221 222 223 224 225 226 227 229 230 231 232 233 234 235 236 238 239 240 241 242 243 244 245 246 247 248 249 250
185 94 186 188 190 192 193 194 196 198 201 202 203 204 206 207 208 209 211 212 213 215 217 218 221 223 224 225 226 227 229 230 231 233 234 235 238 241 242 243 244 248 249 250
186 56 187 188 189 190 191 192 193 194 195 196 198 199 200 201 202 203 204 205 206 207 208 209 210 211 212 213 214 215 216 217 218 220 221 222 223 224 225 226 227 229 230 231 232 233 234 235 236 238 239 240 241 242 243 244 245 246 247 248 249 250
187 24 188 193 194 196 202 204 206 207 208 209 212 213 215 217 224 225 226 227 229 233 234 235 238 242 243 248 249
188 83 189 190 191 192 193 194 195 196 197 198 199 200 201 202 203 204 205 206 207 208 209 210 211 212 213 214 215 216 217 218 220 221 222 223 224 225 226 227 229 230 231 232 233 234 235 236 237 238 239 240 241 242 243 244 245 246 247 248 249 250
189 32 193 194 196 201 202 204 206 207 208 209 212 213 215 217 224 225 226 227 229 233 234 235 238 241 242 243 244 248 249
190 49 192 193 194 196 198 199 200 201 202 203 204 205 206 207 208 209 210 211 212 213 215 217 218 220 221 222 223 224 225 226 227 229 230 231 233 234 235 236 238 239 240 241 242 243 244 247 248 249 250
191 78 192 193 194 196 201 202 204 206 207 208 209 212 213 215 217 221 224 225 226 227 229 230 231 233 234 235 238 241 242 243 244 248 249
192 30 193 194 195 196 198 199 200 201 202 203 204 205 206 207 208 209 210 211 212 213 215 217 218 220 221 222 223 224 225 226 227 229 230 231 232 233 234 235 236 238 239 240 241 242 243 244 245 247 248 249 250
193 33 194 195 196 198 199 200 201 202 203 204 205 206 207 208 209 210 211 212 213 214 215 216 217 218 220 221 222 223 224 225 226 227 229 230 231 232 233 234 235 236 238 239 240 241 242 243 244 245 246 247 248 249 250
194 50 195 196 197 198 199 200 201 202 203 204 205 206 207 208 209 210 211 212 213 214 215 216 217 218 219 220 221 222 223 224 225 226 227 228 229 230 231 232 233 234 235 236 237 238 239 240 241 242 243 244 245 246 247 248 249 250
195 37 196 201 202 204 206 207 208 209 212 213 215 217 221 224 225 226 227 229 233 234 235 238 241 242 243 244 248 249
196 49 198 199 200 201 202 203 204 205 206 207 208 209 210 211 212 213 215 216 217 218 220 221 222 223 224 225 226 227 229 230 231 232 233 234 235 236 238 239 240 241 242 243 244 245 246 247 248 249 250
197 25 204 206 207 208 212 213 217 224 225 226 227 229 248 249
198 44 200 201 202 203 204 206 207 208 209 211 212 213 215 217 218 220 221 222 223 224 225 226 227 229 230 231 233 234 235 236 238 240 241 242 243 244 248 249 250
199 86 201 202 203 204 206 207 208 209 212 213 215 217 221 224 225 226 227 229 230 231 233 234 235 238 241 242 243 244 248 249 250
200 22 201 202 203 204 206 207 208 209 211 212 213 215 217 218 220 221 222 223 224 225 226 227 229 230 231 233 234 235 236 238 241 242 243 244 248 249 250
201 54 202 203 204 205 206 207 208 209 210 211 212 213 215 217 218 220 221 222 223 224 225 226 227 229 230 231 232 233 234 235 236 238 239 240 241 242 243 244 245 246 247 248 249 250
202 38 203 204 205 206 207 208 209 210 211 212 213 214 215 216 217 218 220 221 222 223 224 225 226 227 229 230 231 232 233 234 235 236 238 239 240 241 242 243 244 245 246 247 248 249 250
203 81 204 205 206 207 208 209 210 211 212 213 215 217 218 220 221 222 223 224 225 226 227 229 230 231 232 233 234 235 236 238 239 240 241 242 243 244 247 248 249 250
204 77 205 206 207 208 209 210 211 212 213 214 215 216 217 218 219 220 221 222 223 224 225 226 227 228 229 230 231 232 233 234 235 236 237 238 239 240 241 242 243 244 245 246 247 248 249 250
205 39 206 207 208 209 212 213 215 217 221 224 225 226 227 229 230 231 233 234 235 238 241 242 243 244 248 249 250
206 47 207 208 209 210 211 212 213 214 215 216 217 218 219 220 221 222 223 224 225 226 227 228 229 230 231 232 233 234 235 236 237 238 239 240 241 242 243 244 245 246 247 248 249 250
207 22 208 209 210 211 212 213 214 215 216 217 218 219 220 221 222 223 224 225 226 227 228 229 230 231 232 233 234 235 236 237 238 239 240 241 242 243 244 245 246 247 248 249 250
208 51 209 210 211 212 213 214 215 216 217 218 219 220 221 222 223 224 225 226 227 228 229 230 231 232 233 234 235 236 237 238 239 240 241 242 243 244 245 246 247 248 249 250
209 40 210 211 212 213 215 217 218 220 221 222 223 224 225 226 227 229 230 231 232 233 234 235 236 238 239 240 241 242 243 244 245 246 247 248 249 250
210 70 212 213 215 217 221 224 225 226 227 229 230 231 233 234 235 238 241 242 243 244 248 249 250
211 83 212 213 215 217 218 220 221 222 223 224 225 226 227 229 230 231 233 234 235 236 238 240 241 242 243 244 248 249 250
212 86 213 214 215 216 217 218 219 220 221 222 223 224 225 226 227 228 229 230 231 232 233 234 235 236 237 238 239 240 241 242 243 244 245 246 247 248 249 250
213 69 214 215 216 217 218 219 220 221 222 223 224 225 226 227 228 229 230 231 232 233 234 235 236 237 238 239 240 241 242 243 244 245 246 247 248 249 250
214 73 215 217 224 225 226 227 229 233 234 238 242 243 248 249
215 31 216 217 218 220 221 222 223 224 225 226 227 229 230 231 232 233 234 235 236 237 238 239 240 241 242 243 244 245 246 247 248 249 250
216 80 217 224 225 226 227 229 233 234 235 238 242 243 248 249
217 84 218 219 220 221 222 223 224 225 226 227 228 229 230 231 232 233 234 235 236 237 238 239 240 241 242 243 244 245 246 247 248 249 250
218 70 220 221 222 223 224 225 226 227 229 230 231 233 234 235 236 238 240 241 242 243 244 248 249 250
219 55 224 225 226 227 229 248 249
220 68 221 222 223 224 225 226 227 229 230 231 233 234 235 236 238 241 242 243 244 248 249 250
221 27 222 223 224 225 226 227 229 230 231 232 233 234 235 236 238 239 240 241 242 243 244 245 247 248 249 250
222 25 223 224 225 226 227 229 230 231 233 234 235 236 238 241 242 243 244 248 249 250
223 25 224 225 226 227 229 230 231 233 234 235 236 238 240 241 242 243 244 248 249 250
224 27 225 226 227 228 229 230 231 232 233 234 235 236 237 238 239 240 241 242 243 244 245 246 247 248 249 250
225 48 226 227 228 229 230 231 232 233 234 235 236 237 238 239 240 241 242 243 244 245 246 247 248 249 250
226 30 227 229 230 231 232 233 234 235 236 237 238 239 240 241 242 243 244 245 246 247 248 249 250
227 83 228 229 230 231 232 233 234 235 236 237 238 239 240 241 242 243 244 245 246 247 248 249 250
228 42 248 249
229 26 230 231 232 233 234 235 236 237 238 239 240 241 242 243 244 245 246 247 248 249 250
230 63 231 232 233 234 235 236 238 239 240 241 242 243 244 247 248 249 250
231 72 232 233 234 235 236 238 239 240 241 242 243 244 247 248 249 250
232 74 233 234 235 238 241 242 243 244 248 249
233 83 234 235 236 238 239 240 241 242 243 244 245 246 247 248 249 250
234 55 235 236 237 238 239 240 241 242 243 244 245 246 247 248 249 250
235 36 236 238 239 240 241 242 243 244 245 246 247 248 249 250
236 44 238 241 242 243 244 248 249 250
237 95 242 243 248 249
238 81 239 240 241 242 243 244 245 246 247 248 249 250
239 73 241 242 243 244 248 249 250
240 53 241 242 243 244 248 249 250
241 63 242 243 244 245 246 247 248 249 250
242 47 243 244 245 246 247 248 249 250
243 88 244 245 246 247 248 249 250
244 86 245 246 247 248 249 250
245 48 248 249
246 21 248 249
247 89 248 249 250
248 74 249 250
249 70 250
250 63
