500 150
1 36
2 35
3 92
4 88
5 49
6 89
7 23
8 86
9 80
10 65
11 21
12 47
13 55
14 27
15 99
16 35
17 40
18 88
19 45
20 90 23 152 161 199 236 247 282 307 321 381 437 458
21 54
22 40
23 24 36 42 45 48 52 57 58 61 64 70 71 72 74 76 77 78 84 87 90 97 98 99 108 113 123 124 258 136 152 154 155 158 161 164 172 176 191 193 194 195 198 199 218 229 236 242 244 247 249 250 265 278 280 282 283 298 300 305 307 308 311 318 321 323 333 339 344 345 352 354 358 371 372 378 379 381 382 388 389 391 393 401 404 408 409 428 433 434 437 446 448 451 458 460 462 467 469 470 472 479 483 487 489 491 493 495 497 499
24 41
25 91
26 73
27 99
28 59
29 96
30 85
31 72
32 32
33 20
34 36
35 61
36 36 58 70 71 76 78 84 87 98 123 152 158 161 195 199 236 247 278 280 282 307 308 321 339 381 391 393 401 404 409 437 448 458 483 489 491 495
37 39
38 24
39 50
40 94
41 22
42 63 70 76 152 158 161 195 199 236 247 282 307 321 381 404 437 458 491
43 45
44 48
45 27 52 58 61 70 71 72 76 77 78 84 87 98 123 124 152 158 161 164 191 194 195 199 229 236 247 265 278 280 282 300 307 308 321 333 339 345 358 381 382 388 391 393 401 404 409 437 448 458 460 472 483 489 491 495
46 56
47 51
48 56 152 161 199 236 307 437
49 83
50 41
51 49
52 70 58 61 70 71 72 76 77 78 84 87 98 108 123 124 258 152 154 155 158 161 164 191 194 195 199 229 236 244 247 265 278 280 282 300 307 308 318 321 333 339 345 358 381 382 388 391 393 401 404 409 437 448 458 460 469 472 483 489 491 495
53 90
54 75
55 85
56 58
57 47 152 158 161 199 236 247 282 307 321 381 437 458
58 98 61 64 70 71 72 76 77 78 84 87 98 108 113 123 124 258 136 152 154 155 158 161 164 191 194 195 199 229 236 242 244 247 265 278 280 282 298 300 305 307 308 311 318 321 333 339 345 354 358 371 378 379 381 382 388 391 393 401 404 409 428 434 437 446 448 451 458 460 462 467 469 472 479 483 489 491 493 495 499
59 26
60 44
61 31 70 71 72 76 77 78 84 87 98 123 124 152 158 161 164 191 194 195 199 229 236 247 265 278 280 282 300 307 308 321 333 339 345 381 382 388 391 393 401 404 409 437 448 458 460 472 483 489 491 495
62 32
63 36
64 74 70 71 76 78 84 87 98 123 152 158 161 195 199 236 247 282 307 308 321 339 381 391 393 401 404 409 437 448 458 483 491 495
65 48
66 34
67 96
68 36
69 96
70 35 71 72 76 77 78 84 87 98 108 113 123 124 258 136 152 154 155 158 161 164 172 191 193 194 195 199 229 236 242 244 247 265 278 280 282 298 300 305 307 308 311 318 321 333 339 345 354 358 371 372 378 379 381 382 388 391 393 401 404 409 428 434 437 446 448 451 458 460 462 467 469 472 479 483 489 491 493 495 497 499
71 39 72 76 77 78 84 87 98 108 113 123 124 258 152 154 155 158 161 164 191 194 195 199 229 236 242 244 247 265 278 280 282 298 300 305 307 308 311 318 321 333 339 345 358 371 378 381 382 388 391 393 401 404 409 428 437 446 448 451 458 460 462 467 469 472 483 489 491 493 495
72 59 76 77 78 84 87 98 123 124 152 158 161 164 191 194 195 199 229 236 247 265 278 280 282 300 307 308 321 333 339 345 358 381 382 388 391 393 401 404 409 437 448 458 460 472 483 489 491 495
73 38
74 52 152 161 199 236 307 437 458
75 34
76 96 77 78 84 87 98 108 113 123 124 258 136 152 154 155 158 161 164 172 191 193 194 195 199 229 236 242 244 247 265 278 280 282 298 300 305 307 308 311 318 321 333 339 345 354 358 371 372 378 379 381 382 388 391 393 401 404 409 428 434 437 446 448 451 458 460 462 467 469 472 479 483 489 491 493 495 497 499
77 45 78 84 87 98 123 124 258 152 154 158 161 164 191 194 195 199 229 236 247 265 278 280 282 300 307 308 321 333 339 345 358 381 382 388 391 393 401 404 409 437 448 458 460 472 483 489 491 495
78 77 84 87 98 108 113 123 124 258 152 154 155 158 161 164 191 194 195 199 229 236 242 244 247 265 278 280 282 298 300 305 307 308 311 318 321 333 339 345 354 358 371 378 379 381 382 388 391 393 401 404 409 428 434 437 446 448 451 458 460 462 467 469 472 479 483 489 491 493 495 499
79 29
80 59
81 76
82 48
83 95
84 78 87 98 108 113 123 124 258 136 152 154 155 158 161 164 172 191 194 195 199 229 236 242 244 247 265 278 280 282 298 300 305 307 308 311 318 321 333 339 345 354 358 371 378 379 381 382 388 391 393 401 404 409 428 434 437 446 448 451 458 460 462 467 469 472 479 483 489 491 493 495 497 499
85 77
86 60
87 66 98 108 113 123 124 258 152 154 155 158 161 164 191 194 195 199 229 236 242 244 247 265 278 280 282 298 300 305 307 308 311 318 321 333 339 345 354 358 371 378 379 381 382 388 391 393 401 404 409 428 434 437 446 448 451 458 460 462 467 469 472 479 483 489 491 493 495 499
88 68
89 22
90 34 152 158 161 195 199 236 247 282 307 321 381 404 437 458
91 46
92 73
93 92
94 20
95 34
96 39
97 76 152 161 199 236 247 282 307 321 381 437 458
98 100 108 113 123 124 258 152 154 155 158 161 164 191 194 195 199 229 236 242 244 247 265 278 280 282 298 300 305 307 308 311 318 321 333 339 345 358 371 378 381 382 388 391 393 401 404 409 428 437 446 448 451 458 460 462 467 469 472 483 489 491 493 495
99 76 152 161 199 236 307 437
100 24
101 42
102 79
103 72
104 74
105 69
106 27
107 69
108 26 123 152 158 161 164 191 195 199 229 236 247 265 278 280 282 307 308 321 333 339 381 391 393 401 404 409 437 448 458 483 489 491 495
109 97
110 71
111 78
112 67
113 42 123 152 158 161 195 199 229 236 247 278 280 282 307 308 321 339 381 391 393 401 404 409 437 448 458 483 489 491 495
114 62
115 97
116 20
117 43
118 79
119 30
120 81
121 69
122 33
123 47 124 258 152 154 155 158 161 164 191 194 195 199 229 236 242 244 247 265 278 280 282 298 300 305 307 308 311 318 321 333 339 345 354 358 371 378 379 381 382 388 391 393 401 404 409 428 437 446 448 451 458 460 462 467 469 472 479 483 489 491 493 495
124 58 152 158 161 164 191 194 195 199 229 236 247 265 278 280 282 300 307 308 321 333 339 381 382 388 391 393 401 404 409 437 448 458 460 483 489 491 495
125 83
126 28
127 20
128 48
129 29
130 76
131 21
132 69
133 71
134 93
135 67
136 40 152 158 161 195 199 236 247 282 307 321 381 404 437 458 491
137 74
138 49
139 51
140 71
141 27
142 47
143 28
144 100
145 74
146 74
147 95
148 23
149 63
150 38
151 35
152 78 258 154 155 158 161 164 172 176 191 193 194 195 198 199 229 236 242 244 247 249 250 265 278 280 282 298 300 305 307 308 311 318 321 323 333 339 344 345 352 354 358 371 372 378 379 381 382 388 389 391 393 401 404 408 409 428 433 434 437 446 448 451 458 460 462 467 469 470 472 479 483 487 489 491 493 495 497 499
153 27
154 76 158 161 164 191 194 195 199 229 236 247 265 278 280 282 307 308 321 333 339 381 382 388 391 393 401 404 409 437 448 458 460 483 489 491 495
155 52 158 161 164 191 195 199 229 236 247 265 278 280 282 307 308 321 333 339 381 391 393 401 404 409 437 448 458 483 489 491 495
156 93
157 32
158 38 258 161 164 172 176 191 193 194 195 199 229 236 242 244 247 249 265 278 280 282 298 300 305 307 308 311 318 321 333 339 345 354 358 371 372 378 379 381 382 388 391 393 401 404 409 428 434 437 446 448 451 458 460 462 467 469 472 479 483 489 491 493 495 497 499
159 71
160 64
161 83 258 164 172 176 191 193 194 195 198 199 229 236 242 244 247 249 250 265 278 280 282 298 300 305 307 308 311 318 321 323 333 339 344 345 352 354 358 371 372 378 379 381 382 388 389 391 393 401 404 408 409 428 434 437 446 448 451 458 460 462 467 469 470 472 479 483 487 489 491 493 495 497 499
162 49
163 44
164 66 258 191 194 195 199 229 236 244 247 265 278 280 282 300 307 308 318 321 333 339 345 358 381 382 388 391 393 401 404 409 437 448 458 460 469 472 483 489 491 495
165 100
166 21
167 97
168 95
169 51
170 55
171 97
172 28 195 199 236 247 282 307 321 381 404 437 458 491
173 77
174 98
175 65
176 20 199 236 247 282 307 321 381 404 437 458
177 44
178 60
179 38
180 31
181 61
182 81
183 97
184 31
185 41
186 92
187 26
188 96
189 48
190 52
191 49 258 194 195 199 229 236 244 247 265 278 280 282 300 307 308 318 321 333 339 345 358 381 382 388 391 393 401 404 409 437 448 458 460 469 472 483 489 491 495
192 47
193 42 195 199 236 247 282 307 321 381 404 437 458
194 53 195 199 229 236 247 265 278 280 282 300 307 308 321 333 339 345 358 381 382 388 391 393 401 404 409 437 448 458 460 472 483 489 491 495
195 82 258 199 229 236 242 244 247 265 278 280 282 298 300 305 307 308 311 318 321 333 339 345 354 358 371 372 378 379 381 382 388 391 393 401 404 409 428 434 437 446 448 451 458 460 462 467 469 472 479 483 489 491 493 495 497 499
196 99
197 90
198 20 199 236 247 282 307 321 381 437 458
199 41 258 218 229 236 242 244 247 249 250 265 278 280 282 283 298 300 305 307 308 311 318 321 323 333 339 344 345 352 354 358 371 372 378 379 381 382 388 389 391 393 401 404 408 409 428 433 434 437 446 448 451 458 460 462 467 469 470 472 479 483 487 489 491 493 495 497 499
200 88
201 21
202 94
203 87
204 50
205 61
206 84
207 62
208 54
209 89
210 69
211 43
212 52
213 42
214 93
215 64
216 85
217 86
218 42 307
219 64
220 44
221 45
222 82
223 20
224 87
225 27
226 29
227 75
228 55
229 97 258 236 244 247 265 278 280 282 300 307 308 318 321 333 339 345 358 381 382 388 391 393 401 404 409 437 446 448 451 458 460 467 469 472 483 489 491 495
230 20
231 86
232 48
233 24
234 38
235 56
236 25 258 242 244 247 249 250 265 278 280 282 298 300 305 307 308 311 318 321 323 333 339 344 345 352 354 358 371 372 378 379 381 382 388 389 391 393 401 404 408 409 428 433 434 437 446 448 451 458 460 462 467 469 470 472 479 483 487 489 491 493 495 497 499
237 70
238 80
239 78
240 21
241 62
242 64 247 278 280 282 307 308 321 339 381 391 393 401 404 409 437 448 458 483 489 491 495
243 48
244 69 247 265 278 280 282 307 308 321 333 339 381 391 393 401 404 409 437 448 458 483 489 491 495
245 22
246 87
247 61 258 249 265 278 280 282 298 300 305 307 308 311 318 321 323 333 339 344 345 352 354 358 371 372 378 379 381 382 388 391 393 401 404 409 428 434 437 446 448 451 458 460 462 467 469 470 472 479 483 489 491 493 495 497 499
248 58
249 77 282 307 321 381 404 437 458
250 41 307 321 437 458
251 86
252 95
253 58
254 65
255 88
256 62
257 96
258 79 265 278 280 282 307 308 321 333 339 381 391 393 401 404 409 437 448 458 460 483 489 491 495
259 30
260 100
261 56
262 79
263 49
264 68
265 55 278 280 282 300 307 308 318 321 333 339 345 358 381 382 388 391 393 401 404 409 437 448 458 460 467 469 472 483 489 491 495
266 82
267 45
268 100
269 92
270 20
271 49
272 69
273 67
274 74
275 44
276 61
277 20
278 86 280 282 300 307 308 318 321 333 339 345 358 381 382 388 391 393 401 404 409 437 446 448 451 458 460 467 469 472 483 489 491 495
279 52
280 89 282 300 307 308 318 321 333 339 345 358 378 381 382 388 391 393 401 404 409 437 446 448 451 458 460 467 469 472 483 489 491 495
281 83
282 78 298 300 305 307 308 311 318 321 333 339 345 352 354 358 371 372 378 379 381 382 388 391 393 401 404 409 428 434 437 446 448 451 458 460 462 467 469 470 472 479 483 489 491 493 495 497 499
283 100
284 25
285 100
286 73
287 21
288 100
289 52
290 47
291 48
292 95
293 71
294 22
295 79
296 97
297 50
298 85 307 308 321 339 381 391 393 401 404 409 437 448 458 483 491 495
299 68
300 44 307 308 321 333 339 345 358 381 382 388 391 393 401 404 409 437 448 458 460 472 483 489 491 495
301 74
302 74
303 75
304 23
305 52 307 308 321 339 381 391 393 401 404 437 458 483 491 495
306 83
307 76 308 311 318 321 323 333 339 344 345 352 354 358 371 372 378 379 381 382 388 389 391 393 401 404 408 409 428 433 434 437 446 448 451 458 460 462 467 469 470 472 479 483 487 489 491 493 495 497 499
308 93 311 318 321 333 339 345 354 358 371 378 379 381 382 388 391 393 401 404 409 428 434 437 446 448 451 458 460 462 467 469 472 479 483 489 491 493 495 499
309 100
310 85
311 77 321 339 381 391 393 401 404 437 458 483 491 495
312 78
313 30
314 78
315 89
316 45
317 56
318 73 321 333 339 381 391 393 401 404 409 437 448 458 483 489 491 495
319 81
320 53
321 91 323 333 339 344 345 352 354 358 371 372 378 379 381 382 388 389 391 393 401 404 409 428 434 437 446 448 451 458 460 462 467 469 470 472 479 483 487 489 491 493 495 497 499
322 52
323 44 381 437 458
324 80
325 47
326 56
327 70
328 30
329 52
330 52
331 47
332 95
333 98 339 345 358 381 382 388 391 393 401 404 409 437 448 458 460 467 469 472 483 489 491 495
334 75
335 81
336 76
337 21
338 62
339 51 345 354 358 371 378 379 381 382 388 391 393 401 404 409 428 437 446 448 451 458 460 462 467 469 472 479 483 489 491 493 495
340 57
341 56
342 56
343 46
344 54 381 437 458
345 36 381 382 388 391 393 401 404 409 437 448 458 460 483 489 491 495
346 100
347 62
348 51
349 75
350 35
351 72
352 47 381 437 458
353 27
354 86 381 391 393 401 404 437 458 491 495
355 27
356 33
357 25
358 30 381 382 388 391 393 401 404 409 437 448 458 460 483 489 491 495
359 72
360 98
361 52
362 34
363 31
364 21
365 36
366 61
367 41
368 57
369 81
370 20
371 47 381 391 393 401 404 437 448 458 483 491 495
372 26 381 404 437 458 491
373 47
374 96
375 39
376 80
377 90
378 96 381 391 393 401 404 409 437 448 458 483 489 491 495
379 78 381 391 393 401 404 437 458 491 495
380 46
381 92 382 388 391 393 401 404 409 428 434 437 446 448 451 458 460 462 467 469 470 472 479 483 489 491 493 495 497 499
382 31 388 391 393 401 404 409 437 448 458 460 472 483 489 491 495
383 83
384 91
385 68
386 85
387 73
388 49 391 393 401 404 409 437 448 458 460 472 483 489 491 495
389 46 437 458
390 90
391 59 393 401 404 409 428 434 437 446 448 451 458 460 462 467 469 472 479 483 489 491 493 495 499
392 84
393 25 401 404 409 428 437 446 448 451 458 460 462 467 469 472 479 483 489 491 493 495
394 23
395 49
396 98
397 25
398 87
399 75
400 32
401 95 404 409 428 434 437 446 448 451 458 460 462 467 469 472 479 483 489 491 493 495 499
402 39
403 44
404 100 409 428 434 437 446 448 451 458 460 462 467 469 472 479 483 489 491 493 495 497 499
405 40
406 69
407 75
408 25 437
409 71 437 446 448 451 458 460 462 467 469 472 483 489 491 495
410 97
411 91
412 62
413 26
414 96
415 69
416 76
417 83
418 64
419 25
420 63
421 33
422 30
423 77
424 51
425 100
426 84
427 22
428 60 437 458 483 491 495
429 37
430 52
431 58
432 75
433 99 437
434 98 437 458 491
435 35
436 71
437 43 446 448 451 458 460 462 467 469 470 472 479 483 487 489 491 493 495 497 499
438 21
439 64
440 69
441 62
442 81
443 71
444 96
445 73
446 76 448 458 483 489 491 495
447 74
448 100 451 458 460 462 467 469 472 483 489 491 495
449 95
450 70
451 59 458 483 489 491 495
452 44
453 88
454 100
455 45
456 73
457 57
458 70 460 462 467 469 470 472 479 483 487 489 491 493 495 497 499
459 93
460 66 469 472 483 489 491 495
461 95
462 34 483 491 495
463 34
464 62
465 95
466 60
467 26 483 489 491 495
468 33
469 74 483 489 491 495
470 82
471 62
472 46 483 489 491 495
473 87
474 26
475 93
476 61
477 38
478 73
479 92 491
480 93
481 57
482 98
483 97 489 491 493 495
484 24
485 67
486 71
487 82
488 56
489 81 491 495
490 34
491 56 493 495 497 499
492 55
493 60 495
494 37
495 31
496 66
497 93
498 96
499 45
500 32
