250 150
1 73
2 39
3 49
4 79 6 11 13 17 19 26 29 30 38 40 42 43 46 48 49 55 60 62 63 64 131 68 74 76 77 83 91 96 103 104 109 113 117 121 122 124 129 139 144 148 153 155 162 172 173 178 181 183 184 185 203 204 207 212 216 220 221 234 236 240 241 242 244 246
5 54 11 38 48 55 68 91 103 178 181 212 221 246
6 57 7 8 10 11 12 13 15 17 19 21 22 26 29 30 31 36 38 40 42 43 44 46 48 49 51 55 56 57 60 62 63 64 131 68 69 74 76 77 78 80 81 83 84 85 86 87 88 91 93 94 95 96 97 99 100 103 104 105 106 109 110 113 114 115 117 120 121 122 124 126 129 139 140 143 144 146 147 148 149 152 153 155 158 159 162 165 166 167 168 172 173 176 177 178 179 181 182 183 184 185 186 188 189 192 194 197 201 203 204 205 207 208 209 211 212 213 214 215 216 217 220 221 225 231 234 235 236 237 239 240 241 242 243 244 246 247 249
7 98 11 13 17 19 22 26 29 30 38 40 42 43 46 48 49 55 56 60 62 63 64 131 68 74 76 77 83 86 88 91 93 94 95 96 103 104 106 109 113 117 121 122 124 129 139 144 146 148 153 155 158 162 165 167 168 172 173 178 181 183 184 185 188 203 204 207 212 215 216 217 220 221 234 236 239 240 241 242 243 244 246 247
8 69 11 19 38 40 48 55 68 76 83 91 103 139 155 162 173 178 181 185 212 221 240 244 246
9 67
10 49 11 17 19 29 30 38 40 42 48 55 64 68 76 83 91 103 109 117 124 129 139 144 148 153 155 162 173 178 181 185 212 221 234 240 241 242 244 246
11 38 12 13 15 17 19 21 22 26 29 30 31 36 38 40 42 43 44 45 46 48 49 51 55 56 57 59 60 62 63 64 131 68 69 74 76 77 78 80 81 83 84 85 86 87 88 91 93 94 95 96 97 99 100 103 104 105 106 109 110 113 114 115 117 120 121 122 123 124 126 129 139 140 143 144 146 147 148 149 152 153 155 158 159 161 162 165 166 167 168 169 171 172 173 176 177 178 179 181 182 183 184 185 186 188 189 192 194 197 201 203 204 205 207 208 209 211 212 213 214 215 216 217 220 221 225 231 232 234 235 236 237 239 240 241 242 243 244 246 247 249
12 34 17 19 29 30 38 40 42 48 55 64 68 76 83 91 103 109 117 124 129 139 153 155 162 173 178 181 185 212 221 234 240 241 242 244 246
13 96 17 19 21 22 26 29 30 36 38 40 42 43 46 48 49 55 56 60 62 63 64 131 68 74 76 77 83 86 88 91 93 94 95 96 103 104 106 109 113 114 115 117 121 122 124 129 139 144 146 147 148 153 155 158 162 165 167 168 172 173 178 181 183 184 185 188 203 204 207 208 209 211 212 215 216 217 220 221 234 236 239 240 241 242 243 244 246 247
14 27
15 92 17 19 26 29 30 38 40 42 46 48 49 55 60 64 131 68 74 76 77 83 91 96 103 104 109 113 117 121 122 124 129 139 144 148 153 155 162 173 178 181 183 184 185 203 204 212 216 220 221 234 236 240 241 242 244 246
16 82
17 69 19 21 22 26 29 30 31 36 38 40 42 43 46 48 49 51 55 56 60 62 63 64 131 68 69 74 76 77 78 80 83 84 85 86 88 91 93 94 95 96 103 104 105 106 109 113 114 115 117 120 121 122 124 129 139 144 146 147 148 149 152 153 155 158 162 165 167 168 172 173 176 178 179 181 182 183 184 185 186 188 192 197 201 203 204 205 207 208 209 211 212 215 216 217 220 221 225 234 235 236 239 240 241 242 243 244 246 247 249
18 45
19 69 21 22 26 29 30 31 36 38 40 42 43 44 46 48 49 51 55 56 57 60 62 63 64 131 68 69 74 76 77 78 80 81 83 84 85 86 87 88 91 93 94 95 96 97 99 100 103 104 105 106 109 110 113 114 115 117 120 121 122 123 124 126 129 139 140 143 144 146 147 148 149 152 153 155 158 159 162 165 166 167 168 171 172 173 176 177 178 179 181 182 183 184 185 186 188 189 192 194 197 201 203 204 205 207 208 209 211 212 213 214 215 216 217 220 221 225 231 234 235 236 237 239 240 241 242 243 244 246 247 249
20 20
21 75 26 29 30 38 40 42 43 46 48 49 55 60 62 64 131 68 74 76 77 83 91 96 103 104 109 113 117 121 122 124 129 139 144 148 153 155 162 172 173 178 181 183 184 185 203 204 207 212 216 220 221 234 236 240 241 242 244 246
22 97 26 29 30 38 40 42 43 46 48 49 55 60 62 63 64 131 68 74 76 77 83 86 91 94 96 103 104 109 113 117 121 122 124 129 139 144 148 153 155 158 162 172 173 178 181 183 184 185 203 204 207 212 216 220 221 234 236 240 241 242 244 246
23 51
24 70
25 29
26 91 29 30 36 38 40 42 43 46 48 49 55 56 60 62 63 64 131 68 74 76 77 80 83 86 88 91 93 94 95 96 103 104 106 109 113 114 115 117 121 122 124 129 139 144 146 147 148 153 155 158 162 165 167 168 172 173 178 181 182 183 184 185 188 203 204 207 208 209 211 212 215 216 217 220 221 234 236 239 240 241 242 243 244 246 247
27 98
28 77
29 48 30 31 36 38 40 42 43 46 48 49 51 55 56 60 62 63 64 131 68 69 74 76 77 78 80 81 83 84 85 86 88 91 93 94 95 96 103 104 105 106 109 113 114 115 117 120 121 122 124 129 139 143 144 146 147 148 149 152 153 155 158 159 162 165 167 168 172 173 176 177 178 179 181 182 183 184 185 186 188 192 197 201 203 204 205 207 208 209 211 212 213 215 216 217 220 221 225 234 235 236 239 240 241 242 243 244 246 247 249
30 45 31 36 38 40 42 43 46 48 49 55 56 60 62 63 64 131 68 69 74 76 77 78 80 83 84 85 86 88 91 93 94 95 96 103 104 105 106 109 113 114 115 117 120 121 122 124 129 139 144 146 147 148 149 152 153 155 158 162 165 167 168 172 173 176 178 179 181 182 183 184 185 186 188 192 201 203 204 205 207 208 209 211 212 215 216 217 220 221 225 234 235 236 239 240 241 242 243 244 246 247 249
31 43 38 40 42 46 48 49 55 60 64 131 68 74 76 77 83 91 96 103 104 109 113 117 121 122 124 129 139 144 148 153 155 162 173 178 181 183 184 185 203 204 212 216 220 221 234 236 240 241 242 244 246
32 61 55 68 103 181 221 246
33 36
34 82
35 89
36 94 38 40 42 43 46 48 49 55 60 62 64 131 68 74 76 77 83 91 96 103 104 109 113 117 121 122 124 129 139 144 148 153 155 162 172 173 178 181 183 184 185 203 204 207 212 216 220 221 234 236 240 241 242 244 246
37 26
38 35 40 42 43 44 45 46 48 49 51 55 56 57 59 60 62 63 64 131 68 69 74 76 77 78 80 81 83 84 85 86 87 88 91 93 94 95 96 97 99 100 103 104 105 106 109 110 113 114 115 117 120 121 122 123 124 126 129 139 140 143 144 146 147 148 149 152 153 155 158 159 161 162 165 166 167 168 169 171 172 173 176 177 178 179 181 182 183 184 185 186 188 189 192 194 197 201 203 204 205 207 208 209 211 212 213 214 215 216 217 220 221 225 231 232 234 235 236 237 239 240 241 242 243 244 246 247 249
39 58
40 58 42 43 46 48 49 51 55 56 57 60 62 63 64 131 68 69 74 76 77 78 80 81 83 84 85 86 88 91 93 94 95 96 97 103 104 105 106 109 110 113 114 115 117 120 121 122 124 126 129 139 143 144 146 147 148 149 152 153 155 158 159 162 165 166 167 168 172 173 176 177 178 179 181 182 183 184 185 186 188 189 192 197 201 203 204 205 207 208 209 211 212 213 215 216 217 220 221 225 234 235 236 239 240 241 242 243 244 246 247 249
41 57
42 46 43 46 48 49 51 55 56 60 62 63 64 131 68 69 74 76 77 78 80 83 84 85 86 88 91 93 94 95 96 103 104 105 106 109 113 114 115 117 120 121 122 124 129 139 144 146 147 148 149 152 153 155 158 162 165 167 168 172 173 176 178 179 181 182 183 184 185 186 188 192 197 201 203 204 205 207 208 209 211 212 215 216 217 220 221 225 234 235 236 239 240 241 242 243 244 246 247 249
43 44 46 48 49 55 56 60 62 63 64 131 68 74 76 77 83 86 88 91 93 94 95 96 103 104 106 109 113 114 115 117 121 122 124 129 139 144 146 147 148 153 155 158 162 165 167 168 172 173 178 181 183 184 185 188 203 204 207 208 209 211 212 215 216 217 220 221 234 236 239 240 241 242 243 244 246 247
44 91 48 55 68 83 91 103 139 155 162 178 181 185 212 221 240 244 246
45 49 55 68 91 103 181 212 221 246
46 52 48 49 55 56 60 62 63 64 131 68 74 76 77 80 83 85 86 88 91 93 94 95 96 103 104 106 109 113 114 115 117 121 122 124 129 139 144 146 147 148 149 152 153 155 158 162 165 167 168 172 173 178 181 182 183 184 185 188 201 203 204 207 208 209 211 212 215 216 217 220 221 234 236 239 240 241 242 243 244 246 247
47 65
48 42 49 51 55 56 57 59 60 62 63 64 131 68 69 74 76 77 78 80 81 83 84 85 86 87 88 91 93 94 95 96 97 99 100 103 104 105 106 109 110 113 114 115 117 120 121 122 123 124 126 129 139 140 143 144 146 147 148 149 152 153 155 158 159 161 162 165 166 167 168 169 171 172 173 176 177 178 179 181 182 183 184 185 186 188 189 192 194 197 201 203 204 205 207 208 209 211 212 213 214 215 216 217 220 221 225 231 232 234 235 236 237 239 240 241 242 243 244 246 247 249
49 33 55 56 60 62 63 64 131 68 74 76 77 80 83 85 86 88 91 93 94 95 96 103 104 106 109 113 114 115 117 121 122 124 129 139 144 146 147 148 149 152 153 155 158 162 165 167 168 172 173 178 181 182 183 184 185 188 201 203 204 207 208 209 211 212 215 216 217 220 221 234 236 239 240 241 242 243 244 246 247
50 60
51 37 55 64 68 76 83 91 103 109 117 124 129 139 153 155 162 173 178 181 185 212 221 234 240 241 242 244 246
52 57
53 91
54 52
55 95 56 57 59 60 62 63 64 131 68 69 74 76 77 78 80 81 82 83 84 85 86 87 88 91 93 94 95 96 97 99 100 103 104 105 106 109 110 113 114 115 117 120 121 122 123 124 126 129 136 139 140 143 144 146 147 148 149 152 153 154 155 158 159 161 162 165 166 167 168 169 171 172 173 176 177 178 179 181 182 183 184 185 186 188 189 192 194 197 201 203 204 205 207 208 209 211 212 213 214 215 216 217 220 221 225 226 231 232 234 235 236 237 239 240 241 242 243 244 246 247 249
56 84 60 62 63 64 131 68 74 76 77 83 86 88 91 93 94 96 103 104 106 109 113 117 121 122 124 129 139 144 146 148 153 155 158 162 165 167 168 172 173 178 181 183 184 185 188 203 204 207 212 215 216 220 221 234 236 239 240 241 242 243 244 246 247
57 72 68 76 83 91 103 139 155 162 178 181 185 212 221 240 244 246
58 75
59 89 68 91 103 181 212 221 246
60 81 62 63 64 131 68 69 74 76 77 78 80 83 84 85 86 88 91 93 94 95 96 103 104 105 106 109 113 114 115 117 120 121 122 124 129 139 144 146 147 148 149 152 153 155 158 162 165 167 168 172 173 176 178 179 181 182 183 184 185 188 192 201 203 204 205 207 208 209 211 212 215 216 217 220 221 234 235 236 239 240 241 242 243 244 246 247 249
61 67
62 74 63 64 131 68 74 76 77 83 86 88 91 93 94 95 96 103 104 106 109 113 114 115 117 121 122 124 129 139 144 146 148 153 155 158 162 165 167 168 172 173 178 181 183 184 185 188 203 204 207 209 211 212 215 216 217 220 221 234 236 239 240 241 242 243 244 246 247
63 87 64 131 68 74 76 77 83 86 88 91 93 94 95 96 103 104 106 109 113 117 121 122 124 129 139 144 146 148 153 155 158 162 165 167 168 172 173 178 181 183 184 185 188 203 204 207 212 215 216 217 220 221 234 236 239 240 241 242 243 244 246 247
64 60 131 68 69 74 76 77 78 80 83 84 85 86 88 91 93 94 95 96 103 104 105 106 109 113 114 115 117 120 121 122 124 129 139 144 146 147 148 149 152 153 155 158 162 165 167 168 172 173 176 178 179 181 182 183 184 185 186 188 192 197 201 203 204 205 207 208 209 211 212 213 215 216 217 220 221 225 234 235 236 239 240 241 242 243 244 246 247 249
65 32
66 76
67 85
68 59 131 69 74 76 77 78 80 81 83 84 85 86 87 88 91 93 94 95 96 97 99 100 103 104 105 106 109 110 113 114 115 117 120 121 122 123 124 126 129 136 139 140 143 144 146 147 148 149 152 153 154 155 158 159 161 162 165 166 167 168 169 171 172 173 176 177 178 179 181 182 183 184 185 186 188 189 192 194 197 201 203 204 205 207 208 209 211 212 213 214 215 216 217 220 221 225 226 231 232 234 235 236 237 239 240 241 242 243 244 246 247 249
69 62 76 83 91 103 109 117 124 129 139 144 148 153 155 162 173 178 181 185 212 221 234 240 241 242 244 246
70 39
71 64
72 52
73 88
74 45 131 76 77 78 80 83 84 85 86 88 91 93 94 95 96 103 104 105 106 109 113 114 115 117 120 121 122 124 129 139 144 146 147 148 149 152 153 155 158 162 165 167 168 172 173 176 178 179 181 182 183 184 185 188 192 201 203 204 205 207 208 209 211 212 215 216 217 220 221 234 235 236 239 240 241 242 243 244 246 247
75 29
76 88 131 77 78 80 81 83 84 85 86 88 91 93 94 95 96 97 100 103 104 105 106 109 110 113 114 115 117 120 121 122 124 126 129 139 143 144 146 147 148 149 152 153 155 158 159 162 165 166 167 168 172 173 176 177 178 179 181 182 183 184 185 186 188 189 192 197 201 203 204 205 207 208 209 211 212 213 215 216 217 220 221 225 234 235 236 239 240 241 242 243 244 246 247 249
77 85 131 78 80 83 85 86 88 91 93 94 95 96 103 104 106 109 113 114 115 117 121 122 124 129 139 144 146 147 148 149 152 153 155 158 162 165 167 168 172 173 178 181 182 183 184 185 188 201 203 204 207 208 209 211 212 215 216 217 220 221 234 236 239 240 241 242 243 244 246 247
78 54 131 83 91 96 103 104 109 113 117 121 122 124 129 139 144 148 153 155 162 173 178 181 183 184 185 203 204 212 216 220 221 234 236 240 241 242 244 246
79 40
80 57 131 83 91 96 103 104 109 113 117 121 122 124 129 139 144 148 153 155 162 173 178 181 183 184 185 203 204 207 212 216 220 221 234 236 240 241 242 244 246
81 91 83 91 103 124 139 155 162 173 178 181 185 212 221 234 240 241 242 244 246
82 55 103 181
83 60 131 84 85 86 87 88 91 93 94 95 96 97 99 100 103 104 105 106 109 110 113 114 115 117 120 121 122 123 124 126 129 139 140 143 144 146 147 148 149 152 153 155 158 159 162 165 166 167 168 171 172 173 176 177 178 179 181 182 183 184 185 186 188 189 192 194 197 201 203 204 205 207 208 209 211 212 213 214 215 216 217 220 221 225 231 234 235 236 237 239 240 241 242 243 244 246 247 249
84 37 91 103 104 109 113 117 121 122 124 129 139 144 148 153 155 162 173 178 181 183 185 203 204 212 216 220 221 234 236 240 241 242 244 246
85 86 131 91 96 103 104 109 113 117 121 122 124 129 139 144 148 153 155 162 173 178 181 183 184 185 203 204 212 216 220 221 234 236 240 241 242 244 246
86 21 131 88 91 93 94 96 103 104 106 109 113 117 121 122 124 129 139 144 146 148 153 155 158 162 165 167 168 172 173 178 181 183 184 185 188 203 204 207 212 215 216 220 221 234 236 239 240 241 242 243 244 246 247
87 21 91 103 155 162 178 181 212 221 244 246
88 43 131 91 94 96 103 104 109 113 117 121 122 124 129 139 144 146 148 153 155 158 162 165 168 172 173 178 181 183 184 185 188 203 204 207 212 215 216 220 221 234 236 240 241 242 243 244 246
89 77
90 75
91 92 131 93 94 95 96 97 99 100 103 104 105 106 109 110 113 114 115 117 120 121 122 123 124 126 129 139 140 143 144 146 147 148 149 152 153 155 158 159 161 162 165 166 167 168 169 171 172 173 176 177 178 179 181 182 183 184 185 186 188 189 192 194 197 201 203 204 205 207 208 209 211 212 213 214 215 216 217 220 221 225 231 232 234 235 236 237 239 240 241 242 243 244 246 247 249
92 33
93 59 131 94 96 103 104 109 113 117 121 122 124 129 139 144 148 153 155 158 162 172 173 178 181 183 184 185 188 203 204 207 212 216 220 221 234 236 240 241 242 244 246
94 74 131 95 96 103 104 106 109 113 117 121 122 124 129 139 144 146 148 153 155 158 162 165 167 168 172 173 178 181 183 184 185 188 203 204 207 212 215 216 217 220 221 234 236 239 240 241 242 243 244 246 247
95 40 131 96 103 104 109 113 117 121 122 124 129 139 144 148 153 155 158 162 172 173 178 181 183 184 185 203 204 207 212 216 220 221 234 236 240 241 242 244 246
96 36 131 103 104 106 109 113 114 115 117 121 122 124 129 139 144 146 147 148 149 152 153 155 158 162 165 167 168 172 173 178 181 182 183 184 185 188 201 203 204 207 208 209 211 212 215 216 217 220 221 234 236 239 240 241 242 243 244 246 247
97 62 103 139 155 162 178 181 185 212 221 240 244 246
98 21
99 56 103 155 162 178 181 185 212 221 244 246
100 38 103 139 155 162 178 181 185 212 221 240 244 246
101 22
102 45
103 94 131 104 105 106 109 110 113 114 115 117 120 121 122 123 124 126 129 136 139 140 143 144 146 147 148 149 152 153 154 155 158 159 161 162 165 166 167 168 169 171 172 173 176 177 178 179 181 182 183 184 185 186 188 189 192 194 197 201 203 204 205 207 208 209 211 212 213 214 215 216 217 220 221 225 226 231 232 234 235 236 237 239 240 241 242 243 244 246 247 249
104 68 131 105 106 109 113 114 115 117 120 121 122 124 129 139 144 146 147 148 149 152 153 155 158 162 165 167 168 172 173 178 181 182 183 184 185 188 192 201 203 204 205 207 208 209 211 212 215 216 217 220 221 234 236 239 240 241 242 243 244 246 247
105 83 109 113 117 121 122 124 129 139 144 148 153 155 162 173 178 181 183 185 203 204 212 216 220 221 234 236 240 241 242 244 246
106 86 131 109 113 117 121 122 124 129 139 144 148 153 155 158 162 172 173 178 181 183 184 185 188 203 204 207 212 216 220 221 234 236 240 241 242 244 246
107 75
108 21
109 40 131 113 114 115 117 120 121 122 124 129 139 144 146 147 148 149 152 153 155 158 162 165 167 168 172 173 176 178 179 181 182 183 184 185 186 188 192 197 201 203 204 205 207 208 209 211 212 215 216 217 220 221 225 234 235 236 239 240 241 242 243 244 246 247 249
110 44 139 155 162 178 181 185 212 221 240 244 246
111 74
112 52
113 61 131 114 115 117 120 121 122 124 129 139 144 146 147 148 149 152 153 155 158 162 165 167 168 172 173 176 178 179 181 182 183 184 185 188 192 201 203 204 205 207 208 209 211 212 215 216 217 220 221 234 236 239 240 241 242 243 244 246 247
114 95 131 117 121 122 124 129 139 144 148 153 155 162 173 178 181 183 184 185 203 204 207 212 216 220 221 234 236 240 241 242 244 246
115 20 131 117 121 122 124 129 139 144 148 153 155 162 172 173 178 181 183 184 185 203 204 207 212 216 220 221 234 236 240 241 242 244 246
116 79
117 76 131 120 121 122 124 129 139 144 146 147 148 149 152 153 155 158 162 165 167 168 172 173 176 178 179 181 182 183 184 185 186 188 192 197 201 203 204 205 207 208 209 211 212 213 215 216 217 220 221 225 234 235 236 239 240 241 242 243 244 246 247 249
118 32
119 21
120 91 121 124 129 139 144 148 153 155 162 173 178 181 183 185 203 204 212 216 220 221 234 240 241 242 244 246
121 83 131 122 124 129 139 144 146 147 148 149 152 153 155 158 162 165 167 168 172 173 178 181 182 183 184 185 188 192 201 203 204 205 207 208 209 211 212 215 216 217 220 221 234 236 239 240 241 242 243 244 246 247
122 39 131 124 129 139 144 146 147 148 149 152 153 155 158 162 165 167 168 172 173 178 181 182 183 184 185 188 201 203 204 205 207 208 209 211 212 215 216 217 220 221 234 236 239 240 241 242 243 244 246 247
123 31 155 178 181 212 221 244 246
124 81 131 129 139 143 144 146 147 148 149 152 153 155 158 159 162 165 167 168 172 173 176 177 178 179 181 182 183 184 185 186 188 192 197 201 203 204 205 207 208 209 211 212 213 215 216 217 220 221 225 234 235 236 239 240 241 242 243 244 246 247 249
125 41
126 90 139 155 162 173 178 181 185 212 221 240 242 244 246
127 74
128 100
129 38 131 139 144 146 147 148 149 152 153 155 158 162 165 167 168 172 173 176 178 179 181 182 183 184 185 186 188 192 197 201 203 204 205 207 208 209 211 212 215 216 217 220 221 225 234 235 236 239 240 241 242 243 244 246 247 249
130 33
131 74 139 144 146 147 148 149 152 153 155 158 162 165 167 168 172 173 178 181 182 183 184 185 188 201 203 204 207 208 209 211 212 215 216 217 220 221 234 236 239 240 241 242 243 244 246 247
132 40
133 80
134 39
135 22
136 46 181 221
137 58
138 65
139 67 140 143 144 146 147 148 149 152 153 155 158 159 162 165 166 167 168 172 173 176 177 178 179 181 182 183 184 185 186 188 189 192 194 197 201 203 204 205 207 208 209 211 212 213 214 215 216 217 220 221 225 231 234 235 236 237 239 240 241 242 243 244 246 247 249
140 37 155 162 178 181 185 212 221 240 244 246
141 82
142 64
143 26 155 162 173 178 181 185 212 221 234 240 241 242 244 246
144 80 146 147 148 149 152 153 155 158 162 165 167 168 172 173 176 178 179 181 182 183 184 185 186 188 192 201 203 204 205 207 208 209 211 212 215 216 217 220 221 225 234 235 236 239 240 241 242 243 244 246 247 249
145 74
146 20 148 153 155 158 162 168 172 173 178 181 183 184 185 188 203 204 207 212 215 216 220 221 234 236 240 241 242 243 244 246
147 62 148 153 155 162 173 178 181 183 184 185 203 204 207 212 216 220 221 234 236 240 241 242 244 246
148 82 149 152 153 155 158 162 165 167 168 172 173 176 178 179 181 182 183 184 185 188 192 201 203 204 205 207 208 209 211 212 215 216 217 220 221 225 234 235 236 239 240 241 242 243 244 246 247 249
149 40 153 155 162 173 178 181 183 184 185 203 204 212 216 220 221 234 236 240 241 242 244 246
150 28
151 72
152 45 153 155 162 173 178 181 183 184 185 203 204 212 216 220 221 234 236 240 241 242 244 246
153 62 155 158 162 165 167 168 172 173 176 178 179 181 182 183 184 185 186 188 192 197 201 203 204 205 207 208 209 211 212 215 216 217 220 221 225 234 235 236 239 240 241 242 243 244 246 247 249
154 72 181 221 246
155 89 158 159 162 165 166 167 168 171 172 173 176 177 178 179 181 182 183 184 185 186 188 189 192 194 197 201 203 204 205 207 208 209 211 212 213 214 215 216 217 220 221 225 231 234 235 236 237 239 240 241 242 243 244 246 247 249
156 31
157 92
158 63 162 165 167 168 172 173 178 181 183 184 185 188 203 204 207 212 215 216 217 220 221 234 236 239 240 241 242 243 244 246 247
159 89 162 173 178 181 185 212 221 234 240 241 242 244 246
160 33
161 25 178 181 212 221 246
162 54 165 166 167 168 171 172 173 176 177 178 179 181 182 183 184 185 186 188 189 192 194 197 201 203 204 205 207 208 209 211 212 213 214 215 216 217 220 221 225 231 234 235 236 237 239 240 241 242 243 244 246 247 249
163 66
164 100
165 20 172 173 178 181 183 184 185 188 203 204 207 212 216 220 221 234 236 240 241 242 244 246
166 90 173 178 181 185 212 221 240 244 246
167 87 172 173 178 181 183 184 185 188 203 204 207 212 216 220 221 234 236 240 241 242 244 246
168 48 172 173 178 181 183 184 185 188 203 204 207 212 216 220 221 234 236 240 241 242 243 244 246
169 28 181 212 221 246
170 46
171 76 178 181 212 221 244 246
172 50 173 178 181 183 184 185 188 203 204 207 209 211 212 215 216 217 220 221 234 236 239 240 241 242 243 244 246 247
173 66 176 177 178 179 181 182 183 184 185 186 188 192 197 201 203 204 205 207 208 209 211 212 213 215 216 217 220 221 225 234 235 236 239 240 241 242 243 244 246 247 249
174 30
175 26
176 23 178 181 183 185 212 216 221 234 240 241 242 244 246
177 40 178 181 185 212 221 234 240 241 242 244 246
178 70 179 181 182 183 184 185 186 188 189 192 194 197 201 203 204 205 207 208 209 211 212 213 214 215 216 217 220 221 225 231 234 235 236 237 239 240 241 242 243 244 246 247 249
179 57 181 183 185 212 221 234 240 241 242 244 246
180 92
181 52 182 183 184 185 186 188 189 192 194 197 201 203 204 205 207 208 209 211 212 213 214 215 216 217 220 221 225 226 231 232 234 235 236 237 239 240 241 242 243 244 246 247 249
182 54 183 184 185 203 204 212 216 220 221 234 236 240 241 242 244 246
183 27 184 185 188 192 201 203 204 205 207 208 209 211 212 215 216 217 220 221 234 236 239 240 241 242 243 244 246 247
184 58 185 188 201 203 204 207 208 209 211 212 215 216 217 220 221 234 236 239 240 241 242 243 244 246 247
185 66 186 188 189 192 194 197 201 203 204 205 207 208 209 211 212 213 214 215 216 217 220 221 225 231 234 235 236 237 239 240 241 242 243 244 246 247 249
186 65 212 221 234 240 241 242 244 246
187 93
188 83 203 204 207 212 215 216 220 221 234 236 239 240 241 242 243 244 246 247
189 37 212 221 240 244 246
190 62
191 94
192 29 203 204 212 216 220 221 234 240 241 242 244 246
193 66
194 98 212 221 240 244 246
195 20
196 66
197 42 212 221 234 240 241 242 244 246
198 52
199 90
200 22
201 30 203 204 212 216 220 221 234 236 240 241 242 244 246
202 34
203 65 204 205 207 208 209 211 212 215 216 217 220 221 234 236 239 240 241 242 243 244 246 247
204 81 205 207 208 209 211 212 215 216 217 220 221 234 236 239 240 241 242 243 244 246 247
205 90 212 216 220 221 234 236 240 241 242 244 246
206 44
207 88 208 209 211 212 215 216 217 220 221 234 236 239 240 241 242 243 244 246 247
208 51 212 216 220 221 234 236 240 241 242 244 246
209 97 212 216 220 221 234 236 240 241 242 244 246
210 79
211 58 212 216 220 221 234 236 240 241 242 244 246
212 46 213 214 215 216 217 220 221 225 231 232 234 235 236 237 239 240 241 242 243 244 246 247 249
213 65 221 234 240 241 242 244 246
214 40 221 240 244 246
215 68 216 220 221 234 236 240 241 242 244 246
216 64 217 220 221 234 236 239 240 241 242 243 244 246 247
217 34 220 221 234 236 240 241 242 244 246
218 59
219 99
220 82 221 234 236 239 240 241 242 243 244 246 247
221 86 225 226 231 232 234 235 236 237 239 240 241 242 243 244 246 247 249
222 88
223 52
224 76
225 76 234 240 241 242 244 246
226 50
227 51
228 92
229 59
230 22
231 60 240 244 246
232 69 246
233 45
234 66 235 236 239 240 241 242 243 244 246 247 249
235 50 240 241 242 244 246
236 62 239 240 241 242 243 244 246 247
237 59 240 244 246
238 90
239 54 240 241 242 244 246
240 55 241 242 243 244 246 247 249
241 92 242 243 244 246 247 249
242 23 243 244 246 247 249
243 97 244 246
244 73 246 247 249
245 39
246 88 247 249
247 34
248 92
249 74
250 90
