250 150
1 87 2 3 4 5 6 7 8 9 10 11 12 13 14 15 16 17 18 19 20 21 22 23 24 25 26 27 28 29 30 31 32 33 66 34 35 36 37 38 39 40 41 42 43 44 45 46 47 48 49 50 51 52 53 54 55 56 57 58 59 60 61 62 63 64 65 130 131 67 68 69 70 71 72 73 74 75 76 77 78 79 80 81 82 83 84 85 86 87 88 89 90 91 92 93 94 95 96 97 98 99 100 101 102 103 104 105 106 107 108 109 110 111 112 113 114 115 116 117 118 119 120 121 122 123 124 125 126 127 128 129 132 133 134 135 136 137 138 139 140 141 142 143 144 145 146 147 148 149 150 151 152 153 154 155 156 157 158 159 160 161 162 163 164 165 166 167 168 169 170 171 172 173 174 175 176 177 178 179 180 181 182 183 184 185 186 187 188 189 190 191 192 193 194 195 196 197 198 199 200 201 202 203 204 205 206 207 208 209 210 211 212 213 214 215 216 217 218 219 220 221 222 223 224 225 226 227 228 229 230 231 232 233 234 235 236 237 238 239 240 241 242 243 244 245 246 247 248 249 250
2 70 3 4 5 6 7 8 9 10 11 12 13 14 15 16 17 18 19 20 21 22 23 24 25 26 27 28 29 30 31 32 33 66 34 35 36 37 38 39 40 41 42 43 44 45 46 47 48 49 50 51 52 53 54 55 56 57 58 59 60 61 62 63 64 65 130 131 67 68 69 70 71 72 73 74 75 76 77 78 79 80 81 82 83 84 85 86 87 88 89 90 91 92 93 94 95 96 97 98 99 100 101 102 103 104 105 106 107 108 109 110 111 112 113 114 115 116 117 118 119 120 121 122 123 124 125 126 127 128 129 132 133 134 135 136 137 138 139 140 141 142 143 144 145 146 147 148 149 150 151 152 153 154 155 156 157 158 159 160 161 162 163 164 165 166 167 168 169 170 171 172 173 174 175 176 177 178 179 180 181 182 183 184 185 186 187 188 189 190 191 192 193 194 195 196 197 198 199 200 201 202 203 204 205 206 207 208 209 210 211 212 213 214 215 216 217 218 219 220 221 222 223 224 225 226 227 228 229 230 231 232 233 234 235 236 237 238 239 240 241 242 243 244 245 246 247 248 249 250
3 43 14 15 16 17 18 21 26 27 30 32 33 66 34 37 44 48 49 52 54 55 57 59 60 63 64 130 131 67 71 73 80 81 84 85 86 90 91 92 94 96 98 101 102 106 107 109 110 111 114 116 119 120 122 124 127 132 133 134 136 137 138 139 140 141 142 143 144 146 147 149 150 152 155 156 160 161 162 164 165 167 168 169 170 172 177 178 181 185 186 189 192 195 196 202 205 207 209 210 211 215 218 222 225 227 228 230 231 232 234 235 238 239 240 243 244 247 248
4 62 14 15 16 17 18 21 24 26 27 30 32 33 66 34 35 37 38 44 48 49 52 54 55 57 59 60 63 64 130 131 67 71 73 80 81 84 85 86 90 91 92 94 96 98 101 102 106 107 109 110 111 114 116 119 120 122 124 127 132 133 134 136 137 138 139 140 141 142 143 144 146 147 149 150 152 155 156 160 161 162 164 165 167 168 169 170 172 177 178 181 185 186 189 192 195 196 202 205 207 209 210 211 215 218 222 225 227 228 230 231 232 234 235 238 239 240 243 244 247 248
5 40 14 17 18 21 26 27 30 32 33 34 44 49 54 55 57 63 64 131 67 71 80 81 84 85 92 94 102 107 109 110 116 119 120 124 127 132 134 136 137 138 141 142 143 144 146 147 150 152 155 156 161 165 167 168 170 177 181 189 195 196 202 205 207 210 211 222 225 227 228 230 234 235 238 239 240 247
6 37 14 15 16 17 18 21 24 26 27 30 32 33 66 34 35 37 38 44 48 49 52 54 55 57 59 60 63 64 130 131 67 71 73 80 81 84 85 86 90 91 92 94 96 98 101 102 106 107 109 110 111 114 116 119 120 122 124 127 132 133 134 136 137 138 139 140 141 142 143 144 146 147 149 150 152 155 156 160 161 162 164 165 167 168 169 170 172 177 178 181 185 186 189 192 195 196 202 205 207 209 210 211 215 218 222 225 227 228 230 231 232 234 235 238 239 240 243 244 247 248
7 71 14 17 18 21 26 27 30 32 33 34 44 49 54 57 63 64 131 67 80 84 92 94 107 116 124 127 132 134 136 138 142 143 144 146 147 150 152 155 156 161 167 168 177 181 195 196 202 207 210 222 225 228 230 234 238 239 240 247
8 34 9 14 15 16 17 18 21 24 26 27 30 32 33 66 34 35 36 37 38 40 44 45 47 48 49 51 52 54 55 57 58 59 60 61 63 64 65 130 131 67 71 73 77 78 80 81 84 85 86 90 91 92 94 95 96 98 100 101 102 106 107 108 109 110 111 112 114 115 116 119 120 122 124 127 132 133 134 135 136 137 138 139 140 141 142 143 144 146 147 149 150 152 155 156 160 161 162 164 165 167 168 169 170 172 174 177 178 181 184 185 186 188 189 191 192 193 195 196 197 199 202 205 206 207 208 209 210 211 215 216 218 219 220 222 225 227 228 229 230 231 232 234 235 238 239 240 241 242 243 244 247 248
9 29 12 14 15 16 17 18 19 20 21 24 25 26 27 28 30 31 32 33 66 34 35 36 37 38 39 40 44 45 47 48 49 50 51 52 53 54 55 57 58 59 60 61 62 63 64 65 130 131 67 71 73 77 78 79 80 81 82 83 84 85 86 87 90 91 92 94 95 96 98 100 101 102 103 105 106 107 108 109 110 111 112 114 115 116 117 119 120 122 123 124 125 126 127 128 132 133 134 135 136 137 138 139 140 141 142 143 144 146 147 148 149 150 152 155 156 160 161 162 163 164 165 167 168 169 170 171 172 174 177 178 180 181 184 185 186 187 188 189 191 192 193 195 196 197 199 201 202 203 205 206 207 208 209 210 211 214 215 216 218 219 220 221 222 225 227 228 229 230 231 232 234 235 237 238 239 240 241 242 243 244 247 248 249
10 70 14 17 18 21 26 27 30 32 33 34 44 49 54 55 57 63 64 131 67 71 80 81 84 85 92 94 102 107 109 110 116 119 120 124 127 132 134 136 137 138 141 142 143 144 146 147 150 152 155 156 161 165 167 168 170 177 181 189 195 196 202 205 207 210 211 222 225 227 228 230 234 235 238 239 240 247
11 41 14 17 18 21 26 27 30 32 33 34 44 49 54 55 57 63 64 131 67 80 81 84 85 92 94 107 116 120 124 127 132 134 136 137 138 142 143 144 146 147 150 152 155 156 161 165 167 168 177 181 189 195 196 202 207 210 222 225 227 228 230 234 238 239 240 247
12 78 14 15 16 17 18 21 24 26 27 30 32 33 66 34 35 36 37 38 44 47 48 49 52 54 55 57 58 59 60 63 64 130 131 67 71 73 78 80 81 84 85 86 90 91 92 94 95 96 98 100 101 102 106 107 109 110 111 114 116 119 120 122 124 127 132 133 134 135 136 137 138 139 140 141 142 143 144 146 147 149 150 152 155 156 160 161 162 164 165 167 168 169 170 172 177 178 181 185 186 189 192 193 195 196 202 205 207 209 210 211 215 218 219 220 222 225 227 228 230 231 232 234 235 238 239 240 241 243 244 247 248
13 74 14 15 16 17 18 21 24 26 27 30 32 33 66 34 35 37 38 44 48 49 52 54 55 57 59 60 63 64 130 131 67 71 73 80 81 84 85 86 90 91 92 94 96 98 101 102 106 107 109 110 111 114 116 119 120 122 124 127 132 133 134 136 137 138 139 140 141 142 143 144 146 147 149 150 152 155 156 160 161 162 164 165 167 168 169 170 172 177 178 181 185 186 189 192 195 196 202 205 207 209 210 211 215 218 222 225 227 228 230 231 232 234 235 238 239 240 243 244 247 248
14 51 15 16 17 18 19 20 21 22 23 24 25 26 27 28 29 30 31 32 33 66 34 35 36 37 38 39 40 41 42 43 44 45 46 47 48 49 50 51 52 53 54 55 56 57 58 59 60 61 62 63 64 65 130 131 67 68 69 70 71 72 73 74 75 76 77 78 79 80 81 82 83 84 85 86 87 88 89 90 91 92 93 94 95 96 97 98 99 100 101 102 103 104 105 106 107 108 109 110 111 112 113 114 115 116 117 118 119 120 121 122 123 124 125 126 127 128 129 132 133 134 135 136 137 138 139 140 141 142 143 144 145 146 147 148 149 150 151 152 153 154 155 156 157 158 159 160 161 162 163 164 165 166 167 168 169 170 171 172 173 174 175 176 177 178 179 180 181 182 183 184 185 186 187 188 189 190 191 192 193 194 195 196 197 198 199 200 201 202 203 204 205 206 207 208 209 210 211 212 213 214 215 216 217 218 219 220 221 222 223 224 225 226 227 228 229 230 231 232 233 234 235 236 237 238 239 240 241 242 243 244 245 246 247 248 249 250
15 71 16 17 18 19 20 21 24 25 26 27 28 29 30 31 32 33 66 34 35 36 37 38 39 40 41 42 43 44 45 47 48 49 50 51 52 53 54 55 57 58 59 60 61 62 63 64 65 130 131 67 71 73 74 77 78 79 80 81 82 83 84 85 86 87 88 90 91 92 93 94 95 96 97 98 99 100 101 102 103 105 106 107 108 109 110 111 112 114 115 116 117 118 119 120 122 123 124 125 126 127 128 129 132 133 134 135 136 137 138 139 140 141 142 143 144 145 146 147 148 149 150 151 152 155 156 157 160 161 162 163 164 165 167 168 169 170 171 172 173 174 175 177 178 179 180 181 184 185 186 187 188 189 190 191 192 193 195 196 197 198 199 200 201 202 203 205 206 207 208 209 210 211 212 213 214 215 216 217 218 219 220 221 222 224 225 226 227 228 229 230 231 232 234 235 237 238 239 240 241 242 243 244 246 247 248 249
16 47 17 18 19 20 21 24 25 26 27 28 29 30 31 32 33 66 34 35 36 37 38 39 40 41 42 43 44 45 47 48 49 50 51 52 53 54 55 57 58 59 60 61 62 63 64 65 130 131 67 71 73 77 78 79 80 81 82 83 84 85 86 87 88 90 91 92 93 94 95 96 97 98 99 100 101 102 103 105 106 107 108 109 110 111 112 114 115 116 117 118 119 120 122 123 124 125 126 127 128 129 132 133 134 135 136 137 138 139 140 141 142 143 144 146 147 148 149 150 152 155 156 157 160 161 162 163 164 165 167 168 169 170 171 172 174 175 177 178 179 180 181 184 185 186 187 188 189 190 191 192 193 195 196 197 199 201 202 203 205 206 207 208 209 210 211 213 214 215 216 218 219 220 221 222 224 225 226 227 228 229 230 231 232 234 235 237 238 239 240 241 242 243 244 246 247 248 249
17 21 18 19 20 21 22 23 24 25 26 27 28 29 30 31 32 33 66 34 35 36 37 38 39 40 41 42 43 44 45 46 47 48 49 50 51 52 53 54 55 56 57 58 59 60 61 62 63 64 65 130 131 67 68 69 70 71 72 73 74 75 76 77 78 79 80 81 82 83 84 85 86 87 88 89 90 91 92 93 94 95 96 97 98 99 100 101 102 103 104 105 106 107 108 109 110 111 112 113 114 115 116 117 118 119 120 121 122 123 124 125 126 127 128 129 132 133 134 135 136 137 138 139 140 141 142 143 144 145 146 147 148 149 150 151 152 153 154 155 156 157 158 159 160 161 162 163 164 165 166 167 168 169 170 171 172 173 174 175 176 177 178 179 180 181 182 183 184 185 186 187 188 189 190 191 192 193 194 195 196 197 198 199 200 201 202 203 204 205 206 207 208 209 210 211 212 213 214 215 216 217 218 219 220 221 222 223 224 225 226 227 228 229 230 231 232 233 234 235 236 237 238 239 240 241 242 243 244 245 246 247 248 249 250
18 32 19 20 21 22 23 24 25 26 27 28 29 30 31 32 33 66 34 35 36 37 38 39 40 41 42 43 44 45 46 47 48 49 50 51 52 53 54 55 56 57 58 59 60 61 62 63 64 65 130 131 67 68 69 70 71 72 73 74 75 76 77 78 79 80 81 82 83 84 85 86 87 88 89 90 91 92 93 94 95 96 97 98 99 100 101 102 103 104 105 106 107 108 109 110 111 112 113 114 115 116 117 118 119 120 121 122 123 124 125 126 127 128 129 132 133 134 135 136 137 138 139 140 141 142 143 144 145 146 147 148 149 150 151 152 153 154 155 156 157 158 159 160 161 162 163 164 165 166 167 168 169 170 171 172 173 174 175 176 177 178 179 180 181 182 183 184 185 186 187 188 189 190 191 192 193 194 195 196 197 198 199 200 201 202 203 204 205 206 207 208 209 210 211 212 213 214 215 216 217 218 219 220 221 222 223 224 225 226 227 228 229 230 231 232 233 234 235 236 237 238 239 240 241 242 243 244 245 246 247 248 249 250
19 37 21 24 26 27 30 32 33 66 34 35 36 37 38 40 44 45 47 48 49 51 52 54 55 57 58 59 60 61 63 64 130 131 67 71 73 77 78 80 81 84 85 86 90 91 92 94 95 96 98 100 101 102 106 107 108 109 110 111 112 114 115 116 119 120 122 124 127 132 133 134 135 136 137 138 139 140 141 142 143 144 146 147 149 150 152 155 156 160 161 162 164 165 167 168 169 170 172 174 177 178 181 184 185 186 188 189 191 192 193 195 196 197 199 202 205 206 207 208 209 210 211 215 216 218 219 220 222 225 227 228 229 230 231 232 234 235 238 239 240 241 242 243 244 247 248
20 80 21 24 26 27 30 32 33 66 34 35 36 37 38 44 47 48 49 51 52 54 55 57 58 59 60 63 64 130 131 67 71 73 78 80 81 84 85 86 90 91 92 94 95 96 98 100 101 102 106 107 108 109 110 111 114 115 116 119 120 122 124 127 132 133 134 135 136 137 138 139 140 141 142 143 144 146 147 149 150 152 155 156 160 161 162 164 165 167 168 169 170 172 174 177 178 181 185 186 189 191 192 193 195 196 202 205 207 208 209 210 211 215 216 218 219 220 222 225 227 228 230 231 232 234 235 238 239 240 241 243 244 247 248
21 48 22 23 24 25 26 27 28 29 30 31 32 33 66 34 35 36 37 38 39 40 41 42 43 44 45 46 47 48 49 50 51 52 53 54 55 56 57 58 59 60 61 62 63 64 65 130 131 67 68 69 70 71 72 73 74 75 76 77 78 79 80 81 82 83 84 85 86 87 88 89 90 91 92 93 94 95 96 97 98 99 100 101 102 103 104 105 106 107 108 109 110 111 112 113 114 115 116 117 118 119 120 121 122 123 124 125 126 127 128 129 132 133 134 135 136 137 138 139 140 141 142 143 144 145 146 147 148 149 150 151 152 153 154 155 156 157 158 159 160 161 162 163 164 165 166 167 168 169 170 171 172 173 174 175 176 177 178 179 180 181 182 183 184 185 186 187 188 189 190 191 192 193 194 195 196 197 198 199 200 201 202 203 204 205 206 207 208 209 210 211 212 213 214 215 216 217 218 219 220 221 222 223 224 225 226 227 228 229 230 231 232 233 234 235 236 237 238 239 240 241 242 243 244 245 246 247 248 249 250
22 93 26 27 30 32 33 34 44 49 54 57 63 64 67 80 84 92 94 107 116 124 127 132 134 136 138 143 144 146 147 150 152 155 156 161 167 168 177 181 195 196 202 207 210 222 225 228 234 238 239 240 247
23 22 26 27 30 32 33 34 44 49 54 57 63 64 131 67 80 84 92 94 107 116 124 127 132 134 136 138 143 144 146 147 150 152 155 156 161 167 168 177 181 195 196 202 207 210 222 225 228 234 238 239 240 247
24 46 25 26 27 28 29 30 31 32 33 66 34 35 36 37 38 39 40 43 44 45 47 48 49 50 51 52 53 54 55 57 58 59 60 61 62 63 64 65 130 131 67 71 73 77 78 79 80 81 82 83 84 85 86 87 90 91 92 94 95 96 97 98 100 101 102 103 105 106 107 108 109 110 111 112 114 115 116 117 119 120 122 123 124 125 126 127 128 132 133 134 135 136 137 138 139 140 141 142 143 144 146 147 148 149 150 152 155 156 160 161 162 163 164 165 167 168 169 170 171 172 174 177 178 180 181 184 185 186 187 188 189 191 192 193 195 196 197 199 201 202 203 205 206 207 208 209 210 211 214 215 216 218 219 220 221 222 225 227 228 229 230 231 232 234 235 237 238 239 240 241 242 243 244 246 247 248 249
25 96 26 27 30 32 33 66 34 35 36 37 38 44 47 48 49 52 54 55 57 58 59 60 63 64 130 131 67 71 73 80 81 84 85 86 90 91 92 94 95 96 98 100 101 102 106 107 109 110 111 114 116 119 120 122 124 127 132 133 134 136 137 138 139 140 141 142 143 144 146 147 149 150 152 155 156 160 161 162 164 165 167 168 169 170 172 177 178 181 185 186 189 192 195 196 202 205 207 209 210 211 215 218 219 222 225 227 228 230 231 232 234 235 238 239 240 241 243 244 247 248
26 44 27 28 29 30 31 32 33 66 34 35 36 37 38 39 40 41 42 43 44 45 46 47 48 49 50 51 52 53 54 55 56 57 58 59 60 61 62 63 64 65 130 131 67 68 69 70 71 72 73 74 75 76 77 78 79 80 81 82 83 84 85 86 87 88 89 90 91 92 93 94 95 96 97 98 99 100 101 102 103 104 105 106 107 108 109 110 111 112 113 114 115 116 117 118 119 120 121 122 123 124 125 126 127 128 129 132 133 134 135 136 137 138 139 140 141 142 143 144 145 146 147 148 149 150 151 152 153 154 155 156 157 158 159 160 161 162 163 164 165 166 167 168 169 170 171 172 173 174 175 176 177 178 179 180 181 182 183 184 185 186 187 188 189 190 191 192 193 194 195 196 197 198 199 200 201 202 203 204 205 206 207 208 209 210 211 212 213 214 215 216 217 218 219 220 221 222 223 224 225 226 227 228 229 230 231 232 233 234 235 236 237 238 239 240 241 242 243 244 245 246 247 248 249 250
27 94 28 29 30 31 32 33 66 34 35 36 37 38 39 40 41 42 43 44 45 46 47 48 49 50 51 52 53 54 55 56 57 58 59 60 61 62 63 64 65 130 131 67 68 69 70 71 72 73 74 75 76 77 78 79 80 81 82 83 84 85 86 87 88 89 90 91 92 93 94 95 96 97 98 99 100 101 102 103 104 105 106 107 108 109 110 111 112 113 114 115 116 117 118 119 120 121 122 123 124 125 126 127 128 129 132 133 134 135 136 137 138 139 140 141 142 143 144 145 146 147 148 149 150 151 152 153 154 155 156 157 158 159 160 161 162 163 164 165 166 167 168 169 170 171 172 173 174 175 176 177 178 179 180 181 182 183 184 185 186 187 188 189 190 191 192 193 194 195 196 197 198 199 200 201 202 203 204 205 206 207 208 209 210 211 212 213 214 215 216 217 218 219 220 221 222 223 224 225 226 227 228 229 230 231 232 233 234 235 236 237 238 239 240 241 242 243 244 245 246 247 248 249 250
28 99 30 32 33 66 34 35 36 37 38 40 44 45 47 48 49 51 52 54 55 57 58 59 60 61 63 64 65 130 131 67 71 73 77 78 80 81 84 85 86 90 91 92 94 95 96 98 100 101 102 106 107 108 109 110 111 112 114 115 116 119 120 122 124 127 132 133 134 135 136 137 138 139 140 141 142 143 144 146 147 149 150 152 155 156 160 161 162 164 165 167 168 169 170 172 174 177 178 181 184 185 186 188 189 191 192 193 195 196 197 199 202 205 206 207 208 209 210 211 215 216 218 219 220 222 225 227 228 229 230 231 232 234 235 238 239 240 241 242 243 244 247 248
29 100 30 32 33 66 34 35 36 37 38 44 48 49 52 54 55 57 59 60 63 64 130 131 67 71 73 80 81 84 85 86 90 91 92 94 95 96 98 101 102 106 107 109 110 111 114 116 119 120 122 124 127 132 133 134 136 137 138 139 140 141 142 143 144 146 147 149 150 152 155 156 160 161 162 164 165 167 168 169 170 172 177 178 181 185 186 189 192 195 196 202 205 207 209 210 211 215 218 222 225 227 228 230 231 232 234 235 238 239 240 243 244 247 248
30 65 31 32 33 66 34 35 36 37 38 39 40 41 42 43 44 45 46 47 48 49 50 51 52 53 54 55 56 57 58 59 60 61 62 63 64 65 130 131 67 68 69 70 71 72 73 74 75 76 77 78 79 80 81 82 83 84 85 86 87 88 89 90 91 92 93 94 95 96 97 98 99 100 101 102 103 104 105 106 107 108 109 110 111 112 113 114 115 116 117 118 119 120 121 122 123 124 125 126 127 128 129 132 133 134 135 136 137 138 139 140 141 142 143 144 145 146 147 148 149 150 151 152 153 154 155 156 157 158 159 160 161 162 163 164 165 166 167 168 169 170 171 172 173 174 175 176 177 178 179 180 181 182 183 184 185 186 187 188 189 190 191 192 193 194 195 196 197 198 199 200 201 202 203 204 205 206 207 208 209 210 211 212 213 214 215 216 217 218 219 220 221 222 223 224 225 226 227 228 229 230 231 232 233 234 235 236 237 238 239 240 241 242 243 244 245 246 247 248 249 250
31 61 32 33 66 34 35 36 37 38 44 47 48 49 52 54 55 57 58 59 60 63 64 130 131 67 71 73 80 81 84 85 86 90 91 92 94 95 96 98 100 101 102 106 107 109 110 111 114 116 119 120 122 124 127 132 133 134 136 137 138 139 140 141 142 143 144 146 147 149 150 152 155 156 160 161 162 164 165 167 168 169 170 172 177 178 181 185 186 189 192 193 195 196 202 205 207 209 210 211 215 218 219 222 225 227 228 230 231 232 234 235 238 239 240 241 243 244 247 248
32 34 33 66 34 35 36 37 38 39 40 41 42 43 44 45 46 47 48 49 50 51 52 53 54 55 56 57 58 59 60 61 62 63 64 65 130 131 67 68 69 70 71 72 73 74 75 76 77 78 79 80 81 82 83 84 85 86 87 88 89 90 91 92 93 94 95 96 97 98 99 100 101 102 103 104 105 106 107 108 109 110 111 112 113 114 115 116 117 118 119 120 121 122 123 124 125 126 127 128 129 132 133 134 135 136 137 138 139 140 141 142 143 144 145 146 147 148 149 150 151 152 153 154 155 156 157 158 159 160 161 162 163 164 165 166 167 168 169 170 171 172 173 174 175 176 177 178 179 180 181 182 183 184 185 186 187 188 189 190 191 192 193 194 195 196 197 198 199 200 201 202 203 204 205 206 207 208 209 210 211 212 213 214 215 216 217 218 219 220 221 222 223 224 225 226 227 228 229 230 231 232 233 234 235 236 237 238 239 240 241 242 243 244 245 246 247 248 249 250
33 25 66 34 35 36 37 38 39 40 41 42 43 44 45 46 47 48 49 50 51 52 53 54 55 56 57 58 59 60 61 62 63 64 65 130 131 67 68 69 70 71 72 73 74 75 76 77 78 79 80 81 82 83 84 85 86 87 88 89 90 91 92 93 94 95 96 97 98 99 100 101 102 103 104 105 106 107 108 109 110 111 112 113 114 115 116 117 118 119 120 121 122 123 124 125 126 127 128 129 132 133 134 135 136 137 138 139 140 141 142 143 144 145 146 147 148 149 150 151 152 153 154 155 156 157 158 159 160 161 162 163 164 165 166 167 168 169 170 171 172 173 174 175 176 177 178 179 180 181 182 183 184 185 186 187 188 189 190 191 192 193 194 195 196 197 198 199 200 201 202 203 204 205 206 207 208 209 210 211 212 213 214 215 216 217 218 219 220 221 222 223 224 225 226 227 228 229 230 231 232 233 234 235 236 237 238 239 240 241 242 243 244 245 246 247 248 249 250
34 35 66 35 36 37 38 39 40 41 42 43 44 45 46 47 48 49 50 51 52 53 54 55 56 57 58 59 60 61 62 63 64 65 130 131 67 68 69 70 71 72 73 74 75 76 77 78 79 80 81 82 83 84 85 86 87 88 89 90 91 92 93 94 95 96 97 98 99 100 101 102 103 104 105 106 107 108 109 110 111 112 113 114 115 116 117 118 119 120 121 122 123 124 125 126 127 128 129 132 133 134 135 136 137 138 139 140 141 142 143 144 145 146 147 148 149 150 151 152 153 154 155 156 157 158 159 160 161 162 163 164 165 166 167 168 169 170 171 172 173 174 175 176 177 178 179 180 181 182 183 184 185 186 187 188 189 190 191 192 193 194 195 196 197 198 199 200 201 202 203 204 205 206 207 208 209 210 211 212 213 214 215 216 217 218 219 220 221 222 223 224 225 226 227 228 229 230 231 232 233 234 235 236 237 238 239 240 241 242 243 244 245 246 247 248 249 250
35 60 66 36 37 38 39 40 43 44 45 47 48 49 50 51 52 53 54 55 57 58 59 60 61 62 63 64 65 130 131 67 71 73 77 78 79 80 81 82 83 84 85 86 87 90 91 92 94 95 96 97 98 100 101 102 103 105 106 107 108 109 110 111 112 114 115 116 117 119 120 122 123 124 125 126 127 128 132 133 134 135 136 137 138 139 140 141 142 143 144 146 147 148 149 150 152 155 156 160 161 162 163 164 165 167 168 169 170 171 172 174 177 178 180 181 184 185 186 187 188 189 191 192 193 195 196 197 199 201 202 203 205 206 207 208 209 210 211 214 215 216 218 219 220 221 222 225 227 228 229 230 231 232 234 235 237 238 239 240 241 242 243 244 246 247 248 249
36 52 66 37 38 39 40 44 45 47 48 49 50 51 52 53 54 55 57 58 59 60 61 62 63 64 65 130 131 67 71 73 77 78 79 80 81 82 83 84 85 86 87 90 91 92 94 95 96 98 100 101 102 103 105 106 107 108 109 110 111 112 114 115 116 117 119 120 122 123 124 125 126 127 128 132 133 134 135 136 137 138 139 140 141 142 143 144 146 147 148 149 150 152 155 156 160 161 162 163 164 165 167 168 169 170 171 172 174 177 178 180 181 184 185 186 187 188 189 191 192 193 195 196 197 199 201 202 203 205 206 207 208 209 210 211 214 215 216 218 219 220 221 222 225 227 228 229 230 231 232 234 235 237 238 239 240 241 242 243 244 246 247 248 249
37 90 66 38 39 40 41 42 43 44 45 47 48 49 50 51 52 53 54 55 57 58 59 60 61 62 63 64 65 130 131 67 71 73 77 78 79 80 81 82 83 84 85 86 87 88 90 91 92 93 94 95 96 97 98 99 100 101 102 103 105 106 107 108 109 110 111 112 114 115 116 117 118 119 120 122 123 124 125 126 127 128 129 132 133 134 135 136 137 138 139 140 141 142 143 144 145 146 147 148 149 150 152 155 156 157 160 161 162 163 164 165 167 168 169 170 171 172 174 175 177 178 179 180 181 184 185 186 187 188 189 190 191 192 193 195 196 197 199 201 202 203 205 206 207 208 209 210 211 213 214 215 216 218 219 220 221 222 224 225 226 227 228 229 230 231 232 234 235 237 238 239 240 241 242 243 244 246 247 248 249
38 81 66 39 40 43 44 45 47 48 49 50 51 52 53 54 55 57 58 59 60 61 62 63 64 65 130 131 67 71 73 77 78 79 80 81 82 83 84 85 86 87 90 91 92 94 95 96 98 100 101 102 103 105 106 107 108 109 110 111 112 114 115 116 117 119 120 122 123 124 125 126 127 128 132 133 134 135 136 137 138 139 140 141 142 143 144 146 147 148 149 150 152 155 156 160 161 162 163 164 165 167 168 169 170 171 172 174 177 178 180 181 184 185 186 187 188 189 191 192 193 195 196 197 199 201 202 203 205 206 207 208 209 210 211 214 215 216 218 219 220 221 222 225 227 228 229 230 231 232 234 235 237 238 239 240 241 242 243 244 246 247 248 249
39 93 66 40 44 45 47 48 49 51 52 54 55 57 58 59 60 61 63 64 130 131 67 71 73 77 78 80 81 84 85 86 90 91 92 94 95 96 98 100 101 102 106 107 108 109 110 111 112 114 115 116 119 120 122 124 127 132 133 134 135 136 137 138 139 140 141 142 143 144 146 147 149 150 152 155 156 160 161 162 164 165 167 168 169 170 172 174 177 178 181 185 186 189 191 192 193 195 196 202 205 207 208 209 210 211 215 216 218 219 220 222 225 227 228 230 231 232 234 235 238 239 240 241 243 244 247 248
40 74 66 44 45 47 48 49 50 51 52 53 54 55 57 58 59 60 61 63 64 65 130 131 67 71 73 77 78 80 81 82 84 85 86 87 90 91 92 94 95 96 98 100 101 102 103 105 106 107 108 109 110 111 112 114 115 116 117 119 120 122 123 124 125 126 127 128 132 133 134 135 136 137 138 139 140 141 142 143 144 146 147 148 149 150 152 155 156 160 161 162 163 164 165 167 168 169 170 172 174 177 178 181 184 185 186 187 188 189 191 192 193 195 196 197 199 201 202 203 205 206 207 208 209 210 211 215 216 218 219 220 221 222 225 227 228 229 230 231 232 234 235 238 239 240 241 242 243 244 247 248
41 85 66 44 48 49 54 55 57 59 60 63 64 131 67 71 73 80 81 84 85 86 90 92 94 96 102 106 107 109 110 111 116 119 120 122 124 127 132 133 134 136 137 138 139 141 142 143 144 146 147 150 152 155 156 161 162 164 165 167 168 170 172 177 178 181 185 186 189 192 195 196 202 205 207 209 210 211 215 218 222 225 227 228 230 231 232 234 235 238 239 240 243 244 247 248
42 43 66 44 49 54 55 57 59 63 64 131 67 71 80 81 84 85 86 90 92 94 96 102 106 107 109 110 116 119 120 122 124 127 132 133 134 136 137 138 139 141 142 143 144 146 147 150 152 155 156 161 162 164 165 167 168 170 172 177 178 181 185 186 189 192 195 196 202 205 207 209 210 211 215 218 222 225 227 228 230 231 232 234 235 238 239 240 243 244 247 248
43 21 66 44 48 49 52 54 55 57 59 60 63 64 130 131 67 71 73 80 81 84 85 86 90 91 92 94 96 98 101 102 106 107 109 110 111 114 116 119 120 122 124 127 132 133 134 136 137 138 139 140 141 142 143 144 146 147 149 150 152 155 156 160 161 162 164 165 167 168 169 170 172 177 178 181 185 186 189 192 195 196 202 205 207 209 210 211 215 218 222 225 227 228 230 231 232 234 235 238 239 240 243 244 247 248
44 89 66 45 46 47 48 49 50 51 52 53 54 55 56 57 58 59 60 61 62 63 64 65 130 131 67 68 69 70 71 73 74 75 76 77 78 79 80 81 82 83 84 85 86 87 88 89 90 91 92 93 94 95 96 97 98 99 100 101 102 103 105 106 107 108 109 110 111 112 113 114 115 116 117 118 119 120 121 122 123 124 125 126 127 128 129 132 133 134 135 136 137 138 139 140 141 142 143 144 145 146 147 148 149 150 151 152 153 154 155 156 157 158 159 160 161 162 163 164 165 166 167 168 169 170 171 172 173 174 175 176 177 178 179 180 181 182 183 184 185 186 187 188 189 190 191 192 193 194 195 196 197 198 199 200 201 202 203 205 206 207 208 209 210 211 212 213 214 215 216 217 218 219 220 221 222 223 224 225 226 227 228 229 230 231 232 233 234 235 237 238 239 240 241 242 243 244 246 247 248 249 250
45 100 66 47 48 49 50 51 52 53 54 55 57 58 59 60 61 63 64 65 130 131 67 71 73 77 78 80 81 82 84 85 86 87 90 91 92 94 95 96 98 100 101 102 103 105 106 107 108 109 110 111 112 114 115 116 117 119 120 122 123 124 125 127 128 132 133 134 135 136 137 138 139 140 141 142 143 144 146 147 148 149 150 152 155 156 160 161 162 163 164 165 167 168 169 170 172 174 177 178 181 184 185 186 187 188 189 191 192 193 195 196 197 199 201 202 203 205 206 207 208 209 210 211 215 216 218 219 220 221 222 225 227 228 229 230 231 232 234 235 238 239 240 241 242 243 244 247 248
46 56 49 54 57 63 64 131 67 80 84 92 94 107 116 124 127 132 134 136 138 143 144 146 147 150 152 155 156 161 167 168 177 181 195 196 202 207 210 222 225 228 234 238 239 240 247
47 55 66 48 49 50 51 52 53 54 55 57 58 59 60 61 62 63 64 65 130 131 67 71 73 77 78 79 80 81 82 83 84 85 86 87 90 91 92 94 95 96 98 100 101 102 103 105 106 107 108 109 110 111 112 114 115 116 117 119 120 122 123 124 125 126 127 128 132 133 134 135 136 137 138 139 140 141 142 143 144 146 147 148 149 150 152 155 156 160 161 162 163 164 165 167 168 169 170 171 172 174 177 178 180 181 184 185 186 187 188 189 191 192 193 195 196 197 199 201 202 203 205 206 207 208 209 210 211 214 215 216 218 219 220 221 222 225 227 228 229 230 231 232 234 235 237 238 239 240 241 242 243 244 247 248 249
48 88 66 49 50 51 52 53 54 55 57 58 59 60 61 62 63 64 65 130 131 67 71 73 77 78 79 80 81 82 83 84 85 86 87 90 91 92 94 95 96 97 98 100 101 102 103 105 106 107 108 109 110 111 112 114 115 116 117 118 119 120 122 123 124 125 126 127 128 129 132 133 134 135 136 137 138 139 140 141 142 143 144 146 147 148 149 150 152 155 156 160 161 162 163 164 165 167 168 169 170 171 172 174 175 177 178 180 181 184 185 186 187 188 189 190 191 192 193 195 196 197 199 201 202 203 205 206 207 208 209 210 211 213 214 215 216 218 219 220 221 222 225 226 227 228 229 230 231 232 234 235 237 238 239 240 241 242 243 244 246 247 248 249
49 52 66 50 51 52 53 54 55 56 57 58 59 60 61 62 63 64 65 130 131 67 68 69 70 71 72 73 74 75 76 77 78 79 80 81 82 83 84 85 86 87 88 89 90 91 92 93 94 95 96 97 98 99 100 101 102 103 104 105 106 107 108 109 110 111 112 113 114 115 116 117 118 119 120 121 122 123 124 125 126 127 128 129 132 133 134 135 136 137 138 139 140 141 142 143 144 145 146 147 148 149 150 151 152 153 154 155 156 157 158 159 160 161 162 163 164 165 166 167 168 169 170 171 172 173 174 175 176 177 178 179 180 181 182 183 184 185 186 187 188 189 190 191 192 193 194 195 196 197 198 199 200 201 202 203 204 205 206 207 208 209 210 211 212 213 214 215 216 217 218 219 220 221 222 223 224 225 226 227 228 229 230 231 232 233 234 235 236 237 238 239 240 241 242 243 244 245 246 247 248 249 250
50 63 66 51 52 54 55 57 58 59 60 61 63 64 65 130 131 67 71 73 77 78 80 81 84 85 86 87 90 91 92 94 95 96 98 100 101 102 103 106 107 108 109 110 111 112 114 115 116 119 120 122 124 127 132 133 134 135 136 137 138 139 140 141 142 143 144 146 147 148 149 150 152 155 156 160 161 162 164 165 167 168 169 170 172 174 177 178 181 184 185 186 188 189 191 192 193 195 196 197 199 202 205 206 207 208 209 210 211 215 216 218 219 220 222 225 227 228 229 230 231 232 234 235 238 239 240 241 242 243 244 247 248
51 40 66 52 53 54 55 57 58 59 60 61 62 63 64 65 130 131 67 71 73 77 78 79 80 81 82 83 84 85 86 87 90 91 92 94 95 96 98 100 101 102 103 105 106 107 108 109 110 111 112 114 115 116 117 119 120 122 123 124 125 126 127 128 132 133 134 135 136 137 138 139 140 141 142 143 144 146 147 148 149 150 152 155 156 160 161 162 163 164 165 167 168 169 170 172 174 177 178 181 184 185 186 187 188 189 191 192 193 195 196 197 199 201 202 203 205 206 207 208 209 210 211 215 216 218 219 220 221 222 225 227 228 229 230 231 232 234 235 238 239 240 241 242 243 244 247 248
52 41 66 53 54 55 57 58 59 60 61 62 63 64 65 130 131 67 71 73 77 78 79 80 81 82 83 84 85 86 87 90 91 92 94 95 96 97 98 100 101 102 103 105 106 107 108 109 110 111 112 114 115 116 117 118 119 120 122 123 124 125 126 127 128 132 133 134 135 136 137 138 139 140 141 142 143 144 146 147 148 149 150 152 155 156 160 161 162 163 164 165 167 168 169 170 171 172 174 177 178 180 181 184 185 186 187 188 189 190 191 192 193 195 196 197 199 201 202 203 205 206 207 208 209 210 211 213 214 215 216 218 219 220 221 222 225 226 227 228 229 230 231 232 234 235 237 238 239 240 241 242 243 244 246 247 248 249
53 62 66 54 55 57 58 59 60 61 63 64 65 130 131 67 71 73 77 78 80 81 84 85 86 90 91 92 94 95 96 98 100 101 102 106 107 108 109 110 111 112 114 115 116 119 120 122 124 127 132 133 134 135 136 137 138 139 140 141 142 143 144 146 147 149 150 152 155 156 160 161 162 164 165 167 168 169 170 172 174 177 178 181 184 185 186 188 189 191 192 193 195 196 197 199 202 205 206 207 208 209 210 211 215 216 218 219 220 222 225 227 228 229 230 231 232 234 235 238 239 240 241 242 243 244 247 248
54 35 66 55 56 57 58 59 60 61 62 63 64 65 130 131 67 68 69 70 71 72 73 74 75 76 77 78 79 80 81 82 83 84 85 86 87 88 89 90 91 92 93 94 95 96 97 98 99 100 101 102 103 104 105 106 107 108 109 110 111 112 113 114 115 116 117 118 119 120 121 122 123 124 125 126 127 128 129 132 133 134 135 136 137 138 139 140 141 142 143 144 145 146 147 148 149 150 151 152 153 154 155 156 157 158 159 160 161 162 163 164 165 166 167 168 169 170 171 172 173 174 175 176 177 178 179 180 181 182 183 184 185 186 187 188 189 190 191 192 193 194 195 196 197 198 199 200 201 202 203 204 205 206 207 208 209 210 211 212 213 214 215 216 217 218 219 220 221 222 223 224 225 226 227 228 229 230 231 232 233 234 235 236 237 238 239 240 241 242 243 244 246 247 248 249 250
55 77 66 57 58 59 60 61 62 63 64 65 130 131 67 70 71 73 74 77 78 79 80 81 82 83 84 85 86 87 88 90 91 92 93 94 95 96 97 98 99 100 101 102 103 105 106 107 108 109 110 111 112 113 114 115 116 117 118 119 120 122 123 124 125 126 127 128 129 132 133 134 135 136 137 138 139 140 141 142 143 144 145 146 147 148 149 150 151 152 155 156 157 159 160 161 162 163 164 165 166 167 168 169 170 171 172 173 174 175 176 177 178 179 180 181 184 185 186 187 188 189 190 191 192 193 195 196 197 198 199 200 201 202 203 205 206 207 208 209 210 211 212 213 214 215 216 217 218 219 220 221 222 224 225 226 227 228 229 230 231 232 234 235 237 238 239 240 241 242 243 244 246 247 248 249
56 72 57 63 64 131 67 80 81 84 85 92 94 107 116 124 127 132 134 136 138 142 143 144 146 147 150 152 155 156 161 167 168 177 181 195 196 202 207 210 222 225 227 228 230 234 238 239 240 247
57 75 66 58 59 60 61 62 63 64 65 130 131 67 68 69 70 71 72 73 74 75 76 77 78 79 80 81 82 83 84 85 86 87 88 89 90 91 92 93 94 95 96 97 98 99 100 101 102 103 104 105 106 107 108 109 110 111 112 113 114 115 116 117 118 119 120 121 122 123 124 125 126 127 128 129 132 133 134 135 136 137 138 139 140 141 142 143 144 145 146 147 148 149 150 151 152 153 154 155 156 157 158 159 160 161 162 163 164 165 166 167 168 169 170 171 172 173 174 175 176 177 178 179 180 181 182 183 184 185 186 187 188 189 190 191 192 193 194 195 196 197 198 199 200 201 202 203 204 205 206 207 208 209 210 211 212 213 214 215 216 217 218 219 220 221 222 223 224 225 226 227 228 229 230 231 232 233 234 235 236 237 238 239 240 241 242 243 244 245 246 247 248 249 250
58 93 66 59 60 61 62 63 64 65 130 131 67 71 73 77 78 79 80 81 82 83 84 85 86 87 90 91 92 94 95 96 98 100 101 102 103 105 106 107 108 109 110 111 112 114 115 116 117 119 120 122 123 124 125 126 127 128 132 133 134 135 136 137 138 139 140 141 142 143 144 146 147 148 149 150 152 155 156 160 161 162 163 164 165 167 168 169 170 172 174 177 178 180 181 184 185 186 187 188 189 191 192 193 195 196 197 199 201 202 203 205 206 207 208 209 210 211 214 215 216 218 219 220 221 222 225 227 228 229 230 231 232 234 235 237 238 239 240 241 242 243 244 247 248 249
59 55 66 60 61 62 63 64 65 130 131 67 71 73 77 78 79 80 81 82 83 84 85 86 87 88 90 91 92 94 95 96 97 98 100 101 102 103 105 106 107 108 109 110 111 112 114 115 116 117 118 119 120 122 123 124 125 126 127 128 129 132 133 134 135 136 137 138 139 140 141 142 143 144 146 147 148 149 150 152 155 156 160 161 162 163 164 165 167 168 169 170 171 172 174 175 177 178 180 181 184 185 186 187 188 189 190 191 192 193 195 196 197 199 201 202 203 205 206 207 208 209 210 211 213 214 215 216 218 219 220 221 222 225 226 227 228 229 230 231 232 234 235 237 238 239 240 241 242 243 244 246 247 248 249
60 95 66 61 62 63 64 65 130 131 67 71 73 77 78 79 80 81 82 83 84 85 86 87 90 91 92 94 95 96 97 98 100 101 102 103 105 106 107 108 109 110 111 112 114 115 116 117 118 119 120 122 123 124 125 126 127 128 129 132 133 134 135 136 137 138 139 140 141 142 143 144 146 147 148 149 150 152 155 156 160 161 162 163 164 165 167 168 169 170 171 172 174 175 177 178 180 181 184 185 186 187 188 189 190 191 192 193 195 196 197 199 201 202 203 205 206 207 208 209 210 211 213 214 215 216 218 219 220 221 222 225 226 227 228 229 230 231 232 234 235 237 238 239 240 241 242 243 244 246 247 248 249
61 54 66 63 64 65 130 131 67 71 73 77 78 80 81 82 84 85 86 87 90 91 92 94 95 96 98 100 101 102 103 105 106 107 108 109 110 111 112 114 115 116 117 119 120 122 123 124 125 126 127 128 132 133 134 135 136 137 138 139 140 141 142 143 144 146 147 148 149 150 152 155 156 160 161 162 163 164 165 167 168 169 170 172 174 177 178 181 184 185 186 187 188 189 191 192 193 195 196 197 199 201 202 203 205 206 207 208 209 210 211 215 216 218 219 220 221 222 225 227 228 229 230 231 232 234 235 238 239 240 241 242 243 244 247 248
62 87 66 63 64 130 131 67 71 73 78 80 81 84 85 86 90 91 92 94 95 96 98 100 101 102 106 107 108 109 110 111 114 115 116 119 120 122 124 127 132 133 134 135 136 137 138 139 140 141 142 143 144 146 147 149 150 152 155 156 160 161 162 164 165 167 168 169 170 172 174 177 178 181 185 186 189 191 192 193 195 196 202 205 207 208 209 210 211 215 216 218 219 220 222 225 227 228 230 231 232 234 235 238 239 240 241 243 244 247 248
63 38 66 64 65 130 131 67 68 69 70 71 72 73 74 75 76 77 78 79 80 81 82 83 84 85 86 87 88 89 90 91 92 93 94 95 96 97 98 99 100 101 102 103 104 105 106 107 108 109 110 111 112 113 114 115 116 117 118 119 120 121 122 123 124 125 126 127 128 129 132 133 134 135 136 137 138 139 140 141 142 143 144 145 146 147 148 149 150 151 152 153 154 155 156 157 158 159 160 161 162 163 164 165 166 167 168 169 170 171 172 173 174 175 176 177 178 179 180 181 182 183 184 185 186 187 188 189 190 191 192 193 194 195 196 197 198 199 200 201 202 203 204 205 206 207 208 209 210 211 212 213 214 215 216 217 218 219 220 221 222 223 224 225 226 227 228 229 230 231 232 233 234 235 236 237 238 239 240 241 242 243 244 245 246 247 248 249 250
64 84 66 65 130 131 67 68 69 70 71 72 73 74 75 76 77 78 79 80 81 82 83 84 85 86 87 88 89 90 91 92 93 94 95 96 97 98 99 100 101 102 103 104 105 106 107 108 109 110 111 112 113 114 115 116 117 118 119 120 121 122 123 124 125 126 127 128 129 132 133 134 135 136 137 138 139 140 141 142 143 144 145 146 147 148 149 150 151 152 153 154 155 156 157 158 159 160 161 162 163 164 165 166 167 168 169 170 171 172 173 174 175 176 177 178 179 180 181 182 183 184 185 186 187 188 189 190 191 192 193 194 195 196 197 198 199 200 201 202 203 204 205 206 207 208 209 210 211 212 213 214 215 216 217 218 219 220 221 222 223 224 225 226 227 228 229 230 231 232 233 234 235 236 237 238 239 240 241 242 243 244 245 246 247 248 249 250
65 83 66 130 131 67 71 73 77 78 80 81 82 84 85 86 87 90 91 92 94 95 96 98 100 101 102 103 106 107 108 109 110 111 112 114 115 116 119 120 122 124 125 127 132 133 134 135 136 137 138 139 140 141 142 143 144 146 147 148 149 150 152 155 156 160 161 162 164 165 167 168 169 170 172 174 177 178 181 184 185 186 188 189 191 192 193 195 196 197 199 202 203 205 206 207 208 209 210 211 215 216 218 219 220 222 225 227 228 229 230 231 232 234 235 238 239 240 241 242 243 244 247 248
66 88 130 131 67 71 73 77 78 79 80 81 82 83 84 85 86 87 88 90 91 92 93 94 95 96 97 98 100 101 102 103 105 106 107 108 109 110 111 112 114 115 116 117 118 119 120 122 123 124 125 126 127 128 129 132 133 134 135 136 137 138 139 140 141 142 143 144 146 147 148 149 150 152 155 156 160 161 162 163 164 165 167 168 169 170 171 172 174 175 177 178 180 181 184 185 186 187 188 189 190 191 192 193 195 196 197 199 201 202 203 205 206 207 208 209 210 211 213 214 215 216 218 219 220 221 222 225 226 227 228 229 230 231 232 234 235 237 238 239 240 241 242 243 244 246 247 248 249
67 37 130 131 68 69 70 71 72 73 74 75 76 77 78 79 80 81 82 83 84 85 86 87 88 89 90 91 92 93 94 95 96 97 98 99 100 101 102 103 104 105 106 107 108 109 110 111 112 113 114 115 116 117 118 119 120 121 122 123 124 125 126 127 128 129 132 133 134 135 136 137 138 139 140 141 142 143 144 145 146 147 148 149 150 151 152 153 154 155 156 157 158 159 160 161 162 163 164 165 166 167 168 169 170 171 172 173 174 175 176 177 178 179 180 181 182 183 184 185 186 187 188 189 190 191 192 193 194 195 196 197 198 199 200 201 202 203 204 205 206 207 208 209 210 211 212 213 214 215 216 217 218 219 220 221 222 223 224 225 226 227 228 229 230 231 232 233 234 235 236 237 238 239 240 241 242 243 244 245 246 247 248 249 250
68 65 131 80 84 92 94 107 116 124 127 132 134 136 138 142 143 144 146 147 150 152 155 156 161 167 168 177 181 195 196 202 207 210 222 225 228 234 238 239 240 247
69 58 131 80 81 84 92 94 107 116 124 127 132 134 136 138 142 143 144 146 147 150 152 155 156 161 167 168 177 181 195 196 202 207 210 222 225 228 230 234 238 239 240 247
70 89 131 71 80 81 84 85 92 94 102 107 109 110 116 119 120 124 127 132 134 136 137 138 141 142 143 144 146 147 150 152 155 156 161 165 167 168 170 177 181 189 195 196 202 205 207 210 211 222 225 227 228 230 234 235 238 239 240 247
71 89 130 131 73 74 77 78 79 80 81 82 83 84 85 86 87 88 90 91 92 93 94 95 96 97 98 99 100 101 102 103 105 106 107 108 109 110 111 112 113 114 115 116 117 118 119 120 122 123 124 125 126 127 128 129 132 133 134 135 136 137 138 139 140 141 142 143 144 145 146 147 148 149 150 151 152 155 156 157 159 160 161 162 163 164 165 166 167 168 169 170 171 172 173 174 175 177 178 179 180 181 184 185 186 187 188 189 190 191 192 193 195 196 197 198 199 200 201 202 203 205 206 207 208 209 210 211 212 213 214 215 216 217 218 219 220 221 222 224 225 226 227 228 229 230 231 232 234 235 237 238 239 240 241 242 243 244 246 247 248 249
72 48 80 84 92 94 107 116 124 127 132 134 136 138 143 144 146 147 150 152 155 156 161 167 168 177 181 195 196 202 207 210 222 228 234 238 239 240 247
73 85 130 131 77 78 79 80 81 82 83 84 85 86 87 90 91 92 94 95 96 97 98 100 101 102 103 105 106 107 108 109 110 111 112 114 115 116 117 118 119 120 122 123 124 125 126 127 128 129 132 133 134 135 136 137 138 139 140 141 142 143 144 146 147 148 149 150 152 155 156 160 161 162 163 164 165 167 168 169 170 171 172 174 175 177 178 180 181 184 185 186 187 188 189 190 191 192 193 195 196 197 199 201 202 203 205 206 207 208 209 210 211 213 214 215 216 218 219 220 221 222 225 226 227 228 229 230 231 232 234 235 237 238 239 240 241 242 243 244 246 247 248 249
74 25 131 80 81 84 85 90 92 94 96 102 107 109 110 116 119 120 124 127 132 134 136 137 138 141 142 143 144 146 147 150 152 155 156 161 164 165 167 168 170 177 181 186 189 195 196 202 205 207 210 211 222 225 227 228 230 231 234 235 238 239 240 247 248
75 100 131 80 81 84 85 92 94 107 116 124 127 132 134 136 138 142 143 144 146 147 150 152 155 156 161 167 168 177 181 195 196 202 207 210 222 225 227 228 230 234 238 239 240 247
76 28 131 80 84 92 94 107 116 124 127 132 134 136 138 142 143 144 146 147 150 152 155 156 161 167 168 177 181 195 196 202 207 210 222 225 228 234 238 239 240 247
77 20 130 131 78 80 81 82 84 85 86 87 90 91 92 94 95 96 98 100 101 102 103 105 106 107 108 109 110 111 112 114 115 116 117 119 120 122 123 124 125 126 127 128 132 133 134 135 136 137 138 139 140 141 142 143 144 146 147 148 149 150 152 155 156 160 161 162 163 164 165 167 168 169 170 172 174 177 178 181 184 185 186 187 188 189 191 192 193 195 196 197 199 201 202 203 205 206 207 208 209 210 211 215 216 218 219 220 221 222 225 227 228 229 230 231 232 234 235 238 239 240 241 242 243 244 247 248
78 96 130 131 79 80 81 82 83 84 85 86 87 90 91 92 94 95 96 98 100 101 102 103 105 106 107 108 109 110 111 112 114 115 116 117 119 120 122 123 124 125 126 127 128 132 133 134 135 136 137 138 139 140 141 142 143 144 146 147 148 149 150 152 155 156 160 161 162 163 164 165 167 168 169 170 172 174 177 178 181 184 185 186 187 188 189 191 192 193 195 196 197 199 201 202 203 205 206 207 208 209 210 211 215 216 218 219 220 221 222 225 227 228 229 230 231 232 234 235 238 239 240 241 242 243 244 247 248
79 52 130 131 80 81 84 85 86 90 91 92 94 95 96 98 100 101 102 106 107 108 109 110 111 114 116 119 120 122 124 127 132 133 134 135 136 137 138 139 140 141 142 143 144 146 147 149 150 152 155 156 160 161 162 164 165 167 168 169 170 172 174 177 178 181 185 186 189 191 192 193 195 196 202 205 207 209 210 211 215 216 218 219 220 222 225 227 228 230 231 232 234 235 238 239 240 241 243 244 247 248
80 100 130 131 81 82 83 84 85 86 87 88 89 90 91 92 93 94 95 96 97 98 99 100 101 102 103 104 105 106 107 108 109 110 111 112 113 114 115 116 117 118 119 120 121 122 123 124 125 126 127 128 129 132 133 134 135 136 137 138 139 140 141 142 143 144 145 146 147 148 149 150 151 152 153 154 155 156 157 158 159 160 161 162 163 164 165 166 167 168 169 170 171 172 173 174 175 176 177 178 179 180 181 182 183 184 185 186 187 188 189 190 191 192 193 194 195 196 197 198 199 200 201 202 203 204 205 206 207 208 209 210 211 212 213 214 215 216 217 218 219 220 221 222 223 224 225 226 227 228 229 230 231 232 233 234 235 236 237 238 239 240 241 242 243 244 245 246 247 248 249 250
81 94 130 131 82 83 84 85 86 87 88 90 91 92 93 94 95 96 97 98 99 100 101 102 103 105 106 107 108 109 110 111 112 113 114 115 116 117 118 119 120 121 122 123 124 125 126 127 128 129 132 133 134 135 136 137 138 139 140 141 142 143 144 145 146 147 148 149 150 151 152 153 154 155 156 157 159 160 161 162 163 164 165 166 167 168 169 170 171 172 173 174 175 176 177 178 179 180 181 182 183 184 185 186 187 188 189 190 191 192 193 194 195 196 197 198 199 200 201 202 203 205 206 207 208 209 210 211 212 213 214 215 216 217 218 219 220 221 222 223 224 225 226 227 228 229 230 231 232 234 235 237 238 239 240 241 242 243 244 246 247 248 249 250
82 94 130 131 84 85 86 90 91 92 94 95 96 98 100 101 102 106 107 108 109 110 111 112 114 115 116 119 120 122 124 127 132 133 134 135 136 137 138 139 140 141 142 143 144 146 147 149 150 152 155 156 160 161 162 164 165 167 168 169 170 172 174 177 178 181 184 185 186 188 189 191 192 193 195 196 197 199 202 205 206 207 208 209 210 211 215 216 218 219 220 222 225 227 228 229 230 231 232 234 235 238 239 240 241 242 243 244 247 248
83 69 130 131 84 85 86 90 91 92 94 95 96 98 100 101 102 106 107 108 109 110 111 114 115 116 119 120 122 124 127 132 133 134 135 136 137 138 139 140 141 142 143 144 146 147 149 150 152 155 156 160 161 162 164 165 167 168 169 170 172 174 177 178 181 185 186 189 191 192 193 195 196 202 205 207 209 210 211 215 216 218 219 220 222 225 227 228 230 231 232 234 235 238 239 240 241 243 244 247 248
84 94 130 131 85 86 87 88 89 90 91 92 93 94 95 96 97 98 99 100 101 102 103 104 105 106 107 108 109 110 111 112 113 114 115 116 117 118 119 120 121 122 123 124 125 126 127 128 129 132 133 134 135 136 137 138 139 140 141 142 143 144 145 146 147 148 149 150 151 152 153 154 155 156 157 158 159 160 161 162 163 164 165 166 167 168 169 170 171 172 173 174 175 176 177 178 179 180 181 182 183 184 185 186 187 188 189 190 191 192 193 194 195 196 197 198 199 200 201 202 203 204 205 206 207 208 209 210 211 212 213 214 215 216 217 218 219 220 221 222 223 224 225 226 227 228 229 230 231 232 233 234 235 236 237 238 239 240 241 242 243 244 245 246 247 248 249 250
85 39 130 131 86 87 88 90 91 92 93 94 95 96 97 98 99 100 101 102 103 105 106 107 108 109 110 111 112 113 114 115 116 117 118 119 120 121 122 123 124 125 126 127 128 129 132 133 134 135 136 137 138 139 140 141 142 143 144 145 146 147 148 149 150 151 152 153 154 155 156 157 159 160 161 162 163 164 165 166 167 168 169 170 171 172 173 174 175 176 177 178 179 180 181 182 183 184 185 186 187 188 189 190 191 192 193 194 195 196 197 198 199 200 201 202 203 205 206 207 208 209 210 211 212 213 214 215 216 217 218 219 220 221 222 223 224 225 226 227 228 229 230 231 232 234 235 237 238 239 240 241 242 243 244 246 247 248 249
86 62 130 131 87 88 90 91 92 93 94 95 96 97 98 99 100 101 102 103 105 106 107 108 109 110 111 112 114 115 116 117 118 119 120 122 123 124 125 126 127 128 129 132 133 134 135 136 137 138 139 140 141 142 143 144 146 147 148 149 150 152 155 156 157 160 161 162 163 164 165 167 168 169 170 171 172 174 175 177 178 179 180 181 184 185 186 187 188 189 190 191 192 193 195 196 197 199 201 202 203 205 206 207 208 209 210 211 213 214 215 216 218 219 220 221 222 225 226 227 228 229 230 231 232 234 235 237 238 239 240 241 242 243 244 246 247 248 249
87 86 130 131 90 91 92 94 95 96 98 100 101 102 103 106 107 108 109 110 111 112 114 115 116 119 120 122 124 127 132 133 134 135 136 137 138 139 140 141 142 143 144 146 147 148 149 150 152 155 156 160 161 162 164 165 167 168 169 170 172 174 177 178 181 184 185 186 188 189 191 192 193 195 196 197 199 202 205 206 207 208 209 210 211 215 216 218 219 220 222 225 227 228 229 230 231 232 234 235 238 239 240 241 242 243 244 247 248
88 43 131 90 92 94 96 102 106 107 109 110 116 119 120 122 124 127 132 133 134 136 137 138 139 141 142 143 144 146 147 150 152 155 156 161 162 164 165 167 168 170 172 177 178 181 185 186 189 192 195 196 202 205 207 209 210 211 215 218 222 225 227 228 230 231 232 234 235 238 239 240 243 244 247 248
89 61 131 92 94 107 116 124 127 132 134 136 138 143 144 146 147 150 152 155 156 161 167 168 177 181 195 196 202 207 210 222 225 228 234 238 239 240 247
90 88 130 131 91 92 93 94 95 96 97 98 99 100 101 102 103 105 106 107 108 109 110 111 112 114 115 116 117 118 119 120 122 123 124 125 126 127 128 129 132 133 134 135 136 137 138 139 140 141 142 143 144 145 146 147 148 149 150 151 152 155 156 157 160 161 162 163 164 165 167 168 169 170 171 172 173 174 175 177 178 179 180 181 184 185 186 187 188 189 190 191 192 193 195 196 197 198 199 200 201 202 203 205 206 207 208 209 210 211 212 213 214 215 216 217 218 219 220 221 222 224 225 226 227 228 229 230 231 232 234 235 237 238 239 240 241 242 243 244 246 247 248 249
91 78 130 131 92 94 95 96 97 98 100 101 102 103 105 106 107 108 109 110 111 112 114 115 116 117 118 119 120 122 123 124 125 126 127 128 132 133 134 135 136 137 138 139 140 141 142 143 144 146 147 148 149 150 152 155 156 160 161 162 163 164 165 167 168 169 170 171 172 174 177 178 180 181 184 185 186 187 188 189 190 191 192 193 195 196 197 199 201 202 203 205 206 207 208 209 210 211 213 214 215 216 218 219 220 221 222 225 226 227 228 229 230 231 232 234 235 237 238 239 240 241 242 243 244 246 247 248 249
92 72 130 131 93 94 95 96 97 98 99 100 101 102 103 104 105 106 107 108 109 110 111 112 113 114 115 116 117 118 119 120 121 122 123 124 125 126 127 128 129 132 133 134 135 136 137 138 139 140 141 142 143 144 145 146 147 148 149 150 151 152 153 154 155 156 157 158 159 160 161 162 163 164 165 166 167 168 169 170 171 172 173 174 175 176 177 178 179 180 181 182 183 184 185 186 187 188 189 190 191 192 193 194 195 196 197 198 199 200 201 202 203 204 205 206 207 208 209 210 211 212 213 214 215 216 217 218 219 220 221 222 223 224 225 226 227 228 229 230 231 232 233 234 235 236 237 238 239 240 241 242 243 244 245 246 247 248 249 250
93 71 131 94 96 102 106 107 109 110 116 119 120 122 124 127 132 133 134 136 137 138 141 142 143 144 146 147 150 152 155 156 161 162 164 165 167 168 170 172 177 181 185 186 189 192 195 196 202 205 207 209 210 211 215 222 225 227 228 230 231 232 234 235 238 239 240 243 244 247 248
94 31 130 131 95 96 97 98 99 100 101 102 103 104 105 106 107 108 109 110 111 112 113 114 115 116 117 118 119 120 121 122 123 124 125 126 127 128 129 132 133 134 135 136 137 138 139 140 141 142 143 144 145 146 147 148 149 150 151 152 153 154 155 156 157 158 159 160 161 162 163 164 165 166 167 168 169 170 171 172 173 174 175 176 177 178 179 180 181 182 183 184 185 186 187 188 189 190 191 192 193 194 195 196 197 198 199 200 201 202 203 204 205 206 207 208 209 210 211 212 213 214 215 216 217 218 219 220 221 222 223 224 225 226 227 228 229 230 231 232 233 234 235 236 237 238 239 240 241 242 243 244 245 246 247 248 249 250
95 45 130 131 96 98 100 101 102 103 105 106 107 108 109 110 111 112 114 115 116 117 119 120 122 123 124 125 126 127 128 132 133 134 135 136 137 138 139 140 141 142 143 144 146 147 148 149 150 152 155 156 160 161 162 163 164 165 167 168 169 170 171 172 174 177 178 180 181 184 185 186 187 188 189 191 192 193 195 196 197 199 201 202 203 205 206 207 208 209 210 211 214 215 216 218 219 220 221 222 225 227 228 229 230 231 232 234 235 237 238 239 240 241 242 243 244 246 247 248 249
96 72 130 131 97 98 99 100 101 102 103 105 106 107 108 109 110 111 112 114 115 116 117 118 119 120 122 123 124 125 126 127 128 129 132 133 134 135 136 137 138 139 140 141 142 143 144 145 146 147 148 149 150 151 152 155 156 157 160 161 162 163 164 165 167 168 169 170 171 172 173 174 175 177 178 179 180 181 184 185 186 187 188 189 190 191 192 193 195 196 197 198 199 200 201 202 203 205 206 207 208 209 210 211 212 213 214 215 216 217 218 219 220 221 222 224 225 226 227 228 229 230 231 232 234 235 237 238 239 240 241 242 243 244 246 247 248 249
97 87 130 131 98 101 102 106 107 109 110 111 114 116 119 120 122 124 127 132 133 134 136 137 138 139 140 141 142 143 144 146 147 149 150 152 155 156 160 161 162 164 165 167 168 169 170 172 177 178 181 185 186 189 192 195 196 202 205 207 209 210 211 215 218 222 225 227 228 230 231 232 234 235 238 239 240 243 244 247 248
98 60 130 131 100 101 102 103 105 106 107 108 109 110 111 112 114 115 116 117 119 120 122 123 124 125 126 127 128 132 133 134 135 136 137 138 139 140 141 142 143 144 146 147 148 149 150 152 155 156 160 161 162 163 164 165 167 168 169 170 171 172 174 177 178 180 181 184 185 186 187 188 189 190 191 192 193 195 196 197 199 201 202 203 205 206 207 208 209 210 211 214 215 216 218 219 220 221 222 225 226 227 228 229 230 231 232 234 235 237 238 239 240 241 242 243 244 246 247 248 249
99 91 131 102 106 107 109 110 116 119 120 122 124 127 132 133 134 136 137 138 141 142 143 144 146 147 150 152 155 156 161 162 164 165 167 168 170 172 177 181 185 186 189 192 195 196 202 205 207 210 211 215 222 225 227 228 230 231 232 234 235 238 239 240 243 244 247 248
100 100 130 131 101 102 103 105 106 107 108 109 110 111 112 114 115 116 117 119 120 122 123 124 125 126 127 128 132 133 134 135 136 137 138 139 140 141 142 143 144 146 147 148 149 150 152 155 156 160 161 162 163 164 165 167 168 169 170 171 172 174 177 178 180 181 184 185 186 187 188 189 191 192 193 195 196 197 199 201 202 203 205 206 207 208 209 210 211 214 215 216 218 219 220 221 222 225 227 228 229 230 231 232 234 235 237 238 239 240 241 242 243 244 247 248 249
101 66 130 131 102 103 105 106 107 108 109 110 111 112 114 115 116 117 119 120 122 123 124 125 126 127 128 132 133 134 135 136 137 138 139 140 141 142 143 144 146 147 148 149 150 152 155 156 160 161 162 163 164 165 167 168 169 170 171 172 174 177 178 180 181 184 185 186 187 188 189 191 192 193 195 196 197 199 201 202 203 205 206 207 208 209 210 211 214 215 216 218 219 220 221 222 225 226 227 228 229 230 231 232 234 235 237 238 239 240 241 242 243 244 246 247 248 249
102 44 130 131 103 105 106 107 108 109 110 111 112 114 115 116 117 118 119 120 122 123 124 125 126 127 128 129 132 133 134 135 136 137 138 139 140 141 142 143 144 145 146 147 148 149 150 151 152 155 156 157 159 160 161 162 163 164 165 167 168 169 170 171 172 173 174 175 177 178 179 180 181 184 185 186 187 188 189 190 191 192 193 195 196 197 198 199 200 201 202 203 205 206 207 208 209 210 211 212 213 214 215 216 217 218 219 220 221 222 224 225 226 227 228 229 230 231 232 234 235 237 238 239 240 241 242 243 244 246 247 248 249
103 83 130 131 106 107 108 109 110 111 112 114 115 116 119 120 122 124 125 127 132 133 134 135 136 137 138 139 140 141 142 143 144 146 147 148 149 150 152 155 156 160 161 162 164 165 167 168 169 170 172 174 177 178 181 184 185 186 188 189 191 192 193 195 196 197 199 202 205 206 207 208 209 210 211 215 216 218 219 220 222 225 227 228 229 230 231 232 234 235 238 239 240 241 242 243 244 247 248
104 23 107 116 124 127 132 134 136 138 143 144 146 147 150 152 155 156 161 167 168 177 181 195 202 207 210 222 228 234 238 239 240 247
105 22 130 131 106 107 108 109 110 111 112 114 115 116 119 120 122 124 127 132 133 134 135 136 137 138 139 140 141 142 143 144 146 147 149 150 152 155 156 160 161 162 164 165 167 168 169 170 172 174 177 178 181 184 185 186 188 189 191 192 193 195 196 202 205 206 207 208 209 210 211 215 216 218 219 220 222 225 227 228 230 231 232 234 235 238 239 240 241 242 243 244 247 248
106 81 130 131 107 108 109 110 111 112 114 115 116 117 118 119 120 122 123 124 125 126 127 128 129 132 133 134 135 136 137 138 139 140 141 142 143 144 145 146 147 148 149 150 151 152 155 156 157 160 161 162 163 164 165 167 168 169 170 171 172 173 174 175 177 178 179 180 181 184 185 186 187 188 189 190 191 192 193 195 196 197 199 201 202 203 205 206 207 208 209 210 211 213 214 215 216 218 219 220 221 222 224 225 226 227 228 229 230 231 232 234 235 237 238 239 240 241 242 243 244 246 247 248 249
107 22 130 131 108 109 110 111 112 113 114 115 116 117 118 119 120 121 122 123 124 125 126 127 128 129 132 133 134 135 136 137 138 139 140 141 142 143 144 145 146 147 148 149 150 151 152 153 154 155 156 157 158 159 160 161 162 163 164 165 166 167 168 169 170 171 172 173 174 175 176 177 178 179 180 181 182 183 184 185 186 187 188 189 190 191 192 193 194 195 196 197 198 199 200 201 202 203 204 205 206 207 208 209 210 211 212 213 214 215 216 217 218 219 220 221 222 223 224 225 226 227 228 229 230 231 232 233 234 235 236 237 238 239 240 241 242 243 244 245 246 247 248 249 250
108 55 130 131 109 110 111 112 114 115 116 117 119 120 122 123 124 125 126 127 128 132 133 134 135 136 137 138 139 140 141 142 143 144 146 147 148 149 150 152 155 156 160 161 162 163 164 165 167 168 169 170 172 174 177 178 181 184 185 186 187 188 189 191 192 193 195 196 197 199 201 202 203 205 206 207 208 209 210 211 215 216 218 219 220 221 222 225 227 228 229 230 231 232 234 235 238 239 240 241 242 243 244 247 248
109 67 130 131 110 111 112 114 115 116 117 118 119 120 122 123 124 125 126 127 128 129 132 133 134 135 136 137 138 139 140 141 142 143 144 145 146 147 148 149 150 151 152 155 156 157 159 160 161 162 163 164 165 167 168 169 170 171 172 173 174 175 177 178 179 180 181 184 185 186 187 188 189 190 191 192 193 195 196 197 198 199 200 201 202 203 205 206 207 208 209 210 211 212 213 214 215 216 217 218 219 220 221 222 224 225 226 227 228 229 230 231 232 234 235 237 238 239 240 241 242 243 244 246 247 248 249
110 73 130 131 111 112 114 115 116 117 118 119 120 122 123 124 125 126 127 128 129 132 133 134 135 136 137 138 139 140 141 142 143 144 145 146 147 148 149 150 151 152 155 156 157 159 160 161 162 163 164 165 166 167 168 169 170 171 172 173 174 175 177 178 179 180 181 184 185 186 187 188 189 190 191 192 193 195 196 197 198 199 200 201 202 203 205 206 207 208 209 210 211 212 213 214 215 216 217 218 219 220 221 222 224 225 226 227 228 229 230 231 232 234 235 237 238 239 240 241 242 243 244 246 247 248 249
111 68 130 131 112 114 115 116 117 118 119 120 122 123 124 125 126 127 128 129 132 133 134 135 136 137 138 139 140 141 142 143 144 146 147 148 149 150 152 155 156 160 161 162 163 164 165 167 168 169 170 171 172 174 175 177 178 180 181 184 185 186 187 188 189 190 191 192 193 195 196 197 199 201 202 203 205 206 207 208 209 210 211 213 214 215 216 218 219 220 221 222 225 226 227 228 229 230 231 232 234 235 237 238 239 240 241 242 243 244 246 247 248 249
112 42 130 131 114 115 116 117 119 120 122 123 124 125 127 132 133 134 135 136 137 138 139 140 141 142 143 144 146 147 148 149 150 152 155 156 160 161 162 163 164 165 167 168 169 170 172 174 177 178 181 184 185 186 187 188 189 191 192 193 195 196 197 199 201 202 203 205 206 207 208 209 210 211 215 216 218 219 220 221 222 225 227 228 229 230 231 232 234 235 238 239 240 241 242 243 244 247 248
113 83 131 116 120 124 127 132 134 136 137 138 141 142 143 144 146 147 150 152 155 156 161 165 167 168 170 177 181 189 195 196 202 205 207 210 211 222 225 227 228 230 234 235 238 239 240 247
114 40 130 131 115 116 117 119 120 122 123 124 125 126 127 128 132 133 134 135 136 137 138 139 140 141 142 143 144 146 147 148 149 150 152 155 156 160 161 162 163 164 165 167 168 169 170 171 172 174 177 178 180 181 184 185 186 187 188 189 190 191 192 193 195 196 197 199 201 202 203 205 206 207 208 209 210 211 213 214 215 216 218 219 220 221 222 225 226 227 228 229 230 231 232 234 235 237 238 239 240 241 242 243 244 246 247 248 249
115 86 130 131 116 117 119 120 122 123 124 125 126 127 128 132 133 134 135 136 137 138 139 140 141 142 143 144 146 147 148 149 150 152 155 156 160 161 162 163 164 165 167 168 169 170 172 174 177 178 181 184 185 186 187 188 189 191 192 193 195 196 197 199 201 202 203 205 206 207 208 209 210 211 215 216 218 219 220 221 222 225 227 228 229 230 231 232 234 235 238 239 240 241 242 243 244 247 248
116 63 130 131 117 118 119 120 121 122 123 124 125 126 127 128 129 132 133 134 135 136 137 138 139 140 141 142 143 144 145 146 147 148 149 150 151 152 153 154 155 156 157 158 159 160 161 162 163 164 165 166 167 168 169 170 171 172 173 174 175 176 177 178 179 180 181 182 183 184 185 186 187 188 189 190 191 192 193 194 195 196 197 198 199 200 201 202 203 204 205 206 207 208 209 210 211 212 213 214 215 216 217 218 219 220 221 222 223 224 225 226 227 228 229 230 231 232 233 234 235 236 237 238 239 240 241 242 243 244 245 246 247 248 249 250
117 33 130 131 119 120 122 124 127 132 133 134 135 136 137 138 139 140 141 142 143 144 146 147 149 150 152 155 156 160 161 162 164 165 167 168 169 170 172 174 177 178 181 185 186 189 191 192 193 195 196 202 205 207 208 209 210 211 215 216 218 219 220 222 225 227 228 230 231 232 234 235 238 239 240 241 243 244 247 248
118 24 131 119 120 122 124 127 132 133 134 136 137 138 139 141 142 143 144 146 147 150 152 155 156 161 162 164 165 167 168 170 172 177 178 181 185 186 189 192 195 196 202 205 207 209 210 211 215 218 222 225 227 228 230 231 232 234 235 238 239 240 243 244 247 248
119 54 130 131 120 122 123 124 125 126 127 128 129 132 133 134 135 136 137 138 139 140 141 142 143 144 145 146 147 148 149 150 151 152 155 156 157 159 160 161 162 163 164 165 167 168 169 170 171 172 173 174 175 177 178 179 180 181 184 185 186 187 188 189 190 191 192 193 195 196 197 198 199 200 201 202 203 205 206 207 208 209 210 211 212 213 214 215 216 217 218 219 220 221 222 224 225 226 227 228 229 230 231 232 234 235 237 238 239 240 241 242 243 244 246 247 248 249
120 48 130 131 122 123 124 125 126 127 128 129 132 133 134 135 136 137 138 139 140 141 142 143 144 145 146 147 148 149 150 151 152 154 155 156 157 159 160 161 162 163 164 165 166 167 168 169 170 171 172 173 174 175 176 177 178 179 180 181 182 184 185 186 187 188 189 190 191 192 193 195 196 197 198 199 200 201 202 203 205 206 207 208 209 210 211 212 213 214 215 216 217 218 219 220 221 222 224 225 226 227 228 229 230 231 232 234 235 237 238 239 240 241 242 243 244 246 247 248 249
121 41 131 124 127 132 134 136 138 142 143 144 146 147 150 152 155 156 161 167 168 177 181 195 196 202 207 210 222 225 227 228 230 234 238 239 240 247
122 56 130 131 123 124 125 126 127 128 129 132 133 134 135 136 137 138 139 140 141 142 143 144 145 146 147 148 149 150 152 155 156 157 160 161 162 163 164 165 167 168 169 170 171 172 173 174 175 177 178 179 180 181 184 185 186 187 188 189 190 191 192 193 195 196 197 199 201 202 203 205 206 207 208 209 210 211 213 214 215 216 218 219 220 221 222 224 225 226 227 228 229 230 231 232 234 235 237 238 239 240 241 242 243 244 246 247 248 249
123 48 130 131 124 127 132 133 134 135 136 137 138 139 140 141 142 143 144 146 147 149 150 152 155 156 160 161 162 164 165 167 168 169 170 172 174 177 178 181 185 186 189 191 192 193 195 196 202 205 207 208 209 210 211 215 216 218 219 220 222 225 227 228 230 231 232 234 235 238 239 240 241 243 244 247 248
124 29 130 131 125 126 127 128 129 132 133 134 135 136 137 138 139 140 141 142 143 144 145 146 147 148 149 150 151 152 153 154 155 156 157 158 159 160 161 162 163 164 165 166 167 168 169 170 171 172 173 174 175 176 177 178 179 180 181 182 183 184 185 186 187 188 189 190 191 192 193 194 195 196 197 198 199 200 201 202 203 204 205 206 207 208 209 210 211 212 213 214 215 216 217 218 219 220 221 222 223 224 225 226 227 228 229 230 231 232 233 234 235 236 237 238 239 240 241 242 243 244 245 246 247 248 249 250
125 51 130 131 127 132 133 134 135 136 137 138 139 140 141 142 143 144 146 147 148 149 150 152 155 156 160 161 162 164 165 167 168 169 170 172 174 177 178 181 184 185 186 188 189 191 192 193 195 196 197 199 202 205 206 207 208 209 210 211 215 216 218 219 220 222 225 227 228 229 230 231 232 234 235 238 239 240 241 242 243 244 247 248
126 78 130 131 127 132 133 134 135 136 137 138 139 140 141 142 143 144 146 147 149 150 152 155 156 160 161 162 164 165 167 168 169 170 172 174 177 178 181 185 186 189 191 192 193 195 196 202 205 207 208 209 210 211 215 216 218 219 220 222 225 227 228 230 231 232 234 235 238 239 240 241 243 244 247 248
127 85 130 131 128 129 132 133 134 135 136 137 138 139 140 141 142 143 144 145 146 147 148 149 150 151 152 153 154 155 156 157 158 159 160 161 162 163 164 165 166 167 168 169 170 171 172 173 174 175 176 177 178 179 180 181 182 183 184 185 186 187 188 189 190 191 192 193 194 195 196 197 198 199 200 201 202 203 204 205 206 207 208 209 210 211 212 213 214 215 216 217 218 219 220 221 222 223 224 225 226 227 228 229 230 231 232 233 234 235 236 237 238 239 240 241 242 243 244 245 246 247 248 249 250
128 68 130 131 132 133 134 135 136 137 138 139 140 141 142 143 144 146 147 149 150 152 155 156 160 161 162 164 165 167 168 169 170 172 174 177 178 181 185 186 189 191 192 193 195 196 202 205 207 208 209 210 211 215 216 218 219 220 222 225 227 228 230 231 232 234 235 238 239 240 241 243 244 247 248
129 35 131 132 133 134 136 137 138 139 141 142 143 144 146 147 150 152 155 156 161 162 164 165 167 168 170 172 177 178 181 185 186 189 192 195 196 202 205 207 209 210 211 215 218 222 225 227 228 230 231 232 234 235 238 239 240 243 244 247 248
130 99 131 132 133 134 135 136 137 138 139 140 141 142 143 144 146 147 148 149 150 152 155 156 160 161 162 163 164 165 167 168 169 170 171 172 174 177 178 180 181 184 185 186 187 188 189 190 191 192 193 195 196 197 199 201 202 203 205 206 207 208 209 210 211 214 215 216 218 219 220 221 222 225 226 227 228 229 230 231 232 234 235 237 238 239 240 241 242 243 244 246 247 248 249
131 74 132 133 134 135 136 137 138 139 140 141 142 143 144 145 146 147 148 149 150 151 152 153 154 155 156 157 158 159 160 161 162 163 164 165 166 167 168 169 170 171 172 173 174 175 176 177 178 179 180 181 182 183 184 185 186 187 188 189 190 191 192 193 194 195 196 197 198 199 200 201 202 203 205 206 207 208 209 210 211 212 213 214 215 216 217 218 219 220 221 222 223 224 225 226 227 228 229 230 231 232 233 234 235 237 238 239 240 241 242 243 244 246 247 248 249 250
132 42 133 134 135 136 137 138 139 140 141 142 143 144 145 146 147 148 149 150 151 152 153 154 155 156 157 158 159 160 161 162 163 164 165 166 167 168 169 170 171 172 173 174 175 176 177 178 179 180 181 182 183 184 185 186 187 188 189 190 191 192 193 194 195 196 197 198 199 200 201 202 203 204 205 206 207 208 209 210 211 212 213 214 215 216 217 218 219 220 221 222 223 224 225 226 227 228 229 230 231 232 233 234 235 236 237 238 239 240 241 242 243 244 245 246 247 248 249 250
133 26 134 135 136 137 138 139 140 141 142 143 144 146 147 148 149 150 152 155 156 157 160 161 162 163 164 165 167 168 169 170 171 172 174 175 177 178 179 180 181 184 185 186 187 188 189 190 191 192 193 195 196 197 199 201 202 203 205 206 207 208 209 210 211 213 214 215 216 218 219 220 221 222 224 225 226 227 228 229 230 231 232 234 235 237 238 239 240 241 242 243 244 246 247 248 249
134 49 135 136 137 138 139 140 141 142 143 144 145 146 147 148 149 150 151 152 153 154 155 156 157 158 159 160 161 162 163 164 165 166 167 168 169 170 171 172 173 174 175 176 177 178 179 180 181 182 183 184 185 186 187 188 189 190 191 192 193 194 195 196 197 198 199 200 201 202 203 204 205 206 207 208 209 210 211 212 213 214 215 216 217 218 219 220 221 222 223 224 225 226 227 228 229 230 231 232 233 234 235 236 237 238 239 240 241 242 243 244 245 246 247 248 249 250
135 65 136 137 138 139 140 141 142 143 144 146 147 148 149 150 152 155 156 160 161 162 163 164 165 167 168 169 170 172 174 177 178 181 184 185 186 187 188 189 191 192 193 195 196 197 199 201 202 203 205 206 207 208 209 210 211 215 216 218 219 220 221 222 225 227 228 229 230 231 232 234 235 238 239 240 241 242 243 244 247 248
136 92 137 138 139 140 141 142 143 144 145 146 147 148 149 150 151 152 153 154 155 156 157 158 159 160 161 162 163 164 165 166 167 168 169 170 171 172 173 174 175 176 177 178 179 180 181 182 183 184 185 186 187 188 189 190 191 192 193 194 195 196 197 198 199 200 201 202 203 204 205 206 207 208 209 210 211 212 213 214 215 216 217 218 219 220 221 222 223 224 225 226 227 228 229 230 231 232 233 234 235 236 237 238 239 240 241 242 243 244 245 246 247 248 249 250
137 51 138 139 140 141 142 143 144 145 146 147 148 149 150 151 152 155 156 157 159 160 161 162 163 164 165 166 167 168 169 170 171 172 173 174 175 176 177 178 179 180 181 184 185 186 187 188 189 190 191 192 193 195 196 197 198 199 200 201 202 203 205 206 207 208 209 210 211 212 213 214 215 216 217 218 219 220 221 222 224 225 226 227 228 229 230 231 232 234 235 237 238 239 240 241 242 243 244 246 247 248 249
138 43 139 140 141 142 143 144 145 146 147 148 149 150 151 152 153 154 155 156 157 158 159 160 161 162 163 164 165 166 167 168 169 170 171 172 173 174 175 176 177 178 179 180 181 182 183 184 185 186 187 188 189 190 191 192 193 194 195 196 197 198 199 200 201 202 203 204 205 206 207 208 209 210 211 212 213 214 215 216 217 218 219 220 221 222 223 224 225 226 227 228 229 230 231 232 233 234 235 236 237 238 239 240 241 242 243 244 246 247 248 249 250
139 97 140 141 142 143 144 146 147 148 149 150 152 155 156 160 161 162 163 164 165 167 168 169 170 171 172 174 175 177 178 180 181 184 185 186 187 188 189 190 191 192 193 195 196 197 199 201 202 203 205 206 207 208 209 210 211 213 214 215 216 218 219 220 221 222 225 226 227 228 229 230 231 232 234 235 237 238 239 240 241 242 243 244 246 247 248 249
140 91 141 142 143 144 146 147 148 149 150 152 155 156 160 161 162 163 164 165 167 168 169 170 171 172 174 177 178 180 181 184 185 186 187 188 189 190 191 192 193 195 196 197 199 201 202 203 205 206 207 208 209 210 211 213 214 215 216 218 219 220 221 222 225 226 227 228 229 230 231 232 234 235 237 238 239 240 241 242 243 244 246 247 248 249
141 24 142 143 144 145 146 147 148 149 150 151 152 155 156 157 159 160 161 162 163 164 165 166 167 168 169 170 171 172 173 174 175 177 178 179 180 181 184 185 186 187 188 189 190 191 192 193 195 196 197 198 199 200 201 202 203 205 206 207 208 209 210 211 212 213 214 215 216 217 218 219 220 221 222 224 225 226 227 228 229 230 231 232 234 235 237 238 239 240 241 242 243 244 246 247 248 249
142 79 143 144 145 146 147 148 149 150 151 152 153 154 155 156 157 158 159 160 161 162 163 164 165 166 167 168 169 170 171 172 173 174 175 176 177 178 179 180 181 182 183 184 185 186 187 188 189 190 191 192 193 194 195 196 197 198 199 200 201 202 203 205 206 207 208 209 210 211 212 213 214 215 216 217 218 219 220 221 222 223 224 225 226 227 228 229 230 231 232 234 235 237 238 239 240 241 242 243 244 246 247 248 249 250
143 30 144 145 146 147 148 149 150 151 152 153 154 155 156 157 158 159 160 161 162 163 164 165 166 167 168 169 170 171 172 173 174 175 176 177 178 179 180 181 182 183 184 185 186 187 188 189 190 191 192 193 194 195 196 197 198 199 200 201 202 203 204 205 206 207 208 209 210 211 212 213 214 215 216 217 218 219 220 221 222 223 224 225 226 227 228 229 230 231 232 233 234 235 236 237 238 239 240 241 242 243 244 245 246 247 248 249 250
144 58 145 146 147 148 149 150 151 152 153 154 155 156 157 158 159 160 161 162 163 164 165 166 167 168 169 170 171 172 173 174 175 176 177 178 179 180 181 182 183 184 185 186 187 188 189 190 191 192 193 194 195 196 197 198 199 200 201 202 203 204 205 206 207 208 209 210 211 212 213 214 215 216 217 218 219 220 221 222 223 224 225 226 227 228 229 230 231 232 233 234 235 236 237 238 239 240 241 242 243 244 245 246 247 248 249 250
145 76 146 147 150 152 155 156 161 162 164 165 167 168 170 177 181 185 186 189 195 196 202 205 207 210 211 222 225 227 228 230 231 232 234 235 238 239 240 243 244 247 248
146 59 147 148 149 150 151 152 153 154 155 156 157 158 159 160 161 162 163 164 165 166 167 168 169 170 171 172 173 174 175 176 177 178 179 180 181 182 183 184 185 186 187 188 189 190 191 192 193 194 195 196 197 198 199 200 201 202 203 204 205 206 207 208 209 210 211 212 213 214 215 216 217 218 219 220 221 222 223 224 225 226 227 228 229 230 231 232 233 234 235 236 237 238 239 240 241 242 243 244 245 246 247 248 249 250
147 92 148 149 150 151 152 153 154 155 156 157 158 159 160 161 162 163 164 165 166 167 168 169 170 171 172 173 174 175 176 177 178 179 180 181 182 183 184 185 186 187 188 189 190 191 192 193 194 195 196 197 198 199 200 201 202 203 204 205 206 207 208 209 210 211 212 213 214 215 216 217 218 219 220 221 222 223 224 225 226 227 228 229 230 231 232 233 234 235 236 237 238 239 240 241 242 243 244 245 246 247 248 249 250
148 94 149 150 152 155 156 160 161 162 164 165 167 168 169 170 172 174 177 178 181 184 185 186 188 189 191 192 193 195 196 197 199 202 205 206 207 208 209 210 211 215 216 218 219 220 222 225 227 228 229 230 231 232 234 235 238 239 240 241 242 243 244 247 248
149 43 150 152 155 156 160 161 162 163 164 165 167 168 169 170 171 172 174 177 178 180 181 184 185 186 187 188 189 190 191 192 193 195 196 197 199 201 202 203 205 206 207 208 209 210 211 214 215 216 218 219 220 221 222 225 226 227 228 229 230 231 232 234 235 237 238 239 240 241 242 243 244 246 247 248 249
150 31 151 152 153 154 155 156 157 158 159 160 161 162 163 164 165 166 167 168 169 170 171 172 173 174 175 176 177 178 179 180 181 182 183 184 185 186 187 188 189 190 191 192 193 194 195 196 197 198 199 200 201 202 203 204 205 206 207 208 209 210 211 212 213 214 215 216 217 218 219 220 221 222 223 224 225 226 227 228 229 230 231 232 233 234 235 236 237 238 239 240 241 242 243 244 245 246 247 248 249 250
151 87 152 155 156 161 164 165 167 168 170 177 181 185 186 189 195 196 202 205 207 210 211 222 225 227 228 230 231 234 235 238 239 240 247 248
152 59 153 154 155 156 157 158 159 160 161 162 163 164 165 166 167 168 169 170 171 172 173 174 175 176 177 178 179 180 181 182 183 184 185 186 187 188 189 190 191 192 193 194 195 196 197 198 199 200 201 202 203 204 205 206 207 208 209 210 211 212 213 214 215 216 217 218 219 220 221 222 223 224 225 226 227 228 229 230 231 232 233 234 235 236 237 238 239 240 241 242 243 244 245 246 247 248 249 250
153 56 155 156 161 167 168 177 181 195 196 202 207 210 222 225 228 230 234 238 239 240 247
154 74 155 156 161 167 168 177 181 195 196 202 207 210 222 225 227 228 230 234 238 239 240 247
155 91 156 157 158 159 160 161 162 163 164 165 166 167 168 169 170 171 172 173 174 175 176 177 178 179 180 181 182 183 184 185 186 187 188 189 190 191 192 193 194 195 196 197 198 199 200 201 202 203 204 205 206 207 208 209 210 211 212 213 214 215 216 217 218 219 220 221 222 223 224 225 226 227 228 229 230 231 232 233 234 235 236 237 238 239 240 241 242 243 244 245 246 247 248 249 250
156 88 157 158 159 160 161 162 163 164 165 166 167 168 169 170 171 172 173 174 175 176 177 178 179 180 181 182 183 184 185 186 187 188 189 190 191 192 193 194 195 196 197 198 199 200 201 202 203 204 205 206 207 208 209 210 211 212 213 214 215 216 217 218 219 220 221 222 223 224 225 226 227 228 229 230 231 232 233 234 235 236 237 238 239 240 241 242 243 244 245 246 247 248 249 250
157 85 161 162 164 165 167 168 170 172 177 181 185 186 189 192 195 196 202 205 207 210 211 215 222 225 227 228 230 231 232 234 235 238 239 240 243 244 247 248
158 70 161 167 168 177 181 195 196 202 207 210 222 225 228 234 238 239 240 247
159 59 161 165 167 168 170 177 181 189 195 196 202 205 207 210 211 222 225 227 228 230 234 235 238 239 240 247
160 80 161 162 163 164 165 167 168 169 170 171 172 174 177 178 180 181 184 185 186 187 188 189 190 191 192 193 195 196 197 199 201 202 203 205 206 207 208 209 210 211 213 214 215 216 218 219 220 221 222 225 226 227 228 229 230 231 232 234 235 237 238 239 240 241 242 243 244 246 247 248 249
161 54 162 163 164 165 166 167 168 169 170 171 172 173 174 175 176 177 178 179 180 181 182 183 184 185 186 187 188 189 190 191 192 193 194 195 196 197 198 199 200 201 202 203 204 205 206 207 208 209 210 211 212 213 214 215 216 217 218 219 220 221 222 223 224 225 226 227 228 229 230 231 232 233 234 235 236 237 238 239 240 241 242 243 244 245 246 247 248 249 250
162 66 163 164 165 167 168 169 170 171 172 174 175 177 178 179 180 181 184 185 186 187 188 189 190 191 192 193 195 196 197 199 201 202 203 205 206 207 208 209 210 211 213 214 215 216 218 219 220 221 222 224 225 226 227 228 229 230 231 232 234 235 237 238 239 240 241 242 243 244 246 247 248 249
163 55 164 165 167 168 169 170 172 174 177 178 181 185 186 189 191 192 193 195 196 202 205 207 208 209 210 211 215 216 218 219 220 222 225 227 228 230 231 232 234 235 238 239 240 241 243 244 247 248
164 61 165 167 168 169 170 171 172 173 174 175 177 178 179 180 181 184 185 186 187 188 189 190 191 192 193 195 196 197 198 199 200 201 202 203 205 206 207 208 209 210 211 212 213 214 215 216 217 218 219 220 221 222 224 225 226 227 228 229 230 231 232 234 235 237 238 239 240 241 242 243 244 246 247 248 249
165 64 166 167 168 169 170 171 172 173 174 175 176 177 178 179 180 181 184 185 186 187 188 189 190 191 192 193 195 196 197 198 199 200 201 202 203 205 206 207 208 209 210 211 212 213 214 215 216 217 218 219 220 221 222 224 225 226 227 228 229 230 231 232 234 235 237 238 239 240 241 242 243 244 246 247 248 249
166 80 167 168 170 177 181 189 195 196 202 205 207 210 211 222 225 227 228 230 234 235 238 239 240 247
167 53 168 169 170 171 172 173 174 175 176 177 178 179 180 181 182 183 184 185 186 187 188 189 190 191 192 193 194 195 196 197 198 199 200 201 202 203 204 205 206 207 208 209 210 211 212 213 214 215 216 217 218 219 220 221 222 223 224 225 226 227 228 229 230 231 232 233 234 235 236 237 238 239 240 241 242 243 244 245 246 247 248 249 250
168 80 169 170 171 172 173 174 175 176 177 178 179 180 181 182 183 184 185 186 187 188 189 190 191 192 193 194 195 196 197 198 199 200 201 202 203 204 205 206 207 208 209 210 211 212 213 214 215 216 217 218 219 220 221 222 223 224 225 226 227 228 229 230 231 232 233 234 235 236 237 238 239 240 241 242 243 244 245 246 247 248 249 250
169 44 170 171 172 174 177 178 180 181 184 185 186 187 188 189 190 191 192 193 195 196 197 199 201 202 203 205 206 207 208 209 210 211 214 215 216 218 219 220 221 222 225 226 227 228 229 230 231 232 234 235 237 238 239 240 241 242 243 244 246 247 248 249
170 74 171 172 173 174 175 176 177 178 179 180 181 184 185 186 187 188 189 190 191 192 193 195 196 197 198 199 200 201 202 203 205 206 207 208 209 210 211 212 213 214 215 216 217 218 219 220 221 222 224 225 226 227 228 229 230 231 232 234 235 237 238 239 240 241 242 243 244 246 247 248 249
171 22 172 177 178 181 185 186 189 192 195 196 202 205 207 209 210 211 215 218 219 222 225 227 228 230 231 232 234 235 238 239 240 243 244 247 248
172 91 174 175 177 178 179 180 181 184 185 186 187 188 189 190 191 192 193 195 196 197 199 201 202 203 205 206 207 208 209 210 211 213 214 215 216 218 219 220 221 222 224 225 226 227 228 229 230 231 232 234 235 237 238 239 240 241 242 243 244 246 247 248 249
173 91 177 181 185 186 189 195 196 202 205 207 210 211 222 225 227 228 230 231 232 234 235 238 239 240 247 248
174 83 177 178 181 184 185 186 187 188 189 191 192 193 195 196 197 199 201 202 203 205 206 207 208 209 210 211 215 216 218 219 220 221 222 225 227 228 229 230 231 232 234 235 238 239 240 241 242 243 244 247 248
175 51 177 178 181 185 186 189 192 195 196 202 205 207 209 210 211 215 218 222 225 227 228 230 231 232 234 235 238 239 240 243 244 247 248
176 57 177 181 189 195 196 202 205 207 210 211 222 225 227 228 230 234 238 239 240 247
177 20 178 179 180 181 182 183 184 185 186 187 188 189 190 191 192 193 194 195 196 197 198 199 200 201 202 203 204 205 206 207 208 209 210 211 212 213 214 215 216 217 218 219 220 221 222 223 224 225 226 227 228 229 230 231 232 233 234 235 236 237 238 239 240 241 242 243 244 245 246 247 248 249 250
178 83 180 181 184 185 186 187 188 189 190 191 192 193 195 196 197 199 201 202 203 205 206 207 208 209 210 211 213 214 215 216 218 219 220 221 222 225 226 227 228 229 230 231 232 234 235 237 238 239 240 241 242 243 244 246 247 248 249
179 46 181 185 186 189 192 195 196 202 205 207 210 211 215 222 225 227 228 230 231 232 234 235 238 239 240 243 244 247 248
180 54 181 185 186 189 192 195 196 202 205 207 209 210 211 215 218 219 222 225 227 228 230 231 232 234 235 238 239 240 241 243 244 247 248
181 56 182 183 184 185 186 187 188 189 190 191 192 193 194 195 196 197 198 199 200 201 202 203 204 205 206 207 208 209 210 211 212 213 214 215 216 217 218 219 220 221 222 223 224 225 226 227 228 229 230 231 232 233 234 235 236 237 238 239 240 241 242 243 244 245 246 247 248 249 250
182 76 195 196 202 207 210 222 225 227 228 230 234 238 239 240 247
183 24 195 196 202 207 210 222 225 228 230 234 238 239 240 247
184 41 185 186 188 189 191 192 193 195 196 197 199 202 203 205 206 207 208 209 210 211 215 216 218 219 220 221 222 225 227 228 229 230 231 232 234 235 238 239 240 241 242 243 244 247 248
185 26 186 187 188 189 190 191 192 193 195 196 197 199 201 202 203 205 206 207 208 209 210 211 213 214 215 216 218 219 220 221 222 224 225 226 227 228 229 230 231 232 234 235 237 238 239 240 241 242 243 244 246 247 248 249
186 37 187 188 189 190 191 192 193 195 196 197 198 199 200 201 202 203 205 206 207 208 209 210 211 212 213 214 215 216 217 218 219 220 221 222 224 225 226 227 228 229 230 231 232 234 235 237 238 239 240 241 242 243 244 246 247 248 249
187 91 189 191 192 193 195 196 202 205 207 208 209 210 211 215 216 218 219 220 222 225 227 228 230 231 232 234 235 238 239 240 241 243 244 247 248
188 52 189 191 192 193 195 196 197 199 202 203 205 206 207 208 209 210 211 215 216 218 219 220 221 222 225 227 228 229 230 231 232 234 235 238 239 240 241 242 243 244 247 248
189 94 190 191 192 193 195 196 197 198 199 200 201 202 203 205 206 207 208 209 210 211 212 213 214 215 216 217 218 219 220 221 222 224 225 226 227 228 229 230 231 232 234 235 237 238 239 240 241 242 243 244 246 247 248 249
190 94 192 195 196 202 205 207 209 210 211 215 218 222 225 227 228 230 231 232 234 235 238 239 240 243 244 247 248
191 49 192 193 195 196 197 199 201 202 203 205 206 207 208 209 210 211 215 216 218 219 220 221 222 225 227 228 229 230 231 232 234 235 238 239 240 241 242 243 244 247 248
192 61 193 195 196 197 199 201 202 203 205 206 207 208 209 210 211 213 214 215 216 218 219 220 221 222 224 225 226 227 228 229 230 231 232 234 235 237 238 239 240 241 242 243 244 246 247 248 249
193 69 195 196 197 199 201 202 203 205 206 207 208 209 210 211 214 215 216 218 219 220 221 222 225 227 228 229 230 231 232 234 235 237 238 239 240 241 242 243 244 247 248 249
194 79 195 196 202 207 210 222 225 228 230 234 238 239 240 247
195 38 196 197 198 199 200 201 202 203 204 205 206 207 208 209 210 211 212 213 214 215 216 217 218 219 220 221 222 223 224 225 226 227 228 229 230 231 232 233 234 235 236 237 238 239 240 241 242 243 244 245 246 247 248 249 250
196 78 197 198 199 200 201 202 203 204 205 206 207 208 209 210 211 212 213 214 215 216 217 218 219 220 221 222 223 224 225 226 227 228 229 230 231 232 233 234 235 236 237 238 239 240 241 242 243 244 246 247 248 249 250
197 25 199 202 203 205 206 207 208 209 210 211 215 216 218 219 220 222 225 227 228 229 230 231 232 234 235 238 239 240 241 242 243 244 247 248
198 57 202 205 207 210 211 222 225 227 228 230 234 235 238 239 240 247
199 70 202 203 205 206 207 208 209 210 211 215 216 218 219 220 222 225 227 228 229 230 231 232 234 235 238 239 240 241 242 243 244 247 248
200 81 202 205 207 210 211 222 225 227 228 230 234 235 238 239 240 247 248
201 57 202 205 207 208 209 210 211 215 216 218 219 220 222 225 227 228 230 231 232 234 235 238 239 240 241 243 244 247 248
202 34 203 204 205 206 207 208 209 210 211 212 213 214 215 216 217 218 219 220 221 222 223 224 225 226 227 228 229 230 231 232 233 234 235 236 237 238 239 240 241 242 243 244 245 246 247 248 249 250
203 22 205 206 207 208 209 210 211 215 216 218 219 220 222 225 227 228 229 230 231 232 234 235 238 239 240 241 242 243 244 247 248
204 58 207 210 222 225 228 234 238 239 240 247
205 99 206 207 208 209 210 211 212 213 214 215 216 217 218 219 220 221 222 224 225 226 227 228 229 230 231 232 234 235 237 238 239 240 241 242 243 244 246 247 248 249
206 39 207 208 209 210 211 215 216 218 219 220 222 225 227 228 229 230 231 232 234 235 238 239 240 241 242 243 244 247 248
207 99 208 209 210 211 212 213 214 215 216 217 218 219 220 221 222 223 224 225 226 227 228 229 230 231 232 233 234 235 236 237 238 239 240 241 242 243 244 245 246 247 248 249 250
208 29 209 210 211 215 216 218 219 220 221 222 225 227 228 229 230 231 232 234 235 238 239 240 241 242 243 244 247 248
209 34 210 211 213 214 215 216 218 219 220 221 222 225 226 227 228 229 230 231 232 234 235 237 238 239 240 241 242 243 244 246 247 248 249
210 58 211 212 213 214 215 216 217 218 219 220 221 222 223 224 225 226 227 228 229 230 231 232 233 234 235 236 237 238 239 240 241 242 243 244 245 246 247 248 249 250
211 94 212 213 214 215 216 217 218 219 220 221 222 224 225 226 227 228 229 230 231 232 234 235 237 238 239 240 241 242 243 244 246 247 248 249
212 46 222 225 227 228 230 234 235 238 239 240 247 248
213 41 215 218 222 225 227 228 230 231 232 234 235 238 239 240 243 244 247 248
214 56 215 218 219 220 222 225 227 228 230 231 232 234 235 238 239 240 241 243 244 247 248
215 86 216 218 219 220 221 222 224 225 226 227 228 229 230 231 232 234 235 237 238 239 240 241 242 243 244 246 247 248 249
216 92 218 219 220 221 222 225 227 228 229 230 231 232 234 235 238 239 240 241 242 243 244 247 248
217 81 222 225 227 228 230 231 234 235 238 239 240 247 248
218 82 219 220 221 222 225 226 227 228 229 230 231 232 234 235 237 238 239 240 241 242 243 244 246 247 248 249
219 38 220 221 222 225 227 228 229 230 231 232 234 235 237 238 239 240 241 242 243 244 247 248 249
220 42 221 222 225 227 228 229 230 231 232 234 235 238 239 240 241 242 243 244 247 248
221 99 222 225 227 228 230 231 232 234 235 238 239 240 241 242 243 244 247 248
222 59 223 224 225 226 227 228 229 230 231 232 233 234 235 236 237 238 239 240 241 242 243 244 245 246 247 248 249 250
223 73 225 228 230 234 238 239 240 247
224 57 225 227 228 230 231 232 234 235 238 239 240 243 244 247 248
225 59 226 227 228 229 230 231 232 233 234 235 236 237 238 239 240 241 242 243 244 246 247 248 249 250
226 67 227 228 230 231 232 234 235 238 239 240 243 244 247 248
227 44 228 229 230 231 232 234 235 237 238 239 240 241 242 243 244 246 247 248 249
228 29 229 230 231 232 233 234 235 236 237 238 239 240 241 242 243 244 245 246 247 248 249 250
229 53 230 231 232 234 235 238 239 240 241 242 243 244 247 248
230 54 231 232 234 235 237 238 239 240 241 242 243 244 246 247 248 249 250
231 40 232 234 235 237 238 239 240 241 242 243 244 246 247 248 249
232 83 234 235 237 238 239 240 241 242 243 244 246 247 248 249
233 55 234 238 239 240 247
234 66 235 236 237 238 239 240 241 242 243 244 245 246 247 248 249 250
235 72 237 238 239 240 241 242 243 244 246 247 248 249
236 80 238 239 240 247
237 25 238 239 240 241 243 244 247 248
238 92 239 240 241 242 243 244 245 246 247 248 249 250
239 78 240 241 242 243 244 245 246 247 248 249 250
240 97 241 242 243 244 245 246 247 248 249 250
241 28 242 243 244 247 248 249
242 99 243 244 247 248
243 73 244 246 247 248 249
244 66 246 247 248 249
245 44 247
246 59 247 248
247 95 248 249 250
248 53 249
249 81
250 83
