120 150
1 61 2 3 8 11 13 14 15 33 66 34 37 42 46 50 51 64 70 71 72 74 76 81 83 88 89 91 93 97 100 107 110 111 113 117 119
2 96 3 6 7 8 9 11 12 13 14 15 16 18 19 22 24 27 31 33 66 34 35 37 38 39 41 42 43 44 45 46 47 50 51 55 61 64 65 67 69 70 71 72 73 74 76 77 79 81 82 83 84 85 86 88 89 91 92 93 94 97 100 104 106 107 110 111 112 113 114 116 117 118 119
3 91 5 6 7 8 9 11 12 13 14 15 16 18 19 22 24 26 27 31 32 33 66 34 35 37 38 39 41 42 43 44 45 46 47 50 51 53 55 56 57 61 62 64 65 67 69 70 71 72 73 74 76 77 79 81 82 83 84 85 86 87 88 89 91 92 93 94 96 97 100 104 106 107 108 110 111 112 113 114 116 117 118 119
4 37
5 53 8 11 13 15 33 34 42 46 51 64 70 71 72 74 76 81 91 93 100 110 111 117 119
6 76 8 11 13 14 15 18 33 66 34 37 38 39 41 42 45 46 47 50 51 64 69 70 71 72 73 74 76 77 81 83 85 88 89 91 92 93 94 97 100 104 107 110 111 112 113 116 117 119
7 50 8 11 13 14 15 18 33 66 34 37 42 45 46 50 51 64 70 71 72 73 74 76 77 81 83 88 89 91 93 94 97 100 107 110 111 112 113 116 117 119
8 66 9 11 12 13 14 15 16 18 19 22 24 26 27 28 29 31 32 33 66 34 35 36 37 38 39 40 41 42 43 44 45 46 47 50 51 53 55 56 57 59 61 62 64 65 67 69 70 71 72 73 74 76 77 79 81 82 83 84 85 86 87 88 89 90 91 92 93 94 95 96 97 99 100 104 106 107 108 110 111 112 113 114 116 117 118 119
9 70 11 13 14 15 18 33 66 34 37 38 39 41 42 45 46 47 50 51 64 69 70 71 72 73 74 76 77 81 83 85 88 89 91 92 93 94 97 100 104 107 110 111 112 113 116 117 119
10 87
11 92 12 13 14 15 16 18 19 22 24 26 27 28 29 31 32 33 66 34 35 36 37 38 39 40 41 42 43 44 45 46 47 50 51 53 55 56 57 59 61 62 64 65 67 69 70 71 72 73 74 76 77 79 81 82 83 84 85 86 87 88 89 90 91 92 93 94 95 96 97 99 100 103 104 106 107 108 110 111 112 113 114 116 117 118 119
12 35 13 14 15 18 22 31 33 66 34 35 37 38 39 41 42 45 46 47 50 51 64 69 70 71 72 73 74 76 77 81 82 83 85 86 88 89 91 92 93 94 97 100 104 107 110 111 112 113 116 117 119
13 53 14 15 16 18 19 22 24 26 27 31 33 66 34 35 37 38 39 41 42 43 44 45 46 47 50 51 53 55 56 61 62 64 65 67 69 70 71 72 73 74 76 77 79 81 82 83 84 85 86 87 88 89 91 92 93 94 97 100 104 106 107 110 111 112 113 114 116 117 118 119
14 95 15 16 18 19 22 24 27 31 33 66 34 35 37 38 39 41 42 43 44 45 46 47 50 51 55 56 61 62 64 65 67 69 70 71 72 73 74 76 77 79 81 82 83 84 85 86 88 89 91 92 93 94 97 100 104 106 107 110 111 112 113 114 116 117 118 119
15 47 16 18 19 22 24 26 27 29 31 32 33 66 34 35 36 37 38 39 41 42 43 44 45 46 47 50 51 53 55 56 57 59 61 62 64 65 67 69 70 71 72 73 74 76 77 79 81 82 83 84 85 86 87 88 89 90 91 92 93 94 95 96 97 99 100 104 106 107 108 110 111 112 113 114 116 117 118 119
16 56 18 33 66 34 37 42 45 46 47 50 51 64 69 70 71 72 73 74 76 77 81 83 88 89 91 93 94 97 100 107 110 111 112 113 116 117 119
17 55
18 86 19 22 24 27 31 33 66 34 35 37 38 39 41 42 43 44 45 46 47 50 51 55 64 65 67 69 70 71 72 73 74 76 77 79 81 82 83 84 85 86 88 89 91 92 93 94 97 100 104 106 107 110 111 112 113 114 116 117 118 119
19 32 33 66 34 37 42 46 50 51 64 70 71 72 74 76 81 83 88 89 91 93 94 97 100 107 110 111 113 116 117 119
20 99
21 83
22 88 33 66 34 37 38 39 41 42 45 46 47 50 51 64 69 70 71 72 73 74 76 77 81 83 85 86 88 89 91 92 93 94 97 100 104 107 110 111 112 113 116 117 119
23 41
24 63 33 66 34 37 42 46 50 51 64 70 71 72 74 76 81 83 88 89 91 93 94 97 100 107 110 111 113 117 119
25 77
26 60 33 66 34 42 46 50 51 64 70 71 72 74 76 81 91 93 100 110 111 113 117 119
27 66 33 66 34 37 42 45 46 47 50 51 64 69 70 71 72 73 74 76 77 81 83 88 89 91 93 94 97 100 107 110 111 112 113 116 117 119
28 53 42 51 74 76 91 100 119
29 79 42 51 70 74 76 91 100 119
30 81
31 96 33 66 34 35 37 38 39 41 42 45 46 47 50 51 64 69 70 71 72 73 74 76 77 81 82 83 85 86 88 89 91 92 93 94 97 100 104 107 110 111 112 113 116 117 119
32 34 42 51 64 70 72 74 76 91 100 111 117 119
33 99 66 34 35 37 38 39 41 42 43 44 45 46 47 50 51 55 56 61 62 64 65 67 69 70 71 72 73 74 76 77 79 81 82 83 84 85 86 88 89 91 92 93 94 97 100 104 106 107 110 111 112 113 114 116 117 118 119
34 47 66 35 37 38 39 41 42 43 44 45 46 47 50 51 55 56 61 62 64 65 67 69 70 71 72 73 74 76 77 79 81 82 83 84 85 86 88 89 91 92 93 94 97 100 104 106 107 110 111 112 113 114 116 117 118 119
35 74 66 37 38 39 41 42 45 46 47 50 51 64 69 70 71 72 73 74 76 77 81 82 83 85 86 88 89 91 92 93 94 97 100 104 107 110 111 112 113 116 117 119
36 87 42 51 70 74 76 91 100 119
37 44 66 38 39 41 42 43 44 45 46 47 50 51 55 61 62 64 65 67 69 70 71 72 73 74 76 77 79 81 82 83 84 85 86 88 89 91 92 93 94 97 100 104 106 107 110 111 112 113 114 116 117 118 119
38 77 66 39 41 42 45 46 47 50 51 64 69 70 71 72 73 74 76 77 81 82 83 85 86 88 89 91 92 93 94 97 100 104 107 110 111 112 113 116 117 119
39 52 66 41 42 45 46 47 50 51 64 65 69 70 71 72 73 74 76 77 79 81 82 83 85 86 88 89 91 92 93 94 97 100 104 107 110 111 112 113 116 117 119
40 99 42 51 74 76 119
41 69 66 42 45 46 47 50 51 64 65 69 70 71 72 73 74 76 77 81 82 83 85 86 88 89 91 92 93 94 97 100 104 107 110 111 112 113 116 117 119
42 64 66 43 44 45 46 47 50 51 53 55 56 57 59 61 62 64 65 67 69 70 71 72 73 74 76 77 79 81 82 83 84 85 86 87 88 89 90 91 92 93 94 95 96 97 99 100 104 106 107 108 110 111 112 113 114 116 117 118 119
43 94 66 45 46 50 51 64 69 70 71 72 73 74 76 77 81 83 88 89 91 93 94 97 100 107 110 111 112 113 116 117 119
44 38 66 46 50 51 64 70 71 72 74 76 81 83 88 89 91 93 94 97 100 107 110 111 113 117 119
45 69 66 46 47 50 51 55 64 65 69 70 71 72 73 74 76 77 79 81 82 83 85 86 88 89 91 92 93 94 97 100 104 107 110 111 112 113 114 116 117 119
46 61 66 47 50 51 53 55 56 61 62 64 65 67 69 70 71 72 73 74 76 77 79 81 82 83 84 85 86 87 88 89 91 92 93 94 97 100 104 106 107 110 111 112 113 114 116 117 118 119
47 98 66 50 51 55 64 65 69 70 71 72 73 74 76 77 79 81 82 83 85 86 88 89 91 92 93 94 97 100 104 107 110 111 112 113 116 117 119
48 40
49 84
50 89 66 51 55 56 61 62 64 65 67 69 70 71 72 73 74 76 77 79 81 82 83 84 85 86 88 89 91 92 93 94 97 100 104 106 107 110 111 112 113 114 116 117 118 119
51 49 66 53 55 56 57 59 61 62 64 65 67 69 70 71 72 73 74 76 77 79 81 82 83 84 85 86 87 88 89 90 91 92 93 94 95 96 97 99 100 103 104 106 107 108 110 111 112 113 114 116 117 118 119
52 64
53 53 64 70 71 72 74 76 81 91 93 100 110 111 117 119
54 41
55 34 66 64 69 70 71 72 73 74 76 77 81 83 88 89 91 93 94 97 100 104 107 110 111 112 113 116 117 119
56 85 66 64 70 71 72 74 76 81 89 91 93 100 110 111 113 117 119
57 35 64 70 71 72 74 76 81 91 93 100 110 111 117 119
58 55
59 61 70 74 76 91 100 119
60 68
61 100 66 64 70 71 72 74 76 81 83 88 89 91 93 94 97 100 107 110 111 113 117 119
62 75 66 64 70 71 72 74 76 81 88 89 91 93 97 100 110 111 113 117 119
63 98
64 36 66 65 67 69 70 71 72 73 74 76 77 79 81 82 83 84 85 86 87 88 89 91 92 93 94 96 97 100 104 106 107 108 110 111 112 113 114 116 117 118 119
65 44 66 69 70 71 72 73 74 76 77 81 83 88 89 91 93 94 97 100 104 107 110 111 112 113 116 117 119
66 57 67 69 70 71 72 73 74 76 77 79 81 82 83 84 85 86 88 89 91 92 93 94 97 100 104 106 107 110 111 112 113 114 116 117 118 119
67 24 70 71 72 74 76 81 83 88 89 91 93 94 97 100 107 110 111 113 117 119
68 60
69 45 70 71 72 73 74 76 77 79 81 82 83 85 86 88 89 91 92 93 94 97 100 104 107 110 111 112 113 116 117 119
70 48 71 72 73 74 76 77 79 81 82 83 84 85 86 87 88 89 90 91 92 93 94 95 96 97 99 100 104 106 107 108 110 111 112 113 114 116 117 118 119
71 60 72 73 74 76 77 79 81 82 83 84 85 86 87 88 89 91 92 93 94 96 97 100 104 106 107 108 110 111 112 113 114 116 117 118 119
72 94 73 74 76 77 79 81 82 83 84 85 86 87 88 89 91 92 93 94 96 97 100 104 106 107 108 110 111 112 113 114 116 117 118 119
73 71 74 76 77 79 81 82 83 84 85 86 88 89 91 92 93 94 97 100 104 107 110 111 112 113 114 116 117 119
74 70 76 77 79 81 82 83 84 85 86 87 88 89 90 91 92 93 94 95 96 97 99 100 104 106 107 108 110 111 112 113 114 116 117 118 119
75 64
76 62 77 79 81 82 83 84 85 86 87 88 89 90 91 92 93 94 95 96 97 99 100 104 106 107 108 110 111 112 113 114 116 117 118 119
77 93 79 81 82 83 85 86 88 89 91 92 93 94 97 100 104 107 110 111 112 113 116 117 119
78 20
79 69 81 83 88 89 91 93 94 97 100 104 107 110 111 112 113 116 117 119
80 37
81 63 82 83 84 85 86 87 88 89 91 92 93 94 96 97 100 104 106 107 108 110 111 112 113 114 116 117 118 119
82 61 83 85 86 88 89 91 92 93 94 97 100 104 107 110 111 112 113 116 117 119
83 26 84 85 86 88 89 91 92 93 94 97 100 104 106 107 110 111 112 113 114 116 117 118 119
84 54 88 89 91 93 94 97 100 107 110 111 113 116 117 119
85 89 86 88 89 91 92 93 94 97 100 104 107 110 111 112 113 116 117 119
86 46 88 89 91 92 93 94 97 100 104 107 110 111 112 113 116 117 119
87 54 91 93 100 110 111 117 119
88 50 89 91 92 93 94 97 100 104 106 107 110 111 112 113 114 116 117 118 119
89 32 91 92 93 94 97 100 104 106 107 110 111 112 113 114 116 117 118 119
90 71 91 100 119
91 62 92 93 94 95 96 97 99 100 104 106 107 108 110 111 112 113 114 116 117 118 119
92 40 93 94 97 100 104 107 110 111 112 113 116 117 119
93 26 94 96 97 100 104 106 107 108 110 111 112 113 114 116 117 118 119
94 59 97 100 104 106 107 110 111 112 113 114 116 117 118 119
95 62 100 119
96 27 100 111 117 119
97 60 100 104 106 107 110 111 112 113 114 116 117 118 119
98 50
99 74 100 119
100 34 104 106 107 108 110 111 112 113 114 116 117 118 119
101 40
102 70
103 56
104 23 107 110 111 112 113 116 117 119
105 66
106 57 107 110 111 113 116 117 119
107 43 110 111 112 113 114 116 117 118 119
108 45 111 117 119
109 65
110 25 111 112 113 114 116 117 118 119
111 82 112 113 114 116 117 118 119
112 82 113 114 116 117 119
113 37 114 116 117 118 119
114 66 116 117 119
115 47
116 44 117 118 119
117 94 118 119
118 23 119
119 24
120 51
