250 150
1 71
2 39
3 69
4 32
5 82 7 20 36 48 49 51 130 76 80 90 92 93 101 102 106 107 118 122 140 143 144 151 162 166 169 174 178 179 181 184 193 194 197 204 206 211 212 214 218 219 225 226 231 237 242
6 75
7 60 20 76 107 144 166 178
8 39
9 80
10 61
11 43
12 34
13 80
14 69
15 21
16 59
17 82
18 54
19 26
20 51 36 48 49 51 130 76 80 90 92 93 101 102 106 107 118 122 140 143 144 151 162 166 169 174 178 179 181 193 194 197 204 206 211 212 214 218 219 225 226 231 237 242
21 96
22 76
23 76
24 45
25 41
26 73
27 91
28 23
29 98
30 90
31 59
32 43
33 52
34 48
35 87
36 97 48 49 51 130 76 80 90 92 93 101 102 106 107 118 122 140 143 144 151 162 166 169 174 178 179 181 193 194 197 204 206 211 212 214 218 219 225 226 231 237 242
37 51
38 72
39 77
40 59
41 83
42 65
43 40
44 79
45 30
46 31
47 99
48 40 49 51 130 76 80 90 92 93 101 102 106 107 118 122 140 144 151 162 166 169 178 179 181 193 194 197 204 206 211 212 214 218 219 225 226 231 237 242
49 42 130 76 92 93 101 107 144 151 162 166 169 178 181 193 194 206 218 226 237
50 66
51 47 130 76 92 93 101 107 144 151 162 166 169 178 181 193 194 197 206 218 225 226 237
52 67
53 50
54 72
55 62
56 95
57 75
58 81
59 36
60 36
61 70
62 89
63 95
64 62
65 56
66 23
67 37
68 50
69 46
70 30
71 64
72 94
73 65
74 55
75 24
76 28 130 80 90 92 93 101 102 106 107 118 122 140 143 144 150 151 162 166 169 174 178 179 181 184 193 194 197 204 206 211 212 214 218 219 224 225 226 231 237 241 242
77 96
78 31
79 57
80 72 130 92 101 107 144 151 166 178 181 194 206 218 226
81 96
82 63
83 40
84 79
85 89
86 97
87 50
88 37
89 93
90 52 130 92 93 101 107 144 151 162 166 169 178 181 193 194 206 218 226 237
91 86
92 74 130 93 101 102 106 107 118 122 140 144 151 162 166 169 178 179 181 193 194 197 204 206 212 214 218 219 225 226 231 237 242
93 47 130 101 102 106 107 118 144 151 162 166 169 178 179 181 193 194 197 204 206 212 214 218 219 225 226 231 237
94 84
95 77
96 48
97 54
98 97
99 70
100 29
101 40 130 102 106 107 118 122 140 144 151 162 166 169 178 179 181 193 194 197 204 206 212 214 218 219 225 226 231 237 242
102 74 130 107 144 151 162 166 169 178 181 193 194 197 206 212 218 225 226 237
103 71
104 46
105 46
106 63 130 107 144 151 162 166 169 178 181 193 194 206 218 226 237
107 48 130 118 122 140 143 144 150 151 162 166 169 174 178 179 181 184 193 194 197 204 206 211 212 214 218 219 225 226 231 237 241 242
108 74
109 25
110 77
111 46
112 80
113 35
114 56
115 65
116 49
117 38
118 26 130 144 151 162 166 169 178 181 193 194 206 218 226 237
119 81
120 80
121 73
122 38 130 144 151 166 178 181 206 218 226
123 27
124 97
125 47
126 88
127 42
128 62
129 45
130 33 140 144 151 162 166 169 178 179 181 193 194 197 204 206 212 214 218 219 225 226 231 237 242
131 78
132 35
133 63
134 25
135 74
136 63
137 41
138 81
139 68
140 78 144 151 166 178 181 194 206 218 226
141 52
142 30
143 22 144 166 178
144 100 151 162 166 169 174 178 179 181 193 194 197 204 206 211 212 214 218 219 225 226 231 237 242
145 42
146 53
147 60
148 58
149 92
150 74 178
151 67 162 166 169 178 179 181 193 194 197 204 206 212 214 218 219 225 226 231 237 242
152 72
153 30
154 48
155 65
156 23
157 94
158 99
159 67
160 57
161 73
162 44 166 169 178 179 181 193 194 197 204 206 212 214 218 219 225 226 231 237
163 63
164 53
165 87
166 54 169 174 178 179 181 193 194 197 204 206 211 212 214 218 219 225 226 231 237 242
167 62
168 100
169 30 178 179 181 193 194 197 204 206 212 214 218 219 225 226 231 237
170 20
171 25
172 94
173 85
174 68 178
175 59
176 82
177 52
178 100 179 181 184 193 194 197 204 206 211 212 214 218 219 224 225 226 231 237 241 242
179 89 181 193 194 206 218 226 237
180 49
181 74 193 194 197 204 206 212 214 218 219 225 226 231 237 242
182 44
183 23
184 39
185 21
186 65
187 80
188 93
189 36
190 97
191 74
192 37
193 52 194 197 204 206 212 214 218 225 226 231 237
194 94 197 204 206 212 214 218 219 225 226 231 237 242
195 60
196 77
197 57 204 206 212 218 225 226 237
198 71
199 61
200 92
201 98
202 86
203 55
204 89 206 212 218 225 226 237
205 24
206 88 211 212 214 218 219 225 226 231 237 242
207 53
208 85
209 39
210 89
211 64
212 45 218 225 226 237
213 52
214 71 218 226 237
215 79
216 23
217 50
218 95 219 225 226 231 237 242
219 55 226 237
220 36
221 95
222 41
223 36
224 94
225 52 226 237
226 36 231 237 242
227 76
228 72
229 52
230 42
231 27 237
232 61
233 55
234 64
235 30
236 22
237 53 242
238 71
239 51
240 37
241 96
242 74
243 63
244 54
245 81
246 77
247 55
248 29
249 89
250 41
