120 150
1 26 3 4 8 9 10 20 26 31 33 37 38 42 48 53 54 55 57 59 62 67 74 84 89 90 92 93 94 96 98 101 102 105 111 117 120
2 25 4 9 20 42 53 55 67 74 84 90 93 101 105 111 117
3 67 4 5 6 7 8 9 10 12 13 16 17 18 20 21 23 25 26 27 30 31 32 33 66 34 35 37 38 39 40 42 43 44 45 47 48 49 51 52 53 54 55 56 57 58 59 60 61 62 64 67 69 70 72 73 74 75 76 77 78 80 84 85 86 87 88 89 90 91 92 93 94 96 97 98 99 100 101 102 104 105 106 107 108 109 110 111 112 114 116 117 119 120
4 77 5 6 7 8 9 10 11 12 13 14 15 16 17 18 19 20 21 22 23 24 25 26 27 28 29 30 31 32 33 66 34 35 37 38 39 40 41 42 43 44 45 46 47 48 49 50 51 52 53 54 55 56 57 58 59 60 61 62 64 65 67 68 69 70 71 72 73 74 75 76 77 78 79 80 81 83 84 85 86 87 88 89 90 91 92 93 94 95 96 97 98 99 100 101 102 103 104 105 106 107 108 109 110 111 112 114 115 116 117 118 119 120
5 67 7 8 9 10 12 13 17 18 20 21 25 26 27 31 32 33 66 34 35 37 38 39 40 42 43 45 47 48 49 52 53 54 55 56 57 58 59 60 61 62 64 67 70 72 74 75 76 77 78 80 84 85 87 88 89 90 91 92 93 94 96 97 98 99 100 101 102 104 105 107 110 111 112 117 120
6 79 9 20 33 37 42 53 55 59 62 67 74 84 89 90 92 93 101 105 111 117
7 47 8 9 10 13 18 20 21 26 27 31 32 33 37 38 39 40 42 47 48 53 54 55 56 57 58 59 62 64 67 70 72 74 75 77 80 84 87 89 90 92 93 94 96 98 99 101 102 104 105 107 111 112 117 120
8 84 9 10 12 13 16 17 18 20 21 25 26 27 31 32 33 66 34 35 37 38 39 40 42 43 44 45 47 48 49 51 52 53 54 55 56 57 58 59 60 61 62 64 67 70 72 73 74 75 76 77 78 80 84 85 86 87 88 89 90 91 92 93 94 96 97 98 99 100 101 102 104 105 106 107 109 110 111 112 114 116 117 120
9 50 10 11 12 13 14 16 17 18 19 20 21 23 24 25 26 27 28 29 30 31 32 33 66 34 35 37 38 39 40 41 42 43 44 45 47 48 49 50 51 52 53 54 55 56 57 58 59 60 61 62 64 67 68 69 70 72 73 74 75 76 77 78 80 81 83 84 85 86 87 88 89 90 91 92 93 94 95 96 97 98 99 100 101 102 103 104 105 106 107 108 109 110 111 112 114 115 116 117 118 119 120
10 21 12 13 17 18 20 21 25 26 27 31 32 33 66 34 35 37 38 39 40 42 43 44 45 47 48 49 52 53 54 55 56 57 58 59 60 61 62 64 67 70 72 73 74 75 76 77 78 80 84 85 86 87 88 89 90 91 92 93 94 96 97 98 99 100 101 102 104 105 106 107 109 110 111 112 117 120
11 87 20 42 53 55 67 74 84 90 101 105 111 117
12 83 13 20 21 26 27 31 32 33 37 38 39 42 48 53 54 55 57 58 59 62 67 70 74 80 84 89 90 92 93 94 96 98 101 102 105 107 111 112 117 120
13 44 17 18 20 21 25 26 27 31 32 33 66 34 35 37 38 39 40 42 43 45 47 48 49 52 53 54 55 56 57 58 59 60 61 62 64 67 70 72 74 75 76 77 78 80 84 85 87 88 89 90 91 92 93 94 96 97 98 99 100 101 102 104 105 107 110 111 112 117 120
14 88 20 37 42 53 55 59 62 67 74 84 90 93 101 105 111 117
15 78 20 53 55 67 74 84 90 105 111 117
16 53 20 33 37 38 42 53 54 55 57 59 62 67 74 84 89 90 92 93 94 96 101 102 105 111 117
17 78 18 20 21 26 27 31 32 33 37 38 39 40 42 43 47 48 53 54 55 56 57 58 59 62 64 67 70 72 74 75 77 80 84 87 89 90 92 93 94 96 98 99 101 102 104 105 107 110 111 112 117 120
18 37 20 21 25 26 27 31 32 33 35 37 38 39 40 42 43 47 48 53 54 55 56 57 58 59 60 61 62 64 67 70 72 74 75 76 77 80 84 85 87 89 90 92 93 94 96 97 98 99 101 102 104 105 107 110 111 112 117 120
19 47 20 37 42 53 55 59 62 67 74 84 90 93 101 105 111 117
20 52 21 23 24 25 26 27 28 29 30 31 32 33 66 34 35 37 38 39 40 41 42 43 44 45 46 47 48 49 50 51 52 53 54 55 56 57 58 59 60 61 62 64 67 68 69 70 71 72 73 74 75 76 77 78 80 81 83 84 85 86 87 88 89 90 91 92 93 94 95 96 97 98 99 100 101 102 103 104 105 106 107 108 109 110 111 112 114 115 116 117 118 119 120
21 32 25 26 27 31 32 33 66 34 35 37 38 39 40 42 43 45 47 48 49 52 53 54 55 56 57 58 59 60 61 62 64 67 70 72 74 75 76 77 78 80 84 85 87 88 89 90 91 92 93 94 96 97 98 99 100 101 102 104 105 107 110 111 112 117 120
22 88 53 55 67 74 84 90 105 111 117
23 85 33 37 38 42 53 54 55 59 62 67 74 84 89 90 92 93 101 102 105 111 117
24 82 42 53 55 67 74 84 90 93 101 105 111 117
25 55 26 27 31 32 33 37 38 39 40 42 47 48 53 54 55 56 57 58 59 62 64 67 70 72 74 75 77 80 84 89 90 92 93 94 96 98 99 101 102 104 105 107 111 112 117 120
26 41 27 31 32 33 66 34 35 37 38 39 40 42 43 44 45 47 48 49 52 53 54 55 56 57 58 59 60 61 62 64 67 70 72 73 74 75 76 77 78 80 84 85 86 87 88 89 90 91 92 93 94 96 97 98 99 100 101 102 104 105 106 107 109 110 111 112 117 120
27 60 31 32 33 66 34 35 37 38 39 40 42 43 45 47 48 49 52 53 54 55 56 57 58 59 60 61 62 64 67 70 72 74 75 76 77 78 80 84 85 87 88 89 90 91 92 93 94 96 97 98 99 100 101 102 104 105 107 110 111 112 117 120
28 66 37 42 53 55 59 62 67 74 84 90 93 101 105 111 117
29 78 42 53 55 59 62 67 74 84 90 93 101 105 111 117
30 72 33 37 38 42 53 54 55 59 62 67 74 84 89 90 92 93 101 102 105 111 117
31 34 32 33 66 34 35 37 38 39 40 42 43 44 45 47 48 49 52 53 54 55 56 57 58 59 60 61 62 64 67 70 72 73 74 75 76 77 78 80 84 85 86 87 88 89 90 91 92 93 94 96 97 98 99 100 101 102 104 105 106 107 109 110 111 112 117 120
32 64 33 66 34 35 37 38 39 40 42 43 45 47 48 49 52 53 54 55 56 57 58 59 60 61 62 64 67 70 72 74 75 76 77 78 80 84 85 87 88 89 90 91 92 93 94 96 97 98 99 100 101 102 104 105 107 110 111 112 117 120
33 20 66 34 35 37 38 39 40 42 43 44 45 47 48 49 51 52 53 54 55 56 57 58 59 60 61 62 64 67 69 70 72 73 74 75 76 77 78 80 84 85 86 87 88 89 90 91 92 93 94 96 97 98 99 100 101 102 104 105 106 107 108 109 110 111 112 114 116 117 118 119 120
34 60 37 38 39 42 48 53 54 55 57 58 59 62 64 67 70 74 77 80 84 89 90 92 93 94 96 98 99 101 102 104 105 107 111 112 117 120
35 100 37 38 39 40 42 47 48 53 54 55 56 57 58 59 62 64 67 70 72 74 75 77 80 84 89 90 92 93 94 96 98 99 101 102 104 105 107 111 112 117 120
36 62 55 67 84 90 105 111 117
37 80 66 38 39 40 42 43 44 45 47 48 49 50 51 52 53 54 55 56 57 58 59 60 61 62 64 67 69 70 72 73 74 75 76 77 78 80 81 84 85 86 87 88 89 90 91 92 93 94 96 97 98 99 100 101 102 103 104 105 106 107 108 109 110 111 112 114 116 117 118 119 120
38 34 66 39 40 42 43 44 45 47 48 49 51 52 53 54 55 56 57 58 59 60 61 62 64 67 70 72 73 74 75 76 77 78 80 84 85 86 87 88 89 90 91 92 93 94 96 97 98 99 100 101 102 104 105 106 107 109 110 111 112 114 116 117 119 120
39 68 66 40 42 43 45 47 48 49 52 53 54 55 56 57 58 59 60 61 62 64 67 70 72 74 75 76 77 78 80 84 85 87 88 89 90 91 92 93 94 96 97 98 99 100 101 102 104 105 107 110 111 112 117 120
40 38 42 43 47 48 53 54 55 56 57 58 59 60 61 62 64 67 70 72 74 75 77 80 84 85 87 89 90 92 93 94 96 97 98 99 101 102 104 105 107 110 111 112 117 120
41 32 42 53 55 67 74 84 90 93 101 105 111 117
42 32 66 43 44 45 47 48 49 50 51 52 53 54 55 56 57 58 59 60 61 62 64 67 68 69 70 72 73 74 75 76 77 78 80 81 84 85 86 87 88 89 90 91 92 93 94 95 96 97 98 99 100 101 102 103 104 105 106 107 108 109 110 111 112 114 115 116 117 118 119 120
43 37 47 48 53 54 55 56 57 58 59 61 62 64 67 70 72 74 75 77 80 84 87 89 90 92 93 94 96 98 99 101 102 104 105 107 110 111 112 117 120
44 82 48 53 54 55 57 59 62 67 74 80 84 89 90 92 93 94 96 98 101 102 105 107 111 117 120
45 98 48 53 54 55 57 58 59 62 67 70 74 80 84 89 90 92 93 94 96 98 99 101 102 104 105 107 111 112 117 120
46 90 53 55 67 74 84 90 101 105 111 117
47 58 48 53 54 55 56 57 58 59 60 61 62 64 67 70 72 74 75 76 77 80 84 85 87 89 90 92 93 94 96 97 98 99 101 102 104 105 107 110 111 112 117 120
48 97 66 49 52 53 54 55 56 57 58 59 60 61 62 64 67 70 72 73 74 75 76 77 78 80 84 85 86 87 88 89 90 91 92 93 94 96 97 98 99 100 101 102 104 105 106 107 109 110 111 112 117 120
49 56 53 54 55 57 58 59 62 67 70 74 77 80 84 89 90 92 93 94 96 98 99 101 102 104 105 107 111 112 117 120
50 34 53 55 59 62 67 74 84 90 93 101 105 111 117
51 70 53 54 55 59 62 67 74 84 89 90 92 93 101 102 105 111 117
52 39 53 54 55 57 58 59 62 67 70 74 80 84 89 90 92 93 94 96 98 99 101 102 104 105 107 111 112 117 120
53 56 66 54 55 56 57 58 59 60 61 62 64 67 68 69 70 71 72 73 74 75 76 77 78 80 81 83 84 85 86 87 88 89 90 91 92 93 94 95 96 97 98 99 100 101 102 103 104 105 106 107 108 109 110 111 112 114 115 116 117 118 119 120
54 69 66 55 56 57 58 59 60 61 62 64 67 70 72 73 74 75 76 77 78 80 84 85 86 87 88 89 90 91 92 93 94 96 97 98 99 100 101 102 104 105 106 107 109 110 111 112 114 116 117 120
55 36 66 56 57 58 59 60 61 62 64 65 67 68 69 70 71 72 73 74 75 76 77 78 79 80 81 83 84 85 86 87 88 89 90 91 92 93 94 95 96 97 98 99 100 101 102 103 104 105 106 107 108 109 110 111 112 114 115 116 117 118 119 120
56 20 57 58 59 60 61 62 64 67 70 72 74 75 77 80 84 85 87 89 90 92 93 94 96 97 98 99 101 102 104 105 107 110 111 112 117 120
57 99 66 58 59 60 61 62 64 67 70 72 73 74 75 76 77 78 80 84 85 86 87 88 89 90 91 92 93 94 96 97 98 99 100 101 102 104 105 106 107 109 110 111 112 116 117 120
58 84 66 59 60 61 62 64 67 70 72 74 75 76 77 78 80 84 85 87 88 89 90 91 92 93 94 96 97 98 99 100 101 102 104 105 107 110 111 112 117 120
59 53 66 60 61 62 64 67 69 70 72 73 74 75 76 77 78 80 81 84 85 86 87 88 89 90 91 92 93 94 96 97 98 99 100 101 102 103 104 105 106 107 108 109 110 111 112 114 115 116 117 118 119 120
60 27 62 64 67 70 72 74 75 77 80 84 87 89 90 92 93 94 96 98 99 101 102 104 105 107 110 111 112 117 120
61 88 62 64 67 70 72 74 75 77 80 84 87 89 90 92 93 94 96 98 99 101 102 104 105 107 110 111 112 117 120
62 53 66 64 67 68 69 70 72 73 74 75 76 77 78 80 81 84 85 86 87 88 89 90 91 92 93 94 96 97 98 99 100 101 102 103 104 105 106 107 108 109 110 111 112 114 115 116 117 118 119 120
63 42 67 90 105 111 117
64 45 66 67 70 72 74 75 76 77 80 84 85 87 88 89 90 92 93 94 96 97 98 99 100 101 102 104 105 107 110 111 112 117 120
65 42 67 74 84 90 105 111 117
66 31 67 70 74 77 80 84 89 90 92 93 94 96 98 99 101 102 104 105 107 111 112 117 120
67 54 68 69 70 71 72 73 74 75 76 77 78 79 80 81 82 83 84 85 86 87 88 89 90 91 92 93 94 95 96 97 98 99 100 101 102 103 104 105 106 107 108 109 110 111 112 113 114 115 116 117 118 119 120
68 60 74 84 90 93 101 105 111 117
69 55 74 84 89 90 93 101 105 111 117
70 27 72 74 75 76 77 78 80 84 85 87 88 89 90 91 92 93 94 96 97 98 99 100 101 102 104 105 107 110 111 112 117 120
71 36 74 84 90 101 105 111 117
72 31 74 75 76 77 80 84 85 87 88 89 90 92 93 94 96 97 98 99 101 102 104 105 107 110 111 112 117 120
73 39 74 84 89 90 92 93 94 96 98 101 102 105 107 111 117 120
74 91 75 76 77 78 79 80 81 83 84 85 86 87 88 89 90 91 92 93 94 95 96 97 98 99 100 101 102 103 104 105 106 107 108 109 110 111 112 114 115 116 117 118 119 120
75 45 76 77 80 84 85 87 89 90 92 93 94 96 97 98 99 101 102 104 105 107 110 111 112 117 120
76 97 77 80 84 89 90 92 93 94 96 98 99 101 102 104 105 107 111 112 117 120
77 26 80 84 85 87 88 89 90 92 93 94 96 97 98 99 100 101 102 104 105 107 110 111 112 117 120
78 80 80 84 89 90 92 93 94 96 98 99 101 102 104 105 107 111 112 117 120
79 41 84 90 105 111 117
80 56 84 85 87 88 89 90 91 92 93 94 96 97 98 99 100 101 102 104 105 106 107 110 111 112 117 120
81 70 84 90 93 101 105 111 117
82 97 90 105 111 117
83 48 84 90 101 105 111 117
84 87 85 86 87 88 89 90 91 92 93 94 95 96 97 98 99 100 101 102 103 104 105 106 107 108 109 110 111 112 114 115 116 117 118 119 120
85 23 89 90 92 93 94 96 98 99 101 102 104 105 107 111 112 117 120
86 32 89 90 92 93 94 96 98 101 102 105 111 117 120
87 75 89 90 92 93 94 96 97 98 99 101 102 104 105 107 110 111 112 117 120
88 100 89 90 92 93 94 96 98 99 101 102 104 105 107 111 112 117 120
89 97 90 91 92 93 94 96 97 98 99 100 101 102 104 105 106 107 108 109 110 111 112 114 116 117 119 120
90 51 91 92 93 94 95 96 97 98 99 100 101 102 103 104 105 106 107 108 109 110 111 112 113 114 115 116 117 118 119 120
91 78 92 93 94 96 98 99 101 102 105 107 111 112 117 120
92 78 93 94 96 97 98 99 100 101 102 104 105 106 107 108 109 110 111 112 114 116 117 119 120
93 21 94 95 96 97 98 99 100 101 102 103 104 105 106 107 108 109 110 111 112 114 115 116 117 118 119 120
94 72 96 97 98 99 100 101 102 104 105 106 107 109 110 111 112 116 117 120
95 72 101 105 111 117
96 79 97 98 99 100 101 102 104 105 106 107 109 110 111 112 116 117 120
97 46 98 99 101 102 104 105 107 111 112 117 120
98 30 99 100 101 102 104 105 106 107 109 110 111 112 117 120
99 48 100 101 102 104 105 107 110 111 112 117 120
100 27 101 102 104 105 107 111 112 117 120
101 95 102 103 104 105 106 107 108 109 110 111 112 114 115 116 117 118 119 120
102 48 104 105 106 107 108 109 110 111 112 114 116 117 119 120
103 67 105 111 117
104 58 105 107 110 111 112 117 120
105 46 106 107 108 109 110 111 112 114 115 116 117 118 119 120
106 92 107 111 117 120
107 21 110 111 112 117 120
108 82 111 117
109 91 111 117 120
110 40 111 112 117 120
111 56 112 114 115 116 117 118 119 120
112 24 117 120
113 94
114 44 117
115 91 117
116 92 117
117 81 118 119 120
118 24
119 84
120 44
