250 150
1 87 6 8 9 12 14 17 35 47 48 50 51 53 55 130 68 69 77 78 79 82 84 88 96 108 111 120 123 125 134 135 142 146 148 152 157 159 169 170 175 176 177 185 187 189 190 193 208 209 216 220 225 227 230 235 238 240 244 247
2 62 5 6 8 9 12 14 17 24 35 36 47 48 50 51 53 55 60 65 130 68 69 74 75 77 78 79 82 84 86 88 94 96 101 108 111 117 120 123 125 126 132 134 135 141 142 144 146 148 149 151 152 157 159 169 170 175 176 177 181 184 185 187 189 190 193 204 208 209 216 220 225 227 230 235 236 238 240 241 243 244 247 249
3 73 6 8 9 12 14 17 35 36 47 48 50 51 53 55 60 65 130 68 69 74 75 77 78 79 82 84 88 94 96 101 108 111 117 120 123 125 126 132 134 135 141 142 144 146 148 149 151 152 157 159 169 170 175 176 177 181 184 185 187 189 190 193 204 208 209 216 220 225 227 230 235 236 238 240 241 243 244 247 249
4 65 6 47 48 51 55 68 79 84 88 108 135 142 146 170 187 189 190 216 225 230 240 247
5 73 6 8 9 12 14 17 20 24 26 27 30 35 36 37 40 41 42 46 47 48 50 51 53 55 59 60 65 130 67 68 69 73 74 75 76 77 78 79 81 82 83 84 86 88 91 93 94 95 96 99 101 103 104 108 109 110 111 114 116 117 120 121 123 125 126 129 132 134 135 137 139 141 142 144 145 146 148 149 151 152 154 157 159 161 166 169 170 174 175 176 177 179 181 182 184 185 187 189 190 193 196 198 204 205 207 208 209 211 216 218 219 220 225 227 228 230 232 233 234 235 236 238 239 240 241 243 244 247 249
6 72 8 9 11 12 14 15 16 17 19 20 21 23 24 26 27 30 32 35 36 37 39 40 41 42 43 44 45 46 47 48 50 51 53 55 56 57 59 60 63 65 130 131 67 68 69 73 74 75 76 77 78 79 81 82 83 84 86 87 88 89 91 93 94 95 96 97 98 99 101 103 104 105 106 107 108 109 110 111 112 113 114 115 116 117 119 120 121 122 123 124 125 126 127 129 132 134 135 137 138 139 140 141 142 143 144 145 146 148 149 151 152 153 154 155 157 158 159 161 162 166 169 170 172 174 175 176 177 178 179 181 182 184 185 187 188 189 190 193 196 198 200 201 202 204 205 206 207 208 209 210 211 212 216 217 218 219 220 225 227 228 230 232 233 234 235 236 238 239 240 241 243 244 245 246 247 249
7 77
8 85 9 12 14 16 17 20 21 23 24 26 27 30 32 35 36 37 40 41 42 45 46 47 48 50 51 53 55 56 59 60 65 130 67 68 69 73 74 75 76 77 78 79 81 82 83 84 86 88 91 93 94 95 96 97 99 101 103 104 105 106 108 109 110 111 114 116 117 120 121 122 123 125 126 127 129 132 134 135 137 139 140 141 142 143 144 145 146 148 149 151 152 154 157 159 161 166 169 170 172 174 175 176 177 179 181 182 184 185 187 188 189 190 193 196 198 200 202 204 205 207 208 209 211 212 216 218 219 220 225 227 228 230 232 233 234 235 236 238 239 240 241 243 244 245 247 249
9 33 11 12 14 16 17 19 20 21 23 24 26 27 30 32 35 36 37 40 41 42 43 45 46 47 48 50 51 53 55 56 59 60 63 65 130 67 68 69 73 74 75 76 77 78 79 81 82 83 84 86 88 91 93 94 95 96 97 99 101 103 104 105 106 108 109 110 111 114 116 117 120 121 122 123 124 125 126 127 129 132 134 135 137 138 139 140 141 142 143 144 145 146 148 149 151 152 154 157 159 161 162 166 169 170 172 174 175 176 177 179 181 182 184 185 187 188 189 190 193 196 198 200 202 204 205 206 207 208 209 211 212 216 217 218 219 220 225 227 228 230 232 233 234 235 236 238 239 240 241 243 244 245 247 249
10 39
11 58 12 14 35 47 48 50 51 53 55 130 68 79 82 84 88 96 108 111 120 125 135 142 146 152 157 169 170 175 176 177 185 187 189 190 193 208 209 216 220 225 230 235 238 240 247
12 100 14 16 17 19 20 21 23 24 26 27 30 32 35 36 37 40 41 42 43 45 46 47 48 50 51 53 55 56 59 60 63 65 130 67 68 69 73 74 75 76 77 78 79 81 82 83 84 86 87 88 91 93 94 95 96 97 98 99 101 103 104 105 106 108 109 110 111 114 116 117 120 121 122 123 124 125 126 127 129 132 134 135 137 138 139 140 141 142 143 144 145 146 148 149 151 152 154 157 158 159 161 162 166 169 170 172 174 175 176 177 178 179 181 182 184 185 187 188 189 190 193 196 198 200 202 204 205 206 207 208 209 211 212 216 217 218 219 220 225 227 228 230 232 233 234 235 236 238 239 240 241 243 244 245 247 249
13 87
14 24 15 16 17 19 20 21 23 24 26 27 30 32 35 36 37 40 41 42 43 44 45 46 47 48 50 51 53 55 56 59 60 63 65 130 67 68 69 73 74 75 76 77 78 79 81 82 83 84 86 87 88 91 93 94 95 96 97 98 99 101 103 104 105 106 108 109 110 111 114 116 117 120 121 122 123 124 125 126 127 129 132 134 135 137 138 139 140 141 142 143 144 145 146 148 149 151 152 154 155 157 158 159 161 162 166 169 170 172 174 175 176 177 178 179 181 182 184 185 187 188 189 190 193 196 198 200 202 204 205 206 207 208 209 211 212 216 217 218 219 220 225 227 228 230 232 233 234 235 236 238 239 240 241 243 244 245 247 249
15 35 35 47 48 50 51 55 130 68 79 82 84 88 96 108 135 142 146 152 170 176 177 187 189 190 193 208 209 216 225 230 238 240 247
16 34 17 35 36 47 48 50 51 53 55 60 130 68 69 74 77 78 79 82 84 88 94 96 101 108 111 117 120 123 125 126 134 135 141 142 144 146 148 152 157 159 169 170 175 176 177 181 185 187 189 190 193 204 208 209 216 220 225 227 230 235 238 240 241 244 247
17 28 20 21 23 24 26 27 30 32 35 36 37 40 41 42 45 46 47 48 50 51 53 55 56 59 60 65 130 67 68 69 73 74 75 76 77 78 79 81 82 83 84 86 88 91 93 94 95 96 97 99 101 103 104 105 106 108 109 110 111 114 116 117 120 121 122 123 125 126 127 129 132 134 135 137 139 140 141 142 143 144 145 146 148 149 151 152 154 157 159 161 166 169 170 172 174 175 176 177 179 181 182 184 185 187 188 189 190 193 196 198 200 202 204 205 207 208 209 211 212 216 218 219 220 225 227 228 230 232 233 234 235 236 238 239 240 241 243 244 245 247 249
18 70
19 49 35 47 48 50 51 53 55 130 68 69 79 82 84 88 96 108 111 120 125 135 142 146 152 157 169 170 175 176 177 185 187 189 190 193 208 209 216 220 225 230 235 238 240 244 247
20 36 24 26 27 30 35 36 37 40 41 42 46 47 48 50 51 53 55 60 65 130 67 68 69 73 74 75 77 78 79 81 82 83 84 86 88 91 93 94 95 96 99 101 104 108 109 110 111 117 120 121 123 125 126 129 132 134 135 137 139 141 142 144 145 146 148 149 151 152 154 157 159 161 166 169 170 175 176 177 179 181 184 185 187 189 190 193 196 198 204 205 207 208 209 211 216 218 220 225 227 228 230 232 233 234 235 236 238 239 240 241 243 244 247 249
21 65 35 36 47 48 50 51 53 55 60 130 68 69 74 77 78 79 82 84 88 94 96 101 108 111 117 120 123 125 126 134 135 141 142 144 146 148 152 157 159 169 170 175 176 177 181 185 187 189 190 193 204 208 209 216 220 225 227 230 235 238 240 241 244 247
22 27
23 75 35 36 47 48 50 51 53 55 130 68 69 77 78 79 82 84 88 94 96 101 108 111 120 123 125 126 134 135 142 144 146 148 152 157 159 169 170 175 176 177 181 185 187 189 190 193 204 208 209 216 220 225 227 230 235 238 240 241 244 247
24 99 26 27 30 35 36 37 40 41 42 46 47 48 50 51 53 55 59 60 65 130 67 68 69 73 74 75 76 77 78 79 81 82 83 84 86 88 91 93 94 95 96 99 101 103 104 108 109 110 111 116 117 120 121 123 125 126 129 132 134 135 137 139 141 142 144 145 146 148 149 151 152 154 157 159 161 166 169 170 174 175 176 177 179 181 182 184 185 187 189 190 193 196 198 204 205 207 208 209 211 216 218 219 220 225 227 228 230 232 233 234 235 236 238 239 240 241 243 244 247 249
25 99
26 59 35 36 40 41 46 47 48 50 51 53 55 60 65 130 68 69 73 74 75 77 78 79 81 82 84 86 88 94 96 99 101 108 110 111 117 120 121 123 125 126 129 132 134 135 141 142 144 145 146 148 149 151 152 154 157 159 161 166 169 170 175 176 177 181 184 185 187 189 190 193 196 198 204 208 209 211 216 220 225 227 228 230 233 235 236 238 240 241 243 244 247 249
27 79 35 36 41 46 47 48 50 51 53 55 60 65 130 68 69 73 74 75 77 78 79 81 82 84 86 88 94 96 99 101 108 110 111 117 120 121 123 125 126 129 132 134 135 141 142 144 145 146 148 149 151 152 154 157 159 166 169 170 175 176 177 181 184 185 187 189 190 193 196 198 204 208 209 211 216 220 225 227 228 230 235 236 238 240 241 243 244 247 249
28 99
29 90
30 64 35 36 40 41 42 46 47 48 50 51 53 55 60 65 130 68 69 73 74 75 77 78 79 81 82 84 86 88 94 96 99 101 104 108 110 111 117 120 121 123 125 126 129 132 134 135 141 142 144 145 146 148 149 151 152 154 157 159 161 166 169 170 175 176 177 179 181 184 185 187 189 190 193 196 198 204 207 208 209 211 216 218 220 225 227 228 230 233 235 236 238 240 241 243 244 247 249
31 42
32 82 35 36 47 48 50 51 53 55 130 68 69 77 78 79 82 84 88 94 96 101 108 111 120 123 125 126 134 135 142 144 146 148 152 157 159 169 170 175 176 177 185 187 189 190 193 204 208 209 216 220 225 227 230 235 238 240 241 244 247
33 58
34 56
35 89 36 37 40 41 42 43 44 45 46 47 48 50 51 53 55 56 59 60 63 65 130 67 68 69 73 74 75 76 77 78 79 81 82 83 84 86 87 88 91 93 94 95 96 97 98 99 101 103 104 105 106 108 109 110 111 114 116 117 120 121 122 123 124 125 126 127 129 132 134 135 137 138 139 140 141 142 143 144 145 146 148 149 151 152 154 155 157 158 159 161 162 166 169 170 172 174 175 176 177 178 179 181 182 184 185 187 188 189 190 193 196 198 200 202 204 205 206 207 208 209 211 212 216 217 218 219 220 225 227 228 230 232 233 234 235 236 238 239 240 241 243 244 245 247 249
36 80 37 40 41 42 45 46 47 48 50 51 53 55 56 59 60 65 130 67 68 69 73 74 75 76 77 78 79 81 82 83 84 86 88 91 93 94 95 96 97 99 101 103 104 105 106 108 109 110 111 114 116 117 120 121 122 123 125 126 129 132 134 135 137 139 140 141 142 143 144 145 146 148 149 151 152 154 157 159 161 166 169 170 172 174 175 176 177 179 181 182 184 185 187 189 190 193 196 198 200 204 205 207 208 209 211 216 218 219 220 225 227 228 230 232 233 234 235 236 238 239 240 241 243 244 245 247 249
37 97 41 46 47 48 50 51 53 55 60 65 130 68 69 73 74 75 77 78 79 81 82 84 86 88 94 96 99 101 108 110 111 117 120 121 123 125 126 129 132 134 135 141 142 144 145 146 148 149 151 152 154 157 159 169 170 175 176 177 181 184 185 187 189 190 193 196 198 204 208 209 211 216 220 225 227 228 230 235 236 238 240 241 243 244 247 249
38 82
39 44 47 51 55 68 79 108 135 142 146 170 187 189 190 216 225 230 240 247
40 92 41 42 46 47 48 50 51 53 55 60 65 130 67 68 69 73 74 75 77 78 79 81 82 83 84 86 88 91 94 95 96 99 101 104 108 109 110 111 117 120 121 123 125 126 129 132 134 135 137 139 141 142 144 145 146 148 149 151 152 154 157 159 161 166 169 170 175 176 177 179 181 184 185 187 189 190 193 196 198 204 205 207 208 209 211 216 218 220 225 227 228 230 232 233 234 235 236 238 239 240 241 243 244 247 249
41 29 42 46 47 48 50 51 53 55 59 60 65 130 67 68 69 73 74 75 76 77 78 79 81 82 83 84 86 88 91 93 94 95 96 99 101 103 104 108 109 110 111 116 117 120 121 123 125 126 129 132 134 135 137 139 141 142 144 145 146 148 149 151 152 154 157 159 161 166 169 170 174 175 176 177 179 181 182 184 185 187 189 190 193 196 198 204 205 207 208 209 211 216 218 219 220 225 227 228 230 232 233 234 235 236 238 239 240 241 243 244 247 249
42 39 46 47 48 50 51 53 55 60 65 130 68 69 73 74 75 77 78 79 81 82 84 86 88 94 96 99 101 104 108 110 111 117 120 121 123 125 126 129 132 134 135 141 142 144 145 146 148 149 151 152 154 157 159 161 166 169 170 175 176 177 179 181 184 185 187 189 190 193 196 198 204 207 208 209 211 216 218 220 225 227 228 230 233 235 236 238 240 241 243 244 247 249
43 90 47 48 50 51 53 55 130 68 79 82 84 88 96 108 111 120 125 135 142 146 152 157 169 170 175 176 177 185 187 189 190 193 208 209 216 220 225 230 235 238 240 247
44 99 47 48 50 51 55 130 68 79 82 84 88 96 108 135 142 146 152 170 176 177 187 189 190 193 208 209 216 225 230 238 240 247
45 68 47 48 50 51 53 55 60 130 68 69 74 75 77 78 79 82 84 88 94 96 101 108 111 117 120 123 125 126 132 134 135 141 142 144 146 148 149 151 152 157 159 169 170 175 176 177 181 184 185 187 189 190 193 204 208 209 216 220 225 227 230 235 236 238 240 241 243 244 247 249
46 40 47 48 50 51 53 55 59 60 65 130 67 68 69 73 74 75 76 77 78 79 81 82 83 84 86 88 91 93 94 95 96 99 101 103 104 108 109 110 111 116 117 120 121 123 125 126 129 132 134 135 137 139 141 142 144 145 146 148 149 151 152 154 157 159 161 166 169 170 175 176 177 179 181 182 184 185 187 189 190 193 196 198 204 205 207 208 209 211 216 218 219 220 225 227 228 230 232 233 234 235 236 238 239 240 241 243 244 247 249
47 23 48 50 51 53 55 56 57 59 60 63 65 130 131 67 68 69 73 74 75 76 77 78 79 81 82 83 84 86 87 88 89 91 93 94 95 96 97 98 99 101 103 104 105 106 107 108 109 110 111 112 113 114 115 116 117 120 121 122 123 124 125 126 127 129 132 134 135 137 138 139 140 141 142 143 144 145 146 148 149 151 152 153 154 155 157 158 159 161 162 166 169 170 172 174 175 176 177 178 179 181 182 184 185 187 188 189 190 193 196 198 200 201 202 204 205 206 207 208 209 210 211 212 216 217 218 219 220 225 227 228 230 232 233 234 235 236 238 239 240 241 243 244 245 247 249
48 95 50 51 53 55 56 59 60 63 65 130 67 68 69 73 74 75 76 77 78 79 81 82 83 84 86 87 88 91 93 94 95 96 97 98 99 101 103 104 105 106 108 109 110 111 114 116 117 120 121 122 123 124 125 126 127 129 132 134 135 137 138 139 140 141 142 143 144 145 146 148 149 151 152 153 154 155 157 158 159 161 162 166 169 170 172 174 175 176 177 178 179 181 182 184 185 187 188 189 190 193 196 198 200 202 204 205 206 207 208 209 211 212 216 217 218 219 220 225 227 228 230 232 233 234 235 236 238 239 240 241 243 244 245 247 249
49 39
50 77 51 53 55 56 59 60 63 65 130 67 68 69 73 74 75 76 77 78 79 81 82 83 84 86 87 88 91 93 94 95 96 97 98 99 101 103 104 105 106 108 109 110 111 114 116 117 120 121 122 123 124 125 126 127 129 132 134 135 137 138 139 140 141 142 143 144 145 146 148 149 151 152 153 154 155 157 158 159 161 162 166 169 170 172 174 175 176 177 178 179 181 182 184 185 187 188 189 190 193 196 198 200 202 204 205 206 207 208 209 211 212 216 217 218 219 220 225 227 228 230 232 233 234 235 236 238 239 240 241 243 244 245 247 249
51 59 53 55 56 57 59 60 63 64 65 130 131 67 68 69 73 74 75 76 77 78 79 81 82 83 84 86 87 88 89 91 93 94 95 96 97 98 99 101 103 104 105 106 107 108 109 110 111 112 113 114 115 116 117 119 120 121 122 123 124 125 126 127 128 129 132 134 135 137 138 139 140 141 142 143 144 145 146 148 149 151 152 153 154 155 157 158 159 161 162 166 169 170 172 174 175 176 177 178 179 181 182 184 185 187 188 189 190 193 196 198 200 201 202 204 205 206 207 208 209 210 211 212 216 217 218 219 220 222 225 227 228 230 232 233 234 235 236 238 239 240 241 243 244 245 246 247 249
52 74
53 94 55 56 59 60 63 65 130 67 68 69 73 74 75 76 77 78 79 81 82 83 84 86 87 88 91 93 94 95 96 97 98 99 101 103 104 105 106 108 109 110 111 114 116 117 120 121 122 123 124 125 126 127 129 132 134 135 137 138 139 140 141 142 143 144 145 146 148 149 151 152 154 157 158 159 161 162 166 169 170 172 174 175 176 177 178 179 181 182 184 185 187 188 189 190 193 196 198 200 202 204 205 206 207 208 209 211 212 216 217 218 219 220 225 227 228 230 232 233 234 235 236 238 239 240 241 243 244 245 247 249
54 67
55 72 56 57 59 60 63 65 130 131 67 68 69 73 74 75 76 77 78 79 81 82 83 84 86 87 88 89 91 93 94 95 96 97 98 99 101 103 104 105 106 107 108 109 110 111 112 113 114 115 116 117 119 120 121 122 123 124 125 126 127 129 132 134 135 137 138 139 140 141 142 143 144 145 146 148 149 151 152 153 154 155 157 158 159 161 162 166 169 170 172 174 175 176 177 178 179 181 182 184 185 187 188 189 190 193 196 198 200 201 202 204 205 206 207 208 209 210 211 212 216 217 218 219 220 225 227 228 230 232 233 234 235 236 238 239 240 241 243 244 245 247 249
56 90 130 68 69 77 78 79 82 84 88 94 96 101 108 111 120 123 125 126 134 135 142 144 146 148 152 157 159 169 170 175 176 177 181 185 187 189 190 193 204 208 209 216 220 225 227 230 235 238 240 241 244 247
57 60 68 79 135 142 146 170 187 189 216 225 230 240 247
58 49
59 21 60 65 130 68 69 73 74 75 77 78 79 82 84 86 88 94 96 101 108 110 111 117 120 121 123 125 126 132 134 135 141 142 144 145 146 148 149 151 152 154 157 159 169 170 175 176 177 181 184 185 187 189 190 193 196 198 204 208 209 211 216 220 225 227 230 235 236 238 240 241 243 244 247 249
60 20 65 130 67 68 69 73 74 75 76 77 78 79 81 82 83 84 86 88 91 93 94 95 96 97 99 101 103 104 108 109 110 111 114 116 117 120 121 122 123 125 126 129 132 134 135 137 139 140 141 142 143 144 145 146 148 149 151 152 154 157 159 161 166 169 170 172 174 175 176 177 179 181 182 184 185 187 189 190 193 196 198 200 204 205 207 208 209 211 216 218 219 220 225 227 228 230 232 233 234 235 236 238 239 240 241 243 244 245 247 249
61 49
62 33
63 85 130 68 79 82 84 88 96 108 111 125 135 142 146 152 157 169 170 175 176 177 185 187 189 190 193 208 209 216 220 225 230 235 238 240 247
64 84 68 79 146 170 187 189 230
65 50 130 67 68 69 73 74 75 76 77 78 79 81 82 83 84 86 88 91 93 94 95 96 99 101 103 104 108 109 110 111 114 116 117 120 121 123 125 126 129 132 134 135 137 139 141 142 144 145 146 148 149 151 152 154 157 159 161 166 169 170 174 175 176 177 179 181 182 184 185 187 189 190 193 196 198 204 205 207 208 209 211 216 218 219 220 225 227 228 230 232 233 234 235 236 238 239 240 241 243 244 245 247 249
66 95
67 52 130 68 69 73 74 75 77 78 79 81 82 84 86 88 94 96 99 101 108 110 111 117 120 121 123 125 126 129 132 134 135 141 142 144 145 146 148 149 151 152 154 157 159 161 166 169 170 175 176 177 181 184 185 187 189 190 193 196 198 204 208 209 211 216 220 225 227 228 230 233 235 236 238 240 241 243 244 247 249
68 31 130 131 69 73 74 75 76 77 78 79 81 82 83 84 86 87 88 89 91 93 94 95 96 97 98 99 101 103 104 105 106 107 108 109 110 111 112 113 114 115 116 117 119 120 121 122 123 124 125 126 127 128 129 132 134 135 137 138 139 140 141 142 143 144 145 146 148 149 151 152 153 154 155 157 158 159 161 162 165 166 169 170 172 174 175 176 177 178 179 181 182 184 185 187 188 189 190 193 196 198 200 201 202 204 205 206 207 208 209 210 211 212 216 217 218 219 220 222 225 227 228 230 232 233 234 235 236 238 239 240 241 243 244 245 246 247 249
69 46 130 73 74 75 76 77 78 79 81 82 83 84 86 88 91 93 94 95 96 97 99 101 103 104 105 106 108 109 110 111 114 116 117 120 121 122 123 124 125 126 127 129 132 134 135 137 139 140 141 142 143 144 145 146 148 149 151 152 154 157 159 161 162 166 169 170 172 174 175 176 177 179 181 182 184 185 187 188 189 190 193 196 198 200 202 204 205 206 207 208 209 211 212 216 218 219 220 225 227 228 230 232 233 234 235 236 238 239 240 241 243 244 245 247 249
70 96
71 73
72 66
73 33 130 74 75 76 77 78 79 81 82 83 84 86 88 91 93 94 95 96 99 101 103 104 108 109 110 111 116 117 120 121 123 125 126 129 132 134 135 137 139 141 142 144 145 146 148 149 151 152 154 157 159 161 166 169 170 175 176 177 179 181 182 184 185 187 189 190 193 196 198 204 205 207 208 209 211 216 218 219 220 225 227 228 230 232 233 234 235 236 238 239 240 241 243 244 247 249
74 90 130 75 76 77 78 79 81 82 83 84 86 88 91 93 94 95 96 97 99 101 103 104 108 109 110 111 114 116 117 120 121 122 123 125 126 129 132 134 135 137 139 140 141 142 144 145 146 148 149 151 152 154 157 159 161 166 169 170 172 174 175 176 177 179 181 182 184 185 187 189 190 193 196 198 200 204 205 207 208 209 211 216 218 219 220 225 227 228 230 232 233 234 235 236 238 239 240 241 243 244 245 247 249
75 77 130 76 77 78 79 81 82 83 84 86 88 91 93 94 95 96 97 99 101 103 104 108 109 110 111 114 116 117 120 121 122 123 125 126 129 132 134 135 137 139 141 142 144 145 146 148 149 151 152 154 157 159 161 166 169 170 174 175 176 177 179 181 182 184 185 187 189 190 193 196 198 200 204 205 207 208 209 211 216 218 219 220 225 227 228 230 232 233 234 235 236 238 239 240 241 243 244 245 247 249
76 79 130 77 78 79 82 84 86 88 94 96 101 108 110 111 117 120 121 123 125 126 132 134 135 141 142 144 145 146 148 149 151 152 154 157 159 169 170 175 176 177 181 184 185 187 189 190 193 196 198 204 208 209 211 216 220 225 227 230 235 236 238 240 241 243 244 247 249
77 27 130 78 79 81 82 83 84 86 88 91 93 94 95 96 97 99 101 103 104 105 106 108 109 110 111 114 116 117 120 121 122 123 125 126 127 129 132 134 135 137 139 140 141 142 143 144 145 146 148 149 151 152 154 157 159 161 166 169 170 172 174 175 176 177 179 181 182 184 185 187 188 189 190 193 196 198 200 202 204 205 206 207 208 209 211 212 216 218 219 220 225 227 228 230 232 233 234 235 236 238 239 240 241 243 244 245 247 249
78 91 130 79 81 82 83 84 86 88 91 93 94 95 96 97 99 101 103 104 105 106 108 109 110 111 114 116 117 120 121 122 123 125 126 127 129 132 134 135 137 139 140 141 142 143 144 145 146 148 149 151 152 154 157 159 161 166 169 170 172 174 175 176 177 179 181 182 184 185 187 188 189 190 193 196 198 200 202 204 205 207 208 209 211 212 216 218 219 220 225 227 228 230 232 233 234 235 236 238 239 240 241 243 244 245 247 249
79 54 130 131 81 82 83 84 86 87 88 89 91 93 94 95 96 97 98 99 101 103 104 105 106 107 108 109 110 111 112 113 114 115 116 117 119 120 121 122 123 124 125 126 127 128 129 132 134 135 137 138 139 140 141 142 143 144 145 146 148 149 151 152 153 154 155 157 158 159 161 162 166 169 170 172 174 175 176 177 178 179 181 182 184 185 187 188 189 190 193 196 198 200 201 202 204 205 206 207 208 209 210 211 212 216 217 218 219 220 222 225 227 228 230 232 233 234 235 236 238 239 240 241 243 244 245 246 247 249
80 62
81 44 130 82 83 84 86 88 91 93 94 95 96 99 101 104 108 109 110 111 117 120 121 123 125 126 129 132 134 135 137 139 141 142 144 145 146 148 149 151 152 154 157 159 161 166 169 170 175 176 177 179 181 184 185 187 189 190 193 196 198 204 205 207 208 209 211 216 218 219 220 225 227 228 230 232 233 234 235 236 238 239 240 241 243 244 247 249
82 78 130 83 84 86 87 88 91 93 94 95 96 97 98 99 101 103 104 105 106 108 109 110 111 114 116 117 120 121 122 123 124 125 126 127 129 132 134 135 137 138 139 140 141 142 143 144 145 146 148 149 151 152 154 155 157 158 159 161 162 166 169 170 172 174 175 176 177 178 179 181 182 184 185 187 188 189 190 193 196 198 200 202 204 205 206 207 208 209 211 212 216 217 218 219 220 225 227 228 230 232 233 234 235 236 238 239 240 241 243 244 245 247 249
83 35 130 84 86 88 94 96 99 101 108 110 111 117 120 121 123 125 126 129 132 134 135 141 142 144 145 146 148 149 151 152 154 157 159 161 166 169 170 175 176 177 181 184 185 187 189 190 193 196 198 204 208 209 211 216 220 225 227 228 230 233 235 236 238 240 241 243 244 247 249
84 62 130 86 87 88 91 93 94 95 96 97 98 99 101 103 104 105 106 108 109 110 111 114 116 117 120 121 122 123 124 125 126 127 129 132 134 135 137 138 139 140 141 142 143 144 145 146 148 149 151 152 153 154 155 157 158 159 161 162 166 169 170 172 174 175 176 177 178 179 181 182 184 185 187 188 189 190 193 196 198 200 202 204 205 206 207 208 209 211 212 216 217 218 219 220 225 227 228 230 232 233 234 235 236 238 239 240 241 243 244 245 247 249
85 97
86 25 130 88 91 93 94 95 96 99 101 103 104 108 109 110 111 114 116 117 120 121 123 125 126 129 132 134 135 137 139 141 142 144 145 146 148 149 151 152 154 157 159 161 166 169 170 174 175 176 177 179 181 182 184 185 187 189 190 193 196 198 204 205 207 208 209 211 216 218 219 220 225 227 228 230 232 233 234 235 236 238 239 240 241 243 244 247 249
87 79 130 88 96 108 135 142 146 152 157 169 170 176 177 185 187 189 190 193 208 209 216 220 225 230 235 238 240 247
88 31 130 91 93 94 95 96 97 98 99 101 103 104 105 106 108 109 110 111 114 116 117 120 121 122 123 124 125 126 127 129 132 134 135 137 138 139 140 141 142 143 144 145 146 148 149 151 152 153 154 155 157 158 159 161 162 166 169 170 172 174 175 176 177 178 179 181 182 184 185 187 188 189 190 193 196 198 200 202 204 205 206 207 208 209 211 212 216 217 218 219 220 225 227 228 230 232 233 234 235 236 238 239 240 241 243 244 245 247 249
89 26 135 142 146 170 187 189 216 225 230 240 247
90 87
91 30 130 94 96 99 101 108 110 111 117 120 121 123 125 126 129 132 134 135 141 142 144 145 146 148 149 151 152 154 157 159 166 169 170 175 176 177 181 184 185 187 189 190 193 196 198 204 208 209 211 216 220 225 227 228 230 235 236 238 240 241 243 244 247 249
92 24
93 31 130 94 96 99 101 108 110 111 117 120 121 123 125 126 129 132 134 135 141 142 144 145 146 148 149 151 152 154 157 159 169 170 175 176 177 181 184 185 187 189 190 193 196 198 204 208 209 211 216 220 225 227 228 230 235 236 238 240 241 243 244 247 249
94 24 130 95 96 97 99 101 103 104 108 109 110 111 114 116 117 120 121 122 123 125 126 129 132 134 135 137 139 140 141 142 143 144 145 146 148 149 151 152 154 157 159 161 166 169 170 172 174 175 176 177 179 181 182 184 185 187 189 190 193 196 198 200 204 205 207 208 209 211 216 218 219 220 225 227 228 230 232 233 234 235 236 238 239 240 241 243 244 245 247 249
95 53 130 96 99 101 108 110 111 117 120 121 123 125 126 129 132 134 135 141 142 144 145 146 148 149 151 152 154 157 159 161 166 169 170 175 176 177 181 184 185 187 189 190 193 196 198 204 208 209 211 216 220 225 227 228 230 233 235 236 238 240 241 243 244 247 249
96 90 130 97 98 99 101 103 104 105 106 108 109 110 111 114 116 117 120 121 122 123 124 125 126 127 129 132 134 135 137 138 139 140 141 142 143 144 145 146 148 149 151 152 154 155 157 158 159 161 162 166 169 170 172 174 175 176 177 178 179 181 182 184 185 187 188 189 190 193 196 198 200 202 204 205 206 207 208 209 211 212 216 217 218 219 220 225 227 228 230 232 233 234 235 236 238 239 240 241 243 244 245 247 249
97 66 130 101 108 111 117 120 123 125 126 132 134 135 141 142 144 146 148 149 151 152 157 159 169 170 175 176 177 181 184 185 187 189 190 193 204 208 209 216 220 225 227 230 235 236 238 240 241 243 244 247 249
98 21 130 108 111 125 135 142 146 152 157 169 170 176 177 185 187 189 190 193 208 209 216 220 225 230 235 238 240 247
99 58 130 101 104 108 109 110 111 117 120 121 123 125 126 129 132 134 135 137 139 141 142 144 145 146 148 149 151 152 154 157 159 161 166 169 170 175 176 177 179 181 184 185 187 189 190 193 196 198 204 205 207 208 209 211 216 218 219 220 225 227 228 230 232 233 234 235 236 238 239 240 241 243 244 247 249
100 28
101 81 130 103 104 106 108 109 110 111 114 116 117 120 121 122 123 125 126 129 132 134 135 137 139 140 141 142 143 144 145 146 148 149 151 152 154 157 159 161 166 169 170 172 174 175 176 177 179 181 182 184 185 187 189 190 193 196 198 200 204 205 207 208 209 211 216 218 219 220 225 227 228 230 232 233 234 235 236 238 239 240 241 243 244 245 247 249
102 61
103 100 130 108 110 111 117 120 121 123 125 126 132 134 135 141 142 144 145 146 148 149 151 152 157 159 169 170 175 176 177 181 184 185 187 189 190 193 204 208 209 211 216 220 225 227 230 235 236 238 240 241 243 244 247 249
104 33 130 108 110 111 117 120 121 123 125 126 129 132 134 135 141 142 144 145 146 148 149 151 152 154 157 159 161 166 169 170 175 176 177 179 181 184 185 187 189 190 193 196 198 204 207 208 209 211 216 218 220 225 227 228 230 233 235 236 238 240 241 243 244 247 249
105 95 130 108 111 120 123 125 134 135 142 146 148 152 157 159 169 170 175 176 177 185 187 189 190 193 204 208 209 216 220 225 227 230 235 238 240 244 247
106 77 130 108 111 120 123 125 126 134 135 142 144 146 148 152 157 159 169 170 175 176 177 185 187 189 190 193 204 208 209 216 220 225 227 230 235 238 240 241 244 247
107 77 135 142 146 170 187 189 216 225 230 240 247
108 75 130 109 110 111 114 116 117 120 121 122 123 124 125 126 127 129 132 134 135 137 138 139 140 141 142 143 144 145 146 148 149 151 152 153 154 155 157 158 159 161 162 166 169 170 172 174 175 176 177 178 179 181 182 184 185 187 188 189 190 193 196 198 200 202 204 205 206 207 208 209 210 211 212 216 217 218 219 220 225 227 228 230 232 233 234 235 236 238 239 240 241 243 244 245 247 249
109 52 130 110 111 117 120 121 123 125 126 129 132 134 135 141 142 144 145 146 148 149 151 152 154 157 159 161 166 169 170 175 176 177 181 184 185 187 189 190 193 196 198 204 208 209 211 216 220 225 227 228 230 233 235 236 238 240 241 243 244 247 249
110 58 130 111 116 117 120 121 123 125 126 129 132 134 135 137 139 141 142 144 145 146 148 149 151 152 154 157 159 161 166 169 170 175 176 177 179 181 184 185 187 189 190 193 196 198 204 205 207 208 209 211 216 218 219 220 225 227 228 230 232 233 234 235 236 238 239 240 241 243 244 247 249
111 95 130 114 116 117 120 121 122 123 124 125 126 127 129 132 134 135 137 138 139 140 141 142 143 144 145 146 148 149 151 152 154 157 158 159 161 162 166 169 170 172 174 175 176 177 178 179 181 182 184 185 187 188 189 190 193 196 198 200 202 204 205 206 207 208 209 211 212 216 217 218 219 220 225 227 228 230 232 233 234 235 236 238 239 240 241 243 244 245 247 249
112 47 135 142 146 170 187 189 225 230 240
113 27 135 142 146 170 187 189 216 225 230 240 247
114 29 130 117 120 123 125 126 132 134 135 141 142 144 146 148 149 151 152 157 159 169 170 175 176 177 181 184 185 187 189 190 193 204 208 209 216 220 225 227 230 235 236 238 240 241 243 244 247 249
115 74 135 142 146 170 187 189 216 225 230 240 247
116 84 130 117 120 121 123 125 126 132 134 135 141 142 144 145 146 148 149 151 152 154 157 159 169 170 175 176 177 181 184 185 187 189 190 193 196 198 204 208 209 211 216 220 225 227 230 235 236 238 240 241 243 244 247 249
117 49 130 120 121 122 123 125 126 129 132 134 135 137 139 140 141 142 144 145 146 148 149 151 152 154 157 159 161 166 169 170 172 174 175 176 177 179 181 182 184 185 187 189 190 193 196 198 200 204 205 207 208 209 211 216 218 219 220 225 227 228 230 232 233 234 235 236 238 239 240 241 243 244 245 247 249
118 25 187
119 57 135 142 146 170 187 189 225 230 240
120 90 130 121 122 123 124 125 126 127 129 132 134 135 137 138 139 140 141 142 143 144 145 146 148 149 151 152 154 157 159 161 162 166 169 170 172 174 175 176 177 179 181 182 184 185 187 188 189 190 193 196 198 200 202 204 205 206 207 208 209 211 212 216 218 219 220 225 227 228 230 232 233 234 235 236 238 239 240 241 243 244 245 247 249
121 61 130 123 125 126 129 132 134 135 137 139 141 142 144 145 146 148 149 151 152 154 157 159 161 166 169 170 175 176 177 179 181 182 184 185 187 189 190 193 196 198 204 205 207 208 209 211 216 218 219 220 225 227 228 230 232 233 234 235 236 238 239 240 241 243 244 247 249
122 59 130 123 125 126 134 135 141 142 144 146 148 149 152 157 159 169 170 175 176 177 181 184 185 187 189 190 193 204 208 209 216 220 225 227 230 235 236 238 240 241 243 244 247
123 99 130 125 126 127 129 132 134 135 137 139 140 141 142 143 144 145 146 148 149 151 152 154 157 159 161 166 169 170 172 174 175 176 177 179 181 182 184 185 187 189 190 193 196 198 200 202 204 205 207 208 209 211 212 216 218 219 220 225 227 228 230 232 233 234 235 236 238 239 240 241 243 244 245 247 249
124 70 130 125 135 142 146 152 157 169 170 175 176 177 185 187 189 190 193 208 209 216 220 225 230 235 238 240 244 247
125 33 130 126 127 129 132 134 135 137 138 139 140 141 142 143 144 145 146 148 149 151 152 154 157 158 159 161 162 166 169 170 172 174 175 176 177 179 181 182 184 185 187 188 189 190 193 196 198 200 202 204 205 206 207 208 209 211 212 216 217 218 219 220 225 227 228 230 232 233 234 235 236 238 239 240 241 243 244 245 247 249
126 25 130 129 132 134 135 137 139 140 141 142 143 144 145 146 148 149 151 152 154 157 159 161 166 169 170 172 174 175 176 177 179 181 182 184 185 187 189 190 193 196 198 200 204 205 207 208 209 211 216 218 219 220 225 227 228 230 232 233 234 235 236 238 239 240 241 243 244 245 247 249
127 54 130 135 142 146 148 152 157 159 169 170 175 176 177 185 187 189 190 193 208 209 216 220 225 230 235 238 240 244 247
128 66 142 146 170 187 189 225 230 240
129 32 130 132 134 135 137 139 141 142 144 145 146 148 149 151 152 154 157 159 161 166 169 170 175 176 177 179 181 184 185 187 189 190 193 196 198 204 205 207 208 209 211 216 218 220 225 227 228 230 232 233 234 235 236 238 239 240 241 243 244 247 249
130 20 132 134 135 137 138 139 140 141 142 143 144 145 146 148 149 151 152 154 155 157 158 159 161 162 166 169 170 172 174 175 176 177 178 179 181 182 184 185 187 188 189 190 193 196 198 200 202 204 205 206 207 208 209 211 212 216 217 218 219 220 225 227 228 230 232 233 234 235 236 238 239 240 241 243 244 245 247 249
131 32 135 142 146 170 187 189 225 230 240
132 47 134 135 137 139 141 142 144 145 146 148 149 151 152 154 157 159 161 166 169 170 174 175 176 177 179 181 182 184 185 187 189 190 193 196 198 204 205 207 208 209 211 216 218 219 220 225 227 228 230 232 233 234 235 236 238 239 240 241 243 244 245 247 249
133 28
134 71 135 137 139 140 141 142 143 144 145 146 148 149 151 152 154 157 159 161 166 169 170 172 174 175 176 177 179 181 182 184 185 187 189 190 193 196 198 200 202 204 205 207 208 209 211 216 218 219 220 225 227 228 230 232 233 234 235 236 238 239 240 241 243 244 245 247 249
135 33 137 138 139 140 141 142 143 144 145 146 148 149 151 152 153 154 155 157 158 159 161 162 166 169 170 172 174 175 176 177 178 179 181 182 184 185 187 188 189 190 193 196 198 200 201 202 204 205 206 207 208 209 210 211 212 216 217 218 219 220 225 227 228 230 232 233 234 235 236 238 239 240 241 243 244 245 247 249
136 55
137 81 141 142 144 145 146 148 149 151 152 154 157 159 161 166 169 170 175 176 177 181 184 185 187 189 190 193 196 198 204 208 209 211 216 220 225 227 228 230 235 236 238 240 241 243 244 247 249
138 56 142 146 152 157 169 170 175 176 177 185 187 189 190 193 208 209 216 220 225 230 235 238 240 247
139 21 141 142 144 145 146 148 149 151 152 154 157 159 161 166 169 170 175 176 177 181 184 185 187 189 190 193 196 198 204 208 209 211 216 220 225 227 228 230 233 235 236 238 240 241 243 244 247 249
140 83 141 142 144 146 148 152 157 159 169 170 175 176 177 181 185 187 189 190 193 204 208 209 216 220 225 227 230 235 238 240 241 244 247
141 67 142 144 145 146 148 149 151 152 154 157 159 161 166 169 170 172 174 175 176 177 179 181 182 184 185 187 189 190 193 196 198 200 204 205 207 208 209 211 216 218 219 220 225 227 228 230 232 233 234 235 236 238 239 240 241 243 244 245 247 249
142 46 143 144 145 146 148 149 151 152 153 154 155 157 158 159 161 162 166 169 170 172 174 175 176 177 178 179 181 182 184 185 187 188 189 190 193 196 198 200 201 202 204 205 206 207 208 209 210 211 212 216 217 218 219 220 225 227 228 230 232 233 234 235 236 238 239 240 241 243 244 245 246 247 249
143 96 144 146 148 152 157 159 169 170 175 176 177 181 185 187 189 190 193 204 208 209 216 220 225 227 230 235 238 240 241 244 247
144 50 145 146 148 149 151 152 154 157 159 161 166 169 170 172 174 175 176 177 179 181 182 184 185 187 189 190 193 196 198 200 204 205 207 208 209 211 216 218 219 220 225 227 228 230 232 233 234 235 236 238 239 240 241 243 244 245 247 249
145 94 146 148 149 151 152 154 157 159 161 166 169 170 174 175 176 177 179 181 182 184 185 187 189 190 193 196 198 204 205 207 208 209 211 216 218 219 220 225 227 228 230 232 233 234 235 236 238 239 240 241 243 244 247 249
146 55 148 149 151 152 153 154 155 157 158 159 161 162 166 169 170 172 174 175 176 177 178 179 181 182 184 185 187 188 189 190 193 196 198 200 201 202 204 205 206 207 208 209 210 211 212 216 217 218 219 220 222 225 227 228 230 232 233 234 235 236 238 239 240 241 243 244 245 246 247 249
147 57
148 100 149 151 152 154 157 159 161 166 169 170 172 174 175 176 177 179 181 182 184 185 187 188 189 190 193 196 198 200 202 204 205 207 208 209 211 212 216 218 219 220 225 227 228 230 232 233 234 235 236 238 239 240 241 243 244 245 247 249
149 35 151 152 154 157 159 161 166 169 170 174 175 176 177 179 181 182 184 185 187 189 190 193 196 198 200 204 205 207 208 209 211 216 218 219 220 225 227 228 230 232 233 234 235 236 238 239 240 241 243 244 245 247 249
150 50 187
151 21 152 154 157 159 161 166 169 170 174 175 176 177 179 181 182 184 185 187 189 190 193 196 198 200 204 205 207 208 209 211 216 218 219 220 225 227 228 230 232 233 234 235 236 238 239 240 241 243 244 245 247 249
152 97 154 155 157 158 159 161 162 166 169 170 172 174 175 176 177 178 179 181 182 184 185 187 188 189 190 193 196 198 200 202 204 205 206 207 208 209 211 212 216 217 218 219 220 225 227 228 230 232 233 234 235 236 238 239 240 241 243 244 245 247 249
153 30 170 176 187 189 190 216 225 230 240 247
154 34 157 159 161 166 169 170 175 176 177 179 181 184 185 187 189 190 193 196 198 204 205 207 208 209 211 216 218 219 220 225 227 228 230 232 233 234 235 236 238 239 240 241 243 244 247 249
155 57 169 170 176 177 187 189 190 193 208 209 216 220 225 230 238 240 247
156 74
157 99 158 159 161 162 166 169 170 172 174 175 176 177 178 179 181 182 184 185 187 188 189 190 193 196 198 200 202 204 205 206 207 208 209 211 212 216 217 218 219 220 225 227 228 230 232 233 234 235 236 238 239 240 241 243 244 245 247 249
158 63 169 170 176 177 185 187 189 190 193 208 209 216 220 225 230 235 238 240 247
159 40 161 166 169 170 172 174 175 176 177 179 181 182 184 185 187 188 189 190 193 196 198 200 202 204 205 206 207 208 209 211 212 216 218 219 220 225 227 228 230 232 233 234 235 236 238 239 240 241 243 244 245 247 249
160 96
161 83 166 169 170 175 176 177 179 181 184 185 187 189 190 193 196 198 204 207 208 209 211 216 218 220 225 227 228 230 232 233 234 235 236 238 239 240 241 243 244 247 249
162 37 169 170 175 176 177 185 187 189 190 193 208 209 216 220 225 230 235 238 240 244 247
163 59
164 72
165 59 187 189 230
166 50 169 170 175 176 177 179 181 184 185 187 189 190 193 196 198 204 205 207 208 209 211 216 218 220 225 227 228 230 232 233 234 235 236 238 239 240 241 243 244 247 249
167 84
168 88
169 22 170 172 174 175 176 177 178 179 181 182 184 185 187 188 189 190 193 196 198 200 202 204 205 206 207 208 209 211 212 216 217 218 219 220 225 227 228 230 232 233 234 235 236 238 239 240 241 243 244 245 247 249
170 97 172 174 175 176 177 178 179 181 182 184 185 187 188 189 190 193 196 198 200 201 202 204 205 206 207 208 209 210 211 212 216 217 218 219 220 222 225 227 228 230 232 233 234 235 236 238 239 240 241 243 244 245 246 247 249
171 81
172 22 175 176 177 181 185 187 189 190 193 204 208 209 216 220 225 227 230 235 238 240 241 244 247
173 55
174 31 175 176 177 181 184 185 187 189 190 193 204 208 209 216 220 225 227 230 235 236 238 240 241 243 244 247 249
175 66 176 177 179 181 182 184 185 187 188 189 190 193 196 198 200 202 204 205 206 207 208 209 211 212 216 217 218 219 220 225 227 228 230 232 233 234 235 236 238 239 240 241 243 244 245 247 249
176 23 177 178 179 181 182 184 185 187 188 189 190 193 196 198 200 202 204 205 206 207 208 209 211 212 216 217 218 219 220 225 227 228 230 232 233 234 235 236 238 239 240 241 243 244 245 247 249
177 88 178 179 181 182 184 185 187 188 189 190 193 196 198 200 202 204 205 206 207 208 209 211 212 216 217 218 219 220 225 227 228 230 232 233 234 235 236 238 239 240 241 243 244 245 247 249
178 89 185 187 189 190 193 208 209 216 220 225 230 235 238 240 247
179 28 181 184 185 187 189 190 193 196 198 204 207 208 209 211 216 218 220 225 227 228 230 233 235 236 238 240 241 243 244 247 249
180 77
181 78 182 184 185 187 189 190 193 196 198 200 204 205 207 208 209 211 216 218 219 220 225 227 228 230 232 233 234 235 236 238 239 240 241 243 244 245 247 249
182 41 184 185 187 189 190 193 204 208 209 216 220 225 227 230 235 236 238 240 241 243 244 247 249
183 93
184 94 185 187 189 190 193 196 198 200 204 205 207 208 209 211 216 218 219 220 225 227 228 230 232 233 234 235 236 238 239 240 241 243 244 245 247 249
185 45 187 188 189 190 193 196 198 200 202 204 205 206 207 208 209 211 212 216 217 218 219 220 225 227 228 230 232 233 234 235 236 238 239 240 241 243 244 245 247 249
186 84
187 48 188 189 190 193 196 198 200 201 202 204 205 206 207 208 209 210 211 212 216 217 218 219 220 221 222 225 227 228 230 232 233 234 235 236 238 239 240 241 243 244 245 246 247 249
188 75 189 190 193 208 209 216 220 225 230 235 238 240 244 247
189 38 190 193 196 198 200 201 202 204 205 206 207 208 209 210 211 212 216 217 218 219 220 222 225 227 228 230 232 233 234 235 236 238 239 240 241 243 244 245 246 247 249
190 68 193 196 198 200 202 204 205 206 207 208 209 211 212 216 217 218 219 220 225 227 228 230 232 233 234 235 236 238 239 240 241 243 244 245 247 249
191 34
192 37
193 40 196 198 200 202 204 205 206 207 208 209 211 212 216 217 218 219 220 225 227 228 230 232 233 234 235 236 238 239 240 241 243 244 245 247 249
194 78
195 60
196 94 198 204 205 207 208 209 211 216 218 219 220 225 227 228 230 232 233 234 235 236 238 239 240 241 243 244 247 249
197 58
198 71 204 205 207 208 209 211 216 218 219 220 225 227 228 230 232 233 234 235 236 238 239 240 241 243 244 247 249
199 70
200 30 204 208 209 216 220 225 227 230 235 236 238 240 241 243 244 247 249
201 77 225 230 240
202 34 208 209 216 220 225 227 230 235 238 240 244 247
203 96
204 58 205 207 208 209 211 216 218 219 220 225 227 228 230 232 233 234 235 236 238 239 240 241 243 244 245 247 249
205 70 208 209 211 216 220 225 227 228 230 235 236 238 240 241 243 244 247 249
206 61 208 209 216 220 225 230 235 238 240 244 247
207 27 208 209 211 216 218 220 225 227 228 230 233 235 236 238 240 241 243 244 247 249
208 55 209 211 212 216 217 218 219 220 225 227 228 230 232 233 234 235 236 238 239 240 241 243 244 245 247 249
209 48 211 212 216 217 218 219 220 225 227 228 230 232 233 234 235 236 238 239 240 241 243 244 245 247 249
210 80 216 225 230 240 247
211 26 216 218 219 220 225 227 228 230 232 233 234 235 236 238 239 240 241 243 244 247 249
212 59 216 220 225 230 235 238 240 244 247
213 31
214 55
215 80
216 75 217 218 219 220 225 227 228 230 232 233 234 235 236 238 239 240 241 243 244 245 247 249
217 73 220 225 230 235 238 240 247
218 48 220 225 227 228 230 233 235 236 238 240 241 243 244 247 249
219 22 220 225 227 228 230 235 236 238 240 241 243 244 247 249
220 35 225 227 228 230 232 233 234 235 236 238 239 240 241 243 244 245 247 249
221 97
222 46 230
223 98
224 48
225 49 227 228 230 232 233 234 235 236 238 239 240 241 243 244 245 246 247 249
226 28
227 67 228 230 232 233 234 235 236 238 239 240 241 243 244 245 247 249
228 94 230 232 233 234 235 236 238 239 240 241 243 244 247 249
229 46
230 46 232 233 234 235 236 238 239 240 241 243 244 245 246 247 249
231 37
232 45 233 235 236 238 240 241 243 244 247 249
233 48 234 235 236 238 240 241 243 244 247 249
234 42 235 236 238 240 241 243 244 247 249
235 31 236 238 239 240 241 243 244 245 247 249
236 67 238 239 240 241 243 244 245 247 249
237 23
238 98 239 240 241 243 244 245 247 249
239 58 240 241 243 244 247 249
240 55 241 243 244 245 246 247 249
241 24 243 244 245 247 249
242 60
243 48 244 245 247 249
244 95 245 247 249
245 93 247 249
246 49
247 56 249
248 90
249 31
250 24
