120 150
1 71 2 3 4 5 6 7 8 9 10 11 12 13 14 15 16 17 18 19 20 21 22 23 24 25 26 27 28 29 30 31 32 33 66 34 35 36 37 38 39 40 41 42 43 44 45 46 47 48 49 50 51 52 53 54 55 56 57 58 59 60 61 62 63 64 65 67 68 69 70 71 72 73 74 75 76 77 78 79 80 81 82 83 84 85 86 87 88 89 90 91 92 93 94 95 96 97 98 99 100 101 102 103 104 105 106 107 108 109 110 111 112 113 114 115 116 117 118 119 120
2 26 3 4 6 9 13 14 15 17 19 21 23 27 28 30 33 66 42 45 46 48 49 53 54 55 56 57 58 59 64 70 73 74 75 76 78 79 81 83 84 85 86 87 89 92 93 96 99 100 101 104 106 107 109 110 111 113 114 116 119
3 66 4 5 6 7 8 9 10 11 12 13 14 15 16 17 18 19 20 21 22 23 24 25 26 27 28 29 30 31 32 33 66 34 35 36 37 38 39 40 41 42 43 44 45 46 47 48 49 50 51 52 53 54 55 56 57 58 59 60 61 62 63 64 65 67 68 69 70 71 72 73 74 75 76 77 78 79 80 81 82 83 84 85 86 87 88 89 90 91 92 93 94 95 96 97 98 99 100 101 102 103 104 105 106 107 108 109 110 111 112 113 114 115 116 117 118 119 120
4 84 5 6 7 8 9 10 11 12 13 14 15 16 17 18 19 20 21 22 23 24 25 26 27 28 29 30 31 33 66 34 35 36 37 38 39 40 41 42 43 44 45 46 47 48 49 50 51 52 53 54 55 56 57 58 59 60 61 62 63 64 65 67 68 69 70 71 72 73 74 75 76 78 79 80 81 82 83 84 85 86 87 88 89 90 91 92 93 94 95 96 97 98 99 100 101 102 103 104 105 106 107 108 109 110 111 112 113 114 115 116 117 118 119 120
5 76 6 8 9 12 13 14 15 17 19 21 23 26 27 28 29 30 31 33 66 37 42 45 46 48 49 53 54 55 56 57 58 59 60 63 64 70 73 74 75 76 78 79 81 83 84 85 86 87 89 92 93 95 96 99 100 101 104 106 107 109 110 111 113 114 116 119
6 95 7 8 9 12 13 14 15 16 17 19 21 22 23 26 27 28 29 30 31 33 66 37 39 40 42 45 46 48 49 52 53 54 55 56 57 58 59 60 61 62 63 64 65 67 68 70 71 73 74 75 76 78 79 81 83 84 85 86 87 88 89 92 93 94 95 96 99 100 101 102 104 105 106 107 108 109 110 111 113 114 116 119
7 80 9 13 14 15 17 19 21 23 27 28 30 33 66 42 45 46 48 49 53 54 55 56 57 58 59 60 64 70 73 74 75 76 78 79 81 83 84 85 86 87 89 92 93 96 99 100 101 104 106 107 109 110 111 113 114 116 119
8 50 9 12 13 14 15 17 19 21 22 23 26 27 28 29 30 31 33 66 37 39 42 45 46 48 49 53 54 55 56 57 58 59 60 61 62 63 64 65 67 68 70 73 74 75 76 78 79 81 83 84 85 86 87 89 92 93 94 95 96 99 100 101 102 104 105 106 107 109 110 111 113 114 116 119
9 53 12 13 14 15 16 17 19 21 22 23 26 27 28 29 30 31 33 66 37 39 40 42 45 46 47 48 49 52 53 54 55 56 57 58 59 60 61 62 63 64 65 67 68 70 71 72 73 74 75 76 78 79 81 83 84 85 86 87 88 89 90 92 93 94 95 96 99 100 101 102 104 105 106 107 108 109 110 111 113 114 116 119
10 30 13 14 17 21 23 27 28 33 42 48 49 54 57 70 73 75 76 78 79 83 84 85 87 100 101 104 107 109 110 114 116 119
11 82 13 14 17 21 23 27 28 33 66 42 48 49 53 54 57 70 73 74 75 76 78 79 83 84 85 87 96 100 101 104 107 109 110 111 114 116 119
12 38 13 14 15 17 19 21 22 23 26 27 28 29 30 31 33 66 37 39 40 42 45 46 48 49 53 54 55 56 57 58 59 60 61 62 63 64 65 67 68 70 73 74 75 76 78 79 81 83 84 85 86 87 89 92 93 94 95 96 99 100 101 102 104 105 106 107 109 110 111 113 114 116 119
13 45 14 15 16 17 18 19 20 21 22 23 24 25 26 27 28 29 30 31 32 33 66 34 35 36 37 38 39 40 41 42 43 44 45 46 47 48 49 50 51 52 53 54 55 56 57 58 59 60 61 62 63 64 65 67 68 69 70 71 72 73 74 75 76 77 78 79 80 81 82 83 84 85 86 87 88 89 90 91 92 93 94 95 96 97 98 99 100 101 102 103 104 105 106 107 108 109 110 111 112 113 114 115 116 117 118 119 120
14 99 15 16 17 18 19 20 21 22 23 24 25 26 27 28 29 30 31 32 33 66 34 35 36 37 38 39 40 41 42 43 44 45 46 47 48 49 50 51 52 53 54 55 56 57 58 59 60 61 62 63 64 65 67 68 69 70 71 72 73 74 75 76 78 79 80 81 82 83 84 85 86 87 88 89 90 91 92 93 94 95 96 97 98 99 100 101 102 103 104 105 106 107 108 109 110 111 112 113 114 115 116 117 118 119 120
15 51 16 17 19 21 22 23 26 27 28 29 30 31 33 66 37 39 40 42 45 46 48 49 52 53 54 55 56 57 58 59 60 61 62 63 64 65 67 68 70 71 73 74 75 76 78 79 81 83 84 85 86 87 89 92 93 94 95 96 99 100 101 102 104 105 106 107 108 109 110 111 113 114 116 119
16 98 17 21 23 27 28 30 33 66 42 46 48 49 53 54 56 57 58 59 64 70 73 74 75 76 78 79 81 83 84 85 86 87 89 92 93 96 99 100 101 104 106 107 109 110 111 114 116 119
17 100 18 19 20 21 22 23 24 25 26 27 28 29 30 31 32 33 66 34 35 36 37 38 39 40 41 42 43 44 45 46 47 48 49 50 51 52 53 54 55 56 57 58 59 60 61 62 63 64 65 67 68 69 70 71 72 73 74 75 76 78 79 80 81 82 83 84 85 86 87 88 89 90 91 92 93 94 95 96 97 98 99 100 101 102 103 104 105 106 107 108 109 110 111 112 113 114 115 116 117 118 119 120
18 88 21 23 27 28 33 66 42 48 49 53 54 57 70 73 74 75 76 78 79 83 84 85 87 96 100 101 104 107 109 110 111 114 116 119
19 81 21 22 23 26 27 28 29 30 31 33 66 37 39 40 42 45 46 48 49 53 54 55 56 57 58 59 60 61 62 63 64 65 67 68 70 73 74 75 76 78 79 81 83 84 85 86 87 89 92 93 94 95 96 99 100 101 102 104 105 106 107 109 110 111 113 114 116 119
20 77 21 23 27 28 30 33 66 42 46 48 49 53 54 56 57 58 70 73 74 75 76 78 79 83 84 85 87 89 92 93 96 100 101 104 107 109 110 111 114 116 119
21 99 22 23 24 25 26 27 28 29 30 31 32 33 66 34 35 36 37 38 39 40 41 42 43 44 45 46 47 48 49 50 51 52 53 54 55 56 57 58 59 60 61 62 63 64 65 67 68 69 70 71 72 73 74 75 76 77 78 79 80 81 82 83 84 85 86 87 88 89 90 91 92 93 94 95 96 97 98 99 100 101 102 103 104 105 106 107 108 109 110 111 112 113 114 115 116 117 118 119 120
22 97 23 26 27 28 30 31 33 66 42 45 46 48 49 53 54 55 56 57 58 59 60 63 64 70 73 74 75 76 78 79 81 83 84 85 86 87 89 92 93 95 96 99 100 101 104 106 107 109 110 111 113 114 116 119
23 31 24 25 26 27 28 29 30 31 32 33 66 34 35 36 37 38 39 40 41 42 43 44 45 46 47 48 49 50 51 52 53 54 55 56 57 58 59 60 61 62 63 64 65 67 68 69 70 71 72 73 74 75 76 77 78 79 80 81 82 83 84 85 86 87 88 89 90 91 92 93 94 95 96 97 98 99 100 101 102 103 104 105 106 107 108 109 110 111 112 113 114 115 116 117 118 119 120
24 54 27 28 30 33 66 42 46 48 49 53 54 56 57 58 70 73 74 75 76 78 79 83 84 85 87 93 96 100 101 104 107 109 110 111 114 116 119
25 47 27 28 30 33 66 42 48 49 53 54 57 58 70 73 74 75 76 78 79 83 84 85 87 96 100 101 104 107 109 110 111 114 116 119
26 45 27 28 29 30 31 33 66 37 39 40 42 45 46 48 49 53 54 55 56 57 58 59 60 61 62 63 64 65 67 68 70 73 74 75 76 78 79 81 83 84 85 86 87 89 92 93 94 95 96 99 100 101 102 104 105 106 107 109 110 111 113 114 116 119
27 36 28 29 30 31 32 33 66 34 35 36 37 38 39 40 41 42 43 44 45 46 47 48 49 50 51 52 53 54 55 56 57 58 59 60 61 62 63 64 65 67 68 69 70 71 72 73 74 75 76 77 78 79 80 81 82 83 84 85 86 87 88 89 90 91 92 93 94 95 96 97 98 99 100 101 102 103 104 105 106 107 108 109 110 111 112 113 114 115 116 117 118 119 120
28 96 29 30 31 32 33 66 34 35 36 37 38 39 40 41 42 43 44 45 46 47 48 49 50 51 52 53 54 55 56 57 58 59 60 61 62 63 64 65 67 68 69 70 71 72 73 74 75 76 77 78 79 80 81 82 83 84 85 86 87 88 89 90 91 92 93 94 95 96 97 98 99 100 101 102 103 104 105 106 107 108 109 110 111 112 113 114 115 116 117 118 119 120
29 96 30 31 33 66 37 39 42 45 46 48 49 53 54 55 56 57 58 59 60 61 63 64 65 67 68 70 73 74 75 76 78 79 81 83 84 85 86 87 89 92 93 94 95 96 99 100 101 104 105 106 107 109 110 111 113 114 116 119
30 74 31 33 66 37 39 40 41 42 43 45 46 47 48 49 51 52 53 54 55 56 57 58 59 60 61 62 63 64 65 67 68 70 71 72 73 74 75 76 78 79 80 81 82 83 84 85 86 87 88 89 90 92 93 94 95 96 98 99 100 101 102 104 105 106 107 108 109 110 111 112 113 114 116 118 119
31 77 33 66 37 39 40 42 45 46 48 49 53 54 55 56 57 58 59 60 61 62 63 64 65 67 68 70 73 74 75 76 78 79 81 83 84 85 86 87 89 92 93 94 95 96 99 100 101 102 104 105 106 107 109 110 111 113 114 116 119
32 98 33 42 49 54 57 70 73 75 76 78 79 84 85 87 100 101 104 107 109 110 114 119
33 69 66 34 35 36 37 38 39 40 41 42 43 44 45 46 47 48 49 50 51 52 53 54 55 56 57 58 59 60 61 62 63 64 65 67 68 69 70 71 72 73 74 75 76 77 78 79 80 81 82 83 84 85 86 87 88 89 90 91 92 93 94 95 96 97 98 99 100 101 102 103 104 105 106 107 108 109 110 111 112 113 114 115 116 117 118 119 120
34 22 66 42 48 49 53 54 57 70 73 75 76 78 79 83 84 85 87 100 101 104 107 109 110 111 114 116 119
35 40 66 42 48 49 53 54 57 58 70 73 74 75 76 78 79 83 84 85 87 96 100 101 104 107 109 110 111 114 116 119
36 39 66 42 48 49 53 54 57 70 73 75 76 78 79 83 84 85 87 100 101 104 107 109 110 111 114 116 119
37 81 66 42 45 46 48 49 53 54 55 56 57 58 59 60 61 63 64 65 68 70 73 74 75 76 78 79 81 83 84 85 86 87 89 92 93 94 95 96 99 100 101 104 105 106 107 109 110 111 113 114 116 119
38 90 66 42 48 49 53 54 57 70 73 75 76 78 79 83 84 85 87 100 101 104 107 109 110 111 114 116 119
39 73 66 42 45 46 48 49 53 54 55 56 57 58 59 60 63 64 70 73 74 75 76 78 79 81 83 84 85 86 87 89 92 93 95 96 99 100 101 104 106 107 109 110 111 113 114 116 119
40 84 66 42 45 46 48 49 53 54 55 56 57 58 59 60 64 70 73 74 75 76 78 79 81 83 84 85 86 87 89 92 93 95 96 99 100 101 104 106 107 109 110 111 113 114 116 119
41 53 66 42 46 48 49 53 54 56 57 58 70 73 74 75 76 78 79 83 84 85 87 89 92 93 96 100 101 104 107 109 110 111 114 116 119
42 73 66 43 44 45 46 47 48 49 50 51 52 53 54 55 56 57 58 59 60 61 62 63 64 65 67 68 69 70 71 72 73 74 75 76 77 78 79 80 81 82 83 84 85 86 87 88 89 90 91 92 93 94 95 96 97 98 99 100 101 102 103 104 105 106 107 108 109 110 111 112 113 114 115 116 117 118 119 120
43 81 66 46 48 49 53 54 56 57 58 70 73 74 75 76 78 79 83 84 85 87 89 92 93 96 100 101 104 107 109 110 111 114 116 119
44 51 66 48 49 53 54 57 70 73 74 75 76 78 79 83 84 85 87 96 100 101 104 107 109 110 111 114 116 119
45 38 66 46 48 49 53 54 55 56 57 58 59 60 61 62 63 64 65 67 68 70 73 74 75 76 78 79 81 83 84 85 86 87 89 92 93 94 95 96 99 100 101 102 104 105 106 107 109 110 111 113 114 116 119
46 43 66 47 48 49 51 52 53 54 55 56 57 58 59 60 61 62 63 64 65 67 68 70 71 72 73 74 75 76 78 79 80 81 82 83 84 85 86 87 88 89 90 92 93 94 95 96 98 99 100 101 102 104 105 106 107 108 109 110 111 112 113 114 116 119
47 64 66 48 49 53 54 56 57 58 70 73 74 75 76 78 79 83 84 85 87 89 92 93 96 100 101 104 107 109 110 111 114 116 119
48 28 66 49 50 51 52 53 54 55 56 57 58 59 60 61 62 63 64 65 67 68 69 70 71 72 73 74 75 76 78 79 80 81 82 83 84 85 86 87 88 89 90 91 92 93 94 95 96 97 98 99 100 101 102 103 104 105 106 107 108 109 110 111 112 113 114 115 116 117 118 119 120
49 83 66 50 51 52 53 54 55 56 57 58 59 60 61 62 63 64 65 67 68 69 70 71 72 73 74 75 76 77 78 79 80 81 82 83 84 85 86 87 88 89 90 91 92 93 94 95 96 97 98 99 100 101 102 103 104 105 106 107 108 109 110 111 112 113 114 115 116 117 118 119 120
50 28 66 53 54 57 70 73 74 75 76 78 79 83 84 85 87 96 100 101 104 107 109 110 111 114 116 119
51 66 66 53 54 56 57 58 70 73 74 75 76 78 79 83 84 85 87 92 93 96 100 101 104 107 109 110 111 114 116 119
52 22 66 53 54 55 56 57 58 59 64 70 73 74 75 76 78 79 81 83 84 85 86 87 89 92 93 96 99 100 101 104 106 107 109 110 111 114 116 119
53 56 66 54 55 56 57 58 59 60 61 62 63 64 65 67 68 69 70 71 72 73 74 75 76 78 79 80 81 82 83 84 85 86 87 88 89 90 91 92 93 94 95 96 98 99 100 101 102 104 105 106 107 108 109 110 111 112 113 114 115 116 117 118 119
54 61 66 55 56 57 58 59 60 61 62 63 64 65 67 68 69 70 71 72 73 74 75 76 77 78 79 80 81 82 83 84 85 86 87 88 89 90 91 92 93 94 95 96 97 98 99 100 101 102 103 104 105 106 107 108 109 110 111 112 113 114 115 116 117 118 119 120
55 72 66 56 57 58 59 60 61 62 63 64 65 67 68 70 73 74 75 76 78 79 81 83 84 85 86 87 89 92 93 94 95 96 99 100 101 102 104 105 106 107 109 110 111 113 114 116 119
56 69 66 57 58 59 60 61 62 63 64 65 67 68 70 71 72 73 74 75 76 78 79 80 81 82 83 84 85 86 87 88 89 90 92 93 94 95 96 98 99 100 101 102 104 105 106 107 108 109 110 111 112 113 114 116 119
57 55 66 58 59 60 61 62 63 64 65 67 68 69 70 71 72 73 74 75 76 77 78 79 80 81 82 83 84 85 86 87 88 89 90 91 92 93 94 95 96 97 98 99 100 101 102 103 104 105 106 107 108 109 110 111 112 113 114 115 116 117 118 119 120
58 20 66 59 60 61 62 63 64 65 67 68 70 71 72 73 74 75 76 78 79 80 81 82 83 84 85 86 87 88 89 90 92 93 94 95 96 98 99 100 101 102 104 105 106 107 108 109 110 111 112 113 114 115 116 118 119
59 50 66 60 61 62 63 64 65 67 68 70 71 73 74 75 76 78 79 81 83 84 85 86 87 89 92 93 94 95 96 99 100 101 102 104 105 106 107 108 109 110 111 113 114 116 119
60 52 66 61 62 63 64 65 67 68 70 73 74 75 76 78 79 81 83 84 85 86 87 89 92 93 94 95 96 99 100 101 102 104 105 106 107 109 110 111 113 114 116 119
61 95 66 63 64 65 68 70 73 74 75 76 78 79 81 83 84 85 86 87 89 92 93 94 95 96 99 100 101 104 105 106 107 109 110 111 113 114 116 119
62 89 66 63 64 70 73 74 75 76 78 79 81 83 84 85 86 87 89 92 93 95 96 99 100 101 104 106 107 109 110 111 113 114 116 119
63 32 66 64 65 67 68 70 73 74 75 76 78 79 81 83 84 85 86 87 89 92 93 94 95 96 99 100 101 102 104 105 106 107 109 110 111 113 114 116 119
64 60 66 65 67 68 70 71 73 74 75 76 78 79 81 83 84 85 86 87 89 92 93 94 95 96 99 100 101 102 104 105 106 107 108 109 110 111 113 114 116 119
65 29 66 68 70 73 74 75 76 78 79 81 83 84 85 86 87 89 92 93 95 96 99 100 101 104 106 107 109 110 111 113 114 116 119
66 90 67 68 69 70 71 72 73 74 75 76 78 79 80 81 82 83 84 85 86 87 88 89 90 91 92 93 94 95 96 98 99 100 101 102 103 104 105 106 107 108 109 110 111 112 113 114 115 116 117 118 119
67 20 70 73 74 75 76 78 79 81 83 84 85 86 87 89 92 93 95 96 99 100 101 104 106 107 109 110 111 113 114 116 119
68 90 70 73 74 75 76 78 79 81 83 84 85 86 87 89 92 93 94 95 96 99 100 101 104 105 106 107 109 110 111 113 114 116 119
69 41 70 73 75 76 78 79 83 84 85 87 96 100 101 104 107 109 110 111 114 116 119
70 37 71 72 73 74 75 76 77 78 79 80 81 82 83 84 85 86 87 88 89 90 91 92 93 94 95 96 97 98 99 100 101 102 103 104 105 106 107 108 109 110 111 112 113 114 115 116 117 118 119 120
71 95 73 74 75 76 78 79 81 83 84 85 86 87 89 92 93 96 99 100 101 104 106 107 109 110 111 114 116 119
72 20 73 74 75 76 78 79 81 83 84 85 86 87 89 92 93 96 99 100 101 104 106 107 109 110 111 114 116 119
73 84 74 75 76 77 78 79 80 81 82 83 84 85 86 87 88 89 90 91 92 93 94 95 96 97 98 99 100 101 102 103 104 105 106 107 108 109 110 111 112 113 114 115 116 117 118 119 120
74 33 75 76 78 79 80 81 82 83 84 85 86 87 88 89 90 91 92 93 94 95 96 98 99 100 101 102 104 105 106 107 108 109 110 111 112 113 114 115 116 117 118 119
75 28 76 78 79 80 81 82 83 84 85 86 87 88 89 90 91 92 93 94 95 96 97 98 99 100 101 102 103 104 105 106 107 108 109 110 111 112 113 114 115 116 117 118 119 120
76 40 77 78 79 80 81 82 83 84 85 86 87 88 89 90 91 92 93 94 95 96 97 98 99 100 101 102 103 104 105 106 107 108 109 110 111 112 113 114 115 116 117 118 119 120
77 91 79 84 87 100 101 104 107 109 110 114 119
78 39 79 80 81 82 83 84 85 86 87 88 89 90 91 92 93 94 95 96 97 98 99 100 101 102 103 104 105 106 107 108 109 110 111 112 113 114 115 116 117 118 119 120
79 63 80 81 82 83 84 85 86 87 88 89 90 91 92 93 94 95 96 97 98 99 100 101 102 103 104 105 106 107 108 109 110 111 112 113 114 115 116 117 118 119 120
80 66 83 84 85 87 89 92 93 96 100 101 104 107 109 110 111 114 116 119
81 29 83 84 85 86 87 88 89 90 92 93 94 95 96 99 100 101 102 104 105 106 107 108 109 110 111 113 114 116 119
82 74 83 84 85 87 93 96 100 101 104 107 109 110 111 114 116 119
83 97 84 85 86 87 88 89 90 91 92 93 94 95 96 97 98 99 100 101 102 103 104 105 106 107 108 109 110 111 112 113 114 115 116 117 118 119 120
84 41 85 86 87 88 89 90 91 92 93 94 95 96 97 98 99 100 101 102 103 104 105 106 107 108 109 110 111 112 113 114 115 116 117 118 119 120
85 81 86 87 88 89 90 91 92 93 94 95 96 97 98 99 100 101 102 103 104 105 106 107 108 109 110 111 112 113 114 115 116 117 118 119 120
86 53 87 88 89 90 92 93 94 95 96 99 100 101 102 104 105 106 107 108 109 110 111 113 114 116 119
87 22 88 89 90 91 92 93 94 95 96 97 98 99 100 101 102 103 104 105 106 107 108 109 110 111 112 113 114 115 116 117 118 119 120
88 32 89 92 93 96 99 100 101 104 106 107 109 110 111 114 116 119
89 91 90 92 93 94 95 96 99 100 101 102 104 105 106 107 108 109 110 111 113 114 116 119
90 61 92 93 96 100 101 104 107 109 110 111 114 116 119
91 33 96 100 101 104 107 109 110 111 114 116 119
92 91 93 94 95 96 99 100 101 102 104 105 106 107 108 109 110 111 113 114 116 119
93 55 94 95 96 99 100 101 102 104 105 106 107 108 109 110 111 112 113 114 116 119
94 56 95 96 99 100 101 104 106 107 109 110 111 113 114 116 119
95 57 96 99 100 101 102 104 105 106 107 109 110 111 113 114 116 119
96 44 98 99 100 101 102 104 105 106 107 108 109 110 111 112 113 114 115 116 117 118 119
97 60 100 101 104 107 109 110 114 116 119
98 55 100 101 104 107 109 110 111 114 116 119
99 92 100 101 102 104 105 106 107 108 109 110 111 113 114 116 119
100 39 101 102 103 104 105 106 107 108 109 110 111 112 113 114 115 116 117 118 119 120
101 38 102 103 104 105 106 107 108 109 110 111 112 113 114 115 116 117 118 119 120
102 100 104 106 107 109 110 111 113 114 116 119
103 30 104 107 109 110 114 116 119
104 65 105 106 107 108 109 110 111 112 113 114 115 116 117 118 119 120
105 22 106 107 109 110 111 113 114 116 119
106 78 107 108 109 110 111 113 114 116 119
107 84 108 109 110 111 112 113 114 115 116 117 118 119 120
108 32 109 110 111 114 116 119
109 51 110 111 112 113 114 115 116 117 118 119 120
110 52 111 112 113 114 115 116 117 118 119 120
111 47 112 113 114 115 116 117 118 119
112 62 114 116 119
113 63 114 116 119
114 25 115 116 117 118 119 120
115 42 116 119
116 59 117 118 119 120
117 24 119
118 88 119
119 61 120
120 71
