120 150
1 88
2 49 5 10 69 89 92
3 57 5 7 8 9 10 11 12 13 18 22 26 27 28 31 33 34 41 42 44 45 47 48 51 52 56 58 65 67 69 76 79 80 81 85 86 88 89 91 92 94 103 104 105 106 109 110 113
4 78
5 87 7 8 9 10 11 12 13 17 18 19 20 21 22 23 25 26 27 28 29 31 33 34 40 41 42 43 44 45 46 47 48 50 51 52 54 56 58 59 60 65 67 68 69 70 71 72 75 76 77 78 79 80 81 82 85 86 88 89 90 91 92 93 94 96 97 98 99 103 104 105 106 108 109 110 111 113 115 116 117 118 120
6 66
7 91 8 9 10 11 12 13 17 18 19 20 21 22 23 26 27 28 29 31 33 34 40 41 42 43 44 45 46 47 48 50 51 52 54 56 58 59 60 65 67 68 69 71 75 76 77 78 79 80 81 82 85 86 88 89 90 91 92 93 94 97 98 99 103 104 105 106 109 110 111 113 116 117 118 120
8 37 9 10 11 12 13 18 19 20 22 26 27 28 31 33 34 41 42 43 44 45 46 47 48 51 52 56 58 60 65 67 69 76 79 80 81 85 86 88 89 91 92 94 97 99 103 104 105 106 109 110 113 116 117
9 51 10 11 12 13 18 19 20 21 22 23 26 27 28 31 33 34 41 42 43 44 45 46 47 48 51 52 56 58 60 65 67 69 76 79 80 81 85 86 88 89 91 92 94 97 98 99 103 104 105 106 109 110 113 116 117
10 49 11 12 13 17 18 19 20 21 22 23 25 26 27 28 29 31 33 34 40 41 42 43 44 45 46 47 48 49 50 51 52 54 56 57 58 59 60 65 67 68 69 70 71 72 75 76 77 78 79 80 81 82 85 86 88 89 90 91 92 93 94 96 97 98 99 103 104 105 106 108 109 110 111 113 115 116 117 118 120
11 84 12 13 18 19 20 21 22 23 26 27 28 31 33 34 41 42 43 44 45 46 47 48 51 52 56 58 60 65 67 69 76 79 80 81 85 86 88 89 91 92 94 97 98 99 103 104 105 106 109 110 113 116 117
12 32 13 18 19 22 26 27 28 31 33 34 41 42 43 44 45 46 47 48 51 52 56 58 60 65 67 69 76 79 80 81 85 86 88 89 91 92 94 97 99 103 104 105 106 109 110 113 116
13 62 18 22 26 27 28 31 33 34 41 42 45 47 48 51 52 56 58 65 67 69 76 80 81 85 86 88 89 91 92 94 103 104 105 106 109 113
14 36
15 52
16 72
17 59 22 28 31 45 47 51 56 58 65 67 69 80 81 86 88 89 91 92 103 104 105 109
18 77 22 26 27 28 31 33 34 41 42 45 47 48 51 52 56 58 65 67 69 76 80 81 85 86 88 89 91 92 94 103 104 105 106 109 113
19 54 22 27 28 31 41 45 47 48 51 52 56 58 65 67 69 80 81 85 86 88 89 91 92 94 103 104 105 106 109
20 46 22 27 28 31 41 45 47 51 56 58 65 67 69 80 81 86 88 89 91 92 94 103 104 105 106 109
21 57 22 27 28 31 41 45 47 51 56 58 65 67 69 80 81 86 88 89 91 92 94 103 104 105 109
22 69 23 26 27 28 31 33 34 40 41 42 43 44 45 46 47 48 50 51 52 54 56 58 59 60 65 67 68 69 71 75 76 77 79 80 81 85 86 88 89 91 92 93 94 97 98 99 103 104 105 106 109 110 111 113 116 117 118
23 81 27 28 31 41 45 47 51 56 58 65 67 69 80 81 86 88 89 91 92 94 103 104 105 109
24 80
25 99 28 47 56 69 88 89 91 92
26 87 27 28 31 33 34 41 42 44 45 47 48 51 52 56 58 65 67 69 76 79 80 81 85 86 88 89 91 92 94 103 104 105 106 109 110 113
27 33 28 31 33 34 41 42 43 44 45 46 47 48 51 52 56 58 60 65 67 69 76 79 80 81 85 86 88 89 91 92 94 97 99 103 104 105 106 109 110 113 116 117
28 45 29 31 33 34 40 41 42 43 44 45 46 47 48 50 51 52 54 56 58 59 60 65 67 68 69 70 71 72 75 76 77 78 79 80 81 82 85 86 88 89 90 91 92 93 94 97 98 99 103 104 105 106 108 109 110 111 113 115 116 117 118 120
29 43 31 47 51 56 58 67 69 80 88 89 91 92 109
30 66
31 28 33 34 40 41 42 43 44 45 46 47 48 50 51 52 54 56 58 59 60 65 67 68 69 71 75 76 77 78 79 80 81 82 85 86 88 89 90 91 92 93 94 97 98 99 103 104 105 106 109 110 111 113 116 117 118 120
32 30
33 54 34 41 42 45 47 48 51 52 56 58 65 67 69 76 80 81 85 86 88 89 91 92 94 103 104 105 106 109 113
34 23 41 42 44 45 47 48 51 52 56 58 65 67 69 76 79 80 81 85 86 88 89 91 92 94 99 103 104 105 106 109 110 113
35 79
36 69
37 56
38 24
39 82
40 58 45 47 51 56 58 65 67 69 80 81 88 89 91 92 103 105 109
41 37 42 43 44 45 46 47 48 51 52 56 58 59 60 65 67 69 76 79 80 81 85 86 88 89 91 92 94 97 98 99 103 104 105 106 109 110 113 116 117 118
42 56 44 45 47 48 51 52 56 58 65 67 69 76 79 80 81 85 86 88 89 91 92 94 103 104 105 106 109 110 113
43 82 45 47 48 51 52 56 58 65 67 69 80 81 85 86 88 89 91 92 94 103 104 105 106 109
44 23 45 47 48 51 52 56 58 65 67 69 76 80 81 85 86 88 89 91 92 94 103 104 105 106 109 113
45 78 46 47 48 50 51 52 54 56 58 59 60 65 67 68 69 71 75 76 77 79 80 81 85 86 88 89 91 92 93 94 97 98 99 103 104 105 106 109 110 111 113 116 117 118
46 63 47 48 51 52 56 58 65 67 69 80 81 85 86 88 89 91 92 94 103 104 105 106 109
47 64 48 50 51 52 54 56 58 59 60 65 67 68 69 70 71 72 75 76 77 78 79 80 81 82 85 86 88 89 90 91 92 93 94 97 98 99 103 104 105 106 108 109 110 111 113 115 116 117 118 120
48 37 51 52 56 58 60 65 67 69 76 79 80 81 85 86 88 89 91 92 94 97 99 103 104 105 106 109 110 113 116
49 66
50 36 51 56 58 65 67 69 80 81 86 88 89 91 92 103 104 105 109
51 41 52 54 56 58 59 60 65 67 68 69 71 75 76 77 78 79 80 81 82 85 86 88 89 90 91 92 93 94 97 98 99 103 104 105 106 109 110 111 113 116 117 118 120
52 71 56 58 60 65 67 69 76 79 80 81 85 86 88 89 91 92 94 97 99 103 104 105 106 109 110 113 116
53 48
54 42 56 58 65 67 69 80 81 86 88 89 91 92 103 105 109
55 26
56 45 58 59 60 65 67 68 69 71 75 76 77 78 79 80 81 82 85 86 88 89 90 91 92 93 94 97 98 99 103 104 105 106 109 110 111 113 116 117 118 120
57 26 69
58 86 59 60 65 67 68 69 71 75 76 77 78 79 80 81 82 85 86 88 89 90 91 92 93 94 97 98 99 103 104 105 106 109 110 111 113 116 117 118 120
59 64 65 67 69 80 81 86 88 89 91 92 103 104 105 109
60 54 65 67 69 80 81 85 86 88 89 91 92 94 103 104 105 106 109
61 64
62 42
63 86
64 65
65 47 67 68 69 75 76 79 80 81 85 86 88 89 91 92 93 94 97 98 99 103 104 105 106 109 110 113 116 117 118
66 68
67 20 68 69 71 75 76 77 78 79 80 81 85 86 88 89 90 91 92 93 94 97 98 99 103 104 105 106 109 110 111 113 116 117 118
68 45 69 80 81 86 88 89 91 92 103 104 105 109
69 69 70 71 72 75 76 77 78 79 80 81 82 85 86 88 89 90 91 92 93 94 96 97 98 99 103 104 105 106 108 109 110 111 113 115 116 117 118 120
70 78 89 91 92
71 44 80 81 88 89 91 92 103 105 109
72 96 88 89 91 92
73 50
74 27
75 58 80 81 86 88 89 91 92 103 104 105 109
76 55 79 80 81 85 86 88 89 91 92 94 103 104 105 106 109 110 113
77 81 80 81 88 89 91 92 103 105 109
78 87 80 88 89 91 92 109
79 76 80 81 85 86 88 89 91 92 94 103 104 105 106 109 113
80 38 81 82 85 86 88 89 90 91 92 93 94 97 98 99 103 104 105 106 109 110 111 113 116 117 118
81 79 85 86 88 89 91 92 93 94 97 98 99 103 104 105 106 109 110 111 113 116 117 118
82 71 88 89 91 92 109
83 60
84 76
85 91 86 88 89 91 92 94 97 99 103 104 105 106 109 110 113 116
86 69 88 89 91 92 93 94 97 98 99 103 104 105 106 109 110 113 116 117 118
87 77
88 57 89 90 91 92 93 94 97 98 99 103 104 105 106 108 109 110 111 113 115 116 117 118 120
89 33 90 91 92 93 94 96 97 98 99 103 104 105 106 108 109 110 111 113 115 116 117 118 120
90 22 91 92 109
91 76 92 93 94 96 97 98 99 103 104 105 106 108 109 110 111 113 115 116 117 118 120
92 51 93 94 96 97 98 99 103 104 105 106 108 109 110 111 113 115 116 117 118 120
93 66 103 104 105 109
94 90 97 99 103 104 105 106 109 110 113 116 117
95 34
96 46
97 74 103 104 105 106 109
98 62 103 104 105 109
99 93 103 104 105 106 109
100 74
101 29
102 22
103 73 104 105 106 109 110 111 113 116 117 118
104 26 105 106 109 110 113 116 117 118
105 72 106 109 110 111 113 116 117 118
106 41 109 110 113 116
107 91
108 88
109 95 110 111 113 116 117 118
110 35 113
111 84
112 32
113 59
114 56
115 84
116 71
117 78
118 82
119 78
120 52
