120 150
1 88 4 5 6 9 12 13 15 19 20 22 23 39 41 43 46 47 54 58 59 67 69 71 72 75 77 78 83 94 95 99 104 106 108 112 118 119
2 49
3 57 4 19 47 59 67 69 71 75 112
4 78 5 6 9 12 13 15 19 20 22 23 27 28 31 35 36 39 41 43 45 46 47 54 58 59 64 67 69 71 72 73 75 77 78 79 81 83 85 94 95 99 101 104 106 107 108 112 114 115 118 119
5 87 6 9 12 13 15 19 20 22 23 39 41 43 45 46 47 54 58 59 67 69 71 72 75 77 78 81 83 85 94 95 99 104 106 108 112 118 119
6 66 9 12 13 15 19 20 22 23 28 31 35 36 39 41 43 45 46 47 54 58 59 64 67 69 71 72 75 77 78 81 83 85 94 95 99 101 104 106 107 108 112 114 118 119
7 91
8 37
9 51 12 13 15 19 20 22 23 39 41 43 46 47 54 58 59 67 69 71 72 75 77 78 83 94 95 99 104 106 108 112 118 119
10 49
11 84
12 32 13 15 19 20 22 23 31 39 41 43 45 46 47 54 58 59 67 69 71 72 75 77 78 81 83 85 94 95 99 104 106 107 108 112 118 119
13 62 15 19 20 22 23 27 28 31 35 36 39 41 43 45 46 47 54 58 59 64 67 69 71 72 73 75 77 78 79 81 83 85 94 95 99 101 104 106 107 108 112 114 115 118 119
14 36
15 52 19 20 23 39 41 43 46 47 54 58 59 67 69 71 72 75 78 83 99 106 108 112
16 72
17 59
18 77
19 54 20 22 23 27 28 31 35 36 39 41 43 45 46 47 54 58 59 64 67 69 71 72 73 75 77 78 79 81 83 85 94 95 99 101 104 106 107 108 112 114 115 118 119
20 46 22 23 31 39 41 43 45 46 47 54 58 59 67 69 71 72 75 77 78 81 83 85 94 95 99 104 106 107 108 112 118 119
21 57
22 69 23 39 41 43 46 47 54 58 59 67 69 71 72 75 78 83 106 108 112
23 81 27 28 31 35 36 39 41 43 45 46 47 54 58 59 64 67 69 71 72 75 77 78 79 81 83 85 94 95 99 101 104 106 107 108 112 114 115 118 119
24 80
25 99
26 87
27 33 43 47 59 67 69 71 75 83 112
28 45 43 47 59 67 69 71 75 78 83 112
29 43
30 66
31 28 43 47 58 59 67 69 71 72 75 78 83 112
32 30
33 54
34 23
35 79 43 47 59 67 69 71 75 78 83 112
36 69 43 47 58 59 67 69 71 75 78 83 112
37 56
38 24
39 82 41 43 46 47 54 58 59 67 69 71 72 75 77 78 83 94 95 99 104 106 108 112 118 119
40 58 59 71
41 37 43 46 47 54 58 59 67 69 71 72 75 77 78 83 94 95 99 104 106 108 112 118 119
42 56
43 82 45 46 47 54 58 59 64 67 69 71 72 73 75 77 78 79 81 83 85 94 95 99 101 104 106 107 108 112 114 115 118 119
44 23
45 78 46 47 54 58 59 67 69 71 72 75 78 83 106 112
46 63 47 54 58 59 67 69 71 72 75 77 78 83 94 95 99 104 106 108 112 118 119
47 64 54 58 59 64 67 69 71 72 73 75 77 78 79 81 83 85 94 95 99 101 104 106 107 108 112 114 115 118 119
48 37
49 66
50 36
51 41
52 71
53 48
54 42 58 59 67 69 71 72 75 77 78 81 83 85 94 95 99 104 106 108 112 118 119
55 26
56 45
57 26 59 67 71 112
58 86 59 64 67 69 71 72 75 77 78 81 83 85 94 95 99 101 104 106 107 108 112 114 118 119
59 64 64 67 69 71 72 73 75 77 78 79 81 83 85 94 95 98 99 101 103 104 106 107 108 112 114 115 117 118 119
60 54
61 64
62 42
63 86
64 65 67 69 71 75 78 83 112
65 47
66 68
67 20 69 71 72 73 75 77 78 79 81 83 85 94 95 99 101 104 106 107 108 112 114 115 118 119
68 45
69 69 71 72 73 75 77 78 79 81 83 85 94 95 99 101 104 106 107 108 112 114 115 118 119
70 78
71 44 72 73 75 77 78 79 81 83 85 94 95 98 99 101 103 104 106 107 108 112 114 115 117 118 119
72 96 75 77 78 81 83 85 94 95 99 101 104 106 107 108 112 118 119
73 50 75 83 112
74 27
75 58 77 78 79 81 83 85 94 95 99 101 104 106 107 108 112 114 115 118 119
76 55
77 81 78 83 99 106 108 112
78 87 81 83 85 94 95 99 101 104 106 107 108 112 114 118 119
79 76 83 112
80 38
81 79 83 106 112
82 71
83 60 85 94 95 99 101 104 106 107 108 112 114 115 118 119
84 76
85 91 112
86 69
87 77
88 57
89 33
90 22
91 76
92 51
93 66
94 90 95 99 104 106 108 112
95 34 99 104 106 108 112
96 46
97 74
98 62
99 93 104 106 108 112
100 74
101 29 112
102 22
103 73
104 26 106 108 112
105 72
106 41 108 112 118 119
107 91 112
108 88 112 118 119
109 95
110 35
111 84
112 32 114 115 118 119
113 59
114 56
115 84
116 71
117 78
118 82
119 78
120 52
