120 150
1 100 3 5 9 10 14 15 21 24 25 29 32 37 38 39 42 44 45 50 55 57 58 60 62 69 84 96 105
2 22
3 25 5 7 9 10 12 14 15 18 21 23 24 25 26 27 29 32 37 38 39 42 44 45 50 51 55 57 58 60 62 63 67 69 72 78 84 88 91 96 105
4 51
5 95 7 9 10 12 14 15 18 21 23 24 25 26 27 29 32 37 38 39 42 44 45 50 51 55 57 58 60 62 63 67 69 72 78 84 88 91 96 105
6 58
7 97 10 21 25 29 32 37 38 39 44 45 50 58 69 96 105
8 30
9 79 10 15 21 24 25 29 32 37 38 39 42 44 45 50 55 57 58 69 84 96 105
10 23 12 14 15 18 21 23 24 25 26 27 29 32 37 38 39 42 44 45 50 51 55 57 58 60 62 63 69 72 78 84 88 91 96 105
11 53
12 80 21 25 29 32 37 38 39 44 45 50 58 69 96 105
13 20 21 37 39 45 50
14 65 15 21 24 25 29 32 37 38 39 42 44 45 50 55 57 58 69 84 96 105
15 64 21 23 24 25 26 29 32 37 38 39 42 44 45 50 51 55 57 58 60 62 63 69 78 84 91 96 105
16 21
17 26
18 100 21 25 29 32 37 38 39 44 45 50 58 69 96 105
19 81
20 98
21 70 23 24 25 26 27 29 32 37 38 39 42 44 45 50 51 55 57 58 60 62 63 67 69 72 78 84 88 91 96 105
22 85
23 92 24 25 29 32 37 38 39 44 45 50 55 58 69 96 105
24 97 25 29 32 37 38 39 42 44 45 50 55 57 58 60 62 63 69 84 96 105
25 86 26 29 32 37 38 39 42 44 45 50 51 55 57 58 60 62 63 69 78 84 88 91 96 105
26 71 29 32 37 38 39 44 45 50 55 58 69 96 105
27 91 29 37 38 39 44 45 50 58 96 105
28 29
29 63 32 37 38 39 42 44 45 50 51 55 57 58 60 62 63 67 69 72 78 84 88 91 96 105
30 34
31 67
32 23 37 38 39 42 44 45 50 51 55 57 58 60 62 63 69 78 84 88 91 96 105
33 33
34 89
35 94
36 47
37 100 38 39 42 44 45 50 51 55 57 58 60 62 63 67 69 72 78 84 88 91 96 105
38 37 39 42 44 45 50 51 55 57 58 60 62 63 67 69 72 78 84 88 91 96 105
39 40 42 44 45 50 51 55 57 58 60 62 63 67 69 72 78 84 88 91 96 105
40 58
41 73
42 39 44 45 50 55 57 58 60 62 69 84 96 105
43 49
44 79 45 50 51 55 57 58 60 62 63 69 72 78 84 88 91 96 105
45 54 50 51 55 57 58 60 62 63 67 69 72 78 84 88 91 96 105
46 57
47 98
48 69
49 67
50 49 51 55 57 58 60 62 63 67 69 72 78 84 88 91 96 105
51 38 55 58 69 96 105
52 34
53 96
54 27
55 92 57 58 60 62 63 69 78 84 88 91 96 105
56 82
57 69 58 60 62 69 84 96 105
58 45 60 62 63 67 69 72 78 84 88 91 96 105
59 69
60 20 69 84 96 105
61 75
62 97 69 84 96 105
63 51 69 96 105
64 70
65 29
66 91
67 98
68 77
69 48 72 78 84 88 91 96 105
70 45
71 43
72 61 96 105
73 36
74 82
75 89
76 94
77 26
78 35 96 105
79 58
80 58
81 57
82 46
83 44
84 91 96 105
85 49
86 52
87 65
88 42 96 105
89 33
90 60
91 37 96 105
92 57
93 91
94 52
95 95
96 84 105
97 72
98 75
99 89
100 81
101 67
102 74
103 87
104 60
105 32
106 76
107 85
108 59
109 62
110 39
111 64
112 52
113 88
114 45
115 29
116 88
117 85
118 54
119 40
120 57
