120 150
1 42 2 3 4 5 6 7 8 9 10 11 12 13 14 15 16 17 18 19 20 21 22 23 24 25 26 27 28 29 30 31 32 33 66 34 35 36 37 38 39 40 41 42 43 44 45 46 47 48 49 50 51 52 53 54 55 56 57 58 59 60 61 62 63 64 65 67 68 69 70 71 72 73 74 75 76 77 78 79 80 81 82 83 84 85 86 87 88 89 90 91 92 93 94 95 96 97 98 99 100 101 102 103 104 105 106 107 108 109 110 111 112 113 114 115 116 117 118 119 120
2 98 3 4 6 9 13 14 15 17 19 21 23 27 28 30 33 66 42 45 46 48 49 53 54 55 56 57 58 59 64 70 73 74 75 76 78 79 81 83 84 85 86 87 89 92 93 96 99 100 101 104 106 107 109 110 111 113 114 116 119
3 27 4 5 6 7 8 9 10 11 12 13 14 15 16 17 18 19 20 21 22 23 24 25 26 27 28 29 30 31 32 33 66 34 35 36 37 38 39 40 41 42 43 44 45 46 47 48 49 50 51 52 53 54 55 56 57 58 59 60 61 62 63 64 65 67 68 69 70 71 72 73 74 75 76 77 78 79 80 81 82 83 84 85 86 87 88 89 90 91 92 93 94 95 96 97 98 99 100 101 102 103 104 105 106 107 108 109 110 111 112 113 114 115 116 117 118 119 120
4 21 5 6 7 8 9 10 11 12 13 14 15 16 17 18 19 20 21 22 23 24 25 26 27 28 29 30 31 33 66 34 35 36 37 38 39 40 41 42 43 44 45 46 47 48 49 50 51 52 53 54 55 56 57 58 59 60 61 62 63 64 65 67 68 69 70 71 72 73 74 75 76 78 79 80 81 82 83 84 85 86 87 88 89 90 91 92 93 94 95 96 97 98 99 100 101 102 103 104 105 106 107 108 109 110 111 112 113 114 115 116 117 118 119 120
5 71 6 8 9 12 13 14 15 17 19 21 23 26 27 28 29 30 31 33 66 37 42 45 46 48 49 53 54 55 56 57 58 59 60 63 64 70 73 74 75 76 78 79 81 83 84 85 86 87 89 92 93 95 96 99 100 101 104 106 107 109 110 111 113 114 116 119
6 71 7 8 9 12 13 14 15 16 17 19 21 22 23 26 27 28 29 30 31 33 66 37 39 40 42 45 46 48 49 52 53 54 55 56 57 58 59 60 61 62 63 64 65 67 68 70 71 73 74 75 76 78 79 81 83 84 85 86 87 88 89 92 93 94 95 96 99 100 101 102 104 105 106 107 108 109 110 111 113 114 116 119
7 78 9 13 14 15 17 19 21 23 27 28 30 33 66 42 45 46 48 49 53 54 55 56 57 58 59 60 64 70 73 74 75 76 78 79 81 83 84 85 86 87 89 92 93 96 99 100 101 104 106 107 109 110 111 113 114 116 119
8 76 9 12 13 14 15 17 19 21 22 23 26 27 28 29 30 31 33 66 37 39 42 45 46 48 49 53 54 55 56 57 58 59 60 61 62 63 64 65 67 68 70 73 74 75 76 78 79 81 83 84 85 86 87 89 92 93 94 95 96 99 100 101 102 104 105 106 107 109 110 111 113 114 116 119
9 57 12 13 14 15 16 17 19 21 22 23 26 27 28 29 30 31 33 66 37 39 40 42 45 46 47 48 49 52 53 54 55 56 57 58 59 60 61 62 63 64 65 67 68 70 71 72 73 74 75 76 78 79 81 83 84 85 86 87 88 89 90 92 93 94 95 96 99 100 101 102 104 105 106 107 108 109 110 111 113 114 116 119
10 24 13 14 17 21 23 27 28 33 42 48 49 54 57 70 73 75 76 78 79 83 84 85 87 100 101 104 107 109 110 114 116 119
11 91 13 14 17 21 23 27 28 33 66 42 48 49 53 54 57 70 73 74 75 76 78 79 83 84 85 87 96 100 101 104 107 109 110 111 114 116 119
12 84 13 14 15 17 19 21 22 23 26 27 28 29 30 31 33 66 37 39 40 42 45 46 48 49 53 54 55 56 57 58 59 60 61 62 63 64 65 67 68 70 73 74 75 76 78 79 81 83 84 85 86 87 89 92 93 94 95 96 99 100 101 102 104 105 106 107 109 110 111 113 114 116 119
13 35 14 15 16 17 18 19 20 21 22 23 24 25 26 27 28 29 30 31 32 33 66 34 35 36 37 38 39 40 41 42 43 44 45 46 47 48 49 50 51 52 53 54 55 56 57 58 59 60 61 62 63 64 65 67 68 69 70 71 72 73 74 75 76 77 78 79 80 81 82 83 84 85 86 87 88 89 90 91 92 93 94 95 96 97 98 99 100 101 102 103 104 105 106 107 108 109 110 111 112 113 114 115 116 117 118 119 120
14 25 15 16 17 18 19 20 21 22 23 24 25 26 27 28 29 30 31 32 33 66 34 35 36 37 38 39 40 41 42 43 44 45 46 47 48 49 50 51 52 53 54 55 56 57 58 59 60 61 62 63 64 65 67 68 69 70 71 72 73 74 75 76 78 79 80 81 82 83 84 85 86 87 88 89 90 91 92 93 94 95 96 97 98 99 100 101 102 103 104 105 106 107 108 109 110 111 112 113 114 115 116 117 118 119 120
15 77 16 17 19 21 22 23 26 27 28 29 30 31 33 66 37 39 40 42 45 46 48 49 52 53 54 55 56 57 58 59 60 61 62 63 64 65 67 68 70 71 73 74 75 76 78 79 81 83 84 85 86 87 89 92 93 94 95 96 99 100 101 102 104 105 106 107 108 109 110 111 113 114 116 119
16 96 17 21 23 27 28 30 33 66 42 46 48 49 53 54 56 57 58 59 64 70 73 74 75 76 78 79 81 83 84 85 86 87 89 92 93 96 99 100 101 104 106 107 109 110 111 114 116 119
17 97 18 19 20 21 22 23 24 25 26 27 28 29 30 31 32 33 66 34 35 36 37 38 39 40 41 42 43 44 45 46 47 48 49 50 51 52 53 54 55 56 57 58 59 60 61 62 63 64 65 67 68 69 70 71 72 73 74 75 76 78 79 80 81 82 83 84 85 86 87 88 89 90 91 92 93 94 95 96 97 98 99 100 101 102 103 104 105 106 107 108 109 110 111 112 113 114 115 116 117 118 119 120
18 89 21 23 27 28 33 66 42 48 49 53 54 57 70 73 74 75 76 78 79 83 84 85 87 96 100 101 104 107 109 110 111 114 116 119
19 30 21 22 23 26 27 28 29 30 31 33 66 37 39 40 42 45 46 48 49 53 54 55 56 57 58 59 60 61 62 63 64 65 67 68 70 73 74 75 76 78 79 81 83 84 85 86 87 89 92 93 94 95 96 99 100 101 102 104 105 106 107 109 110 111 113 114 116 119
20 86 21 23 27 28 30 33 66 42 46 48 49 53 54 56 57 58 70 73 74 75 76 78 79 83 84 85 87 89 92 93 96 100 101 104 107 109 110 111 114 116 119
21 81 22 23 24 25 26 27 28 29 30 31 32 33 66 34 35 36 37 38 39 40 41 42 43 44 45 46 47 48 49 50 51 52 53 54 55 56 57 58 59 60 61 62 63 64 65 67 68 69 70 71 72 73 74 75 76 77 78 79 80 81 82 83 84 85 86 87 88 89 90 91 92 93 94 95 96 97 98 99 100 101 102 103 104 105 106 107 108 109 110 111 112 113 114 115 116 117 118 119 120
22 39 23 26 27 28 30 31 33 66 42 45 46 48 49 53 54 55 56 57 58 59 60 63 64 70 73 74 75 76 78 79 81 83 84 85 86 87 89 92 93 95 96 99 100 101 104 106 107 109 110 111 113 114 116 119
23 75 24 25 26 27 28 29 30 31 32 33 66 34 35 36 37 38 39 40 41 42 43 44 45 46 47 48 49 50 51 52 53 54 55 56 57 58 59 60 61 62 63 64 65 67 68 69 70 71 72 73 74 75 76 77 78 79 80 81 82 83 84 85 86 87 88 89 90 91 92 93 94 95 96 97 98 99 100 101 102 103 104 105 106 107 108 109 110 111 112 113 114 115 116 117 118 119 120
24 66 27 28 30 33 66 42 46 48 49 53 54 56 57 58 70 73 74 75 76 78 79 83 84 85 87 93 96 100 101 104 107 109 110 111 114 116 119
25 85 27 28 30 33 66 42 48 49 53 54 57 58 70 73 74 75 76 78 79 83 84 85 87 96 100 101 104 107 109 110 111 114 116 119
26 36 27 28 29 30 31 33 66 37 39 40 42 45 46 48 49 53 54 55 56 57 58 59 60 61 62 63 64 65 67 68 70 73 74 75 76 78 79 81 83 84 85 86 87 89 92 93 94 95 96 99 100 101 102 104 105 106 107 109 110 111 113 114 116 119
27 60 28 29 30 31 32 33 66 34 35 36 37 38 39 40 41 42 43 44 45 46 47 48 49 50 51 52 53 54 55 56 57 58 59 60 61 62 63 64 65 67 68 69 70 71 72 73 74 75 76 77 78 79 80 81 82 83 84 85 86 87 88 89 90 91 92 93 94 95 96 97 98 99 100 101 102 103 104 105 106 107 108 109 110 111 112 113 114 115 116 117 118 119 120
28 56 29 30 31 32 33 66 34 35 36 37 38 39 40 41 42 43 44 45 46 47 48 49 50 51 52 53 54 55 56 57 58 59 60 61 62 63 64 65 67 68 69 70 71 72 73 74 75 76 77 78 79 80 81 82 83 84 85 86 87 88 89 90 91 92 93 94 95 96 97 98 99 100 101 102 103 104 105 106 107 108 109 110 111 112 113 114 115 116 117 118 119 120
29 50 30 31 33 66 37 39 42 45 46 48 49 53 54 55 56 57 58 59 60 61 63 64 65 67 68 70 73 74 75 76 78 79 81 83 84 85 86 87 89 92 93 94 95 96 99 100 101 104 105 106 107 109 110 111 113 114 116 119
30 75 31 33 66 37 39 40 41 42 43 45 46 47 48 49 51 52 53 54 55 56 57 58 59 60 61 62 63 64 65 67 68 70 71 72 73 74 75 76 78 79 80 81 82 83 84 85 86 87 88 89 90 92 93 94 95 96 98 99 100 101 102 104 105 106 107 108 109 110 111 112 113 114 116 118 119
31 75 33 66 37 39 40 42 45 46 48 49 53 54 55 56 57 58 59 60 61 62 63 64 65 67 68 70 73 74 75 76 78 79 81 83 84 85 86 87 89 92 93 94 95 96 99 100 101 102 104 105 106 107 109 110 111 113 114 116 119
32 37 33 42 49 54 57 70 73 75 76 78 79 84 85 87 100 101 104 107 109 110 114 119
33 87 66 34 35 36 37 38 39 40 41 42 43 44 45 46 47 48 49 50 51 52 53 54 55 56 57 58 59 60 61 62 63 64 65 67 68 69 70 71 72 73 74 75 76 77 78 79 80 81 82 83 84 85 86 87 88 89 90 91 92 93 94 95 96 97 98 99 100 101 102 103 104 105 106 107 108 109 110 111 112 113 114 115 116 117 118 119 120
34 95 66 42 48 49 53 54 57 70 73 75 76 78 79 83 84 85 87 100 101 104 107 109 110 111 114 116 119
35 21 66 42 48 49 53 54 57 58 70 73 74 75 76 78 79 83 84 85 87 96 100 101 104 107 109 110 111 114 116 119
36 99 66 42 48 49 53 54 57 70 73 75 76 78 79 83 84 85 87 100 101 104 107 109 110 111 114 116 119
37 42 66 42 45 46 48 49 53 54 55 56 57 58 59 60 61 63 64 65 68 70 73 74 75 76 78 79 81 83 84 85 86 87 89 92 93 94 95 96 99 100 101 104 105 106 107 109 110 111 113 114 116 119
38 57 66 42 48 49 53 54 57 70 73 75 76 78 79 83 84 85 87 100 101 104 107 109 110 111 114 116 119
39 31 66 42 45 46 48 49 53 54 55 56 57 58 59 60 63 64 70 73 74 75 76 78 79 81 83 84 85 86 87 89 92 93 95 96 99 100 101 104 106 107 109 110 111 113 114 116 119
40 37 66 42 45 46 48 49 53 54 55 56 57 58 59 60 64 70 73 74 75 76 78 79 81 83 84 85 86 87 89 92 93 95 96 99 100 101 104 106 107 109 110 111 113 114 116 119
41 42 66 42 46 48 49 53 54 56 57 58 70 73 74 75 76 78 79 83 84 85 87 89 92 93 96 100 101 104 107 109 110 111 114 116 119
42 40 66 43 44 45 46 47 48 49 50 51 52 53 54 55 56 57 58 59 60 61 62 63 64 65 67 68 69 70 71 72 73 74 75 76 77 78 79 80 81 82 83 84 85 86 87 88 89 90 91 92 93 94 95 96 97 98 99 100 101 102 103 104 105 106 107 108 109 110 111 112 113 114 115 116 117 118 119 120
43 69 66 46 48 49 53 54 56 57 58 70 73 74 75 76 78 79 83 84 85 87 89 92 93 96 100 101 104 107 109 110 111 114 116 119
44 91 66 48 49 53 54 57 70 73 74 75 76 78 79 83 84 85 87 96 100 101 104 107 109 110 111 114 116 119
45 45 66 46 48 49 53 54 55 56 57 58 59 60 61 62 63 64 65 67 68 70 73 74 75 76 78 79 81 83 84 85 86 87 89 92 93 94 95 96 99 100 101 102 104 105 106 107 109 110 111 113 114 116 119
46 97 66 47 48 49 51 52 53 54 55 56 57 58 59 60 61 62 63 64 65 67 68 70 71 72 73 74 75 76 78 79 80 81 82 83 84 85 86 87 88 89 90 92 93 94 95 96 98 99 100 101 102 104 105 106 107 108 109 110 111 112 113 114 116 119
47 84 66 48 49 53 54 56 57 58 70 73 74 75 76 78 79 83 84 85 87 89 92 93 96 100 101 104 107 109 110 111 114 116 119
48 90 66 49 50 51 52 53 54 55 56 57 58 59 60 61 62 63 64 65 67 68 69 70 71 72 73 74 75 76 78 79 80 81 82 83 84 85 86 87 88 89 90 91 92 93 94 95 96 97 98 99 100 101 102 103 104 105 106 107 108 109 110 111 112 113 114 115 116 117 118 119 120
49 52 66 50 51 52 53 54 55 56 57 58 59 60 61 62 63 64 65 67 68 69 70 71 72 73 74 75 76 77 78 79 80 81 82 83 84 85 86 87 88 89 90 91 92 93 94 95 96 97 98 99 100 101 102 103 104 105 106 107 108 109 110 111 112 113 114 115 116 117 118 119 120
50 43 66 53 54 57 70 73 74 75 76 78 79 83 84 85 87 96 100 101 104 107 109 110 111 114 116 119
51 68 66 53 54 56 57 58 70 73 74 75 76 78 79 83 84 85 87 92 93 96 100 101 104 107 109 110 111 114 116 119
52 53 66 53 54 55 56 57 58 59 64 70 73 74 75 76 78 79 81 83 84 85 86 87 89 92 93 96 99 100 101 104 106 107 109 110 111 114 116 119
53 37 66 54 55 56 57 58 59 60 61 62 63 64 65 67 68 69 70 71 72 73 74 75 76 78 79 80 81 82 83 84 85 86 87 88 89 90 91 92 93 94 95 96 98 99 100 101 102 104 105 106 107 108 109 110 111 112 113 114 115 116 117 118 119
54 65 66 55 56 57 58 59 60 61 62 63 64 65 67 68 69 70 71 72 73 74 75 76 77 78 79 80 81 82 83 84 85 86 87 88 89 90 91 92 93 94 95 96 97 98 99 100 101 102 103 104 105 106 107 108 109 110 111 112 113 114 115 116 117 118 119 120
55 79 66 56 57 58 59 60 61 62 63 64 65 67 68 70 73 74 75 76 78 79 81 83 84 85 86 87 89 92 93 94 95 96 99 100 101 102 104 105 106 107 109 110 111 113 114 116 119
56 73 66 57 58 59 60 61 62 63 64 65 67 68 70 71 72 73 74 75 76 78 79 80 81 82 83 84 85 86 87 88 89 90 92 93 94 95 96 98 99 100 101 102 104 105 106 107 108 109 110 111 112 113 114 116 119
57 92 66 58 59 60 61 62 63 64 65 67 68 69 70 71 72 73 74 75 76 77 78 79 80 81 82 83 84 85 86 87 88 89 90 91 92 93 94 95 96 97 98 99 100 101 102 103 104 105 106 107 108 109 110 111 112 113 114 115 116 117 118 119 120
58 87 66 59 60 61 62 63 64 65 67 68 70 71 72 73 74 75 76 78 79 80 81 82 83 84 85 86 87 88 89 90 92 93 94 95 96 98 99 100 101 102 104 105 106 107 108 109 110 111 112 113 114 115 116 118 119
59 20 66 60 61 62 63 64 65 67 68 70 71 73 74 75 76 78 79 81 83 84 85 86 87 89 92 93 94 95 96 99 100 101 102 104 105 106 107 108 109 110 111 113 114 116 119
60 20 66 61 62 63 64 65 67 68 70 73 74 75 76 78 79 81 83 84 85 86 87 89 92 93 94 95 96 99 100 101 102 104 105 106 107 109 110 111 113 114 116 119
61 73 66 63 64 65 68 70 73 74 75 76 78 79 81 83 84 85 86 87 89 92 93 94 95 96 99 100 101 104 105 106 107 109 110 111 113 114 116 119
62 42 66 63 64 70 73 74 75 76 78 79 81 83 84 85 86 87 89 92 93 95 96 99 100 101 104 106 107 109 110 111 113 114 116 119
63 52 66 64 65 67 68 70 73 74 75 76 78 79 81 83 84 85 86 87 89 92 93 94 95 96 99 100 101 102 104 105 106 107 109 110 111 113 114 116 119
64 20 66 65 67 68 70 71 73 74 75 76 78 79 81 83 84 85 86 87 89 92 93 94 95 96 99 100 101 102 104 105 106 107 108 109 110 111 113 114 116 119
65 24 66 68 70 73 74 75 76 78 79 81 83 84 85 86 87 89 92 93 95 96 99 100 101 104 106 107 109 110 111 113 114 116 119
66 76 67 68 69 70 71 72 73 74 75 76 78 79 80 81 82 83 84 85 86 87 88 89 90 91 92 93 94 95 96 98 99 100 101 102 103 104 105 106 107 108 109 110 111 112 113 114 115 116 117 118 119
67 71 70 73 74 75 76 78 79 81 83 84 85 86 87 89 92 93 95 96 99 100 101 104 106 107 109 110 111 113 114 116 119
68 72 70 73 74 75 76 78 79 81 83 84 85 86 87 89 92 93 94 95 96 99 100 101 104 105 106 107 109 110 111 113 114 116 119
69 21 70 73 75 76 78 79 83 84 85 87 96 100 101 104 107 109 110 111 114 116 119
70 21 71 72 73 74 75 76 77 78 79 80 81 82 83 84 85 86 87 88 89 90 91 92 93 94 95 96 97 98 99 100 101 102 103 104 105 106 107 108 109 110 111 112 113 114 115 116 117 118 119 120
71 82 73 74 75 76 78 79 81 83 84 85 86 87 89 92 93 96 99 100 101 104 106 107 109 110 111 114 116 119
72 92 73 74 75 76 78 79 81 83 84 85 86 87 89 92 93 96 99 100 101 104 106 107 109 110 111 114 116 119
73 78 74 75 76 77 78 79 80 81 82 83 84 85 86 87 88 89 90 91 92 93 94 95 96 97 98 99 100 101 102 103 104 105 106 107 108 109 110 111 112 113 114 115 116 117 118 119 120
74 87 75 76 78 79 80 81 82 83 84 85 86 87 88 89 90 91 92 93 94 95 96 98 99 100 101 102 104 105 106 107 108 109 110 111 112 113 114 115 116 117 118 119
75 50 76 78 79 80 81 82 83 84 85 86 87 88 89 90 91 92 93 94 95 96 97 98 99 100 101 102 103 104 105 106 107 108 109 110 111 112 113 114 115 116 117 118 119 120
76 41 77 78 79 80 81 82 83 84 85 86 87 88 89 90 91 92 93 94 95 96 97 98 99 100 101 102 103 104 105 106 107 108 109 110 111 112 113 114 115 116 117 118 119 120
77 31 79 84 87 100 101 104 107 109 110 114 119
78 73 79 80 81 82 83 84 85 86 87 88 89 90 91 92 93 94 95 96 97 98 99 100 101 102 103 104 105 106 107 108 109 110 111 112 113 114 115 116 117 118 119 120
79 89 80 81 82 83 84 85 86 87 88 89 90 91 92 93 94 95 96 97 98 99 100 101 102 103 104 105 106 107 108 109 110 111 112 113 114 115 116 117 118 119 120
80 59 83 84 85 87 89 92 93 96 100 101 104 107 109 110 111 114 116 119
81 88 83 84 85 86 87 88 89 90 92 93 94 95 96 99 100 101 102 104 105 106 107 108 109 110 111 113 114 116 119
82 40 83 84 85 87 93 96 100 101 104 107 109 110 111 114 116 119
83 71 84 85 86 87 88 89 90 91 92 93 94 95 96 97 98 99 100 101 102 103 104 105 106 107 108 109 110 111 112 113 114 115 116 117 118 119 120
84 69 85 86 87 88 89 90 91 92 93 94 95 96 97 98 99 100 101 102 103 104 105 106 107 108 109 110 111 112 113 114 115 116 117 118 119 120
85 45 86 87 88 89 90 91 92 93 94 95 96 97 98 99 100 101 102 103 104 105 106 107 108 109 110 111 112 113 114 115 116 117 118 119 120
86 57 87 88 89 90 92 93 94 95 96 99 100 101 102 104 105 106 107 108 109 110 111 113 114 116 119
87 49 88 89 90 91 92 93 94 95 96 97 98 99 100 101 102 103 104 105 106 107 108 109 110 111 112 113 114 115 116 117 118 119 120
88 68 89 92 93 96 99 100 101 104 106 107 109 110 111 114 116 119
89 84 90 92 93 94 95 96 99 100 101 102 104 105 106 107 108 109 110 111 113 114 116 119
90 32 92 93 96 100 101 104 107 109 110 111 114 116 119
91 69 96 100 101 104 107 109 110 111 114 116 119
92 77 93 94 95 96 99 100 101 102 104 105 106 107 108 109 110 111 113 114 116 119
93 92 94 95 96 99 100 101 102 104 105 106 107 108 109 110 111 112 113 114 116 119
94 98 95 96 99 100 101 104 106 107 109 110 111 113 114 116 119
95 57 96 99 100 101 102 104 105 106 107 109 110 111 113 114 116 119
96 39 98 99 100 101 102 104 105 106 107 108 109 110 111 112 113 114 115 116 117 118 119
97 32 100 101 104 107 109 110 114 116 119
98 23 100 101 104 107 109 110 111 114 116 119
99 99 100 101 102 104 105 106 107 108 109 110 111 113 114 116 119
100 91 101 102 103 104 105 106 107 108 109 110 111 112 113 114 115 116 117 118 119 120
101 48 102 103 104 105 106 107 108 109 110 111 112 113 114 115 116 117 118 119 120
102 21 104 106 107 109 110 111 113 114 116 119
103 70 104 107 109 110 114 116 119
104 43 105 106 107 108 109 110 111 112 113 114 115 116 117 118 119 120
105 73 106 107 109 110 111 113 114 116 119
106 69 107 108 109 110 111 113 114 116 119
107 65 108 109 110 111 112 113 114 115 116 117 118 119 120
108 57 109 110 111 114 116 119
109 67 110 111 112 113 114 115 116 117 118 119 120
110 28 111 112 113 114 115 116 117 118 119 120
111 84 112 113 114 115 116 117 118 119
112 42 114 116 119
113 61 114 116 119
114 92 115 116 117 118 119 120
115 82 116 119
116 34 117 118 119 120
117 74 119
118 55 119
119 60 120
120 69
