250 150
1 84 5 17 28 31 34 36 57 76 83 90 91 92 93 97 99 107 109 119 122 128 139 145 148 149 160 169 176 201 204 212 216 229 231 232 233 239 247
2 36
3 65 128 169 233
4 84
5 34 28 93 128 145 148 149 169 212 229 233
6 68
7 64
8 33
9 69
10 27
11 47
12 21
13 85
14 88
15 59
16 61
17 50 28 93 128 145 148 149 169 212 229 232 233
18 53
19 37
20 75
21 64
22 84
23 74
24 57
25 83
26 28
27 31
28 97 31 34 36 57 76 83 90 91 92 93 97 99 107 109 119 122 128 139 145 148 149 160 169 176 201 204 212 216 229 231 232 233 239 247
29 61
30 36
31 46 34 57 83 90 91 92 93 99 107 109 119 122 128 139 145 148 149 160 169 176 201 204 212 216 229 232 233 239 247
32 37
33 96
34 80 57 83 90 91 92 93 99 107 109 119 122 128 139 145 148 149 160 169 176 201 204 212 216 229 232 233 239 247
35 53
36 51 93 128 145 148 149 169 212 229 233
37 68
38 90
39 64
40 81
41 66
42 67
43 80
44 37
45 92
46 67
47 64
48 31
49 94
50 45
51 80 128 169 233
52 28
53 76
54 29
55 64
56 38
57 48 76 83 90 91 92 93 97 99 107 109 119 122 128 139 145 148 149 160 169 176 201 204 212 216 229 232 233 239 247
58 40
59 29
60 44
61 81
62 35
63 51
64 48
65 67
66 24
67 46
68 38
69 76
70 22
71 30
72 67
73 45
74 41
75 29
76 41 93 109 119 128 139 145 148 149 169 212 229 232 233 247
77 79
78 21
79 25
80 90
81 62
82 34
83 73 90 91 92 93 99 109 119 122 128 139 145 148 149 160 169 201 212 216 229 232 233 247
84 50
85 79
86 66
87 59
88 42
89 90
90 79 91 92 93 99 107 109 119 122 128 139 145 148 149 160 169 201 212 216 229 232 233 239 247
91 70 92 93 99 107 109 119 122 128 139 145 148 149 160 169 176 201 212 216 229 232 233 239 247
92 66 93 99 107 109 119 122 128 139 145 148 149 160 169 176 201 212 216 229 232 233 239 247
93 80 97 99 107 109 119 121 122 128 139 145 148 149 160 169 176 198 201 204 212 216 229 231 232 233 239 247
94 35
95 62
96 98
97 97 109 119 128 139 145 148 149 169 212 229 232 233 247
98 37
99 32 107 109 119 122 128 139 145 148 149 160 169 176 201 204 212 216 229 232 233 239 247
100 75
101 91
102 91
103 48
104 26
105 23
106 32
107 100 109 119 122 128 139 145 148 149 160 169 201 212 216 229 232 233 239 247
108 46
109 29 119 122 128 139 145 148 149 160 169 176 201 204 212 216 229 232 233 239 247
110 26
111 29
112 26
113 83
114 82
115 92
116 95
117 87
118 63
119 57 122 128 139 145 148 149 160 169 176 201 204 212 216 229 232 233 239 247
120 100
121 63 128 145 148 169 212 229 233
122 65 128 139 145 148 149 160 169 176 201 204 212 216 229 232 233 239 247
123 81
124 46
125 42
126 95
127 90
128 80 139 145 148 149 160 169 176 180 192 198 201 204 212 215 216 229 231 232 233 239 247
129 53
130 27
131 84
132 40
133 22
134 97
135 20
136 73
137 63
138 95
139 46 145 148 149 160 169 176 201 204 212 216 229 232 233 239 247
140 42
141 47
142 40
143 26
144 88
145 49 148 149 160 169 176 198 201 204 212 216 229 231 232 233 239 247
146 24
147 92
148 87 149 160 169 176 198 201 204 212 215 216 229 231 232 233 239 247
149 68 160 169 176 201 204 212 216 229 231 232 233 239 247
150 95
151 34
152 82
153 84
154 43
155 54
156 73
157 66
158 32
159 62
160 48 169 176 201 212 216 229 232 233 239 247
161 99
162 90
163 86
164 28
165 25
166 25
167 89
168 67
169 96 176 180 192 198 201 204 212 215 216 229 231 232 233 239 247
170 35
171 33
172 70
173 40
174 59
175 32
176 94 201 212 216 229 232 233 247
177 34
178 86
179 35
180 45 212 233
181 25
182 76
183 80
184 42
185 91
186 44
187 91
188 97
189 60
190 29
191 45
192 37 233
193 61
194 54
195 78
196 56
197 74
198 74 212 229 233
199 45
200 21
201 96 212 216 229 232 233 239 247
202 37
203 75
204 100 212 216 229 232 233 247
205 58
206 84
207 85
208 56
209 54
210 71
211 52
212 79 215 216 229 231 232 233 239 247
213 43
214 35
215 27 229 233
216 70 229 232 233 239 247
217 31
218 47
219 35
220 26
221 30
222 97
223 90
224 80
225 58
226 60
227 73
228 46
229 71 231 232 233 239 247
230 39
231 42 232 233
232 98 233 239 247
233 27 239 247
234 21
235 71
236 71
237 78
238 76
239 57 247
240 24
241 91
242 84
243 35
244 25
245 77
246 96
247 97
248 89
249 30
250 86
