120 150
1 97 2 3 4 6 7 9 10 11 12 13 15 16 17 18 19 20 21 22 23 26 27 28 30 31 32 33 66 34 35 36 37 38 39 41 42 44 45 46 47 48 49 50 51 53 54 56 58 59 60 61 62 63 64 67 68 69 70 74 75 76 78 80 82 83 84 86 87 88 89 90 91 92 93 94 95 97 98 99 100 102 103 104 105 106 107 109 110 111 113 114 115 116 117 118 119 120
2 57 3 4 7 9 10 11 13 15 16 19 21 22 23 26 28 30 31 33 66 34 35 36 37 38 39 41 42 44 46 47 48 50 53 54 56 58 59 60 61 62 63 64 68 74 75 76 78 80 82 83 86 87 89 90 91 95 97 98 99 100 103 104 105 106 107 109 110 111 113 115 116 118 119
3 81 4 6 7 8 9 10 11 12 13 15 16 17 18 19 20 21 22 23 25 26 27 28 29 30 31 32 33 66 34 35 36 37 38 39 41 42 43 44 45 46 47 48 49 50 51 52 53 54 55 56 58 59 60 61 62 63 64 67 68 69 70 71 72 73 74 75 76 77 78 79 80 82 83 84 85 86 87 88 89 90 91 92 93 94 95 96 97 98 99 100 101 102 103 104 105 106 107 108 109 110 111 112 113 114 115 116 117 118 119 120
4 62 7 9 10 11 13 15 16 21 22 23 28 30 31 33 34 35 38 39 41 42 44 46 47 48 53 56 59 60 61 62 63 64 68 74 75 76 78 80 82 83 86 87 89 90 95 98 99 100 103 104 105 106 107 109 110 111 115 116 118
5 75 21 42
6 81 9 21 31 33 39 41 42 46 47 56 60 75 76 78 100 107 111
7 23 9 10 11 13 15 16 21 22 23 26 28 30 31 33 34 35 37 38 39 41 42 44 46 47 48 50 53 54 56 58 59 60 61 62 63 64 68 74 75 76 78 80 82 83 86 87 89 90 91 95 98 99 100 103 104 105 106 107 109 110 111 115 116 118
8 43 21 33 41 42 60 76 100 107
9 50 10 11 12 13 15 16 18 19 20 21 22 23 26 27 28 30 31 33 66 34 35 36 37 38 39 41 42 44 45 46 47 48 49 50 53 54 56 58 59 60 61 62 63 64 67 68 69 70 74 75 76 78 80 82 83 84 86 87 88 89 90 91 92 93 94 95 97 98 99 100 102 103 104 105 106 107 109 110 111 113 114 115 116 117 118 119 120
10 38 11 13 15 16 21 22 23 26 28 30 31 33 34 35 37 38 39 41 42 44 46 47 48 53 54 56 59 60 61 62 63 64 68 74 75 76 78 80 82 83 86 87 89 90 95 98 99 100 103 104 105 106 107 109 110 111 115 116 118
11 60 13 15 16 21 22 23 26 28 30 31 33 34 35 37 38 39 41 42 44 46 47 48 50 53 54 56 59 60 61 62 63 64 68 74 75 76 78 80 82 83 86 87 89 90 91 95 98 99 100 103 104 105 106 107 109 110 111 115 116 118
12 58 13 15 16 21 22 23 28 31 33 34 39 41 42 46 47 53 56 59 60 61 62 63 64 68 74 75 76 78 89 98 100 104 105 107 109 111 115
13 70 15 16 19 21 22 23 26 27 28 30 31 33 66 34 35 36 37 38 39 41 42 44 46 47 48 49 50 53 54 56 58 59 60 61 62 63 64 67 68 69 74 75 76 78 80 82 83 84 86 87 88 89 90 91 94 95 97 98 99 100 103 104 105 106 107 109 110 111 113 115 116 118 119
14 88 21 42 76 100 107
15 36 16 19 21 22 23 26 27 28 30 31 33 66 34 35 36 37 38 39 41 42 44 46 47 48 49 50 53 54 56 58 59 60 61 62 63 64 68 69 74 75 76 78 80 82 83 84 86 87 88 89 90 91 95 97 98 99 100 103 104 105 106 107 109 110 111 113 115 116 118 119
16 90 19 21 22 23 26 28 30 31 33 66 34 35 36 37 38 39 41 42 44 46 47 48 49 50 53 54 56 58 59 60 61 62 63 64 68 69 74 75 76 78 80 82 83 84 86 87 88 89 90 91 95 97 98 99 100 103 104 105 106 107 109 110 111 113 115 116 118 119
17 37 21 31 33 39 41 42 47 56 60 75 76 78 100 107 111
18 45 21 31 33 39 41 42 47 56 60 75 76 78 100 107 111
19 45 21 22 23 28 31 33 34 39 41 42 46 47 53 56 59 60 61 62 63 64 68 74 75 76 78 80 83 89 98 99 100 103 104 105 106 107 109 111 115
20 39 21 31 33 39 41 42 46 47 56 60 61 62 63 64 75 76 78 100 107 111 115
21 44 22 23 24 25 26 27 28 29 30 31 32 33 66 34 35 36 37 38 39 40 41 42 43 44 45 46 47 48 49 50 51 52 53 54 55 56 57 58 59 60 61 62 63 64 65 67 68 69 70 71 72 73 74 75 76 77 78 79 80 81 82 83 84 85 86 87 88 89 90 91 92 93 94 95 96 97 98 99 100 101 102 103 104 105 106 107 108 109 110 111 112 113 114 115 116 117 118 119 120
22 53 23 26 27 28 30 31 33 66 34 35 36 37 38 39 41 42 44 46 47 48 49 50 53 54 56 58 59 60 61 62 63 64 67 68 69 74 75 76 78 80 82 83 84 86 87 88 89 90 91 95 97 98 99 100 103 104 105 106 107 109 110 111 113 115 116 118 119
23 70 26 27 28 30 31 33 66 34 35 36 37 38 39 41 42 44 46 47 48 49 50 53 54 56 58 59 60 61 62 63 64 68 69 74 75 76 78 80 82 83 84 86 87 88 89 90 91 95 97 98 99 100 103 104 105 106 107 109 110 111 113 115 116 118 119
24 24 42
25 82 31 33 41 42 47 60 75 76 100 107
26 81 28 31 33 34 35 38 39 41 42 44 46 47 48 53 56 59 60 61 62 63 64 68 74 75 76 78 80 82 83 86 87 89 98 99 100 103 104 105 106 107 109 110 111 115 116 118
27 47 28 31 33 34 39 41 42 46 47 53 56 59 60 61 62 63 64 74 75 76 78 89 98 100 104 105 107 109 111 115
28 97 30 31 33 66 34 35 36 37 38 39 41 42 44 46 47 48 49 50 53 54 56 58 59 60 61 62 63 64 67 68 69 74 75 76 78 80 82 83 84 86 87 88 89 90 91 95 97 98 99 100 103 104 105 106 107 109 110 111 113 115 116 118 119
29 35 33 41 42 60 76 100 107
30 65 31 33 34 35 38 39 41 42 44 46 47 48 53 54 56 59 60 61 62 63 64 68 74 75 76 78 80 82 83 86 87 89 90 95 98 99 100 103 104 105 106 107 109 110 111 115 116 118
31 74 32 33 66 34 35 36 37 38 39 41 42 44 45 46 47 48 49 50 51 52 53 54 55 56 58 59 60 61 62 63 64 67 68 69 70 73 74 75 76 77 78 79 80 82 83 84 85 86 87 88 89 90 91 92 93 94 95 96 97 98 99 100 102 103 104 105 106 107 108 109 110 111 112 113 114 115 116 117 118 119 120
32 68 33 39 41 42 47 56 60 75 76 78 100 107 111
33 49 66 34 35 36 37 38 39 41 42 43 44 45 46 47 48 49 50 51 52 53 54 55 56 58 59 60 61 62 63 64 67 68 69 70 71 73 74 75 76 77 78 79 80 82 83 84 85 86 87 88 89 90 91 92 93 94 95 96 97 98 99 100 101 102 103 104 105 106 107 108 109 110 111 112 113 114 115 116 117 118 119 120
34 55 66 35 36 37 38 39 41 42 44 46 47 48 49 50 53 54 56 58 59 60 61 62 63 64 68 69 74 75 76 78 80 82 83 84 86 87 88 89 90 91 95 97 98 99 100 103 104 105 106 107 109 110 111 113 115 116 118 119
35 52 66 37 38 39 41 42 44 46 47 48 50 53 54 56 58 59 60 61 62 63 64 68 74 75 76 78 80 82 83 86 87 89 90 91 95 97 98 99 100 103 104 105 106 107 109 110 111 113 115 116 118
36 94 39 41 42 46 47 53 56 59 60 61 62 63 64 68 74 75 76 78 83 89 98 99 100 104 105 106 107 109 111 115
37 95 38 39 41 42 44 46 47 48 53 56 59 60 61 62 63 64 68 74 75 76 78 80 82 83 86 87 89 90 98 99 100 103 104 105 106 107 109 110 111 115 116 118
38 29 39 41 42 44 46 47 48 50 53 54 56 58 59 60 61 62 63 64 68 74 75 76 78 80 82 83 86 87 89 90 91 95 97 98 99 100 103 104 105 106 107 109 110 111 115 116 118
39 99 66 41 42 44 45 46 47 48 49 50 51 52 53 54 56 58 59 60 61 62 63 64 67 68 69 70 73 74 75 76 78 80 82 83 84 86 87 88 89 90 91 92 93 94 95 96 97 98 99 100 102 103 104 105 106 107 109 110 111 113 114 115 116 117 118 119 120
40 20 42
41 22 66 42 43 44 45 46 47 48 49 50 51 52 53 54 55 56 58 59 60 61 62 63 64 67 68 69 70 71 73 74 75 76 77 78 79 80 82 83 84 85 86 87 88 89 90 91 92 93 94 95 96 97 98 99 100 101 102 103 104 105 106 107 108 109 110 111 112 113 114 115 116 117 118 119 120
42 25 66 43 44 45 46 47 48 49 50 51 52 53 54 55 56 57 58 59 60 61 62 63 64 65 67 68 69 70 71 72 73 74 75 76 77 78 79 80 81 82 83 84 85 86 87 88 89 90 91 92 93 94 95 96 97 98 99 100 101 102 103 104 105 106 107 108 109 110 111 112 113 114 115 116 117 118 119 120
43 49 60 76 100 107
44 46 46 47 48 50 53 54 56 58 59 60 61 62 63 64 68 74 75 76 78 80 82 83 86 87 89 90 91 95 97 98 99 100 103 104 105 106 107 109 110 111 115 116 118
45 98 46 47 56 59 60 61 62 63 64 75 76 78 100 105 107 111 115
46 59 66 47 48 49 50 53 54 56 58 59 60 61 62 63 64 67 68 69 70 74 75 76 78 80 82 83 84 86 87 88 89 90 91 92 93 94 95 97 98 99 100 102 103 104 105 106 107 109 110 111 113 114 115 116 117 118 119 120
47 98 66 48 49 50 51 52 53 54 55 56 58 59 60 61 62 63 64 67 68 69 70 73 74 75 76 78 79 80 82 83 84 85 86 87 88 89 90 91 92 93 94 95 96 97 98 99 100 102 103 104 105 106 107 108 109 110 111 112 113 114 115 116 117 118 119 120
48 60 50 53 54 56 58 59 60 61 62 63 64 68 74 75 76 78 80 82 83 86 87 89 90 91 95 97 98 99 100 103 104 105 106 107 109 110 111 115 116 118
49 23 53 56 59 60 61 62 63 64 68 74 75 76 78 89 98 100 104 105 107 109 111 115
50 72 53 56 59 60 61 62 63 64 68 74 75 76 78 80 82 83 86 87 89 98 99 100 103 104 105 106 107 109 110 111 115 116 118
51 33 56 60 75 76 78 100 107 111
52 98 56 60 75 76 78 100 107 111
53 80 66 54 56 58 59 60 61 62 63 64 68 69 74 75 76 78 80 82 83 84 86 87 88 89 90 91 95 97 98 99 100 103 104 105 106 107 109 110 111 113 115 116 118 119
54 95 56 59 60 61 62 63 64 68 74 75 76 78 80 82 83 86 87 89 90 95 98 99 100 103 104 105 106 107 109 110 111 115 116 118
55 78 60 75 76 100 107
56 57 66 58 59 60 61 62 63 64 67 68 69 70 73 74 75 76 78 80 82 83 84 86 87 88 89 90 91 92 93 94 95 96 97 98 99 100 102 103 104 105 106 107 109 110 111 113 114 115 116 117 118 119 120
57 67
58 53 59 60 61 62 63 64 68 74 75 76 78 80 82 83 86 87 89 98 99 100 103 104 105 106 107 109 110 111 115 116 118
59 47 66 60 61 62 63 64 67 68 69 74 75 76 78 80 82 83 84 86 87 88 89 90 91 94 95 97 98 99 100 102 103 104 105 106 107 109 110 111 113 115 116 117 118 119
60 53 66 61 62 63 64 67 68 69 70 71 72 73 74 75 76 77 78 79 80 82 83 84 85 86 87 88 89 90 91 92 93 94 95 96 97 98 99 100 101 102 103 104 105 106 107 108 109 110 111 112 113 114 115 116 117 118 119 120
61 36 66 62 63 64 67 68 69 70 74 75 76 78 80 82 83 84 86 87 88 89 90 91 93 94 95 97 98 99 100 102 103 104 105 106 107 109 110 111 113 114 115 116 117 118 119
62 38 66 63 64 67 68 69 70 74 75 76 78 80 82 83 84 86 87 88 89 90 91 92 93 94 95 97 98 99 100 102 103 104 105 106 107 109 110 111 113 114 115 116 117 118 119
63 92 66 64 67 68 69 70 74 75 76 78 80 82 83 84 86 87 88 89 90 91 92 93 94 95 97 98 99 100 102 103 104 105 106 107 109 110 111 113 114 115 116 117 118 119 120
64 30 66 67 68 69 70 74 75 76 78 80 82 83 84 86 87 88 89 90 91 93 94 95 97 98 99 100 102 103 104 105 106 107 109 110 111 113 114 115 116 117 118 119
65 80
66 32 68 74 75 76 78 80 82 83 86 89 98 99 100 103 104 105 106 107 109 110 111 115
67 97 74 75 76 78 100 105 107 109 111 115
68 39 69 74 75 76 78 80 82 83 84 86 87 88 89 90 91 95 97 98 99 100 103 104 105 106 107 109 110 111 113 115 116 118 119
69 80 74 75 76 78 89 98 100 104 105 107 109 111 115
70 72 75 76 78 100 105 107 111 115
71 55 76 100 107
72 41 76 100 107
73 60 75 76 78 100 107 111
74 67 75 76 78 80 82 83 84 86 87 88 89 90 91 95 97 98 99 100 103 104 105 106 107 109 110 111 113 115 116 118 119
75 53 76 78 79 80 82 83 84 85 86 87 88 89 90 91 92 93 94 95 96 97 98 99 100 102 103 104 105 106 107 108 109 110 111 112 113 114 115 116 117 118 119 120
76 65 77 78 79 80 82 83 84 85 86 87 88 89 90 91 92 93 94 95 96 97 98 99 100 101 102 103 104 105 106 107 108 109 110 111 112 113 114 115 116 117 118 119 120
77 95 100 107
78 20 80 82 83 84 86 87 88 89 90 91 92 93 94 95 96 97 98 99 100 102 103 104 105 106 107 109 110 111 113 114 115 116 117 118 119 120
79 66 100 107
80 78 82 83 86 87 89 90 91 95 97 98 99 100 103 104 105 106 107 109 110 111 113 115 116 118 119
81 98
82 47 83 86 87 89 90 91 95 97 98 99 100 103 104 105 106 107 109 110 111 113 115 116 118
83 100 86 87 89 90 91 95 97 98 99 100 103 104 105 106 107 109 110 111 113 115 116 118 119
84 85 89 98 100 104 105 107 109 111 115
85 53 100 107
86 53 87 89 90 91 95 97 98 99 100 103 104 105 106 107 109 110 111 113 115 116 118
87 67 89 90 91 95 97 98 99 100 103 104 105 106 107 109 110 111 115 116 118
88 27 89 98 100 104 105 106 107 109 111 115
89 22 90 91 95 97 98 99 100 103 104 105 106 107 109 110 111 113 115 116 118 119
90 61 95 98 99 100 103 104 105 106 107 109 110 111 115 116 118
91 43 98 99 100 103 104 105 106 107 109 110 111 115 116 118
92 52 100 107 111 115
93 76 100 107 111 115
94 64 100 105 107 109 111 115
95 61 98 99 100 103 104 105 106 107 109 110 111 115 116 118
96 29 100 107 111
97 30 98 99 100 103 104 105 106 107 109 110 111 115 118
98 46 99 100 103 104 105 106 107 109 110 111 113 115 116 118 119
99 79 100 103 104 105 106 107 109 110 111 113 115 116 118 119
100 66 101 102 103 104 105 106 107 108 109 110 111 112 113 114 115 116 117 118 119 120
101 27 107
102 79 105 107 111 115
103 98 104 105 106 107 109 110 111 113 115 116 118
104 90 105 106 107 109 110 111 113 115 116 118 119
105 22 106 107 109 110 111 113 114 115 116 117 118 119
106 75 107 109 110 111 113 115 116 118 119
107 57 108 109 110 111 112 113 114 115 116 117 118 119 120
108 67
109 36 110 111 113 115 116 118 119
110 70 111 115 116 118
111 99 113 114 115 116 117 118 119 120
112 48
113 43 115
114 45 115
115 71 116 117 118 119
116 100 118
117 88
118 48
119 27
120 39
