120 150
1 100
2 22
3 25 4 17 25 30 39 40 42 43 45 48 51 54 55 57 69 79 87 94 96 113 116
4 51 6 8 9 11 14 15 16 17 23 25 27 28 29 30 33 38 39 40 41 42 43 45 46 48 50 51 54 55 57 59 62 64 65 69 72 73 76 77 78 79 80 83 84 85 87 88 90 91 92 93 94 96 97 98 102 103 106 113 114 115 116 119
5 95
6 58 8 16 17 25 30 39 40 41 42 43 45 48 51 54 55 57 69 79 80 85 87 90 94 96 103 106 113 116
7 97
8 30 9 11 14 15 16 17 25 29 30 33 38 39 40 41 42 43 45 48 50 51 54 55 57 62 64 65 69 72 76 77 79 80 84 85 87 90 91 92 93 94 96 98 102 103 106 113 114 115 116
9 79 11 16 17 25 29 30 38 39 40 41 42 43 45 48 51 54 55 57 65 69 72 76 79 80 84 85 87 90 91 92 94 96 103 106 113 115 116
10 23
11 53 14 15 16 17 25 29 30 38 39 40 41 42 43 45 48 51 54 55 57 62 65 69 72 76 79 80 84 85 87 90 91 92 94 96 103 106 113 115 116
12 80
13 20
14 65 15 16 17 25 29 30 38 39 40 41 42 43 45 48 51 54 55 57 62 65 69 72 76 79 80 84 85 87 90 91 92 94 96 103 106 113 115 116
15 64 16 17 25 29 30 38 39 40 41 42 43 45 48 51 54 55 57 62 65 69 72 76 79 80 84 85 87 90 91 92 94 96 103 106 113 115 116
16 21 17 25 29 30 33 38 39 40 41 42 43 45 48 50 51 54 55 57 62 64 65 69 72 76 77 79 80 84 85 87 90 91 92 93 94 96 98 102 103 106 113 114 115 116
17 26 23 25 29 30 33 38 39 40 41 42 43 45 48 50 51 54 55 57 62 64 65 69 72 73 76 77 79 80 83 84 85 87 90 91 92 93 94 96 97 98 102 103 106 113 114 115 116
18 100
19 81
20 98
21 70
22 85 30 94 113
23 92 25 30 39 40 42 43 45 48 51 54 55 57 69 79 87 94 96 113 116
24 97 30 113
25 86 27 28 29 30 33 38 39 40 41 42 43 45 46 48 50 51 54 55 57 59 62 64 65 69 72 73 76 77 78 79 80 83 84 85 86 87 88 90 91 92 93 94 96 97 98 102 103 106 113 114 115 116 119
26 71
27 91 30 39 40 42 43 48 51 54 55 57 69 79 87 94 96 113 116
28 29 30 40 42 43 48 51 54 69 87 94 113 116
29 63 30 38 39 40 41 42 43 45 48 51 54 55 57 62 65 69 72 76 79 80 84 85 87 90 91 92 94 96 103 106 113 115 116
30 34 33 38 39 40 41 42 43 45 46 48 50 51 54 55 57 59 61 62 64 65 67 69 72 73 74 76 77 78 79 80 81 82 83 84 85 86 87 88 89 90 91 92 93 94 96 97 98 101 102 103 106 107 109 110 113 114 115 116 119
31 67
32 23
33 33 39 40 41 42 43 45 48 51 54 55 57 69 79 80 85 87 90 94 96 103 106 113 116
34 89
35 94
36 47
37 100
38 37 39 40 41 42 43 45 48 51 54 55 57 62 65 69 72 76 79 80 84 85 87 90 91 92 94 96 103 106 113 115 116
39 40 40 41 42 43 45 46 48 50 51 54 55 57 59 62 64 65 69 72 73 76 77 78 79 80 83 84 85 87 88 90 91 92 93 94 96 97 98 102 103 106 113 114 115 116
40 58 41 42 43 45 46 48 50 51 54 55 57 59 62 64 65 67 69 72 73 76 77 78 79 80 83 84 85 86 87 88 89 90 91 92 93 94 96 97 98 101 102 103 106 113 114 115 116 119
41 73 42 43 45 48 50 51 54 55 57 62 64 65 69 72 76 77 79 80 83 84 85 87 90 91 92 93 94 96 97 98 102 103 106 113 114 115 116
42 39 43 45 46 48 50 51 54 55 57 59 62 64 65 69 72 73 76 77 78 79 80 83 84 85 86 87 88 90 91 92 93 94 96 97 98 101 102 103 106 113 114 115 116 119
43 49 45 46 48 50 51 54 55 57 59 62 64 65 67 69 72 73 76 77 78 79 80 83 84 85 86 87 88 90 91 92 93 94 96 97 98 101 102 103 106 113 114 115 116 119
44 79
45 54 48 50 51 54 55 57 62 64 65 69 72 73 76 77 79 80 83 84 85 87 90 91 92 93 94 96 97 98 102 103 106 113 114 115 116
46 57 48 51 54 55 57 69 87 94 96 113 116
47 98
48 69 50 51 54 55 57 59 62 64 65 67 69 72 73 76 77 78 79 80 83 84 85 86 87 88 89 90 91 92 93 94 96 97 98 101 102 103 106 113 114 115 116 119
49 67
50 49 51 54 55 57 69 79 80 87 94 96 106 113 116
51 38 54 55 57 59 62 64 65 69 72 73 76 77 78 79 80 83 84 85 86 87 88 90 91 92 93 94 96 97 98 101 102 103 106 113 114 115 116 119
52 34
53 96
54 27 55 57 59 61 62 64 65 67 69 72 73 76 77 78 79 80 81 82 83 84 85 86 87 88 89 90 91 92 93 94 96 97 98 101 102 103 106 107 109 113 114 115 116 119
55 92 57 62 64 65 69 72 73 76 77 78 79 80 83 84 85 87 88 90 91 92 93 94 96 97 98 102 103 106 113 114 115 116
56 82
57 69 59 62 64 65 69 72 73 76 77 78 79 80 83 84 85 87 88 90 91 92 93 94 96 97 98 102 103 106 113 114 115 116
58 45
59 69 69 87 94 113 116
60 20
61 75 94 113
62 97 65 69 72 76 79 80 84 85 87 90 91 92 94 96 103 106 113 115 116
63 51
64 70 69 79 80 85 87 90 91 94 96 103 106 113 116
65 29 69 72 76 79 80 84 85 87 90 91 92 94 96 98 103 106 113 115 116
66 91
67 98 87 94 113 116
68 77
69 48 72 73 76 77 78 79 80 83 84 85 86 87 88 90 91 92 93 94 96 97 98 101 102 103 106 113 114 115 116 119
70 45
71 43
72 61 76 79 80 84 85 87 90 91 92 94 96 98 103 106 113 115 116
73 36 79 87 94 96 113 116
74 82 94 113
75 89
76 94 79 80 84 85 87 90 91 92 94 96 103 106 113 115 116
77 26 79 80 85 87 90 91 92 94 96 103 106 113 116
78 35 87 94 96 113 116
79 58 80 83 84 85 87 88 90 91 92 93 94 96 97 98 102 103 106 113 114 115 116
80 58 83 84 85 87 90 91 92 93 94 96 97 98 102 103 106 113 114 115 116
81 57 94 113
82 46 94 113
83 44 87 94 96 113 116
84 91 85 87 90 91 92 94 96 103 106 113 115 116
85 49 87 90 91 92 93 94 96 98 102 103 106 113 114 115 116
86 52 87 94 113 116
87 65 88 89 90 91 92 93 94 96 97 98 101 102 103 106 113 114 115 116 119
88 42 94 96 113 116
89 33 94 113 116
90 60 91 92 93 94 96 98 102 103 106 113 115 116
91 37 92 94 96 98 103 106 113 115 116
92 57 94 96 98 103 106 113 115 116
93 91 94 96 103 106 113 116
94 52 96 97 98 101 102 103 106 107 109 113 114 115 116 119
95 95
96 84 97 98 102 103 106 113 114 115 116
97 72 113 116
98 75 103 106 113 115 116
99 89
100 81
101 67 113 116
102 74 103 106 113 116
103 87 106 113 114 115 116
104 60
105 32
106 76 113 114 115 116
107 85 113
108 59
109 62 113 116
110 39 113
111 64
112 52
113 88 114 115 116 119
114 45 116
115 29 116
116 88 119
117 85
118 54
119 40
120 57
