250 150
1 81 4 14 43 49 61 127 146 224 241
2 41 4 6 7 9 13 14 18 20 22 25 26 29 32 66 34 38 40 42 43 46 47 48 49 51 52 55 56 58 59 61 62 63 64 131 67 68 76 77 80 82 83 84 87 88 89 90 92 94 101 103 105 107 110 111 113 114 119 121 123 124 125 126 127 129 133 134 136 145 146 147 151 152 153 154 157 160 161 162 163 164 166 167 169 171 172 173 174 176 178 179 186 187 191 193 195 197 201 207 210 212 215 216 221 222 223 224 226 227 228 230 231 232 233 235 239 241 247 249 250
3 27
4 95 6 7 9 10 13 14 15 16 18 19 20 22 24 25 26 29 32 66 34 35 38 40 42 43 46 47 48 49 51 52 55 56 58 59 61 62 63 64 65 131 67 68 69 70 72 76 77 80 82 83 84 87 88 89 90 92 93 94 97 99 101 103 105 107 110 111 113 114 115 117 119 121 123 124 125 126 127 128 129 133 134 135 136 138 145 146 147 151 152 153 154 157 160 161 162 163 164 166 167 168 169 171 172 173 174 176 178 179 182 183 186 187 191 193 194 195 197 201 203 205 207 210 212 214 215 216 221 222 223 224 225 226 227 228 230 231 232 233 234 235 236 238 239 241 244 245 246 247 249 250
5 46
6 69 14 18 20 32 43 49 58 61 62 131 67 87 90 101 107 119 124 125 127 146 151 152 153 154 163 171 173 174 178 186 187 191 197 224 233 241 247 249
7 45 14 18 20 32 43 49 61 131 67 90 101 107 119 124 125 127 146 152 153 154 163 171 173 186 187 191 224 233 241 247 249
8 39
9 32 13 14 18 20 22 29 32 66 34 38 40 43 47 48 49 51 52 56 58 61 62 64 131 67 76 80 82 83 84 87 89 90 92 94 101 107 110 111 113 114 119 121 123 124 125 126 127 134 145 146 147 151 152 153 154 157 160 161 162 163 164 166 167 171 172 173 174 178 186 187 191 193 197 201 207 210 212 215 222 224 226 228 230 231 233 239 241 247 249 250
10 98 43 49 61 127 146 224 241
11 41
12 46
13 100 14 18 20 22 26 29 32 66 34 38 40 43 46 47 48 49 51 52 55 56 58 59 61 62 63 64 131 67 68 76 77 80 82 83 84 87 89 90 92 94 101 103 107 110 111 113 114 119 121 123 124 125 126 127 129 134 136 145 146 147 151 152 153 154 157 160 161 162 163 164 166 167 171 172 173 174 176 178 186 187 191 193 195 197 201 207 210 212 215 221 222 224 226 227 228 230 231 233 235 239 241 247 249 250
14 86 15 18 19 20 22 25 26 29 32 66 34 35 38 40 42 43 46 47 48 49 51 52 55 56 58 59 61 62 63 64 65 131 67 68 70 76 77 80 82 83 84 87 88 89 90 92 93 94 97 99 101 103 105 107 110 111 113 114 115 117 119 121 123 124 125 126 127 128 129 133 134 135 136 145 146 147 151 152 153 154 157 160 161 162 163 164 166 167 168 169 171 172 173 174 176 178 179 183 186 187 191 193 194 195 197 201 203 205 207 210 212 214 215 216 221 222 223 224 225 226 227 228 230 231 232 233 235 236 238 239 241 245 246 247 249 250
15 84 18 43 49 61 127 146 186 224 233 241
16 39 43 49 61 127 146 224 241
17 67
18 34 20 22 25 26 29 32 66 34 35 38 40 42 43 46 47 48 49 51 52 55 56 58 59 61 62 63 64 65 131 67 68 70 76 77 80 82 83 84 87 88 89 90 92 94 97 99 101 103 105 107 110 111 113 114 115 119 121 123 124 125 126 127 128 129 133 134 135 136 145 146 147 151 152 153 154 157 160 161 162 163 164 166 167 168 169 171 172 173 174 176 178 179 183 186 187 191 193 194 195 197 201 205 207 210 212 214 215 216 221 222 223 224 225 226 227 228 230 231 232 233 235 236 238 239 241 245 246 247 249 250
19 92 43 49 61 127 146 224 241
20 59 22 25 26 29 32 66 34 35 38 40 42 43 46 47 48 49 51 52 55 56 58 59 61 62 63 64 131 67 68 70 76 77 80 82 83 84 87 88 89 90 92 94 101 103 105 107 110 111 113 114 119 121 123 124 125 126 127 129 133 134 136 145 146 147 151 152 153 154 157 160 161 162 163 164 166 167 169 171 172 173 174 176 178 179 186 187 191 193 195 197 201 207 210 212 214 215 216 221 222 223 224 226 227 228 230 231 232 233 235 239 241 247 249 250
21 43
22 21 29 32 66 34 38 40 43 47 48 49 51 52 56 58 61 62 64 131 67 76 80 82 83 84 87 89 90 92 94 101 107 110 111 113 114 119 121 123 124 125 126 127 134 145 146 147 151 152 153 154 157 160 161 162 163 164 166 167 171 172 173 174 178 186 187 191 193 197 201 207 210 212 215 222 224 226 228 230 231 233 239 241 247 249 250
23 56
24 88 49
25 26 32 43 49 61 62 131 67 87 90 101 107 119 124 125 127 146 151 152 153 154 163 171 173 186 187 191 224 233 241 247 249
26 35 29 32 43 49 51 58 61 62 131 67 84 87 89 90 101 107 119 121 124 125 127 146 147 151 152 153 154 157 160 161 163 167 171 173 174 178 186 187 191 197 201 207 224 231 233 241 247 249
27 51
28 22
29 100 32 66 34 38 40 43 47 48 49 51 52 55 56 58 61 62 63 64 131 67 68 76 77 80 82 83 84 87 89 90 92 94 101 103 107 110 111 113 114 119 121 123 124 125 126 127 134 136 145 146 147 151 152 153 154 157 160 161 162 163 164 166 167 171 172 173 174 178 186 187 191 193 195 197 201 207 210 212 215 222 224 226 228 230 231 233 239 241 247 249 250
30 96
31 49
32 95 66 34 35 38 40 42 43 46 47 48 49 51 52 55 56 58 59 61 62 63 64 65 131 67 68 70 76 77 80 82 83 84 87 88 89 90 92 94 97 99 101 103 105 107 110 111 113 114 119 121 123 124 125 126 127 128 129 133 134 136 145 146 147 151 152 153 154 157 160 161 162 163 164 166 167 169 171 172 173 174 176 178 179 183 186 187 191 193 194 195 197 201 207 210 212 214 215 216 221 222 223 224 225 226 227 228 230 231 232 233 235 236 239 241 245 247 249 250
33 38
34 62 40 43 49 51 56 58 61 62 64 131 67 76 82 84 87 89 90 92 101 107 111 119 121 123 124 125 127 146 147 151 152 153 154 157 160 161 163 167 171 173 174 178 186 187 191 197 201 207 210 224 226 230 231 233 241 247 249
35 63 43 49 61 131 67 90 101 107 119 125 127 146 152 154 163 171 173 186 187 191 224 233 241 247 249
36 97
37 42
38 62 40 43 49 51 56 58 61 62 64 131 67 76 82 84 87 89 90 92 101 107 111 119 121 123 124 125 127 146 147 151 152 153 154 157 160 161 163 167 171 173 174 178 186 187 191 197 201 207 210 224 226 230 231 233 241 247 249
39 100
40 43 66 43 47 48 49 51 52 56 58 61 62 64 131 67 76 80 82 83 84 87 89 90 92 94 101 107 110 111 113 114 119 121 123 124 125 126 127 134 145 146 147 151 152 153 154 157 160 161 162 163 164 166 167 171 172 173 174 178 186 187 191 193 197 201 207 210 212 215 222 224 226 230 231 233 239 241 247 249 250
41 44
42 77 43 49 58 61 62 131 67 87 90 101 107 119 124 125 127 146 151 152 153 154 163 171 173 174 178 186 187 191 197 224 233 241 247 249
43 97 66 46 47 48 49 51 52 55 56 58 59 61 62 63 64 65 131 67 68 70 72 76 77 80 82 83 84 87 88 89 90 92 93 94 97 99 101 103 105 107 110 111 113 114 115 117 119 121 123 124 125 126 127 128 129 133 134 135 136 138 145 146 147 151 152 153 154 157 160 161 162 163 164 166 167 168 169 171 172 173 174 176 178 179 182 183 186 187 191 193 194 195 197 201 203 205 207 210 212 214 215 216 221 222 223 224 225 226 227 228 230 231 232 233 234 235 236 238 239 241 244 245 246 247 249 250
44 94
45 68
46 23 49 51 58 61 62 131 67 87 89 90 101 107 119 121 124 125 127 146 147 151 152 153 154 157 160 161 163 167 171 173 174 178 186 187 191 197 207 224 231 233 241 247 249
47 50 49 51 56 58 61 62 64 131 67 76 82 83 84 87 89 90 92 94 101 107 111 113 119 121 123 124 125 127 146 147 151 152 153 154 157 160 161 163 166 167 171 172 173 174 178 186 187 191 197 201 207 210 224 226 230 231 233 241 247 249
48 36 49 51 56 58 61 62 64 131 67 76 82 84 87 89 90 92 101 107 111 119 121 123 124 125 127 146 147 151 152 153 154 157 160 161 163 167 171 172 173 174 178 186 187 191 197 201 207 210 224 226 230 231 233 241 247 249
49 89 66 51 52 55 56 58 59 61 62 63 64 65 131 67 68 69 70 72 76 77 80 82 83 84 87 88 89 90 92 93 94 97 99 101 103 105 107 110 111 113 114 115 117 119 121 123 124 125 126 127 128 129 133 134 135 136 138 145 146 147 151 152 153 154 157 160 161 162 163 164 166 167 168 169 171 172 173 174 176 178 179 182 183 186 187 191 193 194 195 197 201 203 205 207 210 212 214 215 216 221 222 223 224 225 226 227 228 230 231 232 233 234 235 236 238 239 241 244 245 246 247 249 250
50 58
51 97 66 52 55 56 58 59 61 62 63 64 131 67 68 76 77 80 82 83 84 87 89 90 92 94 101 103 107 110 111 113 114 119 121 123 124 125 126 127 129 134 136 145 146 147 151 152 153 154 157 160 161 162 163 164 166 167 171 172 173 174 176 178 186 187 191 193 195 197 201 207 210 212 215 221 222 224 226 227 228 230 231 233 235 239 241 247 249 250
52 27 56 58 61 62 64 131 67 76 82 84 87 89 90 101 107 111 119 121 123 124 125 127 146 147 151 152 153 154 157 160 161 163 167 171 173 174 178 186 187 191 197 201 207 224 231 233 241 247 249
53 64
54 65
55 54 58 61 62 131 67 87 89 90 101 107 119 121 124 125 127 146 147 151 152 153 154 157 160 161 163 167 171 173 174 178 186 187 191 197 207 224 231 233 241 247 249
56 58 66 58 61 62 64 131 67 76 80 82 83 84 87 89 90 92 94 101 107 110 111 113 114 119 121 123 124 125 126 127 134 145 146 147 151 152 153 154 157 160 161 162 163 164 166 167 171 172 173 174 178 186 187 191 193 197 201 207 210 212 215 222 224 226 228 230 231 233 239 241 247 249 250
57 24
58 35 66 59 61 62 63 64 131 67 68 76 77 80 82 83 84 87 89 90 92 94 101 103 107 110 111 113 114 119 121 123 124 125 126 127 129 134 136 145 146 147 151 152 153 154 157 160 161 162 163 164 166 167 171 172 173 174 176 178 179 186 187 191 193 195 197 201 207 210 212 215 221 222 224 226 227 228 230 231 232 233 235 239 241 247 249 250
59 33 61 62 131 67 87 89 90 101 107 119 124 125 127 146 151 152 153 154 157 163 171 173 174 178 186 187 191 197 224 231 233 241 247 249
60 63
61 32 66 62 63 64 65 131 67 68 70 76 77 80 82 83 84 87 88 89 90 92 93 94 97 99 101 103 105 107 110 111 113 114 115 117 119 121 123 124 125 126 127 128 129 133 134 135 136 138 145 146 147 151 152 153 154 157 160 161 162 163 164 166 167 168 169 171 172 173 174 176 178 179 182 183 186 187 191 193 194 195 197 201 203 205 207 210 212 214 215 216 221 222 223 224 225 226 227 228 230 231 232 233 235 236 238 239 241 244 245 246 247 249 250
62 50 66 63 64 131 67 68 76 77 80 82 83 84 87 88 89 90 92 94 101 103 105 107 110 111 113 114 119 121 123 124 125 126 127 129 133 134 136 145 146 147 151 152 153 154 157 160 161 162 163 164 166 167 171 172 173 174 176 178 179 186 187 191 193 195 197 201 207 210 212 215 216 221 222 223 224 226 227 228 230 231 232 233 235 239 241 247 249 250
63 58 131 67 87 89 90 101 107 119 121 124 125 127 146 147 151 152 153 154 157 160 161 163 167 171 173 174 178 186 187 191 197 207 224 231 233 241 247 249
64 90 66 131 67 76 80 82 83 84 87 89 90 92 94 101 107 110 111 113 114 119 121 123 124 125 126 127 134 145 146 147 151 152 153 154 157 160 161 162 163 164 166 167 171 172 173 174 178 186 187 191 193 197 201 207 210 212 215 222 224 226 230 231 233 239 241 247 249 250
65 44 131 90 101 119 127 146 152 163 171 186 224 233 241
66 50 131 67 76 82 84 87 89 90 101 107 111 119 121 123 124 125 127 146 147 151 152 153 154 157 160 161 163 167 171 173 174 178 186 187 191 197 201 207 224 231 233 241 247 249
67 48 131 68 70 76 77 80 82 83 84 87 88 89 90 92 94 97 101 103 105 107 110 111 113 114 119 121 123 124 125 126 127 128 129 133 134 136 145 146 147 151 152 153 154 157 160 161 162 163 164 166 167 169 171 172 173 174 176 178 179 183 186 187 191 193 195 197 201 207 210 212 214 215 216 221 222 223 224 225 226 227 228 230 231 232 233 235 239 241 247 249 250
68 21 131 87 89 90 101 107 119 121 124 125 127 146 147 151 152 153 154 157 160 161 163 167 171 173 174 178 186 187 191 197 201 207 224 231 233 241 247 249
69 72
70 75 131 90 101 107 119 127 146 152 154 163 171 173 186 187 191 224 233 241 247 249
71 21
72 74 127
73 28
74 95
75 77
76 69 131 80 82 83 84 87 89 90 92 94 101 107 110 111 113 114 119 121 123 124 125 126 127 134 145 146 147 151 152 153 154 157 160 161 162 163 164 166 167 171 172 173 174 178 186 187 191 193 197 201 207 210 212 215 222 224 226 230 231 233 239 241 247 249 250
77 96 131 87 89 90 101 107 119 121 124 125 127 146 147 151 152 153 154 157 160 161 163 167 171 173 174 178 186 187 191 197 201 207 224 231 233 241 247 249
78 24
79 57
80 85 131 82 83 84 87 89 90 92 101 107 111 119 121 123 124 125 127 146 147 151 152 153 154 157 160 161 163 167 171 172 173 174 178 186 187 191 197 201 207 210 224 226 230 231 233 241 247 249
81 72
82 96 131 83 84 87 89 90 92 94 101 107 110 111 113 114 119 121 123 124 125 126 127 134 145 146 147 151 152 153 154 157 160 161 162 163 164 166 167 171 172 173 174 178 186 187 191 193 197 201 207 210 212 215 222 224 226 228 230 231 233 239 241 247 249 250
83 50 131 84 87 89 90 92 94 101 107 110 111 113 114 119 121 123 124 125 127 145 146 147 151 152 153 154 157 160 161 163 166 167 171 172 173 174 178 186 187 191 193 197 201 207 210 212 215 224 226 230 231 233 239 241 247 249
84 83 131 87 89 90 92 94 101 107 110 111 113 114 119 121 123 124 125 126 127 134 145 146 147 151 152 153 154 157 160 161 162 163 164 166 167 171 172 173 174 178 186 187 191 193 197 201 207 210 212 215 222 224 226 228 230 231 233 239 241 247 249 250
85 65
86 62
87 99 131 88 89 90 92 94 101 103 105 107 110 111 113 114 119 121 123 124 125 126 127 129 133 134 136 145 146 147 151 152 153 154 157 160 161 162 163 164 166 167 171 172 173 174 176 178 179 186 187 191 193 195 197 201 207 210 212 215 216 221 222 223 224 226 227 228 230 231 232 233 235 239 241 247 249 250
88 93 131 90 101 107 119 124 125 127 146 151 152 153 154 163 171 173 186 187 191 224 233 241 247 249
89 23 131 90 92 94 101 103 107 110 111 113 114 119 121 123 124 125 126 127 129 134 136 145 146 147 151 152 153 154 157 160 161 162 163 164 166 167 171 172 173 174 176 178 186 187 191 193 195 197 201 207 210 212 215 221 222 224 226 227 228 230 231 233 235 239 241 247 249 250
90 77 131 92 94 97 101 103 105 107 110 111 113 114 119 121 123 124 125 126 127 128 129 133 134 136 145 146 147 151 152 153 154 157 160 161 162 163 164 166 167 169 171 172 173 174 176 178 179 183 186 187 191 193 194 195 197 201 207 210 212 214 215 216 221 222 223 224 225 226 227 228 230 231 232 233 235 239 241 247 249 250
91 94
92 31 131 94 101 107 110 111 113 114 119 121 123 124 125 127 145 146 147 151 152 153 154 157 160 161 162 163 164 166 167 171 172 173 174 178 186 187 191 193 197 201 207 210 212 215 224 226 230 231 233 239 241 247 249 250
93 50 127 146 224 241
94 33 131 101 107 111 113 114 119 121 123 124 125 127 145 146 147 151 152 153 154 157 160 161 163 166 167 171 172 173 174 178 186 187 191 197 201 207 210 212 224 226 230 231 233 241 247 249
95 79
96 73
97 23 131 101 107 119 127 146 152 163 171 173 186 187 191 224 233 241 247
98 55
99 44 131 101 119 127 146 152 163 186 224 233 241
100 78
101 84 131 103 105 107 110 111 113 114 115 119 121 123 124 125 126 127 128 129 133 134 136 145 146 147 151 152 153 154 157 160 161 162 163 164 166 167 168 169 171 172 173 174 176 178 179 183 186 187 191 193 194 195 197 201 205 207 210 212 214 215 216 221 222 223 224 225 226 227 228 230 231 232 233 235 236 239 241 245 246 247 249 250
102 66
103 31 131 107 119 121 124 125 127 146 147 151 152 153 154 157 160 161 163 167 171 173 174 178 186 187 191 197 201 207 224 231 233 241 247 249
104 59
105 97 131 107 119 124 125 127 146 151 152 153 154 163 171 173 186 187 191 224 233 241 247 249
106 95
107 22 131 110 111 113 114 119 121 123 124 125 126 127 129 133 134 136 145 146 147 151 152 153 154 157 160 161 162 163 164 166 167 169 171 172 173 174 176 178 179 186 187 191 193 195 197 201 207 210 212 214 215 216 221 222 223 224 226 227 228 230 231 232 233 235 239 241 247 249 250
108 76
109 90
110 66 131 111 119 121 123 124 125 127 146 147 151 152 153 154 157 160 161 163 167 171 172 173 174 178 186 187 191 197 201 207 210 224 226 230 231 233 241 247 249
111 29 131 113 114 119 121 123 124 125 126 127 134 145 146 147 151 152 153 154 157 160 161 162 163 164 166 167 171 172 173 174 178 186 187 191 193 197 201 207 210 212 215 222 224 226 228 230 231 233 239 241 247 249 250
112 100
113 90 131 119 121 123 124 125 127 146 147 151 152 153 154 157 160 161 163 166 167 171 172 173 174 178 186 187 191 197 201 207 210 224 226 230 231 233 241 247 249
114 92 131 119 121 123 124 125 127 146 147 151 152 153 154 157 160 161 163 166 167 171 172 173 174 178 186 187 191 197 201 207 210 224 226 230 231 233 241 247 249
115 50 131 127 146 186 224 233 241
116 49
117 47 127 146 224 241
118 43
119 37 131 121 123 124 125 126 127 128 129 133 134 136 145 146 147 151 152 153 154 157 160 161 162 163 164 166 167 169 171 172 173 174 176 178 179 183 186 187 191 193 194 195 197 201 205 207 210 212 214 215 216 221 222 223 224 225 226 227 228 230 231 232 233 235 236 239 241 245 246 247 249 250
120 40
121 60 131 123 124 125 126 127 129 134 136 145 146 147 151 152 153 154 157 160 161 162 163 164 166 167 171 172 173 174 178 186 187 191 193 195 197 201 207 210 212 215 222 224 226 227 228 230 231 233 235 239 241 247 249 250
122 52
123 54 131 124 125 126 127 134 145 146 147 151 152 153 154 157 160 161 162 163 164 166 167 171 172 173 174 178 186 187 191 193 197 201 207 210 212 215 222 224 226 230 231 233 239 241 247 249 250
124 99 131 125 126 127 129 133 134 136 145 146 147 151 152 153 154 157 160 161 162 163 164 166 167 169 171 172 173 174 176 178 179 186 187 191 193 195 197 201 207 210 212 214 215 216 221 222 223 224 226 227 228 230 231 232 233 235 239 241 247 249 250
125 34 131 126 127 129 133 134 136 145 146 147 151 152 153 154 157 160 161 162 163 164 166 167 169 171 172 173 174 176 178 179 186 187 191 193 195 197 201 207 210 212 214 215 216 221 222 223 224 226 227 228 230 231 232 233 235 239 241 247 249 250
126 46 131 127 146 147 151 152 153 154 157 160 161 163 167 171 173 174 178 186 187 191 197 201 207 210 224 226 231 233 241 247 249
127 88 131 128 129 133 134 135 136 138 145 146 147 151 152 153 154 157 160 161 162 163 164 166 167 168 169 171 172 173 174 176 178 179 182 183 186 187 191 193 194 195 197 201 203 205 207 210 212 214 215 216 221 222 223 224 225 226 227 228 230 231 232 233 234 235 236 238 239 241 244 245 246 247 249 250
128 97 131 146 152 163 171 186 187 224 233 241
129 85 131 146 147 151 152 153 154 157 160 161 163 167 171 173 174 178 186 187 191 197 207 224 231 233 241 247 249
130 39
131 32 133 134 136 145 146 147 151 152 153 154 157 160 161 162 163 164 166 167 168 169 171 172 173 174 176 178 179 183 186 187 191 193 194 195 197 201 205 207 210 212 214 215 216 221 222 223 224 225 226 227 228 230 231 232 233 235 236 239 241 245 246 247 249 250
132 51
133 95 146 151 152 153 154 163 171 173 186 187 191 224 233 241 247 249
134 54 146 147 151 152 153 154 157 160 161 163 167 171 173 174 178 186 187 191 197 201 207 224 231 233 241 247 249
135 99 146 186 224 233 241
136 86 146 147 151 152 153 154 157 160 161 163 167 171 173 174 178 186 187 191 197 201 207 224 231 233 241 247 249
137 48
138 90 146 224 241
139 28
140 25
141 86
142 39
143 74
144 26
145 38 146 147 151 152 153 154 157 160 161 163 166 167 171 172 173 174 178 186 187 191 197 201 207 210 224 226 230 231 233 241 247 249
146 60 147 151 152 153 154 157 160 161 162 163 164 166 167 168 169 171 172 173 174 176 178 179 182 183 186 187 191 193 194 195 197 201 203 205 207 210 212 214 215 216 221 222 223 224 225 226 227 228 230 231 232 233 235 236 238 239 241 245 246 247 249 250
147 41 151 152 153 154 157 160 161 162 163 164 166 167 171 172 173 174 178 186 187 191 193 195 197 201 207 210 212 215 222 224 226 227 228 230 231 233 239 241 247 249 250
148 67
149 80
150 33
151 37 152 153 154 157 160 161 162 163 164 166 167 171 172 173 174 176 178 179 186 187 191 193 195 197 201 207 210 212 215 216 221 222 223 224 226 227 228 230 231 232 233 235 239 241 247 249 250
152 62 153 154 157 160 161 162 163 164 166 167 169 171 172 173 174 176 178 179 183 186 187 191 193 194 195 197 201 205 207 210 212 214 215 216 221 222 223 224 225 226 227 228 230 231 232 233 235 236 239 241 245 246 247 249 250
153 71 154 157 160 161 162 163 164 166 167 169 171 172 173 174 176 178 179 186 187 191 193 195 197 201 207 210 212 215 216 221 222 223 224 226 227 228 230 231 232 233 235 239 241 247 249 250
154 87 157 160 161 162 163 164 166 167 169 171 172 173 174 176 178 179 186 187 191 193 195 197 201 207 210 212 214 215 216 221 222 223 224 226 227 228 230 231 232 233 235 239 241 247 249 250
155 31
156 72
157 84 160 161 162 163 164 166 167 171 172 173 174 178 186 187 191 193 195 197 201 207 210 212 215 222 224 226 227 228 230 231 233 235 239 241 247 249 250
158 84
159 53
160 85 161 162 163 164 166 167 171 172 173 174 178 186 187 191 193 195 197 201 207 210 212 215 222 224 226 227 228 230 231 233 235 239 241 247 249 250
161 32 162 163 164 166 167 171 172 173 174 178 186 187 191 193 195 197 201 207 210 212 215 222 224 226 227 228 230 231 233 239 241 247 249 250
162 24 163 167 171 173 174 178 186 187 191 197 201 207 210 224 226 230 231 233 241 247 249
163 88 164 166 167 169 171 172 173 174 176 178 179 183 186 187 191 193 194 195 197 201 205 207 210 212 214 215 216 221 222 223 224 225 226 227 228 230 231 232 233 235 236 239 241 245 246 247 249 250
164 54 167 171 173 174 178 186 187 191 197 201 207 210 224 226 231 233 241 247 249
165 28
166 36 167 171 172 173 174 178 186 187 191 197 201 207 210 224 226 230 231 233 241 247 249
167 91 171 172 173 174 178 186 187 191 193 195 197 201 207 210 212 215 222 224 226 227 228 230 231 233 235 239 241 247 249 250
168 61 186 224 233 241
169 29 171 173 186 187 191 224 233 241 247 249
170 68
171 69 172 173 174 176 178 179 183 186 187 191 193 194 195 197 201 207 210 212 214 215 216 221 222 223 224 225 226 227 228 230 231 232 233 235 239 241 247 249 250
172 35 173 174 178 186 187 191 193 197 201 207 210 212 215 224 226 230 231 233 239 241 247 249
173 30 174 176 178 179 183 186 187 191 193 195 197 201 207 210 212 214 215 216 221 222 223 224 225 226 227 228 230 231 232 233 235 239 241 247 249 250
174 88 176 178 179 186 187 191 193 195 197 201 207 210 212 215 221 222 224 226 227 228 230 231 232 233 235 239 241 247 249 250
175 85
176 87 178 186 187 191 197 224 231 233 241 247 249
177 70
178 70 179 186 187 191 193 195 197 201 207 210 212 215 221 222 224 226 227 228 230 231 232 233 235 239 241 247 249 250
179 59 186 187 191 197 224 233 241 247 249
180 26
181 73
182 27 224 241
183 44 186 187 224 233 241
184 27
185 35
186 38 187 191 193 194 195 197 201 205 207 210 212 214 215 216 221 222 223 224 225 226 227 228 230 231 232 233 235 236 239 241 245 246 247 249 250
187 65 191 193 194 195 197 201 207 210 212 214 215 216 221 222 223 224 225 226 227 228 230 231 232 233 235 239 241 247 249 250
188 21
189 69
190 59
191 35 193 195 197 201 207 210 212 214 215 216 221 222 223 224 226 227 228 230 231 232 233 235 239 241 247 249 250
192 70
193 40 197 201 207 210 224 226 230 231 233 241 247 249
194 84 224 233 241
195 42 197 201 207 224 231 233 241 247 249
196 92
197 24 201 207 210 212 215 221 222 224 226 227 228 230 231 232 233 235 239 241 247 249 250
198 46
199 78
200 60
201 76 207 210 212 215 222 224 226 228 230 231 233 239 241 247 249 250
202 43
203 49 224 241
204 79
205 65 224 233 241
206 24
207 28 210 212 215 222 224 226 227 228 230 231 233 235 239 241 247 249 250
208 43
209 26
210 93 212 215 222 224 226 230 231 233 239 241 247 249 250
211 62
212 91 224 226 230 231 233 241 247 249
213 21
214 21 224 233 241 247 249
215 32 224 226 230 231 233 241 247 249
216 34 224 233 241 247 249
217 86
218 27
219 79
220 34
221 88 224 231 233 241 247 249
222 93 224 226 231 233 241 247 249
223 58 224 233 241 247 249
224 77 225 226 227 228 230 231 232 233 234 235 236 238 239 241 244 245 246 247 249 250
225 62 233 241
226 87 230 231 233 239 241 247 249 250
227 99 231 233 241 247 249
228 61 231 233 241 247 249
229 83
230 75 231 233 239 241 247 249 250
231 99 233 235 239 241 247 249 250
232 93 233 241 247 249
233 39 235 236 239 241 245 246 247 249 250
234 85
235 31 241 247 249
236 69 241
237 48
238 67 241
239 50 241 247 249
240 24
241 49 245 246 247 249 250
242 82
243 97
244 86
245 21
246 86
247 41 249 250
248 100
249 84 250
250 77
