120 150
1 77 19 20 32 36 41 92 97 105 107 108 110
2 78
3 35 6 12 19 20 30 32 36 41 81 82 92 97 100 101 105 107 108 110 116
4 33
5 94 19 20 32 36 41 92 97 100 105 107 108 110
6 36 12 19 20 30 32 36 38 41 50 59 79 81 82 92 97 100 101 105 107 108 110 116
7 59
8 85
9 98
10 80
11 79
12 68 19 20 30 32 36 38 41 50 59 79 81 82 92 97 100 101 105 107 108 110 111 116
13 61
14 27
15 95
16 83
17 91
18 90
19 38 20 26 30 32 36 38 41 50 59 71 77 79 81 82 92 96 97 100 101 105 107 108 110 111 116
20 93 26 30 32 34 36 37 38 41 50 59 71 77 79 81 82 92 96 97 100 101 105 106 107 108 110 111 116 119
21 22
22 35
23 38
24 100
25 26
26 35 32 36 41 92 97 100 105 107 108 110 116
27 64
28 40 36 97 110
29 79
30 49 32 36 38 41 50 59 71 77 79 81 82 92 96 97 100 101 105 107 108 110 111 116
31 88
32 41 36 37 38 41 50 59 71 77 79 81 82 92 96 97 100 101 105 106 107 108 110 111 116 119
33 28
34 62 36 92 97 107 110
35 78 36 97 107 110
36 65 37 38 41 43 50 51 59 67 71 77 79 81 82 92 96 97 100 101 103 105 106 107 108 109 110 111 114 116 118 119
37 90 41 92 97 105 107 108 110
38 35 41 81 82 92 97 100 101 105 107 108 110 116
39 50
40 62
41 91 50 59 71 77 79 81 82 92 96 97 100 101 105 106 107 108 110 111 116 119
42 57
43 60
44 50
45 28
46 77
47 97
48 35
49 40
50 21 59 79 81 82 92 97 100 101 105 107 108 110 116
51 73 97 107 110
52 30
53 75
54 50
55 27
56 58
57 59
58 94
59 60 79 81 82 92 97 100 101 105 107 108 110 116
60 55
61 89
62 84
63 91
64 65
65 99
66 89
67 83
68 47
69 52
70 24
71 66 92 97 100 101 105 107 108 110 116
72 98
73 51
74 21
75 23
76 78
77 41 92 97 100 105 107 108 110 116
78 99
79 52 81 82 92 97 100 101 105 107 108 110 116
80 36
81 69 82 92 97 100 101 105 107 108 110 111 116
82 70 92 97 100 101 105 107 108 110 111 116
83 91
84 54
85 38
86 98
87 57
88 64
89 76
90 61
91 31
92 27 96 97 100 101 105 106 107 108 110 111 116 119
93 23
94 22
95 61
96 65 97 100 101 105 107 108 110 116
97 35 100 101 103 105 106 107 108 109 110 111 114 116 119
98 37
99 75
100 54 101 105 107 108 110 111 116
101 97 105 107 108 110 111 116
102 45
103 78 107 110
104 22
105 79 106 107 108 110 111 116 119
106 76 107 110
107 81 108 109 110 111 114 116 119
108 78 110 111 116 119
109 41 110
110 59 111 114 116 119
111 28 116
112 58
113 90
114 78
115 57
116 63
117 24
118 27
119 79
120 67
