120 150
1 60 62 26 63 89 6 76 29 39 112 100 18 65 78 55 77 40 3 36 27 114 30 85 25 91 84 10 41 32 28 113 53 97 11 120 116 22 48 117 50 104 35 82 52 109 111 105 71 107 108 75 79 54 93 118 106 67 99 14 72 90 33 2 37 8 4 74 16 94 59 102 64 119 73 47 17 56 19 87 23 5 80 70 46 21 101 7 15 98 9 66 96 110 88 34 12 83 81 51 58 43 31 24 95 44 92 69 61 60 115 20 57 38
2 82 15 96 5 101 22 71 69 43 32 51 10 42 76 92 62 60 37 111 45 53 61 110 25 75 35 106 63 81 103 16 59 74 65 83 44 107 58 70 90 86 39 117 97 112 72 48 105 47 85 24 114 102 73 8 78 80 50 23 52 115 108 9 109 104 29 82 56 40 119 46 12 20 18 34 57 66 27 31 54 94 91 7 3 6 100 21 14 113 120 17 64 49 33 93 30 118 36 4 99 68 41 116 28 38 26 19 77 55
3 39 41 99 59 117 89 86 115 116 43 56 4 85 51 58 72 49 87 53 101 8 15 74 100 88 82 47 7 50 66 16 104 48 80 78 68 52 107 45 30 61 67 105 94 46 108 9 77 98 114 96 32 19 28 63 112 109 70 120 111 92 26 102 62 44 35 18 38 76 31 103 55 13 79 17 118 39 36 93 113 14 24 29 65 5 37 64 90 57 10 42 21 95 40 34 83 25 110 23 60 22 71 91 6 73 20
4 69 39 106 61 96 34 83 16 99 69 40 65 115 111 114 11 78 70 117 6 19 51 104 110 79 18 50 48 80 17 67 119 24 74 8 92 75 72 85 10 102 60 22 108 90 82 52 46 84 95 77 63 53 32 7 88 98 103 116 64 13 81 29 36 113 94 21 5 105 68 25 49 56 91 62 27 112 87 57 100 101 58 44 9 14 37 41 45 73 76 12 66 47 31 20 54 59 109 33 86 42 30 93
5 35 81 69 41 96 73 51 32 57 118 31 49 17 37 7 110 77 44 100 70 34 93 43 83 109 56 89 53 45 113 13 30 54 26 98 106 79 10 88 67 99 119 75 11 80 18 21 97 42 58 68 35 101 74 103 114 14 108 102 24 117 115 87 64 92 62 8 90 9 47 27 91 36 86 12 52 107 6 72 105 66 85 94 19 23 50 78 65 55 40 104 29 111 82 48 63 71 15 46 33 60 84 20 112 95 39
6 76 101 21 71 70 37 42 67 59 43 13 100 93 14 105 60 85 56 49 114 15 54 16 110 12 46 29 78 44 62 63 48 8 31 50 11 18 83 10 106 111 74 84 104 108 19 24 107 57 88 97 118 52 112 72 90 35 39 40 89 68 28 120 81 47 94 9 91 80 82 41 58 23 116 109 20 32 102 53 95 117 92 27 69 33 66 103 38 26 99 86 98 113 64 87 17 119 65 45 96 7 51 22 30 79
7 31 19 76 95 83 36 28 66 65 22 73 102 69 12 56 80 45 58 116 25 53 43 117 48 11 16 104 49 100 89 26 70 99 63 23 60 93 54 110 37 94 114 101 51 67 35 96 30 10 119 42 15 120 29 27 71 115 17 20 62 78 9 87 92 14 21 64 105 82 40 33 32 111 31 113 86 57 34 59 88 103 13 41 108 81 90 98 50 52 112 118 79 8 109 68 106 75 18 55 84 44
8 56 16 83 86 36 21 28 20 77 85 14 97 12 61 89 44 46 38 103 15 94 19 116 90 64 87 10 111 108 69 115 112 33 67 40 41 27 52 84 71 66 47 39 109 79 72 107 43 88 114 63 120 68 48 96 25 60 11 29 106 49 76 102 53 34 54 55 104 113 17 35 45 75 32 58 119 37 73 65 31 26 105 9 50 91 56 118 110 22 82 59 78 117 100 80 98 95 101 57 99 62 92 24
9 69 80 56 60 90 117 85 91 119 13 112 18 40 68 74 96 78 107 22 19 30 57 106 62 118 86 114 95 28 32 47 12 43 44 53 59 16 41 100 52 120 82 46 94 17 14 105 35 65 101 103 113 71 115 50 84 88 58 76 67 99 63 109 33 24 93 23 10 64 26 75 72 81 37 70 83 49 20 61 98 102 104 36 97 45 79 66 55 11 51 25 89 38 69 27 111
10 61 76 106 12 71 80 38 60 120 25 30 52 112 86 74 55 97 79 63 50 31 42 48 110 32 72 46 81 109 61 92 108 34 64 90 15 56 20 53 45 40 18 13 94 89 33 44 114 116 39 102 23 36 21 91 95 107 101 82 118 67 77 83 24 49 111 65 62 75 22 119 28 100 93 113 98 73 19 37 99 57 88 103 78 11 70 87 84 115 69 47 27 85 26 96 59 41 58 29 104 66 105
11 35 110 44 65 43 91 57 81 41 89 73 95 24 120 116 98 26 15 32 83 47 112 96 63 54 14 103 39 75 80 23 119 114 52 71 37 61 25 34 118 68 115 99 101 21 85 19 31 13 97 30 42 16 20 18 36 53 66 93 55 108 90 107 48 111 78 72 51 22 105 70 29 62 82 38 84 69 106 79 50 102 86 76 58 56 100 40 27 49 88 109 87 46 77 45 59 64 28 113 67 104 12 117 60
12 26 59 52 119 49 42 61 43 98 96 57 84 67 17 69 23 64 19 88 65 78 20 55 107 113 103 41 75 80 27 62 94 36 77 70 40 109 60 106 54 97 118 32 104 90 72 117 46 31 25 24 51 44 111 108 112 47 76 87 28 39 38 74 79 81 50 66 101 91 99 22 110 63 68 82 35 34 115 116 58 85 71 13 93 100 37 26 30 29 95 73 18 86 21 114 83 16 48 89 15 120
13 98 98 87 62 15 77 59 46 21 74 43 93 78 16 116 103 60 120 51 73 20 30 76 45 65 101 97 57 63 92 26 47 79 25 52 108 105 100 81 72 67 38 17 112 48 31 95 40 70 94 106 68 29 109 61 113 37 115 36 80 19 44 56 34 27 107 82 58 35 55 117 114 69 66 71 33 54 28 90 64 14 83 75 23 49 89 22 86 85 42 99 88 50 53 39 24 104 32 41
14 94 112 114 120 85 82 79 36 41 86 96 119 21 25 111 97 53 104 20 27 95 71 56 46 22 40 92 31 37 58 55 65 74 90 54 26 16 113 62 35 32 108 66 52 18 118 98 42 83 64 117 107 80 50 67 70 88 57 24 69 105 19 33 38 59 63 102 45 44 29 103 87 109 116 106 100 101 93 61 49 72 39 99 17 60 23 115 48 15 47 43 94 91 89 68 78 51 84 73
15 46 87 67 49 51 18 65 92 57 72 46 84 54 113 53 112 114 40 52 70 63 16 89 91 83 109 73 24 108 59 101 64 39 74 37 32 20 97 26 36 107 56 23 96 61 38 50 82 62 81 17 120 31 48 103 55 118 34 22 35 117 69 33 21 79 119 27 42 71 19 66 76 28 58 77 90 106 80 115 110 116 47 45 104 29 78 41 93 25 30 68 86
16 49 103 33 109 83 70 81 88 43 115 108 60 50 104 19 87 100 75 34 20 80 31 69 96 84 113 90 53 77 52 56 51 110 112 72 117 114 18 65 66 64 42 95 71 54 48 101 120 76 23 73 102 17 91 58 40 63 116 62 97 74 119 92 37 25 41 36 94 22 47 79 106 67 21 55 30 26 99 49 78 46 45 28 24 29 86 105 118 38 89 57 111 85 27 93
17 29 44 85 30 39 54 83 23 98 58 65 63 111 86 18 55 62 87 38 81 34 110 52 31 84 73 118 94 29 33 32 102 104 53 70 61 37 117 105 76 120 24 103 99 75 93 74 89 115 42 92 19 43 22 77 79 100 91 36 88 45 109 40 72 80 116 47 71 25 21 96 57 69 50 113 66 107 41 35 26 68 64 59 108 56 95 48 46 49 82 90
18 67 72 85 51 50 97 32 79 81 59 80 100 69 108 41 73 104 86 119 63 24 83 70 91 102 45 29 46 37 28 114 31 106 87 117 65 92 19 89 26 60 54 103 78 77 58 40 42 68 109 120 57 66 35 107 71 61 21 27 22 47 49 39 111 90 96 93 94 116 36 53 95 48 34 44 52 67 30 74 20 62 33 88 98 84 75 110 118 55 64
19 64 112 50 107 40 80 63 82 61 20 29 46 41 113 44 56 91 79 26 92 36 114 55 116 95 88 23 101 100 73 103 54 72 97 85 87 42 109 111 90 48 47 38 27 31 59 35 83 105 24 119 106 62 81 75 34 89 22 57 28 99 65 71 68 32 78 60 39 64 21 66 120 53 33 25 77 69 74 98 118 52 86 43 37 84 45 115 67 108 117 96 76 49 93 30 104
20 27 97 93 120 23 67 82 36 25 116 39 55 115 66 62 65 78 29 51 50 24 41 102 103 88 107 46 47 42 28 48 92 43 83 113 77 54 21 119 53 76 57 49 114 118 99 31 58 112 95 33 22 80 75 89 105 98 60 104 87 37 61 71 26 81 94 109 63 32 30 38 108 73 91 110 111 34 86 74 45 52 64 35 59 100 72 96 56 69
21 45 46 64 81 103 37 65 36 112 54 59 45 60 85 109 78 34 93 30 75 51 52 55 62 26 31 70 86 67 57 74 104 92 79 91 39 116 56 102 88 63 43 53 33 80 120 84 108 29 35 24 50 27 110 105 106 22 89 115 107 49 96 97 94 117 83 98 82 23 76 73 72 68 113 44 71 38 100 114 101 119 28 25 87 48 41 69 111 61
22 32 44 57 120 45 119 99 72 96 113 69 109 66 60 91 50 116 40 95 65 39 62 117 103 105 81 46 25 38 118 32 49 84 26 86 100 98 112 78 52 115 48 111 59 79 106 31 47 74 58 94 53 89 90 87 64 55 83 88 67 29 56 71 41 110 36 63 61 37 108 24 102 42 77 97 23 104 75 27 70 80 35 28 76 93 92 43
23 99 76 39 65 78 82 26 66 46 29 52 45 28 108 105 57 100 72 51 80 40 59 102 60 86 35 103 98 120 93 50 68 112 49 30 69 73 95 81 27 75 34 38 25 92 117 48 63 70 113 33 115 55 101 44 24 87 41 77 43 107 37 61 64 91 85 79 32 71 47 96 42 53 31 89 106 74 58 110 83 104 94 97 109 54 56 88 90 62 119 36 114 116
24 84 61 78 72 58 120 31 37 84 90 62 55 117 26 46 40 52 33 81 91 65 34 77 48 100 95 28 49 104 80 64 115 42 25 93 75 97 86 69 68 113 39 35 119 71 47 116 54 114 98 118 108 111 82 89 53 92 45 105 112 103 102 56 70 41 51 79 43 83 29 66 60 109 30 63 67 96 106 85 94 99 44 76 87 50 38
25 23 31 55 91 107 36 50 105 103 40 96 41 109 100 49 28 87 60 95 71 83 69 58 93 110 64 86 29 54 97 99 81 92 117 30 98 63 59 79 84 108 57 46 43 88 89 47 66 45 39 34 76 102 113 37 32 51 94 101 62 75 72 48 116 82 73 106 68 42 77 111 90 115 35 104 26 67 70 85 61 120 44 74 33 53 38 65
26 65 108 35 45 58 47 81 31 104 52 80 90 96 115 78 55 94 43 56 111 92 59 77 88 67 39 61 75 87 49 116 113 36 105 107 110 114 46 79 86 118 102 97 34 73 70 98 72 69 101 117 103 38 71 74 106 64 42 112 28 54 120 41 32 95 82 89 66 29 30 60 85 57 62 53 119 44 68 99 27 100 40 93 76 84 37 50 33
27 100 86 42 45 40 115 51 117 59 46 54 94 30 49 118 72 29 87 28 57 110 65 119 109 103 79 32 53 75 92 74 102 35 64 97 101 113 82 37 96 81 44 98 100 93 83 60 105 33 71 76 50 95 63 61 78 47 48 70 67 73 31 91 56 90 58 85 52 99 84 36 34 77 114 112 38 41 68 66 62
28 81 59 116 86 84 49 30 81 83 57 54 39 53 41 112 70 78 74 117 55 102 38 34 91 106 97 80 65 69 63 52 99 98 76 100 87 96 68 33 77 45 71 48 108 44 66 90 56 73 32 119 51 31 110 88 115 107 93 118 40 75 109 58 29 35 36 43 103 105 67 85 92 82 37 62 113 95 50 42 60 94 104
29 83 118 49 41 64 83 78 36 99 57 110 71 59 63 77 112 81 67 31 55 72 120 42 52 109 35 79 61 108 38 44 51 82 32 96 104 33 86 98 73 66 115 60 119 114 103 39 90 106 37 54 107 70 45 50 88 69 65 74 80 105 56 111 93 89 100 94 76 68 43 75 47 30 62 117 102 116 84 113 87
30 48 56 87 106 116 107 85 98 115 113 40 99 81 90 110 86 41 32 73 104 77 52 64 78 120 84 79 43 72 42 93 33 61 97 80 105 37 88 91 101 111 83 65 49 82 48 45 34 74 58 67 89 63 112 118 57 117 38 47 35 51 39 62 75 114 76 55 94 50 31 119 108 68 70 36 44 103 66 92 60
31 92 63 41 80 113 43 53 77 51 72 59 79 61 69 114 111 104 81 106 96 44 118 85 35 39 33 52 84 49 48 117 100 47 38 83 73 109 87 86 56 76 70 98 102 67 82 103 119 57 90 115 108 64 97 78 120 55 42 68 54 45 112 60 99 58 95 94 46 75 71 89 34 36 107 101 37 65 40 88 110 92 32 50 66
32 42 74 118 43 56 61 72 88 79 99 109 54 68 77 81 104 111 71 120 45 114 113 80 73 38 107 119 41 69 92 105 52 53 50 34 33 86 40 96 115 97 35 63 48 37 85 70 82 83 98 108 89 84 100 47 65 116 60 112 103 90 110 117 76 51 59 49 78 75 62 101 67 95 42 44 87 39 66 55
33 29 46 119 44 83 68 41 80 79 103 112 39 105 35 72 90 73 42 81 67 56 36 64 53 85 75 78 37 87 55 76 97 59 61 104 100 57 60 65 66 69 99 108 54 89 113 110 74 50 51 86 52 77 116 82 94 43 47 93 117 84 114 95 58 115 48 88 107 34 92 62 71 111 49 45 91 63 109 120 96 70 118 102
34 30 40 115 110 57 103 85 75 51 77 66 107 74 37 81 55 83 80 104 88 100 108 60 65 97 72 118 41 116 76 64 44 49 106 56 117 99 39 35 53 36 79 59 92 95 105 46 101 48 93 114 112 86 68 43 50 70 67 120 78 94 63 38 84 98 69 82 87 47 71 54 89 58 73
35 26 78 68 98 105 108 37 100 51 113 104 63 70 44 71 42 101 43 45 106 76 69 110 117 79 60 75 53 41 47 119 83 115 46 54 82 97 49 36 112 90 96 81 86 48 59 64 55 66 95 92 65 52 118 73 111 107 58 39 57 62 38 40 88 89 103 50 99 93 77 102 61 120 116 114 84 94 56 74
36 44 86 97 93 46 83 78 69 88 75 120 56 73 68 80 116 89 112 94 41 70 102 82 59 64 104 95 53 111 90 55 105 114 118 92 100 49 61 48 74 87 37 106 57 45 101 119 113 44 62 77 81 42 63 91 84 71 40 79 117 43 50 96 99 54 107 115 85 72 58 98 38 65 39 51 52 67
37 21 97 89 91 81 53 68 95 76 120 70 62 46 100 105 47 112 94 98 71 103 96 67 41 61 43 79 116 63 54 104 73 84 64 48 50 113 118 65 90 59 66 111 115 80 78 40 42 86 114 87 117 55 52 75 56 49 72 58 119 85 110 99 74 77 107 57 92 44 39 38 51
38 37 110 89 111 62 104 70 72 51 42 80 73 59 39 48 43 92 96 107 74 52 114 93 49 87 97 119 109 116 102 100 60 117 64 50 103 112 84 106 91 45 115 82 40 94 47 95 86 79 41 44 88 99 77 98 75 56 54 76 68 120 46 65 101 66 53 55 113 63 67 61 105 57 90 69 78
39 96 111 40 103 57 41 56 98 84 80 59 67 115 82 118 58 106 117 55 92 104 77 43 97 49 76 83 69 78 79 64 75 107 108 94 54 99 52 63 91 110 61 87 109 60 105 114 120 65 42 70 86 96 72 102 62 51 113 53 88 116 85 46 100 71 45 47 50 101 90 95
40 70 66 49 99 96 86 95 83 50 68 44 115 102 103 106 60 110 104 90 84 71 52 109 120 43 112 114 91 47 82 62 64 55 94 70 107 113 108 73 41 100 67 87 118 80 61 98 79 89 88 93 58 119 51 45 54 81 92 48 56 46 42 57 85 74 76 59 77 72 105 78 111 97 63
41 94 60 84 75 62 71 93 70 92 57 61 114 81 96 50 99 44 107 72 119 43 116 48 108 113 42 58 98 74 91 105 79 66 100 86 115 78 83 94 55 90 97 56 63 69 120 82 52 54 111 59 118 64 95 73 51 117 65 87 89 103 68 53 80 76 88 67 77 102 110 45 109
42 30 84 107 54 90 96 117 118 92 59 98 55 104 114 65 88 48 66 112 99 76 44 60 113 110 71 57 120 70 64 46 43 94 116 82 91 69 49 68 47 106 108 50 67 53 119 95 75 72 115 87 93 58 109 79 78 103 83 56 101 61 45 80 73 63 62 111 105 52 81 102 89 97 100 74
43 77 95 74 103 107 116 64 53 73 111 80 106 120 54 105 93 119 96 49 89 86 77 71 47 67 69 51 115 84 78 110 98 75 104 79 101 63 50 52 109 61 83 99 68 45 65 48 112 70 76 46 102 87 100 97 56 72 60 108 118 90 114 88 44 82
44 27 95 67 52 118 120 82 92 71 48 85 45 107 114 91 83 53 66 104 100 79 101 74 63 117 51 89 55 119 112 111 56 94 98 61 84 80 90 105 97 54 65 106 113 57 110 86 46 96 75 68 102 64 108 87 70 47 77 49 76 73 59 78 81 115 69 99 116
45 39 60 120 84 107 91 98 58 68 64 46 49 111 97 70 57 47 55 93 90 109 86 65 61 74 87 113 95 78 53 79 92 108 118 99 66 62 75 88 117 63 103 54 69 72 80 67 105 52 96 114 94 106 71 81 116 56 104 77 110 73 119 101 102 83 50 82 89 112 115 85
46 22 120 103 97 54 67 82 93 100 69 91 90 102 62 109 99 88 110 74 94 56 95 77 71 47 85 104 92 50 64 84 66 101 98 86 73 107 112 89 51 52 60 116 63 78 105 108 76 68 53 115 87 111 117 113 61 57 119 81 79 118 75
47 56 56 55 102 75 118 49 112 94 77 104 61 58 60 106 64 108 81 68 103 99 105 119 52 70 120 66 78 71 95 86 59 53 111 67 98 100 57 65 92 69 114 90 83 80 91 74 48 87 109 50 113 89 84 97 79 73 115 116 63 110 117 62 96 88 82 101 51 85 107 72
48 49 64 100 94 117 67 88 97 113 99 115 66 63 103 110 105 73 106 62 72 84 49 118 82 57 98 101 60 90 116 109 54 61 112 120 75 56 107 95 74 92 76 59 81 89 79 119 102 51 85 86 96 71 114 108 68 65 53 78 80 77 70 58 93 87
49 85 88 96 97 98 92 87 73 114 59 94 79 106 99 119 86 51 109 80 63 75 120 74 90 55 103 78 81 57 64 65 115 116 68 113 76 110 58 91 54 107 82 71 111 118 89 112 85 95 104 84 101 66 53 117 77 56 67 50 61 60 83 105 100 72 62 69
50 20 97 116 61 72 63 112 115 75 84 60 120 90 109 88 67 79 69 52 81 105 89 83 78 51 71 91 74 117 62 73 118 102 107 77 101 82 98 80 113 108 65 111 92 53 87 119 70 106 114 66 104 95 68 76 96 99 100 94 56 58 86 64
51 72 89 58 96 73 83 65 86 85 87 119 103 106 102 88 70 95 116 68 114 67 111 91 54 71 120 100 80 55 52 78 74 104 81 82 101 97 59 57 84 56 90 115 117 105 63 112 77 110 99 53 98 107 108 62 69 75 109 93 72 60 66
52 46 55 99 102 75 114 61 116 62 60 79 70 85 82 112 72 53 97 88 109 119 106 105 110 111 101 76 66 68 96 69 118 100 65 104 108 71 103 89 98 80 87 93 90 92 91 58 94 74 63 95 73 107 67 84 77 59 115 56
53 48 101 93 61 88 82 75 66 115 120 69 108 87 64 54 55 94 63 67 86 116 114 83 58 89 78 80 118 70 71 111 103 57 100 110 113 81 74 112 76 84 109 107 79 62 73 98 77 96 102 56 117 91 99 65 60 104 92 90 95
54 70 72 97 69 110 84 112 101 77 71 111 88 83 98 113 107 108 96 80 59 74 92 85 78 95 86 68 120 65 117 76 70 102 116 67 100 87 99 81 93 63 82 114 91 94 57 64 105 103 115 62 89 73 109 61 118 104 56 58 66
55 29 70 118 75 89 79 66 92 63 102 91 120 81 108 103 88 56 101 112 71 78 82 60 111 73 116 65 64 74 117 98 106 110 97 96 69 95 113 86 58 72 115 83 80 62 87 84 57 109 59 105 77 100 94 114 104 90 99 85
56 51 70 109 105 92 67 117 95 120 115 77 78 74 100 104 83 110 65 91 72 89 88 116 113 63 101 118 93 90 58 98 66 79 71 114 87 108 76 86 81 99 64 73 103 61 75 69 84 80 57 107 111 59 106 60 102 119 112
57 34 75 79 106 89 69 81 60 104 95 101 70 78 61 100 119 88 76 86 62 93 71 116 109 112 64 67 98 65 107 110 77 105 87 58 66 114 91 120 80 83 99 117 96 74 84 68 113 63 92 97 102 82 90
58 44 88 62 97 89 83 109 91 70 72 61 105 92 68 73 100 65 104 60 63 67 79 93 82 103 76 101 114 115 87 102 110 86 120 66 94 75 69 85 71 98 59 112 106 78 111 95 116 107 96 84 74 99 77
59 31 101 83 84 71 114 118 102 72 73 96 100 113 105 97 77 68 92 109 80 90 61 85 79 99 62 111 104 69 63 103 70 88 107 106 78 91 76 64 95 81 60 86 66 87 117 119 93 67 120
60 97 102 107 76 100 96 120 117 85 70 115 74 72 78 67 95 118 91 83 114 106 88 94 71 108 99 62 63 104 81 97 64 111 116 61 103 101 105 112 69 89 65 90 79 109 113 87 92 119 66 73 68 82 93 86 80
61 72 77 76 95 90 119 93 120 66 108 116 84 104 83 70 82 73 89 106 98 78 110 63 94 85 118 107 86 102 112 100 62 101 80 97 81 69 103 88 109 117 68 99 64 114 92 113 91 72 67 71 96
62 38 81 76 113 101 115 82 73 72 64 83 77 87 71 85 78 102 90 105 75 97 63 79 120 93 74 84 103 95 94 117 69 108 68 118 80 99 112 106 111 86 96 114 66 92 116 119 98
63 55 84 93 95 75 100 64 76 104 68 111 85 73 87 78 113 89 97 105 96 109 67 69 80 70 92 102 77 79 119 71 103 83 112 74 81 108 66 86 116 107 91 99 110 82 106 72 101 115 94 114 90 88
64 81 71 110 65 96 68 112 101 72 78 98 75 111 81 119 82 76 94 66 109 105 120 113 77 74 67 88 106 73 83 102 116 104 90 100 97 89 80 91 117 108 115 70 92 93 95 86 114 99 79 69
65 64 74 90 106 95 115 119 83 85 110 76 68 113 105 104 97 94 88 66 79 117 116 70 99 108 78 77 118 120 84 102 69 92 89 73 93 111 103 114 81 87 109 101 112 67 72 71 100 75 98 80 91
66 61 83 87 75 72 97 118 99 77 103 80 115 108 100 85 117 94 84 79 74 120 98 89 76 110 70 91 86 93 114 102 82 101 67 107 81 116 73 111 92 68 69 88 113 78 119 96 109 90 95 112 71 104
67 40 118 105 102 89 120 79 110 91 82 119 85 78 108 113 81 112 99 86 84 97 69 104 107 100 111 103 114 96 101 109 80 70 117 94 76 95 88 73 90 71 92 72 116 93 87 115 98 74 75 77 106
68 66 72 103 112 100 114 97 109 117 77 70 104 71 95 91 119 118 87 94 92 78 79 82 80 105 120 101 89 96 85 98 84 113 90 106 76 115 73 81 69 110 75 88 83 99 107 93 108
69 95 86 118 98 115 111 99 109 101 110 100 105 82 114 95 71 106 104 81 78 96 88 89 116 93 85 73 102 112 108 103 91 94 76 84 80 83 79 113 70 90 92 87 77 97 120 72 74 75
70 51 96 83 106 72 107 91 89 75 108 105 97 81 101 115 104 109 84 99 92 74 112 102 94 88 90 86 71 103 77 120 93 80 76 82 114 79 87 110 100 78 117 116 113 85 118 111 119
71 51 79 118 80 107 109 115 90 116 87 117 85 106 108 113 97 81 94 91 73 86 105 89 75 83 88 82 76 114 104 119 101 84 72 111 74 93 120 92 112 96 103
72 23 87 101 99 105 89 110 95 112 108 78 84 119 111 88 109 77 74 98 104 113 117 82 81 114 92 116 85 106 83 103 107 76 94 102 93 86 73 91 80 97 75 90 120
73 77 106 117 85 104 101 88 93 76 98 91 77 78 113 75 89 108 86 94 84 83 109 110 102 119 95 112 118 79 99 120 97 81 111 90 114 116 96 87 80 105 103 82 92
74 43 101 75 99 86 118 91 109 97 76 117 105 120 112 85 110 111 81 78 84 100 114 108 119 96 82 107 104 113 80 115 87 98 89 88 79 102 116 95 92 90 83
75 30 87 102 90 117 76 103 111 81 98 97 100 114 115 104 83 80 92 84 91 93 77 108 120 112 78 85 109 88 107 105 89 113 119 116 96 110 106 82 95 79
76 96 118 78 80 117 88 87 107 111 97 115 86 100 106 84 93 108 98 81 101 114 120 92 83 112 94 116 79 109 95 99 102 77 110 82 96 119 85 90 113 103 104 89
77 45 83 111 100 109 94 93 84 78 119 114 86 87 91 115 102 95 105 107 90 81 89 99 98 88 108 110 113 97 104 112 82 101 116 85 120 79 106 118 92
78 67 118 79 108 112 91 107 113 83 85 120 98 81 80 117 115 94 119 101 109 93 111 105 106 95 96 84 89 102 87 90 86 110 88 100 103 116 104
79 60 109 82 87 113 85 106 120 104 92 93 110 103 99 100 88 115 116 90 96 114 94 119 97 95 107 112 86 105 84 81 118 101 98 111 108 117 102
80 46 102 93 81 117 116 109 87 90 105 83 118 86 97 94 88 99 100 115 107 89 91 114 103 111 84 96 85 112 95 101 120 110 113 104 92 82 106 108
81 83 92 118 104 96 91 111 98 88 101 94 117 113 107 114 95 82 115 120 109 106 110 100 97 108 116 86 87 93 119 83 105 103 84 112 102 89
82 47 117 98 102 110 118 108 99 115 105 91 94 119 85 116 106 111 89 96 88 86 103 90 120 87 107 84 83 97 109 104 101 113
83 72 110 108 98 97 92 95 114 118 117 105 119 120 103 111 88 85 93 102 84 100 116 104 109 94 101 107 106 115 89 112 90 99 91 96
84 30 107 87 112 96 114 94 93 117 106 91 101 100 109 103 108 119 97 86 95 113 88 120 90 110 102 116 115 111 104 105 92 85 118 99
85 98 117 107 109 110 91 100 105 92 119 95 96 118 115 99 94 108 103 97 111 113 120 90 106 116 112 93 88 86 102 101 87 89
86 97 109 114 100 93 111 97 88 90 105 94 91 116 92 102 87 112 108 107 118 110 98 115 96 117 103 99 113 104 95 101 89 119 120
87 78 120 110 117 113 88 106 115 92 112 98 90 114 91 96 95 107 103 89 108 105 101 97 94 102 109 119 116 99 104 100 111 118 93
88 47 103 109 113 119 89 118 94 120 108 104 115 106 114 116 117 100 96 110 95 102 90 107 99 97 112 105 93 111 98 91
89 40 112 104 96 107 115 117 103 109 102 90 108 101 114 113 94 120 98 93 110 95 111 106 119 99 100 91 116 105 97 92
90 24 120 102 91 96 114 101 93 118 106 105 100 107 92 110 113 115 103 119 97 111 94 117 95 104 108 116 112 109 99
91 60 100 112 98 104 108 119 95 118 109 99 117 103 116 113 107 115 111 96 110 93 105 106 97 120 114 94
92 27 107 113 103 108 117 114 98 100 120 102 93 104 99 105 112 110 101 116 106 96 111 115 94 95 118
93 43 102 118 105 109 115 99 94 107 108 104 103 113 112 111 120 97 100 98 116 95 110 117 119 106 96 101
94 30 117 112 116 98 106 113 115 107 100 108 97 101 111 120 114 118 96 110 104 105 119 102
95 23 99 102 115 113 119 111 97 105 118 106 100 109 120 117 108 96 110 107 116 98 103 114 112 101
96 87 107 115 110 117 100 118 98 105 111 102 106 112 108 116 113 104 109 119 99 97 101 120 114 103
97 71 113 110 118 105 98 108 107 106 99 102 116 101 103 117 115 104 112 109 100
98 43 118 114 119 111 110 102 100 120 101 103 109 99 105 113 117 108 115 104 107 106
99 68 112 105 106 101 108 107 120 102 110 116 117 103 100 114 111 113 109 118 115 119
100 81 120 104 107 101 106 102 109 110 116 113 111 119 103 117 105 114 112 115 108
101 90 119 120 104 111 110 117 109 105 114 112 115 113 116 103 106 107 102 118 108
102 100 115 111 112 106 120 108 114 104 119 110 105 117 107 118
103 20 115 120 114 106 117 116 119 104 108 110 107 118 112 111
104 66 105 108 115 116 119 110 107 106 109 120 117 112 113 118 114
105 42 115 110 118 108 119 113 111 106 120 107 116 114 112 109 117
106 30 113 118 108 116 117 109 111 112 110 119
107 77 115 118 111 120 109 113 117 112 116 114 119 110
108 84 113 118 112 120 115 114 109 117 110 111 119
109 93 116 120 113 111 119 115 114 110 112 117 118
110 53 118 116 119 120 117 111 112 115 113
111 45 120 117 112 116 114 113 119 118
112 91 119 120 118 115 116 114 117
113 80 119 120 115 118 116 114 117
114 32 116 117 118 120 115
115 37 116 119 118 117
116 93 119 118 117
117 44 119 118
118 95 119 120
119 56 120
120 64
