120 150
1 48 49 22 35 57 24 110 34 58 81 20 29 102 7 33 46 86 10 16 118 72 68 13 40 42 3 31 95 14 8 115 77 84 64 73 97 59 75 109 26 82 27 100 85
2 53 107 4 61 49 22 14 75 45 17 29 92 87 51 39 5 65 44 76 57 47 6 43 90 67 114 105 78 96 38 59 72 81 62 95 73 28 12 86 18 102 103 120 23 15 55 94 3 111 42 20 110 41 64
3 60 70 84 44 74 35 100 102 72 22 29 90 15 45 76 30 95 9 36 120 75 50 21 98 60 41 65 11 78 8 33 26 99 103 104 12 54 92 114 91 38 18 4 71 7 19 101 20 40
4 21 39 92 100 89 36 63 107 114 14 10 34 15 30 65 54 96 59 35 74 27 25 53 17 90 22 38 19 102 82 49 55 16 72 81 66 6 95 103 108 67 84 116 112 5 29 48 115
5 29 89 45 52 42 116 114 72 58 25 26 115 10 55 6 75 47 104 102 27 77 113 98 39 15 36 86 88 31 106 40 62 30 18 101 80 61 44 71 22 59 65 43 79 73 84 110 103 117 23 94 97 57 32
6 21 65 54 43 11 15 62 22 103 101 64 31 116 83 81 57 51 18 89 115 102 94 52 59 93 107 7 8 118 27 19 100 61 109 29 76 111 63 30 82 13
7 70 93 79 49 50 13 77 71 73 38 98 65 63 102 72 111 60 33 107 35 116 15 45 53 54 51 82 43 104 68 24 87 117 55 118 95 120 69 34 85 48 22 9 17 62 75 58
8 40 39 19 63 106 27 9 12 96 109 49 69 55 104 107 78 57 60 42 74 65 13 44 103 88 38 90 59 117 102 68 32 113 93 97 98 95 82 76 110 35 81 75 54 50 46 64
9 44 16 22 43 12 15 41 17 83 88 111 33 75 72 116 101 114 86 81 68 82 95 77 76 85 57 32 108 118 91 37 40 64 63 65 107 35 78 51 53 110 89 25 47 36 30 49
10 25 61 98 84 116 32 83 47 63 70 74 90 24 30 114 88 54 36 26 107 23 39 104 69 109 85 92 75 77 65 19 31 64 120 119 57 87 21 17 99 110 16 106 15
11 40 81 71 31 97 95 59 55 17 63 100 72 32 15 76 18 109 68 24 74 28 104 45 78 93 66 50 60 84 69 30 20 82 36 114 94 96 56 89 42 105 21 51 13
12 39 89 73 107 31 19 101 54 30 113 71 83 24 61 64 97 69 35 72 115 36 48 18 118 87 117 112 49 32 120 20 84 16 46 47 105 62 92 98 82 90 76 58 22 100 50
13 53 68 75 40 85 73 57 41 16 54 59 25 78 31 63 83 26 74 100 119 102 82 28 43 22 70 101 15 55 76 92 53 114 95 94 111 52 72 19 24 105 17
14 27 29 70 100 93 18 106 31 84 69 36 77 17 91 40 46 73 117 47 22 28 63 49 114 71 101 19 15 65 74 110 62 94 78 55 41 79 53 76 75 96 37 20 107 68 90 115 105 56 61 109 50 66 120 35
15 55 53 75 71 79 45 92 58 74 80 113 56 68 111 26 84 86 76 95 69 109 23 102 62 97 35 96 85 18 99 91 38 115 89 118 17 104 34 87 101 110 66 36 77 48 106 22
16 42 71 62 69 29 51 55 22 100 38 48 74 57 75 76 32 45 105 27 120 47 39 25 119 93 50 115 67 116 84 59 78 40 80 36 46 95 58 73 108 113 102
17 46 48 90 81 86 53 25 85 61 98 78 39 36 77 115 60 19 33 76 120 64 51 94 71 28 59 63 32 54 29 58 37 44 30 118 21 117 65 106 95 111 62 109 108 107 79 34 18 83 73 116 112
18 57 114 85 75 116 66 115 63 73 80 92 95 41 39 49 19 23 86 53 99 37 65 64 84 82 97 70 55 22 48 102 28 90 62 104 40 103 36 69 50 101 58 25 68 54 109
19 25 81 59 28 98 40 84 58 91 25 110 52 51 38 99 37 66 60 31 23 41 64 29 108 76 97 21 79 72 94 120 47 33 111 22 30 24 67 71
20 100 53 57 78 76 82 48 62 66 87 58 77 93 49 68 80 112 43 27 72 65 41 46 101 100 51 88 118 69 52 116 63 22 109 92 40 44 30 61 24 95 97 59 115 83
21 73 113 30 22 91 61 56 59 73 102 99 85 117 28 112 109 82 108 88 76 70 84 106 119 36 103 114 92 55 60 62 68 79 57 24 101 96 78 74 44 35 98 38 26 34 107 80 72 25 47 53
22 29 85 50 26 33 92 83 76 60 66 87 45 44 35 93 23 61 40 103 53 105 37 81 109 84 51 31 95 55 49 36 67 88
23 54 51 49 37 101 56 67 33 46 47 79 95 66 107 71 41 55 91 74 25 29 45 36 30 28 113 24 114 68 84 108 117 86 115 81 52 102 26 90 77 111 42 48
24 50 55 80 101 72 94 91 73 112 66 103 96 113 29 31 78 53 27 41 40 81 90 39 52 104 79 51 34 97 45 56 92 106 69 77 33 98 67 93 42
25 59 115 118 107 89 82 54 86 94 56 55 76 88 93 95 67 39 31 44 102 75 34 27 87 49 70 57 63 45 78 42 29 119 80 117
26 34 114 34 27 35 94 76 105 72 101 70 111 85 68 54 30 62 49 107 36 87 100 106 47 59 63 109 53 80 119 104 96 39 71 86 65 75 92 73 112 69 40
27 49 29 109 86 69 45 112 93 98 54 49 61 85 66 50 57 37 117 33 67 68 64 32 97 115 46 34 116 105 82 96 39
28 68 87 84 44 58 29 65 50 66 107 80 117 74 35 83 70 38 56 114 71 92 34 106 63 86 89 41 45 30 79 81 116 32 59 78 90 69 103 110 52 55 73 67
29 22 47 105 54 98 37 117 70 56 100 74 41 30 36 72 45 113 80 48 84 59 83 40 88 69 43 32 120 93 73 106 52 62 109 102 97 75 82 76
30 58 40 64 58 55 85 47 103 90 96 93 42 71 39 104 105 38 116 75 66 34 45 43 36 67 101 32 88 78 33 114 94 44 72 37 51 46
31 37 89 112 32 77 101 110 38 50 57 120 73 53 114 115 47 71 104 78 116 100 66 42 37 92 48 55 74 84 95 41 70 103 35 39 72 97 49 91 60 87 36 82 113 44 109
32 50 91 61 49 57 84 89 115 59 107 38 71 114 66 105 99 35 48 102 104 34 90 82 111 103 46 81 92 65 83 53 44 79 43 101 62 50 76 72 75 112 77 68
33 26 79 37 118 44 114 95 60 43 40 98 109 75 117 55 106 77 99 97 116 102 64 69 42 62 120
34 94 114 68 47 100 96 73 77 60 98 92 88 40 52 106 120 44 111 65 42 115 51 82 59 119 80 75 104 89 95 66 117 78 54 84 83 58 85 81
35 68 108 113 79 67 84 105 43 95 104 57 88 101 58 120 89 74 106 76 83 40 68 87 116 61 54 60 65 37 98 39 97 99 75 85 36 72 59 78 41
36 35 48 104 87 44 109 88 46 51 102 49 98 75 113 71 94 97 59 80 108 69 61 107 106 41 45 112 95 65 117 77 92 67 111 96 93
37 30 106 50 119 105 111 109 86 63 100 120 78 43 102 73 56 68 92 114 90 103 57 62 58 46 55 84 98 89 115 116
38 37 53 95 47 40 45 114 116 97 77 51 94 101 64 85 103 68 61 93 49 98 83 59 74 99 104 70 66 63 91 113
39 72 94 93 68 74 95 49 56 108 58 71 82 96 60 67 41 91 116 48 78 105 103 69 99 80 115
40 54 46 45 56 73 109 113 64 52 41 57 82 96 84 81 119 98 93 99 108 58 60 49 105 101 44 110 104 111 75 65 86 77 53 70 42 78
41 58 65 87 42 120 115 110 113 47 44 71 111 92 63 86 75 52 90 67 119 114 106 61 89 84 58 107 66 46 94 50 49 98
42 92 48 52 112 110 70 111 101 53 77 80 51 104 76 118 61 88 73 85 83 100 66 86 94 106 75 87 72 55 59 63 65 46 74 58 79 114 49 109
43 73 66 86 87 109 107 70 63 76 65 104 75 58 48 61 89 93 64 96 97 119 94 77 115 82 72 59 47 54 50 91 85 110
44 91 100 52 81 103 89 68 104 75 99 64 71 54 76 61 45 106 116 51 119 88 62 97 111 46 66 63 65 87 70
45 34 89 47 62 103 90 117 116 102 91 93 120 118 114 67 52 50 106 79 82 113 92 76 56 83 101 94 64
46 43 81 76 60 90 97 100 50 112 64 84 77 111 55 103 80 75 96 56
47 32 115 89 118 105 84 66 53 99 78 51 77 50 60 74 103 73 55 93 88 120 111 85 72 81 54 71
48 76 58 86 91 108 106 66 72 57 90 118 111 119 62 61 96 50 63 99 102 98 70 104 54 65 68 117 85 101 73 116 87
49 96 85 100 56 111 114 95 70 57 117 60 72 55 58 101 78 91 108 53 109 77 67 52 104 64 51
50 53 69 86 88 97 64 67 89 104 120 112 99 93 61 113 106 74 87 77 73 76 53 117 105 84 79 54 72 118 100
51 91 98 101 74 86 90 81 79 106 107 58 75 102 115 99 54 55 80 119 78 67 60 109 61 65 63 91 100 108 57 117 89
52 68 78 62 83 81 92 65 105 88 118 100 103 95 77 54 75 59 73 76 64 53 61 99 71 58 70 67 86
53 63 83 68 110 95 80 65 73 67 84 120 81 111 103 70 119 117 86 88 92 56 71 97
54 60 60 74 91 114 73 66 98 112 89 108 84 69 55 64 67 71 88 86 92 118 111 57
55 33 85 68 83 87 84 120 105 111 72 57 62 107 109 103 92 79 60 116 61 77 59 73 113 70 66 115 106
56 37 117 64 84 67 103 108 57 112 109 70 101 62 78 111 93 98 116 86 79 71 88 100 65 58 66 69 77
57 74 71 65 93 79 99 74 95 72 67 81 88 112 94 113 84 92 64 73 117 111 62 91 103 87 120 89 102
58 79 85 106 75 81 91 79 63 66 92 95 73 71 78 94 99 68 107 103 60 76 113 80 65
59 20 99 79 62 120 85 80 109 115 103 81 73 76 113 95 77 66 68 110 111 88 91 94 93 87
60 92 63 117 101 104 103 102 112 72 79 66 82 69 70 95 108 71 96 97 114 89 116 78 80 86 67 76 118 74
61 36 112 87 107 76 80 66 94 73 98 70 96 93 116
62 38 88 63 74 104 94 93 113 73 102 68 83 66 79 99 101 77 100 67 80 92 65 78
63 58 72 114 68 79 117 65 78 87 105 67 92 112 71 93 97 91 81 115 119 102 96 90 101 70 75 94 73
64 58 68 120 74 116 108 98 97 88 96 90 105 65 99 113 92 79 119 69
65 31 81 91 120 79 72 77 109 76 78 98 84 104 90 115 106 102 118 119 92 89 88
66 25 109 101 75 69 115 86 105 116 100 68 107 73 71 87 77 79 113 119 88 97 92 85
67 73 107 80 75 73 102 100 101 94 112 68 81 74 88 104
68 41 111 107 85 80 88 105 106 110 82 94 81
69 58 119 92 105 108 80 86 106 112 109 115 89 88 103 85 104 95 81
70 44 100 99 78 103 98 107 91 115 106 86 104 101 89 80 71 117 97 105
71 91 109 110 74 113 116 93 88 76 78 86 112 96 87 120 79 85 95 99 111 77
72 96 112 73 92 83 95 94 93 116 84 99 113 77 114 80 91
73 51 112 120 104 93 103 88 99 75 91 95 119 101 102 116 111 83 96 117 85
74 63 95 99 101 116 104 111 89 80 98 78 97 91 114 77 81 106 94 93
75 21 99 82 81 97 78 80 105 86 79 88 90 112 114 104 106 108 107
76 65 101 77 103 109 115 108 79 78 100 102 84 87 80 104 81 96
77 21 111 120 88 117 101 86 110 119 100 84 97 112 82 113 80 81 99
78 49 109 87 107 100 83 119 110 117 106 88 86 91 97 114
79 40 106 91 113 107 90 114 103 89 96 112 110 81 108 101 88 119 102 84
80 32 109 91 107 90 101 94 81 89 104 100 98 95 82 119 85 103
81 83 94 108 106 98 120 85 88 111 103
82 46 97 87 93 85 90 112 102 98 110 107 89 84 117 105 86 95 96 120 83 109
83 96 115 85 92 88 104 98 112 84 110 119 93 94 86 87 96 111 114 100
84 45 117 90 114 95 118 85 109 120 106 111 107 89
85 86 110 99 108 91 106 93 113 98 118 119 111 105 86
86 45 99 90 105 89 100 102 120 114 109 110 87 119 96 112 104 94 115 107
87 62 88 120 90 97 116 110 96 92 104 94 107 99 117 111 119 114
88 59 112 115 119 91 110 105 98 90 97 117 95 108 118 92 107
89 23 109 94 116 96 112 93 91 106 111 115 97 104 108 113
90 79 98 110 101 120 115 92 114 96 106 109 95 91 118 108
91 67 115 110 95 107 113 116 120 114 101 92 109
92 55 107 120 101 103 110 116 112 96 97 117 113 114 118 111
93 97 96 108 103 109 100 114 94 118 106 99 98
94 24 97 115 102 98 108 101 111 100 116
95 93 109 103 112 105 120 111 98 116 110
96 43 106 104 119 113 115 117 114 101 116 107 111 97
97 45 105 100 113 99 107 114 111 120 104 106
98 81 107 109 115 100 106 114 120 116 101 110 118 113 108
99 80 120 113 103 101 118 114 115 108 106 111 119
100 83 114 117 103 110 101 105 104 109 102
101 25 116 103 107 115 111 104 109
102 70 103 112 104 108 120 115
103 94 116 109 113 120 105
104 72 109 112
105 48 117 110 106 114 112
106 95 113 112 117 110 108 114 119 120
107 53 111 109 120 115 112
108 65 117 118 110
109 43 113 119 117 116
110 73 117 114
111 77 115 112
112 41 117
113 100 118 119
114 88
115 66
116 20 118 117 120
117 32 120 119
118 44
119 60
120 35
