120 150
1 24 24 33 28 8 86 39 72 101 58 79 109 44 35 93 40 94 55 110 47 45 108 14 2 89 68 70 76 9 90 59 15 46 120 111 54 104 37 96 53 13 74 115 88 10 49 67 81 38 65 91 64 5 87 29 60 61 26 30 119 118 22 77 63 16 25 78 50 117 98 19 18 6 103 106 75 80 112 52 92 114 84 83 7 34 82 11 102 31 43 97 100
2 30 81 41 75 58 6 111 32 16 21 28 117 87 59 60 43 53 99 24 44 69 98 3 82 8 86 95 71 78 9 110 34 30 11 40 88 83 54 62 101 77 33 36 10 72 76 48 35 22 70 64 46 74 37 5 96 29 15 93 66 26 116 57 79 20 7 119 45 113 13 14 108 31 85 89 27 17 84 65 42 92 67 100 114 90 97 4 112 109 106 94
3 64 28 4 13 69 55 25 9 47 110 63 56 68 74 90 100 31 78 120 116 16 82 29 73 27 50 12 111 71 95 34 102 92 89 65 38 103 30 77 5 67 10 108 99 106 23 44 57 80 54 53 84 66 93 8 21 72 48 42 59 17 112 60 58 88 86 107 6 94 104 41 39 64 117 24 49 40 62 118 32 115 91 81 70 83 46 75 79 22 51 18 37 113 43 76
4 59 50 76 17 59 119 81 61 69 14 55 24 5 108 86 87 40 107 38 19 111 64 15 62 26 72 46 9 36 7 6 78 104 101 49 85 116 103 68 13 51 45 77 110 66 74 30 92 100 52 117 29 82 91 8 44 23 98 32 37 28 114 42 97 96 11 20 71 39 120 27 118 94 57 10 84 43 18 112 48 12 73 33 70 67 93 25 16 56 79 60 53 22 31 90 35 102 89 113 106 75
5 96 102 112 57 89 105 83 119 104 30 66 113 26 111 101 63 51 52 24 74 93 75 64 82 120 110 70 31 103 28 21 55 35 62 73 12 10 78 43 118 33 96 49 92 27 80 65 76 71 90 9 86 67 85 47 81 37 61 50 60 29 41 39 25 13 14 84 7 91 44 106 42 6 53 94 99 77 69 68 36 100 79 38 23 117 40 116 8 95 32
6 52 14 44 47 32 78 55 64 75 115 77 40 35 20 69 120 17 53 67 65 27 94 33 42 49 118 12 29 8 111 63 52 76 68 57 109 83 106 117 16 31 36 19 46 59 72 74 50 90 58 61 71 41 102 86 87 89 79 60 99 101 9 112 26 34 56 103 91 73 95 22 43 18 13 51 116 100 81 70 39 104 98 82 93 38 15 80 21
7 52 72 65 18 102 31 15 113 110 89 79 47 118 57 10 106 97 61 78 62 95 103 29 92 112 9 70 38 84 93 115 49 85 75 16 94 120 21 25 12 116 46 51 80 52 82 27 35 22 98 14 20 55 66 39 60 81 19 50 23 58 13 74 101 108 91 24 26 86 56 30 40 69 76 90 68 28 59 73 83 96 71 114 109 63 45 77 43 33 64 8 54 11 88 44 41 111
8 75 40 21 92 105 62 53 26 81 115 60 28 120 52 95 49 59 31 103 88 9 43 94 86 64 93 51 117 74 39 77 45 37 48 118 66 33 34 27 108 24 113 109 67 79 114 19 96 65 41 32 12 36 98 23 13 71 78 18 85 29 15 10 69 30 102 90 61 14 42 38 111 17 100 107 82 80 54 110 97 106 11 70 87 91 22 46 76 116 83 119 56 58
9 42 10 38 45 98 31 44 99 60 115 25 58 85 30 97 66 110 101 93 52 84 35 90 57 20 36 78 104 21 27 34 65 117 67 46 116 114 73 83 54 80 18 87 61 12 118 41 76 50 11 33 113 69 79 49 14 28 96 100 47 29 37 39 112 94 102 103 59 71 40 22 106 91 107 74 51 89 111 68 64 120 24 62 109 15 82 26 17 105 95 77
10 33 94 38 101 86 116 69 32 12 49 108 41 106 52 35 23 99 21 64 65 62 27 59 119 25 40 84 30 48 97 58 72 92 46 82 36 110 19 66 47 114 16 24 50 28 81 73 78 103 26 55 93 95 87 37 100 13 68 83 104 117 60 75 53 61 15 91 67 14 54 42 17 56 80 76 90 120 112 77 102 39 96 20 18 71 107 113 44 85 111 88 118 43
11 67 90 39 13 67 35 88 31 91 101 25 81 100 89 117 77 109 116 93 49 56 48 54 45 70 76 112 95 42 113 105 98 28 120 106 94 55 80 107 59 82 111 53 73 29 60 33 84 21 102 64 14 26 115 16 57 92 22 114 78 61 19 85 79 68 40 30 119 20 18 34 52 71 72 17 36 96 110 43 50 65 44 66 75 37 103 108 87 32
12 63 72 62 20 43 28 107 111 18 48 99 14 64 36 57 69 117 76 39 19 31 108 71 22 42 83 49 23 105 73 88 75 45 94 59 113 32 92 53 34 95 82 40 109 37 80 96 13 114 101 119 33 118 106 77 79 102 41 116 89 26 50 81 70 56 97 35 52 63 86 54 44 93 100 112 110 29 74 104 90 85 84 51 91 115 98 21 87 103
13 77 102 36 108 75 109 63 112 94 70 29 80 86 20 48 93 119 89 38 28 66 74 82 17 72 31 49 65 88 27 95 33 114 83 41 26 21 68 100 79 104 56 53 46 111 96 84 92 64 44 116 61 113 42 105 30 115 73 120 90 81 18 101 71 69 77 110 58 99 25 85 35 107 52 106 16 40 62 98 22 78 91 23 55 32 67 37 45
14 64 41 115 112 104 74 44 93 90 82 119 91 63 81 39 54 28 23 49 98 16 45 87 80 21 61 89 19 73 48 64 97 57 67 84 70 110 120 59 95 99 60 75 88 25 111 36 106 109 42 33 56 18 26 38 107 32 53 30 50 47 62 100 94 79 43 92 78 35 86 37 46 114 27 34 65 118 51 116 76 72 17 71 66 69 58 77 96 20 24
15 80 78 56 16 43 76 20 19 41 108 17 38 91 40 48 26 36 110 112 44 80 47 35 87 34 39 63 71 92 117 32 101 62 115 120 83 75 89 21 27 102 60 23 81 18 95 61 85 82 55 77 51 116 73 22 29 107 79 25 84 24 90 109 30 37 52 118 113 68 103 67 59 104 65 74 66 64 72 106 57 42 105 31 114
16 33 38 70 81 62 107 47 120 82 80 85 59 56 108 92 46 118 75 96 89 39 33 24 48 28 114 115 100 104 54 21 78 103 109 116 60 50 67 22 17 26 86 36 113 44 71 65 95 23 90 34 110 53 42 105 97 25 83 49 77 68 76 18 87 66 111 72 112 119 88 93 19 91 31 69 41 64 55 30
17 94 35 112 64 93 60 90 28 100 88 59 31 97 89 29 30 109 21 67 103 111 82 91 39 84 102 81 110 36 57 72 22 24 105 114 25 75 95 70 20 52 113 47 38 108 94 68 74 69 51 53 23 80 37 92 50 66 27 63 96 49 98 18 76 116 106 19 101 115 85 44 48 117 73 104 65 118 34 43 54 32
18 24 87 75 19 72 105 59 48 53 20 64 24 41 65 37 27 85 22 58 50 38 52 90 80 84 82 40 31 47 70 109 39 119 86 88 29 66 51 83 99 56 101 110 96 67 60 42 107 78 30 43 79 71 111 103 117 74 44 26 76 61 62 32 95 77 36 55 112 94 23 35 68 81 93 91 89 33 73 28 25 116 114 92
19 94 25 61 51 56 49 92 55 100 101 37 87 22 21 99 88 40 119 91 60 48 93 53 116 59 75 44 64 50 24 63 57 28 85 33 29 70 108 20 79 71 83 72 39 74 81 78 82 104 32 86 90 35 23 45 106 38 46 115 111 31 117 54 89 80 84 77 109 26 62 43 112 110 73 27 107 96 58 102 36 69 41
20 100 116 50 98 82 119 73 84 110 59 79 57 87 112 74 34 62 93 33 102 76 65 94 71 28 114 25 113 60 107 109 89 120 26 64 27 58 75 22 104 96 46 103 39 85 56 72 95 53 90 55 118 38 35 101 77 99 43 81 48 69 70 24 117 40 36 61 52 67 91 37 106 83 78 92 30 29 41 115 44 49 54 88
21 60 52 105 59 81 82 112 111 84 37 106 63 85 100 64 118 31 102 29 90 67 78 51 120 89 104 110 94 119 27 25 56 97 47 91 88 40 77 60 99 41 54 58 72 46 23 24 36 117 87 68 70 101 108 114 80 34 44 93 86 49 98 79 28 48 115 73 74 53 43 38
22 85 83 79 23 100 29 61 74 70 48 111 90 77 106 39 30 94 96 42 87 78 47 93 56 49 95 108 53 99 64 112 26 75 44 82 27 58 68 107 115 102 109 52 104 45 97 33 62 88 31 80 110 71 66 35 65 89 101 40 92 73 113 114 119 63 50 120 41 86 55 59 91 118 85 28
23 48 36 34 100 84 46 118 26 25 72 37 78 63 54 76 39 88 107 117 69 70 94 65 57 82 68 77 38 58 105 28 50 48 90 103 33 60 111 55 29 96 73 27 87 49 91 92 35 95 75 85 110 67 115 53 30 45 101 120 99 41 83 64 59 51 42 40 86 116 93 71 109 114
24 80 80 105 60 51 43 108 57 99 53 65 27 38 73 89 83 76 78 72 115 90 31 44 109 68 113 88 85 98 37 101 63 100 28 59 26 34 66 118 111 32 71 117 29 55 36 45 33 87 97 120 107 110 42 81 102 48 50 104 46 94 69 49 79 119 112 106 96 74 58 91 62 93 52 67 103 40 25
25 97 55 98 37 77 108 30 31 49 51 81 84 34 87 96 45 119 78 112 85 35 74 89 68 71 113 86 50 28 59 115 56 97 103 75 29 79 36 104 42 64 91 80 111 58 94 118 107 117 83 102 32 69 120 62 73 72 70 40 54 116 106 27 65 93 105 43 33 44 53 63 101 39 66 26 88
26 90 112 80 70 60 107 50 59 104 97 53 109 29 67 62 118 55 101 34 46 77 63 47 102 76 103 87 52 83 111 78 95 86 37 48 51 81 117 85 113 68 30 40 82 44 66 91 89 38 88 33 79 84 41 96 56 69 65 27 98 49 28 35 64 119 71 105 108 93 42 92 31 90 39 36 114 100 75 61 115 57 72 99 110 73
27 82 43 96 45 110 61 54 88 107 82 120 37 75 108 106 51 97 104 105 30 86 62 116 59 31 34 50 83 94 90 119 87 114 85 117 67 46 78 56 29 100 55 98 111 89 64 113 81 47 40 115 76 41 74 35 77 71 69 101 95 80 79 39 91 84 63 65 44 52 57 42 72 38 118 93 70 60
28 92 39 50 105 76 48 116 62 40 34 95 30 91 98 69 37 73 106 108 70 113 100 72 93 67 96 118 78 107 61 33 86 119 79 112 92 104 51 63 42 103 57 49 120 66 53 94 75 109 31 60 41 84 54 87 45 43 114 55 97 58 64 35 115 47 52 38 101 82 56 90 83 46
29 83 31 46 75 39 94 36 95 88 120 103 61 91 51 111 40 78 49 65 62 54 77 114 34 48 92 106 67 84 52 119 109 105 93 83 86 50 104 74 42 56 53 73 89 45 102 57 58 35 37 96 85 72 90 76 87 113 55 41 66 101 100 79 118 47 116 81 112 60 107 30 71 38 117
30 50 88 46 61 109 119 50 69 80 106 104 73 116 36 31 118 60 108 111 65 38 75 42 64 92 59 84 99 37 66 57 98 100 115 54 91 63 72 62 90 47 45 101 44 74 79 77 48 34 112 117 71 35 96 33 70 86 78 110 43 120 93 85 113 87 82 32 107 52 114 97 76 58 40 103 68 105
31 89 44 74 97 71 109 73 38 67 112 51 58 59 77 37 103 40 79 104 41 55 70 81 119 91 99 35 88 120 39 52 92 75 69 34 63 116 87 60 102 85 84 62 54 86 90 50 76 33 64 108 32 105 36 101 80 53 48 83 89 78 111 98 46 82 117 100 106 45 56 42 118 110
32 22 47 45 44 102 56 55 52 60 95 73 85 92 48 59 106 50 94 103 66 117 37 107 34 74 89 113 67 99 84 43 93 41 119 101 80 91 75 39 35 49 65 98 69 36 109 114 90 62 104 97 77 76 112 38 64 70 108 82 63 57 51 116 115 40 88 105 100 72 83 53 79 87 33 81
33 61 94 113 61 38 95 55 90 37 68 35 109 36 117 81 40 98 49 112 74 60 42 71 83 116 80 69 50 44 87 93 48 67 110 63 46 79 86 84 75 58 89 85 72 108 51 100 102 73 78 66 91 57 56 97 39 53 92 52 76 115 65 101 82 47 54 107 99 106 77 45 62 41 34 88 114
34 68 64 111 120 101 59 53 117 66 95 86 110 99 87 46 98 48 55 118 78 84 104 70 90 97 40 76 62 42 115 45 56 119 77 106 60 88 71 61 113 67 74 35 75 96 80 49 105 79 57 69 41 112 44 50 94 72 51 92 85 58 116 93 39 91 47 54 83
35 77 73 53 105 69 78 98 116 108 106 86 54 79 120 42 41 63 49 57 85 104 67 82 59 80 118 46 55 36 48 58 60 100 47 90 88 91 96 83 103 37 95 51 113 81 112 93 71 44 89 77 84 110 99 38 92 70 87 97 119 52 50 107 68 45 56 40 72 43 64 74 66 75 61 62 109
36 72 42 85 47 114 39 113 73 58 74 37 78 99 112 110 97 82 118 49 60 103 70 69 45 62 95 65 108 64 100 96 94 120 63 67 90 119 84 107 79 76 50 88 59 77 57 86 53 75 104 48 40 115 68 61 72 91 52 89 102 116 92 51 111 106 44 54 71 83 55 81 109 117 41 56
37 100 99 48 55 39 88 103 80 79 38 42 90 87 52 61 86 74 109 104 112 50 115 67 60 58 113 76 93 108 63 62 98 116 82 77 119 97 71 120 114 105 64 49 69 102 78 100 53 65 59 106 54 73 89 72 47 40 91 70 43 111 110 107 118 95 41 94 85 92 101
38 28 68 62 65 39 90 84 103 47 116 97 61 81 98 80 92 70 85 82 88 52 67 44 41 74 60 64 51 111 71 114 73 89 59 50 112 46 66 69 91 107 86 57 42 102 77 78 75 115 108 58 100 119 104 83 106 118 63 110 76 45 54 105 120 95 56 117 113 55 93 79 99
39 46 110 54 120 84 69 57 114 92 104 41 97 74 42 77 67 81 49 87 65 88 100 105 44 59 85 71 47 72 53 40 111 55 96 79 43 101 63 94 52 91 119 116 103 112 95 78 64 93 46 107 70 83 117 66 113 51 60 99 90 86 58 89
40 42 55 118 56 94 41 83 62 59 69 76 100 43 107 65 93 47 86 112 115 63 96 113 58 82 50 120 98 49 73 104 88 70 48 74 106 103 102 57 67 105 97 71 92 87 91 81 42 85 51 119 114 54 77 44 53 109 64 79 46 60 89 101 116 99 75 72
41 41 106 110 97 52 57 90 60 98 50 95 92 103 89 83 84 43 51 108 53 67 58 46 114 96 77 79 100 45 94 93 73 101 75 86 72 68 56 54 99 44 109 64 113 63 119 49 116 61 104 55 82 111 117 66 112 78 87 62 65 115 76 118 74 120 47
42 28 53 103 116 65 89 86 120 85 118 117 51 111 113 71 104 93 46 105 59 84 61 82 50 78 79 43 92 56 55 112 94 80 115 97 73 101 98 100 69 119 68 66 70 114 81 47 88 63 62 52 58 110 75 48 96 90 44 49 64 91 45 76 87 77 54 95 74
43 20 80 62 98 66 78 113 53 54 94 92 55 47 106 59 93 107 89 65 64 77 81 110 49 108 97 111 74 88 46 52 58 116 76 105 101 82 85 119 112 118 75 103 86 99 83 114 45 50 90 79 87 67 72 48 100
44 34 75 105 99 54 55 56 48 114 46 70 92 65 115 47 113 84 110 117 86 82 72 80 71 96 52 116 66 49 98 112 118 73 101 109 68 69 97 108 94 61 53 50 106 62 64 111 85 103 100 91 87 67 76 63 119 59 89 95 120 74 51 81
45 72 96 112 111 64 91 101 46 94 97 90 113 48 79 74 72 59 47 56 76 67 51 83 106 100 70 73 52 108 107 65 75 84 80 119 104 88 50 81 118 109 98 86 68 99 116 92 117 61 78 102 71 93 87 89 55 58 103 62 69
46 96 103 96 119 71 75 66 118 60 120 50 68 112 47 84 69 51 90 88 116 54 56 98 114 76 115 87 59 105 111 78 99 81 82 77 107 92 109 58 61 93 67 86 55 95 48 100 72 106 79 53 101 102 117 80 85 64
47 47 119 53 99 60 82 56 118 69 92 116 93 51 52 74 111 71 120 63 57 107 106 89 117 104 81 66 79 88 72 112 114 109 110 67 54 75 61 101 95 78 94 97 64 59 62 98 76 105 55 65 58 96 103 115 83 87 48 85
48 65 69 118 88 58 53 49 80 75 55 60 93 77 81 107 112 64 74 99 56 70 111 116 87 104 106 84 117 79 65 119 50 94 96 90 110 86 97 66 67 72 100 59 102 91 114 95 76 51 105 115 78 109 54 63 92 83 57 52 68
49 20 76 81 108 59 79 117 68 80 119 61 101 67 111 87 66 78 54 95 62 92 83 94 88 91 69 120 58 110 74 55 82 113 100 96 73 115 57 64 72 52 77 105 112 106 86 90 50 70 107 109 75 98 53 56 118 104
50 56 94 83 114 63 112 88 106 86 69 61 73 58 71 81 79 99 84 57 85 111 53 95 59 97 117 67 96 103 101 87 115 108 113 66 52 65 120 55 104 70 76 107 68 91 110 105 56 93 118 77 119 78 75 92 102
51 80 61 55 106 91 57 77 110 75 92 73 69 96 115 94 102 59 90 78 117 65 68 71 79 111 76 67 95 84 103 81 112 97 53 85 83 70 64 66 99 54 113 86 93 87 98 58 89 107 52 120 60 88 116 56 118 74 101 105 104
52 60 71 106 115 53 59 77 91 55 81 94 86 100 120 83 73 113 70 109 101 82 116 69 79 64 119 93 60 117 72 66 114 104 67 98 103 108 90 118 75 78 89 84 110 58 95 74 76 92 63 62 96 102 80 57
53 56 97 71 76 93 96 102 81 92 101 118 103 108 119 70 72 111 68 57 59 115 113 91 62 109 61 83 88 85 69 94 116 80 105 89 77 64 75 112 106 65 54 100 99 117 55 58 87 78 79 73
54 27 66 60 103 89 107 63 92 105 106 73 55 112 95 74 102 76 91 65 70 62 86 120 57 113 82 88 58 64 104 94 87 80 111 83 85 116 100 115 109 97 117 96 98 81 72 75 118 68 110 114 99 71 93 78 119 67 61
55 56 114 90 85 112 72 105 57 101 113 102 99 76 110 93 73 75 62 83 118 77 106 100 117 66 64 78 91 65 116 87 120 109 107 59 92 98 111 63 119 81 71 103 89 86 67 68 69 74 56 82 80 94 60 58
56 52 106 100 64 112 94 70 71 80 117 83 101 104 86 57 88 76 79 62 93 109 95 60 90 58 59 119 108 103 115 61 116 66 72 118 68 92 82 78 111 75 85 120 63 110 65 89 73 87 84 96 81 98 69
57 32 70 83 104 90 71 109 78 108 62 84 114 107 106 81 67 101 105 80 119 100 98 61 113 65 91 110 87 92 118 117 102 99 82 63 88 60 115 111 97 85 69 86 95 103 59 68
58 37 117 116 105 90 99 91 68 95 81 96 62 115 110 61 118 84 111 80 108 73 93 112 88 76 59 77 83 69 102 120 64 63 74 67 71 66 100 107 119 72 103 82 75 60 109 97 92 78 101 65
59 43 98 82 112 79 85 107 120 95 71 72 111 86 110 102 108 90 88 92 66 118 89 115 64 104 77 63 62 87 105 75 93 96 69 74 70 61 78 76 116 80 67 65 113 114 109 100 81 91 106 103 84 73
60 95 88 100 120 64 63 65 87 118 68 89 90 119 72 95 83 78 91 80 106 108 71 103 74 75 69 76 70 97 117 111 84 94 62 101 85 73 99 82 109 66 112 114 105 81 61 79 116 107 86 93
61 68 93 82 116 88 64 114 76 103 110 109 74 113 78 67 95 105 79 97 104 96 111 75 115 85 91 119 65 69 94 73 117 90 84 92 98 102 89 99 72 120 66 87 77 62 118 108 71 100
62 31 89 82 105 109 74 92 73 112 101 77 103 95 65 111 120 67 71 76 106 63 114 83 119 68 85 93 81 100 84 102 113 115 90 98 94 91 72 64 75 80 108 86 78
63 33 90 72 104 73 101 89 94 109 88 93 115 87 96 91 111 98 100 74 70 85 64 69 92 105 112 75 119 68 120 108 114 110 86 116 76 79 117 66 84 78 95 83 67
64 44 69 97 71 94 109 82 76 106 74 66 84 87 78 98 111 119 100 81 116 105 113 107 108 118 120 65 95 103 112 88 110 73 114 86 99 90 104 115 83 79 92 68 102 96
65 80 74 71 112 73 79 68 105 100 88 90 85 117 115 101 70 67 72 82 93 109 106 69 119 75 103 116 84 102 97 118 113 66 120 99 83 81 91 94 104
66 90 108 68 78 105 70 98 113 83 82 89 119 84 120 115 90 73 110 107 116 106 104 69 80 117 101 74 76 112 97 67 114 87 93 86 91 102 99 92 75 94 95 72
67 96 112 69 80 93 68 97 85 108 73 86 90 92 94 113 103 114 88 89 87 82 115 110 106 74 109 101 77 96 111 78 76 81 107 84 91 98 79 95 119 100 70 105 118 72
68 79 118 72 79 102 100 112 87 80 116 98 114 111 95 105 89 92 101 81 74 86 82 99 119 106 75 71 77 90 70 76 120 109 96 108 85 83 110 117 78 69
69 99 101 100 102 82 118 80 72 84 92 106 93 119 74 78 109 96 103 77 88 95 112 89 81 105 70 111 120 73 107 97 99 110 75 76 113 98 87 83
70 57 110 77 109 98 88 83 79 78 115 117 116 111 101 84 99 90 72 113 93 76 114 73 108 106 97 91 96 119 85 107 87 75 103 112 81 89 120 104 94 100 92 86
71 36 114 75 119 90 74 93 78 116 73 100 86 120 103 106 108 87 105 85 117 80 88 112 110 77 96 72 83 92 98 94 95 79 109 113 82 111 76 115 81 89
72 55 102 86 97 111 99 90 114 94 83 115 85 81 80 75 89 77 120 74 112 106 119 92 84 108 107 76 101 95 110 73 109 91 118 79 100
73 65 79 77 110 117 98 99 91 81 86 112 119 118 82 92 116 85 97 103 96 102 111 109 105 113 74 89 90 80 94 120 115 83 95 84 107 104
74 36 76 89 96 79 119 116 106 100 112 86 92 103 90 88 87 109 107 84 114 99 111 85 102 120 83 108 113 80 75 78 91 101
75 69 113 96 77 114 99 118 97 106 92 89 82 104 76 117 107 79 91 80 101 102 115 116 111 98 84 86 100 94 83
76 52 98 118 92 113 90 84 82 88 115 107 96 114 89 83 95 91 112 101 99 87 117 119 86 111 77 103 109 102 80 100 97 120 116
77 48 84 94 97 88 111 105 117 80 109 119 106 107 78 89 116 100 79 110 98 103 99 93 83 87 101 118 85 86 96 92 113 112 114 82 90
78 96 97 88 118 94 116 120 105 102 101 86 100 108 104 85 82 87 119 103 113 93 83 107 99 117 106 96 81 89 114 112 84 109 115 80
79 97 98 93 99 91 80 101 85 104 117 113 86 81 94 96 115 114 119 95 103 112 111 120 105 108 102 110 84 90 97 87 118 89 83 109
80 48 85 88 101 116 84 93 114 83 98 94 118 87 96 107 95 90 92 99 81 89 82 103 119 105 104 97 91 106 100
81 51 88 103 95 119 92 116 107 82 97 104 110 115 118 83 101 87 89 85 100 114 105 90 96 120 94 106 111 84 112 99 98 113
82 92 101 111 102 100 99 110 113 91 95 87 107 92 90 103 93 83 115 114 120 89 118 116 86 112 84 109 108 98
83 23 85 115 87 111 106 101 90 88 107 86 117 113 109 93 105 118 116 100 112 104 114 97 98 103 95 96 92 120 99 102 108
84 87 107 101 85 88 89 102 95 116 91 113 100 111 87 105 96 109 110 97 112 118 99 115 119 108 94 114 86
85 99 86 90 108 107 120 94 92 112 93 118 101 95 114 89 103 91 109 87 100 97 117 111 115 102 104 106 98 105 113
86 59 113 117 104 103 90 91 111 120 114 87 97 108 102 96 109 92 112 110 106 105 99 101 88 93 119 95
87 38 108 101 89 88 113 107 115 96 100 104 91 93 117 92 110 109 118 94 120 111 95 98 112 99 114 116 105 102
88 31 100 108 119 101 114 89 111 112 102 109 95 90 117 94 103 98 91 106 105 107 116 96 97 99 93 110 113
89 93 93 115 103 96 99 119 120 118 97 95 113 90 108 98 105 117 109 116 110 106 112 104 107 92
90 78 91 113 118 116 115 105 104 101 95 109 93 111 100 92 98 94 117 97 119 102 103 110 108 96 120
91 41 95 119 109 114 93 92 107 100 104 112 96 102 110 118 117 108 105 101 116 97 111 115
92 60 98 112 118 97 105 110 106 102 111 93 114 113 117 103 104 119 115 120 94
93 89 111 116 99 94 117 96 101 120 110 95 104 118 102 109 107 115 112 114 105 100 106 108
94 54 120 109 119 118 113 101 104 105 117 103 108 95 99 114 97 112 110 116 100 106 102 115 98 111
95 100 120 101 103 117 105 113 97 116 110 118 108 109 100 114 111 104 119 98 96 102 112 115 107 106
96 84 99 114 119 98 113 100 116 103 118 105 104 109 110 101 102 97 111 108 107
97 44 108 99 102 105 107 117 100 101 98 114 120 104 118 112 111 115 119 113
98 30 101 102 119 115 103 113 106 118 114 109 112 120 117 99 105 104 116 107
99 79 101 107 113 115 111 103 102 109 104 112 108 106 117 119 100 120 114
100 42 107 117 112 106 114 120 118 104 101 105 109 115 103
101 67 119 102 118 116 106 104 117 108 120 111 112 114 110 109 105 115 107
102 95 108 114 112 113 118 116 120 105 115
103 77 119 120 105 106 107 117 118 115 113 109 104 116 114
104 47 106 108 117 111 114 119 107 118 116 105 109 112 110 115
105 47 114 118 106 120 113 107 110 115 108 109 112 119
106 62 116 113 114 107 120 118 110 111 108 115 117 112 119
107 79 112 117 109 116 114 118 120 119 108 111 110
108 75 113 114 111 118 116 120 115 117 110 109 119
109 57 114 110 120 115 117 111 113 118 119
110 91 116 120 117 118 112 119 114 111
111 38 120 118 117 114 115 113
112 24 113 118 119 117
113 82 118 115 114 120 116
114 41 118 120 117 115 116
115 26 116 117 118 119
116 96 118 119 120 117
117 97 120 118
118 61 120
119 26 120
120 89
