500 150
1 84 347 279 280 425 236 181 410 274 160 474 438 81 407 348 182 395 434 36 489 118 71 413 491 198 341 336 128 464 431 310 207 173 428 138 371 361 186 61 309 78 385 67 196 129 356 117 234 255 498 27
2 85 52 229 11 58 139 24 249 216 254 203 303 324 342 498 473 450 119 237 13 278 331 354 443 305 352 500 330 122 56 187 197 402 106 25 44 281 471 310 166 294 131 43 493 263 358 242 60 451 367 160 117 223 266
3 81 453 423 314 432 151 497 288 75 430 73 379 86 21 253 26 271 329 294 184 456 301 485 371 455 441 33 56 378 91 94 54 145 112 140 236 180 25 243 319 360 227 110 296 408 211 292 285 365 262 42 115 409 273 47 98 274 420 63 10 312 446
4 31 375 89 171 181 119 328 187 292 370 225 54 57 134 226 177 154 441 281 391 311 49 122 399 357 298 343 132 344 241 102 290 238 193 376 426 240 213 396 362 170 320 293 64 285 145 208 169 164 369 98 465 160 388
5 21 397 493 82 238 105 108 229 457 489 89 200 140 405 83 354 469 73 421 440 178 139 419 275 497 69 59 429 235 311 180 385 428 29 365 491 271 272 90 109 324 322
6 89 77 395 119 45 310 316 108 13 95 241 175 229 277 113 389 35 102 417 358 191 34 179 480 86 76 142 16 420 224 263 415 498 246 236 193 242 122 414 463 370 447 426 441 75 385 186 330 53 406 437
7 65 258 136 220 11 337 398 483 433 381 339 70 441 387 495 247 248 187 444 125 208 384 278 54 235 330 274 99 224 487 132 251 150 374 30 133 23 10 87 199 82 443
8 83 264 181 318 246 381 134 362 306 421 88 356 68 258 376 262 174 243 154 67 171 80 413 105 161 347 119 351 448 58 399 465 187 41 494 274 367 18 221 17 133 353 390 113 97 341 322 198 182 63 69 159 265
9 59 243 463 16 491 109 118 355 413 456 131 172 300 269 481 454 468 75 233 154 241 485 135 322 111 86 138 311 385 352 298 201 23 45 313 479 250 392 107 348 133 469 415 165 57 412 204 229 194 416
10 25 184 430 15 488 225 233 191 460 464 127 119 398 376 301 224 100 439 421 476 85 63 179 34 89 210 258 104 302 113 24 163 156 125 199 344 346 311 352
11 65 267 359 120 473 428 242 273 232 45 332 98 257 165 286 227 22 474 229 401 206 31 128 486 72 102 334 477 150 239 331 346 256 309 282 340 456 433 76 107 40 453 126 226 125 164
12 68 432 422 114 394 464 22 41 154 259 270 48 136 472 342 191 348 52 87 86 426 296 450 452 215 159 254 28 397 225 169 486 482 142 60 345 354 94 290 287 269 38 376 248 337 401 110 228
13 98 251 393 419 231 128 276 453 109 104 331 41 470 370 384 235 463 60 221 499 68 226 224 112 46 353 198 202 157 368 279 190 218 32 417 308 304 207 439 386 191 496 17
14 70 481 495 203 275 52 137 121 219 312 167 210 500 334 446 419 425 205 333 84 445 315 478 276 373 94 206 126 209 81 347 401 155 112 157 357 464 279 303 483
15 27 20 72 79 498 317 269 113 489 123 23 411 331 26 195 74 254 163 104 57 209 191 261 491 165 384 243 45 122 29 182 409 143 368 170 362 434 126 383 259 95 223 467 139 147 471 396 28 290 367 301 50 96 477 148 482 164 108 137 309 212 346 93
16 63 113 134 459 162 34 452 110 313 61 404 40 379 372 81 164 174 497 437 309 342 370 126 279 29 308 209 73 327 378 130 358 41 260 59 158 498 311 288 277 428 312 318 135 191 237 269 188 229 293 195 234 451
17 36 379 468 496 207 384 138 344 365 222 439 345 26 315 376 156 342 149 23 435 127 267 263 235 174 385 58 366 112 460 162 314 308 83 283 135 402 296 354 21 398 185 143 60 410 221 483 141 68 189 367 204 381 55 216 388 278
18 77 62 131 369 442 183 256 122 202 325 329 292 228 36 409 112 76 301 235 224 45 487 412 192 386 128 82 429 385 445 276 251 44 388 164 439 203 488 327 266 52 236 90 178 397 455 268 121 451 350 81 346 43 466 436
19 84 90 78 426 412 52 377 246 444 22 56 54 253 257 29 184 135 260 227 110 66 166 312 39 233 271 385 476 333 393 392 306 102 213 451 461 374 466 355 170 138 424 463 197 192 297 34 210 347 454 133 239 97 488 372
20 27 232 118 300 338 77 182 231 235 412 426 384 472 135 106 189 112 81 474 57 114 35 158 260 488 291 239 450 207 264 437 276 32 233 358 485 173 334 25 180 179 375 397 74 115 167 346 374 56 50 246 210 439 483 164 382
21 66 41 422 423 229 62 115 340 225 338 156 434 139 262 376 426 414 314 353 128 302 51 303 227 224 183 188 493 178 325 322 71 131 129 209 465 116 391 135 388 138 32 23 480 318 374
22 60 389 228 157 347 173 313 277 365 317 288 26 416 462 93 62 410 116 226 149 264 434 193 383 279 211 316 242 84 138 496 436 375 498 404 481 378 388 107 72 374 190 167 339 197 398 372 475
23 40 301 141 314 227 180 410 450 404 293 228 195 159 461 389 107 442 63 95 36 355 82 431 128 269 202 303 321 239 188 198 281 214 386 87 58 282 265 317 33 249 152 77 481 216 302 93 480 352 356 264 284 153 418 305 125 94 252 397 346
24 34 212 465 39 174 347 145 101 497 386 476 41 496 352 412 274 361 111 421 389 216 65 423 163 124 339 253 223 231 320 126 405 75 314 232 79 88 87 403 287 40 500 351 445 270 110 258 357 27 426 440 195 45 106 301
25 50 419 406 176 485 359 235 82 399 55 129 107 263 489 118 145 265 111 491 350 460 248 278 342 384 108 149 416 141 499 369 338 191 257 300 48 282 41 438 307 421 210 64 72 54 150 58
26 44 265 183 472 239 42 245 78 168 149 97 336 264 63 328 288 455 492 332 92 118 53 161 465 479 91 499 457 132 82 213 254 217 494 414 430 282 119 164 27 137 159 151 50 105
27 65 104 72 265 75 270 157 223 103 172 207 362 277 177 235 354 105 301 417 444 430 230 238 266 293 191 387 76 312 500 374 239 442 240 424 201 471 365 307 291 372 199 56 479 380 346 231
28 80 476 263 425 71 313 397 242 416 240 304 169 259 400 159 262 288 116 472 371 302 210 378 349 151 465 356 45 341 306 57 493 318 292 326 183 273 374 219 233 450 479 30 209 255 118 125 166 110 484 109 213
29 88 367 175 324 489 55 288 106 251 417 210 283 217 236 53 159 120 140 393 277 464 225 427 167 372 411 320 142 168 473 309 360 176 178 147 358 245 431 306 392
30 76 67 56 313 494 402 58 447 304 473 122 330 389 244 130 66 326 484 38 483 387 210 271 65 68 397 72 361 82 233 346 190 63 101 106 359 260 251 312 93 152 131 209 476 379 79 135
31 92 96 496 118 119 163 459 440 84 497 57 367 407 454 247 404 204 244 442 304 381 345 499 166 421 132 131 77 489 437 474 115 391 196 174 88 436 150 306 213 135 41 203 94 160 200 68 180 183 482 147
32 71 44 145 344 256 335 106 427 439 392 309 289 84 371 336 463 127 426 156 354 303 391 132 81 445 478 192 479 285 414 470 89 450 199 98 39 95 207 209 488 486 428 272 322 153 352 88 380 372 298
33 76 277 296 499 359 274 215 108 136 45 103 273 66 253 480 280 152 219 80 214 114 467 490 323 346 496 99 488 497 148 157 177 309 464 406 141 355 461 310 222 311 447 378 444 87 172 304 417 184 96 163 174 260 318
34 72 45 359 77 133 329 240 230 326 143 275 437 287 154 80 394 90 158 436 164 73 464 75 269 361 484 131 336 278 388 468 310 393 211 445 386 401 369 444 81 201 395 452 313 117
35 98 104 475 405 251 350 166 201 338 439 99 303 478 336 96 199 143 499 371 277 222 160 37 403 139 347 290 323 483 423 253 454 267 419 474 216 340 229 305 54 182 259 249 109 440 332 344 43
36 78 268 399 172 220 184 270 144 481 265 177 247 114 137 234 48 378 107 373 183 97 120 85 99 200 53 284 197 300 64 353 379 345 491 77 129 159 134 86 95 186 384 367 295 464 416 271 164 431 179 191 328 442 108 190 106 46
37 77 125 455 64 239 475 446 500 477 358 56 288 299 362 304 384 287 267 180 351 203 491 100 389 471 45 284 488 95 298 250 74 113 40 158 88 367 119 281 409 153 336 242 465 151 81 466 387 221 419 303 412 215 484 208 227
38 62 469 472 164 248 332 322 404 285 284 494 398 146 416 128 436 56 194 184 106 46 264 297 65 136 486 441 50 89 386 405 450 66 368 179 447 467 53 71 466 417 347 95 478 70 431 277 193 341 465 79 243 222 165 350 138 102 226 236 52 197 376 44 182 282 335 387 130 356
39 76 296 275 246 203 380 499 110 355 98 387 72 475 93 437 397 104 294 252 299 198 96 187 267 254 459 332 352 396 327 45 389 497 269 126 301 40 330 329 479 220 379 258
40 35 260 336 80 200 164 370 104 420 142 251 130 100 240 290 435 436 62 256 286 348 485 280 239 462 48 497 431 227 364 209 288 52 76 459 305 254 440 47 236 263 78 475 58 415
41 67 440 237 364 486 104 50 197 331 344 373 290 365 42 492 302 140 255 78 308 448 416 378 80 81 96 355 349 481 478 251 268 129 318 91 419 243 293 130 154 345 323 150 285 425 272 146 403 229
42 41 57 407 201 392 188 339 221 360 328 486 310 342 182 186 74 87 410 316 192 161 350 464 215 341 351 446 248 477 89 325 416 372 496 458 348 226 97 122 96 309 414 300 285 437 138 323 369
43 83 369 380 77 241 180 232 220 177 134 120 260 272 426 301 75 238 296 213 463 125 401 126 57 474 128 83 280 219 286 189 416 350 288 170 46 171 413 487 258 268 340 47 234 465 440 468
44 80 346 137 155 322 449 212 170 415 88 406 479 231 71 307 188 308 228 422 103 317 242 223 499 147 160 258 84 293 207 421 282 118 380 378 182 252
45 91 354 316 331 368 363 210 196 107 72 426 284 344 225 277 364 309 327 205 497 456 391 390 150 411 253 475 427 418 357 387 470 376 461 206 104 406 312 464 480 424
46 25 262 349 137 164 190 268 311 165 174 212 185 139 118 235 362 418 251 312 371 305 270 264 346 313 476 489 104 246 481 109 261 100 471 294 152 445 147 437
47 43 258 247 481 269 435 63 199 273 214 321 492 419 205 328 310 433 278 491 222 216 342 381 290 325 475 349 326 186 157 233 49 207 302 57 235 365 104 346 309 456 135
48 42 78 193 51 464 333 279 99 103 295 310 289 494 54 363 470 487 237 172 127 250 456 499 416 420 299 404 276 249 321 374 203 424 368 430 223 267 137 257 216 457 252 431 155 388 72
49 83 370 134 229 108 412 222 162 91 303 328 307 318 381 365 393 210 336 144 292 386 396 392 259 120 317 340 364 437 73 473 468 163 216 430 476 275 89 452
50 42 252 141 185 365 473 189 351 293 237 142 126 311 166 346 306 240 356 55 416 384 480 169 61 182 467 314 499 390 73 87 231 297 109 100 399 324 440 146 245 427 164 195 279 226 194 454 92 295 124
51 49 212 373 495 280 100 241 463 245 445 126 54 208 246 417 420 291 67 288 271 312 287 402 353 144 86 382 182 205 181 124 342 151 166 346 403 120 360 77 416
52 64 401 266 350 393 397 400 457 375 369 407 385 152 301 255 287 317 458 498 352 112 166 338 497 471 211 58 462 346 107 249 81 456 359 167 121 116 259 261 391 119
53 83 176 100 416 419 283 398 403 173 169 238 60 277 494 200 156 178 289 146 279 483 179 128 222 103 141 303 79 110 352 208 96 228 312 280 379 335 231 371 500 281 394 387 315 296 412 197 329 220 397
54 85 259 303 144 321 285 388 485 470 256 99 138 117 125 156 292 405 178 215 471 150 361 301 332 239 497 103 139 458 481 233 344 312 351 278 136 164 236 148 297 171 286 492 444 190 418 451 69 324 442
55 94 88 382 325 179 172 58 263 140 387 108 206 350 301 152 86 428 330 361 256 311 363 358 71 285 148 151 171 136 195 99 104 131 373 157 419 80 74 59 118 158 467 295 117 404 412 102 464 407 421 94 376 496 381 304 214 433 222 339 177 299 273 443 284 216 181
56 48 59 159 323 341 269 96 231 395 310 304 115 244 376 112 288 114 95 308 315 77 368 485 64 215 155 103 351 158 273 190 226 322 490
57 44 418 161 149 296 293 386 139 109 147 315 124 331 471 407 273 443 371 396 367 101 220 270 162 333 288 253 259 456 465 221 355 150 129 313 159 152 334 136 72 110
58 75 329 61 353 185 141 176 387 113 313 241 208 133 398 198 220 68 342 433 140 274 466 150 159 63 238 160 365 454 261 418 270 62 246 317 372 416 490 180 167 94 215 89 234 354 300 357 290
59 28 249 93 105 465 221 327 479 190 344 267 414 305 182 86 398 380 446 192 131 387 163 412 363 406 369 89 128 442 422 357 117 307 437 84 171 388 257 450 297 486 170 478 263 187 206 462 496
60 31 285 466 70 322 118 192 206 178 440 485 249 105 472 163 414 420 112 215 393 470 457 296 311 357 479 344 396 256 474 302 289 69 345 335 171 336 419 90 64 213 376 298 361 150 242 73 365 155 350 460 424 325
61 66 314 124 202 260 236 489 248 254 148 173 278 130 447 92 230 102 454 318 316 475 216 272 371 340 184 253 295 132 458 70 83 241 125 382 151 210 465
62 100 230 169 213 209 345 358 419 311 96 443 109 98 115 64 330 270 141 483 135 123 201 79 269 314 160 144 370 365 344 252 258 384 457 125 262 231
63 82 271 363 352 118 321 312 478 147 356 109 70 319 174 143 76 454 322 487 199 204 184 269 132 275 81 91 407 71 155 120 444 110 387 317 374 160 368 250 256 313 108 205 482 455 354 392 153
64 41 163 96 135 383 315 281 378 87 174 162 317 156 363 344 202 185 262 410 267 396 268 329 79 486 150 186 164 434 93 80 136 389 280 234 448 206 398 271 429 120 274 148
65 87 427 296 336 476 436 273 197 109 131 434 485 450 257 198 227 412 322 76 424 174 470 224 484 298 194 168 179 330 235 203 341 312 473 75 331 394 183 359 177 469 310 311 295 396 185 406 321 346 440
66 79 461 393 385 329 225 70 324 333 115 422 398 365 275 154 272 361 341 162 216 345 290 427 113 167 305 166 287 478 380 259 178 71 375 238 208 283 452 214 462 396 355 321 489 198 233 130 446 126 153
67 34 186 200 405 307 463 145 413 485 388 236 183 264 380 400 169 467 228 76 330 273 464 248 449 260 192 404 359 472 322 451 250 204 140 305 227 419 126
68 63 438 85 172 275 233 268 286 137 298 348 72 347 417 382 180 128 461 454 257 168 263 319 494 318 421 308 388 295 437 155 98 312 71 144 410 406 181 332 103 95 228 156
69 56 398 274 123 174 475 468 281 260 402 287 362 474 191 464 444 317 447 209 112 407 202 494 469 493 332 436 122 221 74 463 334 322 335 213 327 245 137 250 170 259 485 339
70 91 412 183 160 168 381 408 113 300 207 119 182 416 272 264 105 344 237 269 493 403 445 290 233 275 231 433 218 217 244 181 488 282 127 478 440 320 424 285 118 293 74 230 360 328 415
71 94 368 79 412 327 334 197 178 421 370 337 77 433 219 264 251 375 391 500 233 148 445 457 310 478 343 292 470 443 377 256 381 424 118 166 90 223 246 397 318 414 282
72 39 434 443 96 470 362 416 164 334 221 140 370 148 445 184 406 358 182 499 167 469 178 344 230 120 125 283 324 196 228 224 366 388 145 114 415
73 31 278 499 202 96 276 180 315 142 438 195 334 117 394 288 76 260 163 485 362 377 323 107 286 445 239 240 93 141 176 358 84 269 498 139 356 179 311 206 284
74 77 401 218 388 271 217 167 284 316 289 220 274 465 398 438 296 160 286 229 379 451 312 94 476 88 156 176 471 444 485 197 454 459 196 362
75 99 149 340 450 406 165 479 311 126 420 372 308 465 129 477 304 344 137 411 243 293 350 315 284 101 258 132 189 337 111 91 242 143 321 451 470 136 96 500 291 369 123 99 309 222 181 102
76 37 84 324 288 464 134 330 160 169 208 402 262 111 110 240 199 391 249 317 191 239 453 363 306 500 92 220 399 200 417 133 124 338 423 243 432 320 350 140 403 214 213 291 437 446 269 290 197 441 349
77 82 201 398 214 126 232 174 152 338 441 406 251 337 397 143 296 355 374 150 270 105 460 187 480 414 454 269 184 497 261 463 212 221 437 228 203 399 475 202 443 496 362 265 183 127 246 357 93 391 280 294
78 57 95 150 88 107 155 200 309 465 291 79 450 363 237 216 437 130 422 471 288 449 412 435 335 152 490 443 274 398 199 196 467 126 384 472 244 211 457 491 350 381 101 433 466 222
79 60 159 425 151 218 349 156 347 228 147 487 418 311 455 178 419 93 406 370 242 407 206 379 141 385 392 253 327 208 212 117 209 497 169 276 273 284 345 309 367 408
80 80 283 289 211 446 306 468 345 414 395 217 279 286 205 327 290 380 228 492 148 447 214 201 429 125 198 292 487 149 491 269 365 307 406 467 361 130 418 257 494 167 264 180 155 234 389 500
81 96 271 471 283 100 256 395 363 103 458 409 246 146 250 498 201 366 145 203 174 434 209 260 481 125 110 440 359 178 89 461 206 454 253 273 116 155 117 205 229 175
82 24 233 367 376 247 468 424 201 435 147 377 391 272 390 192 242 251 271 131 348 206 96 143 119 99 87 188 125 296 257 152 255 360 388 327 225 128 289 417 214 439 112 438 455 268 122 196 346 185 412 301 485
83 60 188 249 214 140 441 251 365 286 296 108 337 196 462 221 159 492 242 434 87 361 391 226 157 384 168 487 234 260 312 498 367 345 490 459 277 104 421 126 330 162 463 141
84 94 132 183 135 343 219 459 161 408 421 422 445 358 239 236 182 233 164 434 147 371 178 325 176 389 120 450 381 477 281 271 160 199 198 195 312 216 385 200 483 347 490 286 418 230 99 148 92 384 241 307 357 139 209 146
85 25 312 181 162 396 86 394 499 333 357 280 149 487 494 131 458 182 134 281 228 430 143 425 221 478 323 161 405 308 202 136 367 166 486 427 91 380 304 142 256 102 417 273 345 389 88 259 231 436 408 155 101 459 402 104
86 53 220 340 200 350 173 115 326 131 456 111 124 404 190 438 437 94 352 468 499 221 348 199 157 452 168 354 138 370 91 485 287 244 445 184 413 328 181 379 342
87 41 243 106 288 176 249 315 221 481 397 463 239 416 151 237 96 155 426 399 235 333 440 123 192 264 380 132 236 480 461 336 419 467 166 316 431
88 49 258 181 331 385 149 218 333 156 132 436 413 118 451 407 273 422 383 127 121 163 426 278 377 476 362 409 144 408 122 255 256 187 232 474 202 309 186 195
89 27 270 261 182 239 257 273 423 413 431 161 461 329 434 176 364 132 389 262 325 321 404 463 279 184 268 342 376 400 151 471 221 475 320 326 152 150 295 263 141
90 49 122 152 100 267 351 112 346 121 389 437 274 186 314 245 178 341 423 253 264 198 214 492 420 500 189 279 247 329 374 474 387 338 471 102 328 124 380 276 468 234 360 288 285 315 398
91 77 325 117 151 106 401 330 154 256 101 110 418 282 232 197 318 457 140 227 367 294 207 474 445 241 493 161 424 498 237 391 355 249 319 102 251 491 142 158 306 349 118 477
92 89 341 232 449 194 494 400 270 160 431 112 265 169 247 235 220 207 474 225 320 461 443 158 473 491 100 237 279 239 271 447 266 329 204 469 442 142 101 466 499 205 349 343 94 463 498 233 121 477 215 155 229
93 64 246 411 232 276 181 460 418 415 213 218 223 375 394 303 434 296 480 392 147 179 377 455 248 457 365 180 209 312 184 251 315 389 107 265 361 357 384 430 314 178 328
94 74 248 214 378 283 306 233 438 261 428 366 280 144 365 139 159 296 454 315 421 154 303 201 432 224 153 177 242 232 294 210 380 97 269 449 398 382 390 172
95 30 483 109 432 490 334 377 190 446 358 449 96 484 114 169 146 279 122 118 202 178 468 200 287 390 422 292 344 235 216 481 410 276 429 437 363 442 333
96 51 215 484 216 369 370 393 257 101 319 360 464 312 382 251 171 185 495 212 399 250 490 323 98 256 330 224 165 106 146 183 500 199 136 170 99 211 405 344 381 453 194 213 325 398 245 466 118 295 151 384
97 53 374 228 328 458 417 420 130 447 145 206 143 481 377 309 347 128 252 116 476 214 283 158 489 373 213 412 201 169 136 354 235 289 301 327 142 239 384 313 159 445 247
98 44 441 171 334 183 419 326 319 350 165 166 275 150 220 135 195 115 175 291 227 118 369 337 278 406 140 490 376 198 169 293 132 120 459 294 412 480
99 29 297 205 234 180 298 402 342 159 184 127 471 451 101 480 410 463 421 408 269 282 369 349 194 500 237 266 433 351 289 183 140
100 24 414 286 420 498 268 336 378 127 314 354 278 163 396 351 214 485 307 182 287 105 309 212 487 139 387 183 370 197 321 433 408 447 152 141 224 103 330 349 457 300 395 198 328 149
101 34 220 302 246 376 277 272 173 422 231 396 495 248 456 316 152 297 449 253 117 380 258 498 470 479 368 181 308 462 455 262 364 271 149 411 458 294 257 303 434 232 273 138 450
102 23 394 389 374 219 114 159 241 261 386 325 415 298 155 300 411 112 407 376 250 140 129 390 419 124 240 141 487 245 309 341 279 399 201 202 404 466 452 396 315 260 489 123
103 43 250 166 333 125 277 431 312 281 428 171 335 321 237 463 482 416 459 116 436 488 456 231 245 190 256 397 378 242 345 311 474 494 341 410 263 201 200 253 382 261 426 496 132 273 199 452 422
104 61 353 417 254 223 142 131 331 397 320 216 155 413 276 481 213 227 219 421 371 366 258 261 376 466 237 408 357 458 492 212 289 352 299 144 247 359 448 231 186 187 464 345 420 500 185
105 80 159 240 475 483 490 214 215 495 175 327 449 185 386 491 378 329 192 157 337 139 492 426 282 247 217 109 313 181 314 355 112 480 338 432 456 455 308 287 500 374 412 147 141 153 221
106 42 256 163 485 415 286 191 385 171 275 322 247 344 172 471 448 204 433 208 261 265 202 312 227 481 340 288 410 244 119 490 489 157 431 491 463 440 292 287 464 234 150 496
107 79 263 206 119 358 203 416 494 210 291 208 224 145 187 170 293 479 193 406 196 312 444 179 371 484 348 446 486 360 188 378 381 491 140 443 156 259 330 133 229 138 148
108 77 468 139 421 339 331 380 283 439 153 309 246 490 229 391 144 160 425 433 206 257 219 346 485 400 222 258 482 178 137 362 109 226
109 95 298 397 120 180 139 164 158 488 198 480 215 453 136 303 320 173 142 460 235 203 273 161 347 241 112 114 300 496 398 205 372 438 470 305 359 418 294 247 149
110 54 472 176 288 347 318 146 175 473 367 442 438 287 241 156 163 255 402 119 214 122 478 232 154 359 383 290 424 142 445 111 413 374 320 498 354 137 289 300 330 202
111 73 492 299 380 269 267 200 260 448 221 304 300 241 426 113 191 177 151 330 442 259 134 418 186 263 420 432 485 312 166 234 370 188 336 155 231
112 90 341 392 443 116 431 280 258 399 224 135 444 464 121 374 301 182 471 275 405 493 217 171 268 461 242 191 192 329 348 228 454 177 480 364 125 437 261 358 415 142 123 151 178 331 262 164 447 251 206 287 202
113 74 338 128 452 266 359 302 267 141 383 328 360 258 408 184 187 241 391 435 275 236 377 137 478 140 405 400 152 167 233 422 283 387 327 430 466 151 431 398 174 249 458 469 292 409 290 418 199 475 273 228 310
114 48 351 476 318 353 160 215 177 371 212 331 136 352 214 418 161 190 379 383 422 404 496 377 278 324 330 147 262 268 232 482 484 198 369 437 338 247 411 433 460 143 408 223
115 83 187 377 252 303 151 258 479 337 220 291 280 459 378 434 305 126 290 470 348 182 402 223 301 446 394 207 145 426 261 358
116 79 386 397 345 280 286 350 252 164 270 364 208 213 366 351 230 199 279 343 308 425 253 487 492 476 206 263 264 329 221 195 356 428 235
117 81 386 448 432 253 248 428 275 262 223 424 451 315 230 267 202 137 403 446 477 355 404 294 205 126 406 255 366 310 284 376 391 304 279 247 272 388 251 286 362
118 24 438 263 449 278 331 441 132 480 305 220 343 335 325 176 126 281 213 150 452 328 379 473 279 499 287 461 462 411 139 301 370 373 381 312 174 244 401 377 156 193 159 274 378
119 44 263 175 456 218 421 265 286 398 332 477 336 288 149 132 399 342 426 303 162 349 469 136 387 183 143 291 282 411 326 306 448 329 393 166 267 457 217 315 361 249 380 140 458 491
120 24 313 121 465 432 163 480 496 222 136 375 452 189 232 486 201 430 479 445 215 226 392 319 446 191 477 463 400 132 388 489 342 303 178 453 199 367 321 165 152 341 433 471 219 269
121 69 401 354 292 225 323 126 198 247 387 199 362 152 430 433 361 372 122 147 214 188 340 407 123 349 399 431 488 256 163 129 419 218 195 206 493 140 450 168
122 20 360 200 417 459 131 308 450 309 432 463 408 399 369 138 126 343 376 330 156 299 288 358 238 351 219 320 389 374 436 427 250 264 421 263 166 468 438 151
123 28 359 427 328 148 407 259 169 132 258 308 364 163 430 138 478 323 362 184 469 332 155 475 388 452 383 222 335 288 398 195 357 413 296 453 136 228 298 162 250 186
124 33 147 281 397 440 257 195 196 332 213 471 275 187 244 286 174 427 327 185 365 210 323 307 277 183 192 283 134 197 159 239 322 446 436 439 230
125 74 171 281 214 280 310 447 266 479 425 169 477 319 490 224 267 348 186 487 268 232 499 468 498 452 157 158 341 415 172 360 488 233 373 427 478 301 387 251 163 331
126 38 164 153 283 448 474 410 254 382 189 408 412 384 224 465 328 193 401 186 335 234 218 483 205 167 473 273 349 359 437 363 350 243 260 494 454 235 174 355 484 325
127 80 460 241 244 341 338 217 290 169 382 266 348 298 327 431 373 274 260 461 172 285 176 406 159 453 135 318 428 498 249 190 179 424
128 42 404 134 262 406 426 264 395 129 185 416 464 339 143 193 171 487 346 347 275 330 291 340 206 344 491 492 258 149 364 427 468 277 341 173 302 410 238 372 460 318 135
129 79 500 240 364 261 230 166 212 224 134 333 426 433 326 244 200 372 379 436 414 479 214 394 235 458 417 327 461 196 478 187 387 296 348 384 320 388
130 89 293 420 170 144 254 269 477 210 457 355 327 387 488 153 372 339 376 168 405 181 381 212 335 350 164 326 361 274 385 159 289 467 479 370 426 368 285 286
131 47 317 483 388 221 211 229 466 307 291 220 192 446 409 424 298 302 173 369 285 341 452 436 286 354 258 278 364 363 177 344 444 277 180 276
132 28 479 241 140 207 494 446 483 398 212 469 268 407 484 177 387 322 405 230 412 392 419 305 167 497 270 286 404 435 439 242 316 498 379 303 306 175 243 173 418 393 353 257 459
133 92 153 493 353 310 183 249 197 195 185 289 496 369 456 387 187 172 375 188 288 184 442 276 154 145 396 399 266 138 280 208 407 173
134 70 358 476 340 141 487 474 350 239 296 294 156 242 458 258 477 481 221 191 479 366 382 241 270 344 244 264 361 175 194 353 403 223 478 404 498 363 183 387 371 396 315 357 212 291
135 70 280 265 147 333 374 375 356 494 316 281 170 341 344 297 480 284 191 221 257 477 283 425 307 447 195 162 216 223 399 253 398 391 278 211
136 87 265 245 351 359 290 207 356 477 255 376 158 263 178 460 275 392 246 421 423 489 488 191 345 188 300 292 467 354 273 401 448 331 141 483 357 240 203 323 308 447 316
137 27 201 316 157 348 339 488 254 151 409 244 342 287 311 281 171 397 273 301 347 192 262 245 442 356 403 143 220 417 407 375 453 315 479 272 209 387
138 64 265 333 466 426 191 421 304 403 250 460 434 348 391 332 456 163 353 433 312 342 152 339 441 181 281 238 165 177 170 210 344 477 155 219 285 416
139 80 170 398 160 420 307 308 314 500 363 421 197 386 489 333 447 253 426 288 292 349 295 259 150 483 205 478 151 493 287
140 38 240 453 384 354 358 242 267 438 155 452 307 206 152 391 178 476 484 291 281 156 288 356 467 322 247 412 272 157 164 159 177 248 465 221 162 386 458 432 252 241 279
141 98 220 252 200 491 360 197 151 321 205 357 455 468 331 449 426 193 378 302 348 238 229 257 488 412 180 391 344 291 387 400
142 68 494 330 358 201 159 163 403 410 296 440 493 247 323 348 432 359 313 371 479 256 195 438 268 284 387 385 230 289 347 177 478 279 406 293 484 172
143 27 435 287 360 234 386 230 251 364 457 458 207 310 432 200 456 334 494 245 172 217 219 164 210 390 303 235 225 471 237 305 301 300 242 317
144 71 440 416 225 398 179 160 490 375 427 167 221 423 184 482 331 205 432 238 258 383 430 483 280 385 223 192 454 474 173 464 471 399 150 442 172
145 96 353 487 404 479 340 236 411 197 375 308 339 190 158 261 232 488 277 416 469 266 402 182 268 177 467 302 417 229 324 164 413
146 26 343 449 331 179 170 490 321 427 312 228 360 318 388 209 377 379 422 333 401 373 458 202 288 221 397 325 432 244 475 340 444
147 66 412 317 252 331 279 493 191 263 326 235 303 249 492 257 220 385 451 328 445 323 149 192 372 414 416 325 349 233 431 239 429 456 371 439 196 282 346 322 370 474
148 92 487 347 401 420 385 149 380 479 377 236 216 188 452 376 451 289 164 351 335 493 196 418 277 157 259 446 349 326 345 392 334 201 340 382 400 177 402 384 414 348 468 406 368
149 30 418 467 478 449 236 488 307 186 453 227 417 157 165 225 280 240 348 401 229 390 416 299 185 222 440 395 286 242 155 423
150 90 336 374 264 201 358 177 359 481 297 222 334 460 488 300 181 375 322 185 271 486 354 423 295 474 346 219 203 175 176 456 413
151 31 189 162 323 274 332 210 295 484 389 275 284 258 207 456 409 178 446 238 300 359 211 423 374 198 239 311 448 175 165 415 379
152 95 426 213 229 267 198 496 223 197 169 326 318 439 154 347 460 174 399 206 300 269 490 311 351 188 306 338 199 400 443 189 288 233 231 236 270 483 436 249 403
153 25 264 492 458 274 185 157 367 196 401 252 494 162 499 419 165 215 242 399 498 354 470 279 406 161 450 483 207 404 461 296 422 471 456 243
154 40 328 440 180 298 451 265 492 494 235 356 326 231 405 376 398 365 267 161 205 206 240 313 342 162 424 184 352 325 219 286 170 176 303 188
155 43 384 313 201 390 409 326 454 293 240 278 400 363 204 413 359 410 283 196 393 252 325 440 383 188 431 228 338 292 315 237 401 192 450 317 185 421 357 476
156 79 290 458 335 431 270 330 242 465 308 188 455 357 466 451 362 478 461 211 288 212 297 168 423 492 311 216 171 219 496 377 181 494 499 326 252 441 334 157 307 446 221 160 273 392 387
157 74 316 203 248 237 334 438 373 305 431 494 337 301 471 266 346 340 166 200 256 353 395 499 500 174 423 364 192 265 183 493
158 22 481 404 168 382 420 165 328 230 292 400 486 169 207 348 290 465 497 351 164 454 417 291 385 218 341 426 466 472 338 384 353 355 316 185 221 450 485 493
159 37 249 417 414 444 273 165 421 349 441 475 230 445 407 472 400 430 254 270 474 434 221 334 389 212 328 166 181 194 433 260 449 193 247 462 340
160 52 211 360 256 286 404 342 347 440 351 175 480 251 419 169 444 302 165 432 206 233 248 305 469 257 353 247 408 222 363 448 386 352 259
161 27 324 321 228 218 441 173 291 355 258 414 212 186 332 406 188 250 370 162 179 266 346 175 491 333 362 499 398 274 349 482 359 470
162 80 335 191 469 436 380 419 362 179 230 466 367 435 405 344 497 252 457 481 500 171 385 243 200 324 438 474 218 365 494 400 247 250
163 61 203 201 290 312 315 297 477 397 488 231 304 173 486 389 222 200 226 496 313 260 351 467 230 292 368 170 489 311 384 227 289 359
164 34 485 220 383 465 194 378 402 276 322 183 342 268 210 222 341 260 482 350 240 297 397 373 186 340 246 216 295 212 267 454
165 49 278 238 208 334 465 193 198 432 378 276 328 434 255 192 315 300 220 425 326 322 330 244 250 500 230 454 380 236 478
166 30 322 377 270 227 283 338 175 358 263 281 457 428 380 195 484 398 272 407 301 396 288 247 344 295 197 225 246 236 498 250 458 473 178 189 464 234 421 208 462 237 215 447 206 328
167 37 319 189 484 239 301 286 443 497 258 373 320 452 460 197 365 338 200 400 183 440 333 486 454 428 427 387 349 260 421
168 73 394 291 369 468 455 435 392 483 365 239 477 294 268 391 500 372 375 328 469 196 300 490 232 465 474 404 177 288 333 191
169 90 362 172 384 270 298 363 293 200 280 225 191 349 240 438 380 488 217 267 340 201 369 210 392 230 391 281 333 428 413 407 171 305
170 97 233 289 371 305 487 320 276 381 388 295 473 378 368 450 220 398 317 256 302 480 354 175 477 211 431 418 369 456 412 348
171 91 426 189 498 209 340 357 409 431 356 218 298 401 489 374 236 391 432 265 321 471 279 442 257 369 322 362 285 301 378 211 256 226 270 186 480 457 418 428 455
172 22 229 365 392 371 454 354 220 463 320 405 281 221 433 485 366 326 459 461 237 202 294 247 471 323 189 423 407 206 208 460 315
173 80 482 402 367 235 480 182 491 254 217 273 308 279 187 208 416 297 193 393 443 219 298 181 347 489 372 191 438 233 223 363 225 202 358 398 207 388 360 499 282 340 190 226 312
174 33 290 349 335 211 199 479 370 398 246 262 450 367 267 360 418 497 324 389 392 430 401 175 311 415 439 226 342 259 214
175 73 345 276 384 339 279 318 255 292 370 297 451 333 293 433 249 481 218 463 411 426 267 460 424 434 194 470 307 493 458 487 423 268 375
176 75 485 294 297 329 470 234 369 221 328 436 494 427 365 393 292 336 254 464 210 399 226 404 229 239 264
177 39 219 265 369 367 402 341 247 228 272 477 433 359 397 370 202 200 398 317 442 497 338 364 301 227 473 353 262 307 371 218
178 54 250 393 218 498 185 462 249 206 406 421 428 280 369 342 300 400 453 275 322 200 191 436 328 297 181 332 489 242 341 248 302 293 460 352 226 229 422 368
179 82 275 310 188 305 399 316 360 246 270 354 239 496 343 431 191 347 322 326 199 428 451 317 258 386
180 65 322 249 268 316 181 235 452 387 397 220 210 280 373 350 391 421 410 393 269 214 478 188 407 194 343 486 302 296 301
181 59 401 360 343 227 445 417 237 468 194 363 187 290 485 361 377 463 406 317 500 271 295 415 330 288 322 309 458 443 326
182 94 295 401 418 340 252 302 375 197 322 227 349 280 312 275 244 371 245 263 500 307 271 269 330 262 465 251
183 60 456 299 449 265 253 321 359 241 362 195 495 489 208 429 298 216 491 377 234 460 239 245 214 226 422 404 499 187 423 402 322
184 64 248 262 401 485 289 269 388 452 193 213 427 481 422 456 470 257 186 458 419 411 294 256 284 430 468 202 336
185 33 462 336 436 312 299 268 421 446 443 283 238 407 291 243 412 186 236 280 410 455 282 420 232 212 364 495 397 301 428 277 213
186 83 374 354 244 346 328 460 371 498 467 258 448 257 322 391 376 217 409 425 469 441 234 397 461 487 343 500 265 239 439 225 445 407
187 59 280 340 282 329 319 197 334 284 349 241 318 393 455 373 301 227 366 217 500 332 423 483 470 225 411 412 443
188 22 299 388 450 243 290 318 317 198 208 236 340 270 338 300 453 199 496 265 376 240 487 344 239 205 443 446 323 226 304 336 452 499 441 303
189 21 487 246 325 464 421 390 489 381 457 326 242 251 266 198 447 204 299 440 240 377 374 265 448 227 193 300 496 297 217
190 92 320 492 351 456 475 340 479 444 291 332 233 222 408 496 363 359 265 469 412 395 309 481 271 427 356 192 425 500 391 480 205 329 439 287 422 228 470 498 259
191 55 461 324 419 197 353 209 470 205 452 344 291 345 365 435 497 217 315 261 393 428 439 342 332 331 242 346 463 226 476 232 434
192 44 196 478 273 351 357 335 493 257 491 316 222 383 441 246 361 278 276 200 464 197 398 260 199 354 274 201 239 233 301 330 440 287 259 295 343
193 71 449 300 368 196 430 475 323 215 384 448 263 272 490 315 450 241 301 455 281 427 358 473 291 261 415 306 304 224 416 336 222 330 260 484 200 423 447 331
194 96 244 452 257 270 311 355 361 416 284 364 430 337 331 205 484 358 264 411 443 455 495 497 312 211 421 302 201 303 283 333
195 58 198 213 449 444 236 473 429 305 208 380 374 350 370 224 393 210 295 334 377 465 280 438 490 257 216 361 254 427 452 283 391 488 398
196 100 320 439 441 276 432 450 371 334 437 283 407 248 220 467 481 490 491 274 301 300 415 489 286 414 344 318 377 290 219 399 337 401 266
197 41 436 433 293 200 474 236 296 224 451 381 489 475 380 411 326 276 335 343 356 386 347 490 470 455 235 249 372 250 396 438 407
198 75 474 445 439 283 289 263 280 382 314 267 216 346 242 285 203 222 495 398 324 313 392 374 376 277 348 310
199 88 448 311 415 262 266 364 369 238 463 330 274 382 422 219 392 293 257 231 467 381 203 473 225 433 484 458 488 304 353 215
200 30 433 460 315 351 402 401 466 340 361 492 431 275 304 234 390 377 383 210 235 350 283 366 243 420 291 256 488
201 87 469 443 396 498 488 220 492 285 343 390 269 213 406 215 388 306 267 487 243 352 456 362 326 384 230 263 286 441 500 214 432 302 490 235
202 94 320 491 349 351 497 318 242 299 361 312 215 398 498 432 279 253 416 473 223 222 454 287 441 469 430 286 203 308 484 350 370 277 265 442 489 466 422 275
203 32 397 213 344 475 498 263 252 372 238 375 455 407 481 433 272 385 424 240 269 345 420 446 217 226 222 265 329 221 229 235 404 479 288
204 66 457 336 340 361 239 310 427 351 441 357 326 398 236 325 331 301 422 367 488 378 274 493 294
205 27 390 443 231 247 311 295 262 288 302 251 461 466 327 341 357 223 496 263 472 293 474 222 290 240 226 470 336 454
206 20 498 278 316 369 411 416 454 475 417 413 368 329 229 388 390 472 496 245 462 268 262 317 302 351 395 311 446 237 279 219 309 420 251 402
207 56 396 278 453 265 461 414 413 286 239 249 215 329 477 233 415 387 458 292 328 280 261 294 324 272 482 289 218 314 250
208 62 497 403 452 432 442 321 368 425 322 312 331 323 389 223 416 305 373 417 360 478 209 343 233 435 306 304 469 267 211
209 55 252 230 216 355 410 213 399 224 450 341 386 385 454 382 482 298 346 229 453 316 221 487 432 236 247 319 273 467
210 38 378 475 399 377 335 470 362 338 401 479 228 284 219 386 248 477 466 326 245 241 375 232 463 443
211 43 432 373 273 302 485 324 492 464 418 337 270 472 429 394 267 500 434 214
212 29 371 419 338 320 496 309 215 312 390 277 472 219 406 239 491 232 271 307 421 363 311 291 395 370 259 257 221 413 326 397 248
213 31 374 235 372 498 353 440 275 279 423 422 449 221 337 362 318 252 411 268 284 368 472 267 314
214 83 303 309 376 251 266 319 242 312 244 261 277 288 401 380 237 233 270 339 249 497 428 257 474 322 255 433 458
215 90 456 383 296 271 432 447 335 346 493 449 359 309 463 470 292 485 494 391 311 487 453 268 500 237 474 360 479 435 217 312 283 278 317 305
216 60 404 276 393 304 423 430 377 416 303 353 252 472 429 448 463 338 372 454 437 436 327 381 306 270 316 290 485 408 237
217 81 256 317 345 421 467 449 470 279 324 390 229 448 322 497 370 399 412 219 261 483 446 309 301 415 396 315 485 388 428
218 48 401 399 357 322 323 402 366 454 266 409 416 452 282 328 480 372 440 356 317 412 228 428 333 486 474 487 325 392 417 327 298 489
219 62 340 423 396 227 272 321 257 410 442 392 317 499 397 425 434 245 255 303 475 498 265 482 445 344 270 248 385 233 349 291 301 293 372 412 406
220 82 321 298 225 476 397 439 221 333 271 443 267 352 448 402 265 272 385 360 309 303 407 260 282
221 39 491 342 279 448 370 482 403 411 490 425 426 344 379 394 369 350 443 420 360 310 300 353 338 223 438 269 478
222 97 473 226 393 458 330 474 338 427 485 246 433 460 434 320 370 308 290 364 254 372 453 402 414
223 41 288 329 367 290 335 361 225 264 325 295 278 388 416 260 291 447 347 470 424 426 273 402 423 491 302 421 408 398 304 492 432 465 433 457 318 229
224 90 307 425 304 382 446 485 453 252 242 427 400 287 249 319 269 296 293 394 346 282 395
225 27 454 365 239 344 260 492 305 310 308 439 273 443 399 369 244 390 391 337 417 312 296 431 246 261 413 483 358 353
226 80 389 325 453 295 498 347 474 292 319 428 240 260 249 317 281 228 444 375 346 284 303 279 447 238 406 454 301 293 285 420 311
227 24 345 455 282 234 362 384 317 238 473 380 349 381 277 400 372 404 489 276 376
228 48 261 453 461 303 322 462 235 366 472 241 314 443 498 483 275 479 288 440 408 248 240 357 405
229 54 337 310 249 388 342 383 457 409 307 329 470 353 386 435 443 350 448 463 263 273 279 454 434 320 251 363
230 28 289 491 247 318 263 278 335 385 252 286 408 358 322 407 234 308 303 422 465
231 74 464 450 394 282 240 289 452 488 368 306 420 409 466 337 385 304 356
232 57 404 418 457 441 451 240 400 465 439 374 369 430 393 500 302 422 283 357 265 352 245 455
233 21 439 385 329 492 477 249 497 431 500 346 389 379 274 388 288 456 245 449 463 250 313 454 362 302 236 414 429
234 86 445 396 407 392 417 242 324 420 323 319 405 484 410 307 441 308 374 479 408 252 447 294 468
235 22 487 395 419 323 396 311 351 402 339 255 367 430 474 286 424 394 236 349 353 397 365 287
236 44 304 390 477 452 380 428 285 462 418 351 466 303 320 297 453 401 375 370
237 22 437 461 300 427 390 299 353 400 401 421 408 479 267 306 467 269 402 438 391 409 315 292
238 59 417 370 431 320 367 301 412 241 258 433 496 470 257 362 498 443 269 491 492 500 361 325 457 472 285
239 22 240 443 275 446 473 263 343 370 267 280 244 481 390 276 458 357 488 447
240 73 242 294 327 468 283 315 291 255 312 371 428 297 323 379 325 307 329 281 369 354 493 259 411 479 404 383 353 269 499
241 77 361 416 469 430 445 332 383 448 437 493 443 366 438 439 313 462 494 461 426 284 331
242 45 348 305 496 317 474 271 312 430 424 258 303 302 483 385 297 369 468 244 314
243 82 439 334 249 422 463 366 292 421 348 313 497 264 299 281 461 489 363 254 437 482 287 403 460 477 337 410 353 407 452 494 345
244 23 297 410 392 430 316 275 371 374 325 333 462 473 463 416 457 453 339 408 454 448 293 440 486 442 314 403 400
245 43 356 465 418 265 373 299 304 481 354 443 372 308 317 360 295 381 479 276 405 288 495 264 447 402 365 339
246 71 434 483 359 424 253 465 289 328 364 280 384 431 490 306 357 310 438 388 480 414 405 371
247 63 445 485 324 460 293 458 484 282 379 346 489 312 357 316 326 441 297 291 360 380 323 437 288 474 499 363 310 386 255 354 476
248 23 433 251 355 374 455 464 427 284 459 275 429 272 391 398 385 380 339 257
249 34 348 410 266 343 422 259 499 482 478 323 274 457 272 290 334 279 392 263 299 439 251 385 496 308 312 426 490 406 438 420 359 338
250 40 264 476 423 416 329 407 307 408 347 486 389 373 282 454 460 427 270 419 432 381 269 359 377 327 337 341 298 354 334 382 277
251 21 257 333 355 288 265 327 313 309 408 394 350 289 412 485 455 457 468 253 258 326 410 389 469 439 404 461 391
252 69 439 482 281 400 490 310 336 485 469 308 322 368 434 354 356 291 399 362 382 290 337 446 279 309 301 453 461 288 498 448
253 53 290 427 473 416 371 463 449 412 474 489 352 364 311 496 452 368 461 487 363 300 394 455 471 283 435 370 292 481 497 285 383 282 326 391
254 42 492 479 435 344 418 490 334 327 263 453 284 320 462 459 420 336 315 437 351 281 340 482 349 401 415
255 74 277 307 333 439 457 293 353 352 354 390 491 500 308 433 495 324 358 386 444 462 286 449 306
256 60 319 268 386 273 285 498 369 324 427 446 328 345 437 458 479 365 419 269 343 258 257 408 284 493
257 37 379 495 307 408 500 390 499 325 258 309 335 394 418 419 295 290 289 429
258 79 437 466 446 377 436 404 325 301 463 260 294 292 443 326 338 361 462 370 307 485 347 364 439 350 435 279 288 391
259 24 439 413 461 349 405 381 475 499 289 292 383 433 285 340 276 437 284 283 418 278 304 298 468 473 347 376 388
260 88 311 353 293 345 336 278 344 288 449 406 332 421 401 383 462 448 352 298 391 310 492 477 279 455 446 393 428
261 22 449 395 376 378 488 316 485 262 413 434 444 493 357 289 461 397 411 453 312 483 479 335 436 418 406 349 318 370
262 78 353 290 332 437 333 444 491 277 316 319 347 356 380 399 421 270 294 334 275 376 303 382 394 441 329 453 308 391 478 419 274 335
263 44 379 324 363 493 476 320 303 337 353 335 311 392 315 264 383 453 387 397 484 433 427 469
264 39 275 309 282 341 279 357 272 437 479 471 359 345 462 438 335 382 485 320 377 407 310 332
265 80 363 445 414 372 406 331 294 412 411 437 441 486 457 329 396 285 303 344
266 62 359 464 271 396 398 428 455 354 414 363 430 486 470 275 438 392 279 352 347
267 80 498 368 399 483 328 407 452 444 322 355 495 484 352 458 293 356 459 273 418 314 453 364 461 345
268 82 425 437 275 495 302 286 378 277 311 459 325 345 349 403 269 351 386 458 356 294 414 307 315 279 417 273 318 487
269 20 378 356 315 433 400 286 404 426 457 282 415 372 322 485 494 377 386
270 82 404 355 330 440 362 455 292 282 354 409 302 469 393 345 405 434 287 416 364 357 301 471 388 273 436 482 271 414
271 54 327 405 293 351 276 472 490 304 316 442 282 406 352 345 391 356 382 424 418 411 281 412
272 93 428 380 476 365 405 386 404 397 499 302 430 484 332 387 319 282 281 317 306 348 463 400 440 350 384 320 367 483 439 273
273 42 328 330 365 284 434 361 455 464 500 382 291 413 331 492 355 390 412 486 433 334 351 451 388 374 437 379 346 326 416 337
274 51 422 459 279 420 378 365 333 348 277 456 482 453 283 318 298 491 372 305 421 317 428 457 355 467 370 352
275 31 430 432 488 411 341 408 328 445 377 467 350 369 473 368 429 291 361
276 65 348 488 457 350 388 416 490 343 430 397 472 292
277 38 365 488 457 378 370 349 318 419 455 377 355 479 388 383 336 314 344 303 430 348 468 337 399 296
278 90 315 483 325 442 322 407 328 433 342 424 434 426 290 298 358 446 346 396 443 337 355 373 333 456 344 460
279 84 457 305 365 299 438 399 469 449 337 422 346 378 443 321 352 482 434 428 293
280 52 333 310 446 465 430 389 306 489 281 346 370 423 467
281 30 317 299 408 384 302 391 425 381 400 446 348 319 409 496 337 476 328 437 325
282 85 348 423 490 395 294 392 389 453 285 433 403 319 444 345 469 372 399 315 473 324 384 494 312 283 454
283 37 349 352 437 346 431 292 439 481 325 421 369 388 376 461 487 338 458 320
284 79 399 340 390 306 365 460 348 354 352 442 451 297 320 289 498
285 43 385 397 413 290 293 432 363 436 480 482 444 350 286 394 409 422 366 462 371 423 494 431
286 91 300 491 359 287 349 364 478 493 434 401 294 496 304 370 361 336 462 441 333 495
287 38 333 301 411 290 437 426 447 330 414 482 349 402 432 304 382 442
288 60 426 422 489 338 393 468 319 478 481 452 380 483 323 482 389 362
289 85 408 405 316 480 394 326 313 381 382 486 403 358 375 409 417 415 469
290 42 314 309 354 321 389 497 342 398 381 436 483 466 453 499 403 496 356 391 300
291 47 347 372 440 320 373 435 354 439 473 316 450 496 304 489 409 421 353 336 477 343 368 369 374 446 467 414 411 390 296 402 416 427
292 87 444 413 415 438 414 433 491 305 303 443 384 312 406
293 36 312 442 317 367 319 433 353 363 328 357 488 389 332 479 329 412 318
294 87 459 394 362 392 375 468 312 317 415 422 460 439 470 479 453 367 493 327 336 353
295 26 335 402 492 412 421 298 430 353 424 339 387 454 440 458 364 444 366 399 490 334 312 331 380 493 413 498
296 96 480 364 348 475 321 310 305 373 384 482 427 316 389 388 469 357 313 375 476 407
297 49 467 425 471 350 339 333 329 500 474 481 383 317 421 312 487 450 410 331 414 453 320 494 387
298 86 466 305 333 352 480 394 395 455 424 371 340 427 485 498 489 477 301
299 93 397 415 407 346 307 386 306 357 310 375 308 402 454 373
300 65 430 316 403 436 394 434 406 398 351 408 303 424 309 467 376 461 350 446
301 83 322 374 469 413 362 405 377 498 445 312 303 461 475 493 331 482 310 408 347 387 440 460 358
302 46 485 360 347 402 394 488 403 471 342 405 303 373
303 58 318 396 418 404 405 459 419 484 339 350 465 475 494 338 370 393 387 460 485 421
304 24 428 421 433 386 393 344 453 359 450 396 324 375 362 387 491 392 481 467 409 466 374 443 497 334 385
305 93 307 330 336 331 498 345 489 485 412 432 311 431 380 309 428 437 355 390
306 85 396 490 467 351 352 456 437 415 377 489 341 331 465
307 85 468 422 500 360 338 391 331 418 374 452 429 457 308 461 361 427 397 409 431 415 446
308 30 330 378 364 311 355 400 345 371 341 476 347 415 385 338 329 405 309 490 313 332 471 433 409 343 445 321 434
309 75 363 368 361 420 343 346 448 480 390 369 394 325
310 68 464 446 381 407 404 411 322 335 432 384 468 403 482 397 458 470 313 337 484
311 79 476 413 465 467 412 411 472 352 404 315 353 371 344 333 332 469 450 487 449 447
312 85 444 396 342 344 323 321 466 440 425 404 453 338 492 476 388 429 356 417
313 69 339 473 453 325 466 475 500 449 416 492 489 495 340 348
314 96 399 374 361 316 479 327 400 388 342 366 326 343 492 389 348 355 425
315 63 424 435 333 418 334 425 367 357 380 364 354 479 459 376 372 379 488 499 383 387
316 27 334 354 446 373 390 461 445 320 394 420 326 375 418 444 483 493 451 407 328 447 405 454
317 86 349 412 492 385 432 388 466 465 387 342 411 490 425 447 384 463 355 484
318 97 462 387 365 384 428 474 497 409 487 480 449 360 353 429 344
319 67 444 490 351 443 368 424 461 482 426 374 427 407 335 478 405 331 494 432 341 469
320 87 494 462 388 456 413 342 481 440 489 491 341 389 378 360 463 405 468 344 387 351
321 55 403 423 331 396 370 400 486 352 425 429 323 459 355 341 449 456 374 369 398 372 481
322 30 348 447 387 398 333 497 393 342 411 471 491 460
323 73 413 443 337 354 368 418 328 491
324 71 400 481 386 496 480 390 383 455 424 476 341 427 395 347 437 409 340 343 392 403
325 32 374 426 370 497 446 449 411 349 409 327 427 394 388 470 405 461 380 439 448 381 465 355
326 95 488 383 414 438 340 468 470 406 403 396 437
327 82 499 427 379 374 452 442 417 433 345 482 404 371 471 444 486 348 366 418 447 341 457 396 382 496
328 61 407 405 477 445 481 329
329 96 453 485 334 345 472 466 431 387 348 443 480 409 372 500 403 422 489 394 487 418 374 358 476 341 421
330 74 336 371 417 344 439 384 361 422 393 406 492 396 430
331 26 418 369 469 444 442 445 372 475 496 374 490 439 359 459 428 453
332 78 476 337 444 363 463 407 455 334 333 426 346 500 435 419
333 35 452 348 366 412 377 476 398 337 390 424
334 80 414 491 461 452 465 453 406 413 462 394 430 396 365 437 346
335 82 471 398 447 344 416 453 424 496 492 388 368 462 470
336 43 494 367 471 398 481 399 365 385 405 356 369 442 493 450 392 470 374 463
337 64 445 384 387 408 343 363 405 424 348 421 465 366 354 443 346 397 471 449 493 452
338 82 472 387 454 397 477 345 368 444 498 407 428 475 376 377 438 367 398
339 54 343 458 476 489 497 370 500 371 345 459 361 471 480 461 376 468 403 347 386 447 349
340 38 450 353 473 373 431 354 413 367 428
341 50 395 470 484 499 356 418 437 479 429
342 48 418 425 398 354 355 369 481 372 490 471 408 410 377 455 492 427
343 38 393 453 428 412 493 497 408 479 454 392 468 431 466 394 458 475 359 434 361 452 405 461 460 346 498 450 462
344 99 378 417 468 371 489 375 436 348 382 444 358 483 430 379 445 395 420 397 387 441
345 43 420 384 485 354 496 495 398 429 479 476 367 349 424 357 416
346 97 457 402 481 415 397 437 462 452 383 353 456 417 395 461
347 25 383 478 422 426 476 495 402 374 454 356 406 354 500 459 435
348 44 377 493 466 395 351 497 485 431 486 436
349 29 413 399 425 351 394 465 373 403 353 466 381 362 355 459 460 420
350 88 395 483 372 464 430 356 472 398 454 352 427 409 453 463 425 493
351 46 474 355 464 441 491 471 407 397 398 428 429 446 373 404 438 353 396 453
352 80 476 463 498 407 428 438 427 480 388 444 467 477 500 413 367 436 421
353 33 366 428 494 429 424 478 393 357
354 100 371 440 363 412 457 428 485 452 398 385
355 66 456 403 434 443 489 433 424 359 361 459 425 368 420 374 363 475 383 452
356 46 497 370 449 459 438 395 415 405 462
357 29 469 428 443 369 358 422 499 447 385 414 411 474
358 47 362 442 402 359 377 399 405 436 472 393 451 380 469
359 87 420 437 379 484 373 410 378 399 422 385 386 411 493 447 384 482 485 426 449 369
360 25 492 478 384 452 486 404 459 485 374 407 383 491 467 377 440 444
361 36 463 446 374 454 362 478 487 426 443 469 499 483 500 376 491 476
362 28 434 490 480 431 412 450 378 473 410 461 382 436
363 83 411 399 464 494 478 423 447 414 389 379 376 467 463 369 375 479
364 51 387 451 489 456 497 374 397 425 452 422 402 416 405
365 88 450 458 422 377 367 376
366 81 447 433 473 458 414 368 395 482 431 499 388 483
367 74 388 368 478 498 448 384 437 386 374 427 471 416 377
368 68 472 384 425 500 381 450 428 449 418 485 492
369 62 375 393 386 458 444 374 442 456 462 403 492 380
370 43 381 476 389 410 422 429 384 447 421 442 479 371 444 395 470
371 21 495 490 473 440 403 384 430 402 424 398
372 27 499 462 441 468 460 484 442 378 487 455 469
373 71 429 433 426 387 447 376 384 378 455 477
374 56 400 413 484 392 488 470 498 402 489 440
375 25 424 485 448 460 426 470 428 385 386 491 440 478 445 443 391 458 429
376 29 385 441 470 481 395 391 459 401 453 474 405 479 442
377 68 469 422 484 429 446 403 459 472 394 447 498 448 474
378 46 401 458 464 383 396 495 379 456 380 457 419 498 438
379 70 410 473 429 399 481 413 480 474 405 381 457 485 422 421
380 77 409 452 394 440 435 428 424 460 403 421 464
381 50 453 484 414 497 443 464 477 425 409 431 390 476 480 468
382 96 426 453 451 457 496 488 470 455 396 417
383 56 429 497 418 412 460 487 434 398 475 473 488 435 457 424 465 396 467
384 63 403 441 492 499 393 388 445 423 407 482 410 494 491
385 30 415 432 495 419 494 429 427 410 436
386 21 497 442 397 430 499 467 404 484 401 466 419 474
387 89 399 412 451 487 421 441 435 411 485 489
388 40 458 487 414 500 442 436 445 476 485 397 434 481
389 64 476 458 401 450 427 491 473 436 462
390 92 398 445 468 477 481 392 478
391 45 442 485 405 441 498 393 456 427 476 430 415 491
392 80 435 492 434 450 486 395 452 401 414 443 424 495
393 100 428 436 430 489 469 467 422 461
394 43 466 500 447 406 420 490 495
395 46 496 435 482 433 498 428 401 483 495 399
396 23 399 496 433 499 495 415 479 471 462 451
397 23 445 479 495 441 440 435 434 398 428 478
398 36 426 435 463 480 453 448 436 499 464 477 430 420 414 498 486 437
399 87 475 445 485 443 449 437 494 413 400
400 82 459 407 473 461 454 465 440 485 478 482 417 401 472 489 453
401 75 467 500 455 496 456 451 419 436 473 453 428
402 88 468 496 477 479 494 478 403 428 420
403 89 484 487 456 420 486 446 478 495 428 426 462
404 62 456 475 437 460 464 440 458 431 408
405 59 430 443 461 435 422 442 498 452 448
406 30 418 428 448 481 434 487 464 461 457 491 430
407 87 496 422 471 472 495 430 481 477 437 487 493
408 27 446 452 449 479 463 445 419
409 56 495 480 441 460 491 485 410 446
410 56 468 430 491 473 439
411 100 495 489 485 465 494 430 421
412 21 428 490 425 452 435 458 494 492 464
413 68 438 452 458 422 448 485 482 500 431 453 491 417 415
414 56 422 430 466 420 475 447 417
415 65 484 494 459 498 456 499 435
416 94 495 478 492 433 449 446 424
417 73 478 431 484 460 442 440 418
418 69 499 446 476 475 471 488 496 435 445 440 456
419 49 442 426 483 476 421
420 53 482 488 475 486 448 463 500 461
421 60 432 458 436 482 460 493
422 90 493 487 451 464 445 466
423 32 437 483 427 491 431 429 443
424 76 455 443 477 463 468
425 33 493 497 496 459 448 479 435 446 467
426 75 469 441 484 448 455 447 434 462 481 468
427 95 445 491 488 498 456 468 443
428 52 456 477 457 474 472 438 461 480 431 466
429 91 448 465 491 490
430 81 433 485 456 459 487 476
431 49 464 497 438 475 500 498 482 440
432 81 484 477 487 452 445 493 437 495
433 84 477 492 473 434 438 450
434 54 448 454 467 441 485 461 435
435 42 455 448 468 485 499 463 442 492 465 482 496 469
436 43 470 476 468 480 440 455 484
437 64 439 445 490 470 454 500
438 29 493 474 452 444 442 458 468 500 485 490
439 66 447 445 489 440 458 446 487 453
440 35 482 477 480 492 444
441 81 482 490
442 65 454 461 455 463 469
443 37 483 457 493 469 453 458
444 64 484 491 488 479
445 36 459 483 490 496 465 489 470 468 474
446 98 462 459 495 475 455 482
447 58 471 476 498 460 465 468 494 454
448 25 468 488 456 457 482 484 465
449 66 492 487 491 476 498 469 477
450 22 468 457 454 472 489 492
451 58 465 484 471 461 498
452 42 473 472 500 470
453 93 457 475 494 454
454 86 496 455 478 489 469
455 33 500 458 499 472
456 41 479 486 492 463 480 477
457 60 470 459
458 27 497 470
459 89 483
460 66 487 481 483 466 463
461 23 476 493
462 38 473 479 467 484
463 47 471
464 22 470 478 494
465 72 468 494 477
466 69 469 499 493 479 484 497 478
467 61 482 474 468
468 51 494 495
469 94 477 492 489
470 26 484 487 497 489 482
471 66 484 483 478
472 75 489 492 481
473 88 499 478
474 99 477 476
475 38 500 491 493 483
476 23
477 96 486 488 490
478 92 496 500
479 28 496 488 487
480 62 498
481 95 490 492
482 82 497 493 488 498
483 100 496 489
484 87 488
485 68 497
486 32 498
487 43 498 492
488 43 497
489 55 492
490 31 495
491 90 497
492 58
493 65 499 494
494 52
495 76
496 36 497 499
497 36
498 37 499
499 67
500 30
