120 150
1 28 36 17 76 33 6 16 79 32 28 54 21 71 97 12 117 56 48 113 110 41 35 111 26 39 96 14 7 68 82 61 100 34 53 51 98 94 45 88 106 107 73 8 91 83 59 86 116 78 20 23 13 114 9 69 70 77 5 15 112 46 84 95 63 105 52 43 120 57 10 72 75 62 103 104 109 55 60 65 49 67 85 115 93 87 37 29 19 4 11 18 50 25 47 119 22 74 92 58 31 99 27 2 66 81 24 90 118
2 54 91 72 6 70 27 21 18 48 73 69 41 10 93 8 22 112 50 38 28 33 4 98 14 57 83 103 24 3 45 30 100 63 90 7 42 82 105 104 74 15 46 109 37 54 114 67 94 89 81 113 51 39 12 65 40 95 56 111 17 61 85 26 92 16 53 32 64 120 34 13 76 23 25 59 78 115 97 88 86 29 102 31 19 68 77 96 75 5 110 84 44 47 108 55 66 106 60 107 80 52 35 71 62 58 49 36 116 117 101 20 87
3 56 104 74 103 112 28 89 31 72 78 53 51 114 115 65 24 13 98 119 48 36 49 45 69 15 107 73 102 88 79 61 99 64 116 85 55 94 37 38 76 21 50 66 68 113 90 80 16 43 111 96 54 108 44 95 67 26 52 34 57 32 20 93 106 18 35 118 41 60 11 10 120 12 29 91 25 86 92 58 117 7 63 9 109 40 105 17 22 8 97 39 46 62 84 42 83 47 101 23 19 77 30 6 87 4 14 33 27 70 5 110 82
4 37 5 43 17 68 107 79 12 82 80 29 114 18 116 91 87 103 70 96 32 62 110 84 14 56 24 119 48 88 86 16 42 27 93 41 53 51 49 36 21 105 20 102 59 98 22 28 92 54 72 25 64 113 47 75 6 106 109 31 76 89 111 30 34 15 13 104 46 9 10 63 95 26 81 120 78 33 45 94 38 115 71 117 85 108 77 97 39 66 83 23 44 60 50 101 57 61 11 55 74 90 118 65 37 73 99
5 59 99 88 85 14 33 37 54 39 103 43 74 89 22 63 62 70 49 36 81 78 59 30 107 19 55 16 58 47 12 117 90 32 84 15 45 104 109 29 61 34 8 101 67 24 79 42 116 100 105 98 75 93 120 112 53 96 41 80 76 21 10 40 68 46 51 65 52 106 119 72 87 50 92 44 35 73 118 91 82 31 9 83 28 26 17 66 111 20 60 25 102 23 13 86 48 57 64 6 69 97
6 26 113 63 53 52 31 25 69 32 72 58 21 44 119 86 87 82 64 106 48 107 61 105 36 89 109 14 97 92 117 120 67 93 80 74 17 110 18 45 13 75 100 30 66 62 68 101 47 59 20 11 84 28 41 95 56 10 35 24 114 34 65 49 112 27 81 108 57 85 33 118 60 103 39 43 98 7 15 77 9 8 91 90 12 73 78 51 50 37 54 29 104 111 19 16 40 102 23 26 88 116 96 38 76 70 71 22 83
7 54 14 42 29 85 71 41 12 62 50 23 76 114 118 110 96 27 55 109 72 115 35 31 111 120 108 95 57 63 13 66 60 52 26 77 17 87 9 18 36 65 74 90 93 83 34 67 64 112 84 73 106 47 75 22 32 8 56 61 99 104 11 117 21 105 107 58 91 59 51 43 92 53 79 68 78 20 49 10 24 97 46 101 89 80 81 44 25 102 116 113 100 82 33 39 54 94 70 15 45 119 88 69 37 40 30 16
8 34 85 103 88 28 70 31 36 117 118 73 119 49 80 33 21 20 63 71 58 53 14 22 114 45 101 69 95 76 55 42 47 51 12 106 113 99 50 35 102 66 110 115 17 30 29 65 81 24 77 82 104 100 87 18 48 86 16 98 34 44 52 43 84 93 116 72 37 67 41 46 62 57 94 96 112 11 64 107 32 9 74 19 120 39 83 79 89 75 54 10 109 68 38 111 105 78 90 91 60 40
9 93 73 98 76 112 107 42 75 26 69 36 35 44 11 38 58 72 63 93 17 101 48 118 34 109 77 116 19 117 45 99 27 51 92 105 41 14 78 62 115 25 102 91 12 29 15 53 96 32 37 88 82 57 66 40 100 23 60 39 119 104 81 74 106 90 65 111 50 10 120 67 95 22 79 21 49 89 108 30 114 97 86 87 52 43 68 46 20 47 59 24 70 28 94 110 31 85 56 18 83 55 71 64 54 84 13 16
10 45 95 16 96 77 76 70 71 53 73 114 68 50 27 15 105 67 30 84 108 116 33 80 25 65 62 39 46 79 69 23 89 38 11 54 31 60 64 13 43 41 88 120 119 90 74 51 58 94 72 55 109 107 29 40 42 22 113 104 61 49 103 24 32 99 21 44 112 101 83 28 48 87 18 93 111 47 110 75 86 106 82 45 37 59 52 91 97 85 117 63 19 12 81 14 20 35 36 66 17 102 57
11 32 57 56 108 63 22 58 95 70 51 80 14 101 83 73 105 16 37 65 62 82 52 46 34 93 76 115 112 114 66 49 104 21 41 61 27 36 19 98 50 68 55 29 110 33 96 13 119 48 25 100 32 84 94 24 42 59 118 53 20 91 15 74 40 85 78 44 39 45 35 12 17 111 69 106 60 92 103 28 107 75 72 18 81 54 77 64 79 38 97 89 102 87 120 117 47 71 99 23 26 88 113
12 56 23 89 81 52 63 80 103 43 86 13 95 72 85 79 36 47 112 101 34 107 60 102 48 118 39 28 44 30 20 32 76 16 92 75 82 26 58 61 59 41 73 56 57 66 106 42 54 53 18 84 98 90 114 91 21 116 87 55 46 88 111 22 71 24 110 67 65 70 113 97 108 33 119 29 100 69 94 40 15 78 64 38 105 37 45 109 19 74 14 35 99 25 62 115 17 77 50
13 33 16 17 87 79 100 61 76 29 117 41 48 28 73 81 118 96 30 86 120 110 98 108 52 111 116 34 60 42 22 66 97 62 56 101 65 57 63 113 105 59 36 119 67 26 18 71 19 24 75 72 38 14 35 90 115 94 78 84 99 77 89 92 58 69 55 39 80 64 82 45 51 40 49 112 74 85 46 15 109 114 23 32 50 33 102 91 44 47 107 27 53 54 95 20 93
14 25 48 21 84 82 110 76 75 24 22 65 28 42 112 106 41 108 107 40 116 20 90 100 46 104 25 57 45 72 66 17 58 49 32 29 38 16 96 26 83 18 44 97 39 62 92 73 94 86 91 61 52 60 79 80 69 95 43 68 23 64 51 118 87 113 120 85 88 59 19 102 78 71 119 33 99 63 53 27 93 111 98 31 103 115 89 70 74 67 77 55 36 34 114 117 54 81 37 47 56 109 105 30 15
15 29 86 112 30 117 66 110 65 57 99 50 48 33 47 96 88 81 76 105 19 106 111 70 68 25 43 18 116 85 83 38 101 17 104 23 31 41 54 46 42 22 115 84 98 79 72 78 61 75 91 16 87 64 71 21 82 93 77 28 103 94 80 27 69 97 39 44 63 29 67 34 49 55 52 62 40 73 36 53 32 58 89 56 109 107 20 37 51 24 118 59 95 119 100 60 120 45
16 99 43 86 93 47 109 25 32 41 105 20 87 85 101 118 89 44 27 104 103 28 23 110 39 56 100 64 117 48 77 84 37 69 72 119 112 116 53 70 52 42 34 63 45 120 19 74 71 22 38 35 114 76 36 61 75 31 82 73 29 24 94 99 46 60 50 54 111 66 30 51 102 33 26 17 49 95 62 97 88 80 59 91 96 79 108 55 58 81 18 57
17 26 111 66 28 84 88 46 19 70 48 41 101 40 83 37 20 80 60 53 27 36 103 120 67 26 54 32 91 50 85 94 105 106 39 55 78 79 44 69 61 62 115 43 93 71 75 18 117 90 102 33 63 116 104 21 56 114 89 29 49 23 107 59 42 74 52 81 47 100 108 68 112 24 87 65 31 34 38 92 77 58 45 76 110 35 118 51 82 72 22 99 98 64 25 73 86 119 30
18 71 84 67 59 116 104 41 108 63 109 36 115 113 46 50 74 62 44 105 29 69 106 25 79 107 95 73 72 120 51 20 19 28 90 87 89 119 117 32 71 70 65 66 40 68 91 42 33 37 111 35 30 61 27 86 98 118 48 100 77 85 57 114 93 99 45 64 88 49 39 26 97 101 80 92 54 47 55 52 56 22 58 102 43 78 24 76 38 82 60 83
19 48 74 33 116 118 103 49 30 23 107 55 28 75 53 65 39 111 50 32 115 83 101 119 45 20 68 96 37 24 58 46 77 94 52 89 29 106 73 54 91 61 87 84 102 31 82 34 109 21 80 26 88 51 93 114 98 79 57 56 27 43 105 110 76 72 71 120 90 38 64 48 95 42 85 70 117 67 60 100 35 41 62 108 112 92 104 81 44 40
20 84 46 61 72 55 26 94 92 96 77 25 37 105 78 33 35 120 107 52 47 23 64 85 109 66 53 65 99 95 74 60 41 27 59 83 115 71 56 31 40 36 68 38 76 48 80 106 57 42 82 118 28 116 58 84 111 62 70 98 51 86 32 63 22 34 91 29 87 75 101 45 89 43 39 73 103 108 67 90 81 49 24 113 50 110 44 30 100 104 97 114 69
21 92 79 112 109 113 91 31 55 65 33 48 54 64 50 95 34 30 51 89 56 97 24 88 42 84 119 27 98 111 108 85 68 66 78 35 52 28 94 29 116 57 105 43 117 22 74 107 25 83 73 69 70 87 46 71 39 40 47 114 59 62 101 81 102 44 93 100 23 92 82 38 45 110 90 106 26 104 49 60 118 120 103 53 80 115 67 36 86 96 32
22 77 67 115 105 72 33 95 58 77 69 24 44 85 80 43 118 99 59 91 109 113 94 42 68 35 36 102 56 70 25 86 81 63 65 55 31 37 84 78 60 51 83 120 62 89 41 38 82 114 54 34 73 61 112 28 97 57 30 75 29 40 23 53 93 90 66 52 119 27 88 64 117 39 32 26 79 98 96 104 71 107 108
23 33 94 74 117 107 58 95 99 106 31 70 114 47 75 36 63 118 30 92 82 112 35 41 103 110 120 28 111 64 67 73 45 78 86 65 59 69 83 48 44 90 56 115 33 98 49 101 54 66 84 29 105 87 102 38 24 62 76 89 109 34 97 116 57 60 81 71 93 61 88 43 68 52 77 55 46 72 91 32 80 40 96 119 25 37 27 100
24 37 82 117 65 56 116 25 100 118 31 72 102 92 73 61 78 50 88 77 96 67 68 48 54 49 41 62 112 85 94 53 34 52 97 58 101 111 38 28 44 76 59 103 32 40 57 108 115 106 105 110 87 45 107 69 46 80 51 119 36 37 114 30 29 95 79 33 98 74 113 43 63 60 47 86 84 91 93 75 83 35 81 27 39 70 66 90 42
25 72 26 102 73 82 40 76 46 81 98 94 51 99 90 47 77 118 104 35 41 53 88 75 30 119 45 97 93 105 27 85 39 103 33 68 115 66 112 70 52 62 92 31 100 71 42 120 34 116 65 59 54 111 108 113 107 87 32 57 44 89 64 117 79 78 101 36 55 38 74 96 50 56 58 109 106 86 63 48 61 114 67 84 43
26 96 45 99 49 88 108 94 107 113 68 71 96 52 33 65 117 56 48 59 50 61 60 34 82 67 73 112 70 51 29 115 93 92 39 81 57 58 90 78 36 114 118 63 101 84 27 35 89 110 116 104 69 53 105 100 91 62 86 97 109 103 98 102 42 111 120 74 106 72 30 44 85 79 46 83 41 95 38 28 77 43 119 64 87 55 32 76 40 31 80
27 79 43 49 84 59 53 81 75 90 85 29 87 51 103 31 69 50 86 72 55 30 107 68 100 47 37 46 117 102 40 36 113 97 44 111 56 73 76 93 120 62 28 78 98 71 60 92 34 52 58 108 82 112 41 88 38 91 65 54 79 67 77 101 61 35 115 109 48 110 116 89 74 80 57 119 32 63 114 106 95 66 42 70 39 83 33 99 104 45
28 77 38 104 114 109 33 60 87 94 113 106 56 52 110 53 90 55 62 84 34 85 116 58 59 103 46 77 89 40 37 54 35 42 108 39 96 44 74 57 45 72 120 86 80 78 82 88 79 48 32 107 71 70 41 102 69 66 31 64 36 112 50 91 76 115 119 99 47 67 98 83 73 43 68 100 105 97 29 65 118 95 101 63
29 32 94 93 76 43 36 78 50 41 98 111 89 81 62 72 46 79 108 117 99 35 120 64 49 97 103 40 110 109 30 38 96 105 104 48 113 87 61 101 71 59 107 85 91 116 67 65 53 37 56 42 92 55 102 90 77 60 45 80 32 70 33 51 44 73 100 52 68 75 31 47 57 106 74 66 115 82 119 58 69 34 114 39 88
30 89 91 69 105 34 39 70 48 73 89 57 77 108 113 120 58 47 87 100 104 32 101 110 102 37 84 60 65 103 88 75 52 66 115 67 112 49 98 63 86 51 43 40 119 44 111 93 94 96 42 31 41 83 68 79 35 45 85 117 64 74 99 72 107 116 71 59 118 106 62 78 36 50 33 80 54 76 56 92 55 90 61 38
31 55 72 113 93 95 107 62 112 70 44 68 86 82 106 117 85 105 47 116 60 108 100 41 114 54 56 94 49 120 57 43 64 63 115 40 90 97 89 34 37 35 118 76 104 46 42 71 92 38 55 61 39 80 52 99 98 84 119 59 45 88 77 79 81 73 51 103 53 102 91 101 36 78 111 66 110 87 65 74
32 40 82 46 81 73 108 87 80 76 97 88 102 119 60 112 114 44 84 117 79 66 48 65 43 107 47 85 45 68 62 35 75 71 113 58 93 64 96 91 83 92 36 77 42 37 34 101 54 53 39 38 95 74 78 86 52 63 104 61 69 70 99 115 33 89 110 118 41 100 59 55 49 120 72 67 57 94 116 105 103 50 109
33 58 80 73 67 101 113 60 97 70 82 56 94 89 87 47 88 44 40 79 71 64 114 90 61 36 38 109 98 110 54 104 66 50 108 102 58 119 86 63 72 41 65 78 111 76 52 85 103 83 96 120 107 115 77 55 62 117 68 100 99 53 95 116 118 112 59 106 46 93 81 84 42 105 48 69 57 91 37 34 45
34 92 52 64 69 88 116 91 35 90 45 95 78 117 109 112 72 42 119 73 56 108 66 81 48 60 98 36 94 47 49 101 97 37 65 71 96 110 68 46 63 40 104 61 99 55 50 100 85 103 120 76 62 89 54 67 106 118 70 41 75 115 51 59 82 39 107 79 87 38 84 111 43 92 58 86 114
35 73 77 69 90 67 72 98 36 57 56 120 89 108 85 106 81 83 102 49 58 92 117 63 73 115 54 66 41 87 47 75 64 101 38 45 96 104 99 60 116 43 113 42 84 55 114 74 94 68 80 93 111 91 105 46 51 95 86 79 109 70 82 97 52 50 118 61 103 40 100 62 110 44 48 53 88 37 112 78 65
36 32 115 76 60 49 62 57 50 42 46 84 110 40 101 39 107 111 120 105 71 79 68 65 102 104 44 82 100 69 43 78 45 37 117 53 72 56 86 58 51 106 70 59 48 91 112 97 41 67 47 81 38 85 52 54 94 87 88 113 114 92 96 98 116 73 90 95 75 63 118 93 103 108 109 66 83 99
37 33 43 66 112 51 40 120 75 72 71 119 48 65 56 60 76 79 100 53 107 109 44 99 55 50 94 108 73 70 57 105 114 42 63 47 82 92 84 62 58 81 46 83 54 98 85 41 61 69 96 38 116 111 77 88 64 101 102 74 78 103 86 113 117 110 49 115 87 91 68 97 67 89 118 52 90 59 95 93
38 42 57 41 99 90 52 94 45 100 105 69 107 95 96 102 119 89 56 118 54 81 93 117 74 66 98 51 67 72 114 65 113 111 71 80 97 63 104 86 68 101 44 85 110 103 39 91 76 48 75 120 77 73 70 59 61 46 115 43 78 82 87 109 88 64 83 92 42 106 60 62 84
39 63 75 95 86 101 74 84 113 61 53 42 65 110 106 48 46 87 55 91 60 92 116 72 112 102 58 105 51 63 108 118 79 80 69 115 44 71 83 73 103 82 47 49 119 62 52 43 57 93 88 85 120 107 59 114 81 111 56 89 54 99 109 104 98 45 68 66 100 90 70 97 94 50 78
40 41 53 78 106 79 103 60 109 104 41 87 105 117 89 91 63 75 57 118 111 101 50 90 81 55 100 85 44 82 59 67 74 68 115 98 47 42 114 102 54 76 99 64 108 52 88 84 77 119 70 96 97 107 92 58 80 46 43 56 116 120 49
41 68 65 111 112 89 95 105 116 79 47 108 42 119 110 73 98 91 70 101 96 61 102 55 81 58 120 82 115 63 64 93 106 54 48 67 76 103 87 72 60 56 117 109 99 52 86 46 57 62 114 104 51 66 75 45 44 69 92 84 94 78 83 49 97 50 100 80 53 88 90 59 113 107 74
42 75 63 71 89 92 119 113 43 103 72 106 111 80 64 78 104 70 87 85 88 58 90 67 112 115 105 53 59 118 62 94 47 114 83 82 51 73 108 66 101 76 49 52 79 97 98 116 46 44 48 77 57 93 81 56 75 45 74 107 65 50 95 102 86 99 69 61 55
43 77 64 115 81 73 50 91 52 61 68 83 45 107 104 116 111 89 54 72 53 113 66 101 77 47 119 67 93 46 103 75 99 117 69 78 118 87 105 79 58 100 114 70 85 102 80 65 112 110 108 74 48 76 56 55 59 97 60 94 57 62 63 88 86 92 51 106 44 82 98 84 49 71
44 81 90 101 60 83 109 68 49 56 105 119 55 106 97 94 72 71 107 113 58 96 61 104 98 108 110 117 66 62 102 48 82 59 114 87 63 52 78 80 65 112 47 95 74 51 99 120 50 46 69 54 45 103 85 86 57 81 64 67 118 111 84 93 91 77 100 76 53
45 96 81 89 69 49 119 83 111 92 75 105 101 98 59 117 79 102 104 97 77 70 66 113 90 85 84 95 53 73 110 63 67 60 48 51 112 58 80 103 93 109 91 74 78 86 72 62 50 65 82 88 52 116 94 76 68 120 64 46 107 55 71 61 54
46 86 96 95 104 116 81 70 115 99 71 92 73 117 77 66 59 62 52 50 69 85 53 60 56 61 84 105 97 120 49 93 65 79 107 86 89 102 64 112 67 87 54 57 91 75 103 68 100 48 101 98 78 51 58 110 82 119 88 109 72 63 118 94 90 47 55 74
47 95 73 100 49 105 59 116 76 118 86 114 108 67 117 75 103 79 106 80 92 48 77 120 89 60 97 112 61 51 53 91 82 85 72 111 52 94 62 90 99 55 104 68 84 87 107 69 78 56 50 57 71 63 81 93 74 109 83 119 66
48 21 69 59 54 91 117 99 107 74 58 57 103 89 114 109 70 65 94 79 84 73 72 116 93 100 88 78 50 120 85 77 53 61 52 118 111 106 49 108 68 67 119 86 62 115 96 83 102 64 76 113 110 97 75 63 55 92 101 87 80 112 82 56 104 71
49 72 78 115 112 68 80 56 57 103 92 52 85 118 84 117 74 73 107 53 116 109 75 97 58 86 63 61 106 113 114 119 62 79 101 65 98 88 111 110 93 67 96 70 94 60 55 87 90 82 89 50 105 59 102 51 100 54 91 69 120 104 95 72 76 64 81 83 77
50 42 93 75 78 70 59 63 119 118 112 98 95 113 84 106 101 54 86 76 89 64 99 104 83 58 61 92 52 85 117 77 53 69 55 56 102 94 116 68 67 91 66 87 111 79 120 60 103 114 115 90 74 96 62 71 73 65 107 97 72 105 81 51
51 21 113 77 79 111 81 90 62 112 120 99 52 86 63 70 101 73 119 114 87 97 98 67 74 71 59 89 94 78 58 68 96 55 61 117 56 72 69 106 115 93 118 107 103 105 92 108 80 60 110 53 116 54 65 109 88 84 85 64 66 83
52 64 85 73 94 54 101 60 118 81 95 58 61 120 56 102 91 53 64 55 59 67 82 71 72 99 111 77 83 113 80 69 112 96 115 84 68 92 100 70 87 78 76 66 117 74 114 75 62 103 90 57 63 89 79 108 97 107 105 88 93 104
53 35 111 109 70 97 56 80 96 108 91 118 59 117 71 95 103 119 92 87 81 101 83 78 64 120 85 98 66 62 76 74 112 99 79 57 55 116 89 73 105 72 113 60 88 90 100 54 86 93 94 75 69 68 61 102 106 110 114 115 104 58 82 67 84
54 50 97 76 106 114 77 64 63 98 113 60 105 67 71 65 118 58 117 109 69 55 80 68 110 79 73 83 94 88 66 93 101 85 57 78 86 120 111 61 82 59 115 56 104 108 84 96 103 74 91 99 75 119 107 100 116 89 92
55 97 102 81 95 120 80 116 114 108 86 70 77 75 105 100 117 96 65 58 88 64 110 107 62 103 83 91 68 59 97 112 101 99 87 73 67 74 72 119 63 92 61 89 115 84 104 79 57 78 98 56 93 66 85 113 118 82 106 60 71 90 111
56 87 95 75 115 73 85 120 111 105 109 88 108 96 65 57 102 119 71 74 83 113 63 106 77 67 84 98 103 59 66 107 82 86 104 91 118 72 97 80 79 78 99 76 69 93 117 94 87 68 112 61 92 110 81 70 90 114
57 45 120 62 58 118 89 91 78 77 116 61 65 59 109 111 110 69 70 107 83 92 97 73 98 80 72 108 106 84 60 64 115 104 103 79 102 71 68 63 93 67 90 117 112 88 86 76 99 82 113 100 66 87 119 105 101 81 96 75 95 85 74
58 92 102 90 70 116 74 75 78 59 67 72 104 100 76 117 83 112 84 69 105 108 109 93 96 65 87 103 82 61 111 95 71 99 62 106 119 97 92 85 86 107 79 89 101 115 91 66 94 77 64 81 120 113 88 110 60 118 63 98
59 63 65 96 80 77 81 82 100 112 74 111 108 91 99 110 120 92 115 104 76 105 75 93 117 94 101 70 90 60 107 97 66 71 88 69 85 113 106 67 64 78 116 118 62 61 73 103 72 109 98 102 68 119 83 86
60 57 114 119 64 85 112 93 96 104 70 113 117 105 106 82 120 81 66 71 109 67 111 87 118 92 100 110 65 101 97 76 95 107 63 98 80 91 90 68 79 75 83 99 74 77 61 89 115 108 62 103 78 88 102 94 73 116
61 96 114 109 76 67 108 71 63 68 101 93 66 80 100 74 107 115 94 81 91 117 73 97 112 86 116 85 111 103 62 96 113 72 92 78 106 105 110 95 64 104 119 118 83 79 70 75 77 87 99 88 89 98 65 102
62 34 93 63 103 71 112 109 115 110 89 99 117 79 74 104 82 111 108 98 85 78 106 69 114 81 90 107 92 95 70 113 68 77 65 87 86 97 83 120 67 119 80 96 72 116 94 118 91 84 66 73 105
63 93 115 107 92 91 70 97 81 100 114 113 96 94 82 64 98 120 109 118 77 111 76 101 112 79 117 108 93 106 99 75 85 84 71 65 87 78 86 67 73 95 116 102 88 69 90 80 119 72 83 103 105
64 54 75 119 111 110 101 66 118 83 79 108 78 76 99 109 113 81 105 86 106 89 104 82 114 72 102 80 100 107 116 65 73 112 98 117 115 88 92 103 87 94 71 67 120 97 93 96 90 68 74 91
65 25 109 95 76 113 106 104 108 75 71 80 114 82 92 87 68 83 107 103 110 79 77 84 97 91 67 90 96 119 86 93 72 117 101 85 105 111 98 112 81 120 115 102 89 88 78 99 74 118 70 69
66 81 118 76 119 89 113 116 110 78 120 71 101 97 103 98 72 108 107 104 74 117 109 102 84 105 80 96 75 114 100 67 90 88 79 68 85 94 69 82 115 81 87 83 95 86 99 70
67 82 81 88 89 73 116 71 105 106 69 76 103 108 78 75 79 80 93 112 113 119 117 68 99 94 100 84 115 90 91 114 74 96 70 98 120 83 110 111 85 86 92 109 87 118 77 72
68 38 112 89 94 92 81 103 116 106 73 117 96 69 78 118 97 110 91 115 120 84 101 105 87 109 86 114 119 83 85 79 74 102 71 70 99 90 100 72 76 77 111 95 80 88
69 23 81 118 106 112 90 116 119 82 92 83 76 94 107 108 103 113 93 77 100 101 96 117 72 80 111 70 85 71 120 97 109 110 105 99 87 98 75 78 84 114 104 102 79
70 44 106 114 116 120 103 100 86 109 87 111 97 75 118 81 76 77 104 98 82 88 99 102 85 117 79 108 95 105 78 107 119 83 73 94 115 72 90 89 113 91 112 101 74 80 92
71 75 84 107 101 95 119 105 76 99 86 106 100 115 96 74 116 80 88 91 109 113 112 79 90 111 87 77 120 89 78 93 82 117 97 72 83 114 85 94 98 81
72 87 105 109 81 80 119 82 112 84 90 88 91 77 83 87 96 113 108 97 75 118 93 102 85 99 76 117 79 95 78 116 100 74 86 103 120 98 101 89 111 104 106 115 92
73 35 106 100 101 92 111 77 98 104 117 80 84 116 79 107 86 76 115 85 90 87 105 119 81 109 75 120 103 113 74 88 114 93 95 108 97 118 96 91 82 110 89 83
74 51 102 110 114 105 76 113 99 75 93 103 95 98 104 82 78 83 106 109 119 108 94 97 91 101 86 90 120 117 84 87 100 89 116 92 77 88 118
75 83 112 93 92 79 90 84 100 106 78 94 86 109 118 89 99 116 108 119 114 107 110 76 98 102 80 95 83 87 97 104 120 111 101 91 81 77 82 113 103 105 115 117
76 30 107 100 96 77 117 102 119 83 111 89 94 118 110 91 88 87 93 108 99 79 114 78 85 101 86 104 90 95 120 80 109 106 97 105 115 84 92 81 98 82
77 53 110 84 78 102 107 99 81 112 87 94 86 90 85 101 106 108 111 100 119 117 91 92 118 83 103 80 116 104 82 98 95 79 109 96 114 97 88 120 89
78 77 105 79 92 82 118 106 93 102 89 81 115 107 108 88 109 97 94 98 103 84 99 112 95 111 90 110 113 119 85 116 87 100 117 86 91 104
79 48 103 83 104 97 120 116 81 114 101 92 105 108 111 106 102 115 117 94 88 85 118 98 82 84 112 80 95 99 109 87 90 91 107 100 96 113
80 40 99 103 102 94 91 105 92 119 109 116 88 100 106 83 86 96 115 110 112 101 118 120 104 82 85 93 87 98 111 84 113 89 90 114 81 107 117 108
81 35 101 90 104 86 84 114 115 107 119 116 117 97 94 88 111 108 89 95 105 112 106 99 96 82 109 85 113 98 110 103 118 87 102 91 120 93 100
82 65 92 109 83 105 88 117 100 101 98 107 108 114 86 115 113 96 106 87 90 97 103 84 111 94 102 120 112 104 91 116 89 110 93 119
83 84 97 117 86 111 119 104 102 100 103 116 95 88 89 114 90 92 108 98 93 87 101 118 99 105 109 107 120 84 91 115
84 50 99 98 85 120 89 114 105 86 90 91 103 115 97 102 106 119 104 112 107 116 109 113 92 118 95 100 96 108 110 101 87 111 94 117 88
85 95 101 93 89 112 107 96 88 99 87 103 120 118 109 105 86 98 111 102 104 110 119 114 100 94 106 97 91
86 81 115 118 93 98 110 105 106 103 94 96 104 114 88 90 117 101 107 119 100 89 120 97 109 112 87 92 91 111 99 102 108 116
87 36 98 103 111 108 100 104 101 112 90 116 113 97 105 94 95 118 110 92 119 106 114 109 115 89 99 93 96 107 117 120 88 102
88 39 90 96 104 120 95 109 92 106 116 117 99 115 113 105 93 114 91 119 89 112 108 118 110 101 111 102 100 98 97 94
89 88 120 91 92 103 106 114 90 101 100 115 112 117 99 119 102 108 113 96 94 109 95 116 111 98 118 93
90 96 107 105 120 118 97 110 108 100 117 104 99 96 112 92 94 114 115 113 91 102 109 93 103 95 119
91 92 93 117 98 118 96 92 115 114 108 110 97 109 94 95 105 104 99 112 116 120 103 100 111 107 102 106 101
92 83 102 112 94 118 120 108 95 111 100 107 115 117 104 116 114 97 93 113 101 105 96 99 106 98
93 29 104 100 95 110 96 101 120 118 105 99 98 119 107 102 103 109 112 111 94 115 117 116 114
94 100 106 102 113 101 100 119 114 107 116 109 99 111 120 105 117 110 108 104 96 112 97 95 103 115 98
95 52 102 101 112 113 116 117 114 104 119 99 111 115 100 97 103 110 109 107 108 96 105 120 98 106
96 50 97 110 111 105 113 100 115 106 104 112 101 102 119 118 99 107 109 98 120 116 108
97 80 115 102 99 117 118 105 120 100 111 104 110 101 107 114 98 112 103 109 108 116 113 106
98 34 115 118 104 113 108 107 106 119 101 100 103 111 120 109 110 105
99 84 113 106 100 112 111 114 119 107 120 115 108 110 101 102 117 118 105 104 109 116 103
100 99 109 120 116 119 102 115 113 112 108 101 104 114 106 105 117 118 110 107 111
101 74 120 108 116 119 102 107 113 103 104 105 110 111 106 109 114 112 118 117
102 58 114 110 105 111 113 103 116 120 109 118 119 104 117 107 112
103 85 110 114 120 113 118 105 108 116 112 109 115 104 106 117 111
104 24 108 118 113 112 120 119 106 115 114 109 117 107 111 105 116 110
105 24 112 120 107 111 118 109 108 117 113 116 115 110 114 119 106
106 67 109 113 107 116 112 110 115 119 118 108 111 120
107 51 110 113 116 118 108 120 111 117 112 114 119 109 115
108 57 120 115 117 111 113 119 109 110 116 114 118
109 60 118 115 120 117 116 112 114 111 110
110 79 120 118 111 117 114 116 112 113 115
111 94 112 120 118 115 116 114 117 113 119
112 75 118 115 114 120 119 116
113 43 115 117 118 114 119 116
114 77 115 118 119 117 116 120
115 40 119 116 118 117 120
116 53 117 119 118
117 73 119 118 120
118 56 120 119
119 72 120
120 60
