250 150
1 45 231 148 92 91 133 97 233 20 100 116 31 52 119 69 202 131 8 13 24 60 163 53 238 162 29 181 115 138 81 35 244 142 211 144 54 179 215 38 76 41 10 124 190 6 129 221 45 174 192 154 98 191 74 135 212 75 132 153 205 73 95 89 3 203 108 47 90 11 183 9 232 178 2 145 250 109 197 241 63 128 195 43 121 7 150 28 39 113 80 228 155 94 226 216 123 111 189 33 48 167 249 161 103 68 185 71 102 141 208 79 200 40 217 34 137 184 25 242 46 139 15 122 213 209 55 176 218 177 67 143 87 125 165 170 237 196 187 149 223 172 58 17 64 180 19 72 59 207 164 230 56 49 204 236 198 23 77 227 199 136 104 106 224 16 61 126 37
2 45 61 151 45 146 9 42 167 72 123 145 104 91 195 67 243 241 224 232 118 8 161 81 49 249 36 30 119 127 16 125 3 97 11 246 188 60 79 19 57 26 59 222 94 131 157 121 55 99 110 37 106 115 153 225 168 197 116 174 142 65 33 63 133 177 205 173 105 191 122 50 75 78 140 250 107 21 41 165 22 215 230 34 5 101 181 163 235 4 159 15 170 182 203 47 136 183 117 27 51 245 152 186 244 90 20 13 213 239 162 43 69 35 137 219 82 7 39 216 54 237 210 70 154 38 25 160 202 74 12 10 103 248 164 194 134 40 198 52 6 207 113 201 166 247 169 80 14 192 185 234 112 240 211 135 120 17 66 236 176 196 199 129 96 114 128 23 92 93 126 143 32
3 36 16 175 66 189 37 138 137 143 65 163 87 70 10 7 154 103 114 19 202 223 25 6 67 56 47 79 133 134 48 29 210 76 178 153 151 136 21 221 236 61 224 212 51 148 238 123 214 174 192 108 52 156 244 23 14 11 168 149 78 184 117 15 219 72 81 118 50 43 69 45 22 165 75 173 186 120 208 85 127 130 161 4 18 191 218 54 135 80 122 26 111 152 196 203 83 164 110 102 62 71 112 240 171 124 170 34 162 12 39 144 116 46 179 234 131 24 89 195 17 99 101 8 129 216 27 13 100 187 147 217 88 86 176 193 139 36 82 213 38 140 121 207 40 150 169 31 250 77 41 68 166 109 183 42 230 242 98 95 211 159 249 84 222 225 146 44 228 205 9 58 94 200 215 167
4 69 36 188 178 126 30 237 8 159 53 37 233 141 176 50 121 15 70 199 190 203 48 124 229 135 113 26 232 79 149 106 234 200 224 76 42 131 114 205 107 96 5 65 11 13 150 147 153 93 9 117 214 63 33 12 197 161 56 245 244 189 84 123 246 195 118 185 108 165 164 171 226 71 24 22 130 66 90 170 61 209 39 68 222 97 138 38 248 74 177 80 57 67 157 180 210 242 204 28 238 183 167 250 43 85 77 225 62 101 148 110 182 100 175 47 89 181 60 45 31 142 104 119 51 64 230 243 34 52 134 227 173 86 23 91 120 137 115 217 136 25 75 152 163 166 193 162 49 102 154 223 35 156 125 87 58 241 146 81 212 46 59 139 247 92 109 169 27 207
5 76 43 139 234 10 110 239 138 143 217 94 112 39 61 205 157 243 160 179 166 55 71 49 140 185 180 54 9 72 82 100 87 113 12 146 212 133 224 164 90 38 23 11 86 57 159 123 220 141 175 223 29 75 111 84 60 34 158 216 162 62 176 67 27 15 116 76 124 79 31 174 203 247 134 170 101 222 135 106 96 131 74 156 154 42 41 225 227 177 36 231 121 98 168 17 250 77 66 109 241 190 35 26 136 22 119 198 152 232 108 18 150 97 148 145 165 52 44 210 53 153 45 238 240 114 192 213 56 58 37 65 120 118 104 81 181 196 85 14 173 221 207 8 93 199 144 246 83 73 59 28 226 122 230 69 245 172 202 191 242 107 201 219 125 16 169 188 229 187 102 33 6 137
6 87 158 122 125 154 69 156 101 129 47 150 140 108 65 244 71 135 77 92 144 123 174 151 72 99 203 222 83 184 247 199 195 115 89 159 104 119 239 25 237 177 88 70 137 11 86 172 74 205 148 49 32 161 243 45 246 38 171 179 59 94 220 181 7 145 33 224 120 24 208 209 133 113 96 8 214 200 192 138 218 176 55 23 73 236 213 109 175 188 217 168 229 162 248 60 126 100 202 155 85 240 234 39 26 52 191 166 66 62 9 131 84 242 27 118 178 163 102 170 63 187 185 207 46 230 30 12 226 190 130 54 238 79 31 233 18 76 219 186 35 117 241 114 141 215 64 204 128 250 29 136 245 36 103 41 81 37 173 17 183 153 152
7 95 57 234 247 22 236 31 225 149 191 226 20 72 229 87 215 44 202 41 74 14 233 83 79 238 28 211 55 224 177 227 199 102 58 185 92 192 183 158 118 116 53 169 182 108 222 245 97 130 26 49 228 84 139 13 19 176 137 134 159 135 91 37 207 141 45 63 68 76 175 109 80 129 194 128 220 155 59 193 16 60 12 88 235 120 216 189 181 200 85 110 125 121 156 127 144 160 244 184 195 107 101 213 65 51 219 142 170 113 212 148 100 95 86 73 98 205 151 239 52 36 21 33 201 78 122 38 180 161 124 18 114 39 186 154 56 43 46 168 145 75 208 198 232 117 111 179 150 241 231 15 174 152 106 250 69 187 140 210 94 42 249 29 47 99 23 206 166 153 162 143 48 82 123 237
8 33 182 172 101 96 197 112 141 92 147 192 184 236 23 108 142 167 57 247 127 59 224 229 166 209 165 17 245 250 19 73 202 207 242 49 74 56 220 163 143 53 28 123 168 103 18 64 175 161 249 154 150 10 86 128 43 78 176 11 187 79 31 237 132 13 233 129 55 151 232 65 248 203 159 186 61 130 226 110 200 223 230 80 194 136 21 30 160 239 212 185 33 71 134 171 54 144 76 22 246 60 37 35 98 211 131 222 69 137 188 47 133 83 180 201 169 216 90 46 29 158 63 243 244 181 125 183 152 58 179 84 126 104 170 81 119 16 24 145 174 140 36 68 234 85 235 113 106 94 77 66 196 198 118
9 65 139 154 78 26 73 11 97 152 109 20 120 13 237 229 67 137 43 64 101 44 53 170 208 244 50 156 54 82 124 169 94 141 179 242 99 113 153 40 209 205 219 83 187 173 159 27 234 14 95 243 70 211 166 198 192 148 158 125 41 15 55 136 220 74 65 62 85 239 58 206 75 189 79 32 178 72 129 157 28 51 222 163 142 223 18 87 10 164 36 80 207 143 12 248 144 140 145 39 38 245 92 174 233 29 86 228 224 111 231 90 88 188 103 190 210 57 165 167 214 107 19 161 122 238 133 117 176 128 21 180 66 196 181 108 212 16 35 132 193 138 232 240 213 135 162 52 155 81 49 69 186 110 199 61 175 168 236 71
10 35 182 139 31 60 228 226 123 163 28 174 194 95 211 39 217 213 125 208 104 25 236 68 193 134 99 214 49 110 164 130 88 142 200 65 235 50 86 173 120 169 207 156 111 40 144 175 199 76 212 107 177 80 155 158 33 82 143 102 241 176 93 47 151 103 157 84 29 246 237 150 72 67 243 61 209 117 146 172 138 121 27 85 140 113 23 244 192 70 171 219 190 89 48 210 101 239 59 69 136 44 204 127 35 91 184 230 180 108 114 53 167 248 19 109 188 12 245 32 196 13 22 224 62 231 185 145 74 191 30 21 92 122 100 225 178 129 247 135 249 20 43 14 238 57 148 128 38 187 124 56
11 40 69 230 123 201 244 136 59 94 154 39 88 231 209 157 182 165 27 190 25 200 12 152 41 56 13 137 239 153 19 131 148 195 99 42 21 214 213 61 98 72 62 202 66 249 204 228 32 120 167 143 139 238 164 115 85 46 23 225 212 83 26 127 38 178 20 43 142 64 52 246 170 172 111 108 222 121 220 37 51 191 53 243 219 74 50 130 250 33 194 128 84 168 208 145 118 16 205 73 177 181 81 217 93 247 241 110 68 15 218 233 232 226 34 87 117 49 236 119 149 30 91 29 141 63 112 184 166 171 122 129 48 113 185 229 174 180 134 79 245 192 107 60 186 44 125 116 14 203 89 161 102 97 173 76 40 199 223 215 160 193 179 22 124 240 80
12 75 157 225 54 158 82 70 32 97 194 47 136 62 175 78 188 65 21 91 241 111 125 180 24 224 168 73 107 147 185 117 58 79 77 71 16 140 127 45 246 34 197 238 187 212 150 46 131 163 13 124 50 195 208 133 36 137 138 249 226 26 183 25 177 171 172 104 22 92 231 149 179 209 154 57 63 75 141 135 161 40 211 39 14 51 196 144 237 29 239 67 191 162 80 66 132 53 230 199 152 128 182 159 205 236 68 139 210 151 129 193 232 155 43 145 156 218 72 184 37 64 20 202 106 118 244 223 74 167 44 222 30 55 81 100 169 35 153 28 164 33 250 189 84 56 19 121 126 102 201 60 192 221 69 234 59 95 130 27 52 89 242 186
13 95 250 98 120 162 174 16 181 237 185 241 243 124 223 141 229 230 220 107 18 149 246 151 44 45 176 79 117 145 14 165 75 135 116 197 140 35 215 34 208 88 91 147 214 68 110 200 112 207 49 86 180 203 113 67 209 182 127 99 238 232 190 152 25 66 160 206 240 39 201 62 71 78 17 43 48 169 74 21 89 37 139 167 179 235 72 41 138 100 28 195 172 109 38 94 46 26 133 84 168 53 148 212 175 225 87 226 59 136 194 54 210 76 82 171 202 224 177 189 144 96 69 40 20 228 236 161 137 216 121 249 183 23 118 132 126 143 73 159 115 192 80 146 188 70 32 198 247 184 19 186 27 193 57 129 153 103 245 92 130 155 83 101 93 170 244 33 128 52 157 111 213
14 34 233 81 34 148 75 154 104 63 19 224 149 105 42 50 194 249 147 184 29 78 202 129 144 193 85 203 190 49 117 177 180 209 207 94 112 30 59 77 137 167 156 186 31 168 150 199 227 111 222 15 215 110 106 66 172 170 192 246 248 197 242 118 174 62 79 236 113 185 96 98 16 212 238 178 32 181 243 45 55 39 134 223 217 74 17 139 28 18 221 240 159 132 83 143 127 69 68 24 237 53 76 152 93 95 46 86 114 155 67 119 214 71 244 138 136 171 82 73 27 200 241 23 198 123 130 232 183 216 64 229 41 161 175 173 84 116 250 157 231 47 57 141 128 38 80 103 37 58 91 187 234 163 51 21 124 142 43 239 99 145 109 35 158 204 140 133 210 97 89 122 179 182 205 235
15 71 217 222 46 129 94 137 109 28 168 50 34 39 239 81 179 63 25 16 105 111 157 149 87 17 92 201 131 183 37 71 237 219 83 227 150 23 171 158 146 18 27 69 224 180 178 161 22 117 65 130 100 66 95 213 90 207 193 106 51 55 243 52 189 151 194 199 215 101 31 60 61 192 41 247 91 97 233 214 68 79 228 32 140 36 67 242 145 246 167 249 142 57 216 104 210 212 73 84 197 139 126 107 181 80 110 115 99 195 175 221 163 93 238 144 155 182 82 143 124 211 208 203 112 205 119 172 59 190 70 86 44 188 232 121 220 127 169 30 160 76 116 58 198 166 185 29 156 135 250 62 114 120 229 223 102 153 56 43 206 89 234 226 96 148 141 88 152 108 103 98 231 244 19 154
16 29 97 161 66 175 99 125 70 56 210 92 208 241 60 72 191 206 234 246 109 194 204 147 179 40 87 219 123 127 54 115 230 190 112 200 84 26 77 187 250 224 17 156 24 119 151 143 157 138 128 71 118 226 181 216 42 240 169 177 171 31 52 64 101 215 164 83 163 74 152 79 68 23 217 110 67 214 222 160 88 242 94 100 202 144 82 32 122 166 180 18 43 186 193 225 189 96 76 150 236 39 121 182 131 50 167 120 41 205 188 198 170 73 174 220 63 165 133 53 113 126 213 129 148 235 195 134 192 130 62 223 245 124 80 207 233 95 116 184 104 227 149 237 81 21 218 47 248 209 132 34 244 30 247 91 48 19 20 90 22 117 106 27 158 59 55 61 135 201 176 168 28 243 203 162 29 44
17 22 53 55 201 147 236 81 74 217 188 91 27 143 247 246 164 92 178 218 145 250 155 96 28 230 137 97 107 165 206 192 77 63 23 225 156 196 118 85 109 94 197 203 29 120 142 200 212 116 135 140 52 227 46 73 67 144 72 125 100 90 21 243 102 182 153 161 241 223 215 226 51 88 210 190 208 122 121 39 50 60 181 98 80 171 78 229 177 233 35 235 183 49 26 89 189 249 76 86 202 240 108 220 20 209 214 64 159 176 95 68 32 66 37 112 221 162 129 248 173 75 44 174 231 124 146 101 152 31 166 47 83 204 205 163 110 172 19 59 54 134 71 93 160 84 18 228 154 57 237 34 157 41 45 82 149 133 127 30 211 61
18 49 44 175 197 139 209 193 41 194 60 82 65 55 101 126 210 143 102 38 36 56 205 212 49 95 92 153 71 42 68 85 62 108 179 187 79 144 91 96 100 178 149 222 250 116 118 167 247 164 202 103 120 98 166 52 115 158 125 117 75 148 73 232 137 133 225 78 67 27 34 234 32 160 246 141 54 59 217 211 157 181 155 74 245 20 94 248 243 208 136 97 80 106 26 53 219 218 249 152 19 238 188 189 240 203 57 147 156 128 109 191 146 244 114 198 89 231 61 165 140 83 213 77 170 161 186 154 76 28 123 51 228 177 35 239 93 87 81 72 40 226 159 185 33 112 182 119 169 172 192 107 99 48
19 74 35 76 111 47 130 174 59 166 216 246 20 67 124 107 222 204 98 194 70 224 139 147 84 55 33 171 215 71 211 133 34 191 25 155 136 82 23 198 66 52 87 94 210 135 186 101 244 212 128 27 60 159 231 110 242 64 97 237 63 80 250 245 72 214 221 160 149 225 230 112 195 192 157 57 115 103 54 152 125 62 69 228 140 93 21 209 26 236 201 146 73 158 172 109 164 61 233 43 176 88 154 126 168 182 187 247 190 37 188 48 58 45 29 90 234 170 68 202 207 49 39 238 32 44 81 144 193 181 96 189 153 178 129 162 240 218 206 213 138 148 200 220 86 56 243 169 31 173 241 118 92 196 51 156 36 177
20 87 116 71 183 89 87 131 236 250 231 239 156 166 69 209 119 225 162 114 201 115 221 237 104 125 188 240 204 248 61 51 200 246 192 124 70 95 203 208 224 139 74 54 212 39 97 111 55 62 157 146 130 81 24 67 235 133 94 56 66 72 59 198 205 150 172 96 60 148 132 109 161 99 73 48 187 41 68 234 171 168 149 137 216 195 163 75 78 213 238 84 58 179 22 46 35 193 108 178 144 64 214 26 222 57 47 44 82 134 76 191 223 123 98 245 159 190 177 232 199 143 154 52 164 53 42 189 30 79 140 197 182 86 27 117 180 215 106 243 151 38 88 107 122 85 112 158 160 167 229 105 226 220 211 118 110 83 202 210
21 52 128 233 236 164 61 123 231 99 77 114 91 113 109 97 70 50 142 156 38 206 63 213 219 35 178 249 32 183 168 126 235 153 162 173 140 150 243 121 160 48 146 184 221 124 189 29 222 119 120 111 36 88 161 23 43 144 159 151 74 223 145 174 148 37 181 81 31 216 176 22 110 165 51 33 177 72 85 210 118 129 82 240 226 30 141 167 198 155 158 147 104 135 196 175 190 195 229 76 134 53 188 154 47 67 247 204 55 59 185 60 163 133 65 25 84 62 228 64 242 57 197 122 169 116 80 180 139 232 166 244 218 108 200 199 41 105 125 98 157 127 45 214 93 71 90 212 245 211 92 106 215 83 95 250 79 115 75 237 230 78 54 100 102 179 227
22 36 162 23 54 155 191 72 136 93 50 61 211 122 33 41 250 127 106 89 237 85 188 131 165 27 142 223 96 235 88 104 65 46 187 147 240 67 79 182 206 176 32 204 91 40 220 63 149 225 135 95 249 138 86 153 24 205 246 118 139 180 150 128 248 114 87 243 200 226 193 148 227 219 105 56 98 245 207 49 238 76 140 202 247 169 123 60 84 175 164 97 43 99 80 110 173 216 141 70 38 178 120 214 126 68 59 234 168 197 94 232 217 186 230 185 58 194 152 129 196 62 30 239 130 92 64 229 83 199 133 34 179 151 242 236 145 189 210 112 82 55 113 181 190 125 156 75 69 28 221 53 163 171 208 48 109 115 154 100
23 84 108 127 66 174 49 50 140 160 239 58 31 63 178 216 212 68 79 183 184 84 67 213 246 94 236 53 164 64 25 52 123 126 57 165 55 72 238 189 45 40 192 186 80 39 101 134 117 128 28 30 70 102 154 167 41 137 225 37 193 56 147 235 218 202 105 115 157 175 112 44 48 78 87 185 106 168 29 122 156 181 89 113 187 90 220 144 206 250 86 24 215 237 33 248 163 209 142 232 109 170 199 231 240 65 204 60 138 76 166 133 153 161 171 196 88 104 141 221 129 135 208 42 32 74 26 173 207 176 159 228 198 158 194 148 99 233 172 75 83 124 59 100 205 118 69 81 93 131 62 139 241 146 27 151 43 97 249 190 125 92 107 244 91 132 197 150 229
24 91 131 75 27 159 57 197 61 67 44 225 227 48 246 96 51 126 203 238 85 55 244 178 39 46 216 179 74 234 219 226 196 49 41 163 174 186 62 187 213 195 205 110 237 156 171 116 194 236 36 228 184 173 158 250 70 185 169 214 103 141 119 204 92 58 118 181 150 45 95 84 145 243 175 128 207 245 157 172 107 52 88 222 32 60 90 30 200 69 249 132 80 56 154 232 240 97 217 230 87 115 221 248 191 26 76 142 247 113 31 223 137 215 71 38 193 199 177 111 122 65 129 73 40 212 63 102 206 72 220 81 138 66 192 105 109 33 164 42 231 166 133 160 210 151 123 125 59 152 106 98 34
25 79 85 110 228 194 64 117 112 35 193 245 137 92 157 181 218 246 34 163 250 196 227 38 63 121 58 248 159 178 133 79 201 111 220 26 130 31 76 45 146 151 94 216 82 120 139 84 176 83 97 164 243 68 51 221 86 204 202 129 144 44 190 88 219 185 217 101 153 200 240 107 75 210 74 226 173 165 122 168 95 106 242 174 234 231 148 214 199 229 198 225 188 66 28 160 142 235 93 197 54 233 149 33 109 43 155 179 102 78 207 87 39 89 108 72 41 96 71 212 105 61 170 48 169 156 172 215 136 209 140 180 103 191 118 36 127 123 132 213 90 143 77 223 37 183 114 222 119 211 27 203 73 124 55 32 126 175 52
26 39 36 30 141 50 162 116 224 61 181 227 197 208 118 93 246 200 57 52 99 87 163 236 31 148 249 145 119 198 55 207 48 91 131 98 100 82 222 240 41 35 154 92 84 88 128 96 39 125 60 237 107 44 130 248 219 189 171 234 58 160 133 120 194 89 156 77 250 243 169 238 166 155 135 225 124 75 195 45 115 186 182 226 151 216 49 231 153 179 28 126 56 70 132 190 121 76 235 129 65 187 233 127 27 72 149 54 173 183 73 159 71 158 239 68 137 78 140 223 94 157 51 170 136 205 244 80 139 180 161 210 110 42 144 134 122 150 201 212 106 204 40 209 199 242 218 38 168 167 174 90 184 172 83 203 245
27 24 203 105 69 209 191 137 49 50 56 52 156 70 136 249 186 80 215 176 38 28 179 217 227 66 239 90 171 33 55 123 116 114 58 160 205 86 135 158 240 181 242 169 89 53 132 72 190 220 187 143 212 118 195 111 229 232 54 61 102 40 85 154 216 218 161 34 206 124 113 133 64 130 174 41 65 51 96 81 248 180 214 234 166 48 115 204 129 208 165 226 120 59 84 112 83 60 128 246 138 147 183 197 231 145 146 173 73 151 142 189 159 37 188 92 244 39 221 164 219 100 32 127 94 223 196 144 153 91 193 222 93 126 168 140 228 175 201 68 108 157 109 46 141 182 148 131 78 199 233 29 167 117 67
28 23 163 236 213 89 204 198 189 87 223 129 193 118 33 220 149 145 143 38 30 244 76 243 206 130 40 83 194 107 125 227 248 45 164 47 91 249 80 114 123 195 203 35 138 222 52 55 160 73 36 228 171 93 124 32 70 68 218 153 131 72 184 121 167 207 115 59 181 237 186 96 126 48 173 179 79 51 66 90 75 122 170 217 50 150 216 175 104 238 215 202 224 231 109 56 103 239 219 242 158 159 197 196 146 57 190 77 182 168 58 134 99 42 241 132 188 154 183 102 39 116 108 155 34 250 234 210 185 245 141 136 117 187 61 148 140 78 133 177 225 209 88 69 97 64 100 156 105 67 147 60
29 97 203 65 123 218 81 217 243 110 158 209 57 62 54 189 90 249 48 167 101 193 109 50 151 75 215 204 173 74 166 184 206 231 32 229 107 177 114 210 124 192 156 87 241 246 233 178 95 202 248 89 183 144 41 136 64 175 40 244 34 86 70 103 152 39 132 149 195 133 161 131 168 174 67 105 116 83 135 169 186 227 190 85 237 93 49 148 197 207 140 42 228 126 162 53 84 71 201 155 171 147 194 212 139 141 72 220 69 159 160 33 154 115 235 98 37 96 36 47 129 230 35 104 176 94 78 163 56 82 185 238 77 191 245 80 45 30 112 59 99 179 157 165 200 122 187 205 63 214 223 113 43 153 127 172 226 130 125 92 213 76 108 150 225
30 24 237 149 129 209 238 36 133 218 41 91 70 123 132 74 168 107 88 162 126 189 52 142 190 210 97 67 57 101 186 216 227 170 194 185 138 96 163 200 127 188 95 244 51 206 180 32 187 195 145 117 154 140 182 156 167 183 224 211 85 223 136 231 64 230 68 58 184 130 83 135 60 115 166 108 90 177 213 81 152 148 159 234 153 217 56 171 54 43 120 178 59 78 208 72 239 103 98 236 109 102 196 94 111 235 144 219 33 34 122 40 100 221 87 249 93 193 119 38 250 62 192 79 92 233 214 226 116 215 247 80 105 205 248 48 173 66 125 242 73 104 63 241 124 169 44 197 245 155 222 139 37
31 54 147 238 82 166 120 60 38 233 184 59 151 177 160 199 161 192 83 143 154 153 114 34 43 135 100 179 223 71 137 139 250 80 81 141 187 221 97 42 69 127 68 169 122 195 208 94 240 132 164 150 213 110 152 156 79 148 84 241 140 236 115 200 249 136 111 134 190 235 155 170 178 126 35 96 54 231 49 48 149 61 56 211 102 63 194 162 108 62 106 77 230 210 124 65 121 125 163 247 36 175 234 101 248 67 66 189 226 180 173 123 85 220 222 76 205 201 99 57 215 44 118 168 45 86 203 212 50 185 32 88 91 33 128 58 119 89 216 214 117 171 242 98 218 174 217 157 196 75 227 219 47 229 39
32 41 152 105 205 104 143 50 136 162 108 234 217 96 154 179 228 57 75 56 77 132 197 65 39 78 95 201 82 92 141 48 182 148 147 169 73 109 227 101 145 183 235 124 88 115 126 53 229 166 168 222 67 212 44 186 161 215 211 195 157 66 111 213 90 83 174 74 97 125 34 61 204 110 191 45 47 120 244 153 76 81 94 150 70 85 171 173 102 156 106 130 114 43 196 107 223 64 46 245 116 41 206 172 112 167 164 137 42 231 144 237 243 38 98 133 187 155 59 89 149 185 37 119 68 202 220 188 139 87 123 69 62 146 233 194 200 232 184 192 250 117 165 113 127 207 159 122 176 151
33 49 173 110 129 196 238 225 71 213 69 222 167 91 175 114 102 242 35 204 168 163 233 73 245 92 76 206 186 42 74 165 235 249 149 68 135 174 89 176 103 64 112 45 86 178 54 131 185 111 81 216 66 171 50 182 201 148 210 226 101 239 191 119 75 105 243 152 144 100 247 215 192 65 234 43 141 52 221 212 162 87 61 214 82 220 227 198 46 88 63 181 244 248 83 40 97 194 34 121 223 224 231 80 72 146 158 51 93 241 153 116 180 246 143 189 169 172 147 77 138 155 229 240 157 193 200 179 60 183 177 122 142 123 209 125 156 217 62 36 166 232 113 161 137 41 56 151 197 228 203 109 55
34 86 220 121 235 101 132 112 59 138 38 92 84 249 44 188 128 65 113 140 151 146 82 160 114 153 181 144 102 58 42 177 234 240 205 201 156 97 77 183 152 35 185 149 50 96 217 228 248 73 178 169 56 119 115 91 57 243 154 184 158 88 202 229 186 225 51 219 41 222 139 81 221 103 86 55 226 150 98 213 43 237 231 203 223 37 141 136 171 215 99 172 241 95 209 89 199 238 130 131 195 52 206 85 94 118 232 210 163 161 246 214 72 60 212 76 129 148 49 168 87 70 162 159 126 105 193 244 36 124 179 208 109 182 196 133 207 224 167 204 155 230 122 145 134
35 90 63 226 50 80 146 68 128 165 224 170 43 228 231 102 147 89 212 186 156 209 62 183 218 167 94 181 110 200 150 95 202 236 54 235 204 42 48 225 152 230 166 188 79 74 118 145 196 248 46 169 127 100 104 113 162 185 78 210 180 45 187 73 109 123 129 193 197 172 179 36 112 201 137 52 101 97 81 142 119 249 75 177 232 222 161 53 217 116 245 233 124 213 122 158 237 56 83 134 107 153 131 247 178 57 215 190 211 64 55 154 220 93 159 242 238 250 103 191 91 241 51 171 184 182 136 227 114 206 39 194 37 82 219 139 120 246 115 175
36 40 84 98 192 64 60 127 93 175 45 71 107 159 91 44 87 249 75 101 69 80 54 241 51 141 238 104 247 52 49 204 97 145 96 142 207 50 221 165 198 73 184 190 151 111 235 223 202 62 92 105 144 72 76 242 130 244 125 166 121 41 129 200 208 171 211 220 150 212 46 243 193 140 231 188 117 109 136 234 37 131 216 139 185 215 224 102 100 149 95 152 199 116 88 180 239 194 248 68 138 66 206 177 217 158 99 230 115 189 169 172 181 65 106 148 197 153 147 103 167 42 48 196 183 40 120 195 128 118 179 163 38 143 226 250 132 135 203 245 81 155 228 55 94 170 126 124 187 90 174
37 72 131 176 159 137 175 43 77 40 211 209 136 203 55 84 250 132 247 192 160 238 232 118 204 227 164 80 117 189 124 236 38 112 145 125 212 116 89 58 216 134 152 231 195 180 126 100 229 221 87 101 108 48 167 190 133 165 138 219 91 235 72 51 93 97 233 147 70 46 63 111 230 69 173 170 188 82 217 154 177 148 244 60 141 42 184 234 123 218 249 215 206 39 50 161 157 44 178 54 65 198 68 135 57 74 187 98 140 53 213 92 45 222 228 172 153 139 243 88 199 183 242 86 67 245 127 71 214 156 62 207 106 64 61 224 202 162 103 144 129 225 75 122 196 130 143 94 194 90 47 223 208 163 193
38 85 59 244 211 109 56 243 140 216 190 98 74 115 170 66 215 236 189 185 126 118 195 51 73 122 175 107 132 142 116 64 188 238 225 237 102 213 214 81 120 83 62 112 226 52 136 233 196 79 228 219 153 113 168 108 95 147 172 208 39 96 152 249 111 130 217 151 210 241 134 54 144 46 127 129 58 146 223 183 203 105 42 97 60 94 63 245 40 154 157 156 114 41 77 186 200 207 150 117 171 181 162 125 43 194 242 90 99 232 93 169 106 57 198 212 250 163 184 65 86 44 53 182 231 101 80 47 202 220 221 123 167 133 199 128 67 61 229 104 206 222 205 248 91 191 174 240
39 54 49 55 205 63 129 119 241 100 144 60 133 107 121 131 160 157 245 233 178 99 224 235 141 44 45 177 75 204 118 191 216 190 110 153 85 46 64 165 159 81 40 53 194 174 101 106 186 150 54 202 59 199 210 250 89 65 172 212 56 180 166 47 213 48 239 122 184 58 211 143 114 86 113 128 127 102 209 61 193 238 92 230 132 164 197 147 187 201 188 148 247 215 249 90 82 228 171 179 120 80 225 214 91 104 168 42 246 151 78 98 218 163 77 126 226 95 124 181 176 198 83 76 243 231 192 195 68 73 103 88 84 161 140 136 222 111 182 162 237 208 43 196 69
40 53 118 180 162 131 153 168 231 209 121 123 89 143 78 74 238 207 46 214 244 150 87 200 199 60 42 232 101 114 157 44 128 211 196 222 158 183 242 86 116 108 144 50 146 117 45 235 92 202 84 142 247 103 220 99 170 239 69 98 190 75 132 172 61 67 243 218 76 152 93 48 185 105 155 169 134 234 171 227 241 206 70 140 181 193 179 130 56 119 138 151 62 194 129 213 53 79 125 81 228 57 192 85 164 83 159 217 58 226 245 221 77 135 112 246 165 210 175 65 54 82 208 163 102 43 224 68 176 122 205 204 216 139 240 91 191 189 233 236 124 47 97 177 195 73
41 100 127 84 85 193 93 100 155 49 160 47 146 171 229 143 144 130 189 186 70 141 53 179 126 200 81 212 69 204 46 98 209 247 196 152 228 214 203 67 105 197 157 227 59 195 233 245 119 149 120 111 232 82 97 83 50 55 199 250 57 112 58 75 211 201 147 78 48 115 96 167 73 107 173 185 177 132 213 242 169 139 194 224 87 246 220 235 91 128 134 106 198 123 206 103 150 202 62 238 218 131 184 237 54 104 249 45 165 72 114 68 225 176 117 92 102 86 80 94 124 159 188 52 222 44 71 138 154 236 241 208 43 234 145 109 89 163 63 88 118
42 74 210 135 214 70 232 163 118 115 43 175 101 223 123 63 134 98 95 218 83 160 238 187 56 73 211 200 72 147 220 119 204 65 89 243 192 143 178 102 225 67 208 191 136 133 244 44 205 250 229 152 239 219 90 249 217 76 179 207 169 194 96 173 154 94 86 164 193 151 180 53 113 240 150 222 145 216 177 146 195 158 49 213 233 78 128 138 64 203 215 209 74 202 80 165 166 88 221 197 170 157 183 61 55 105 141 52 235 168 75 241 172 132 112 130 189 46 117 142 247 54 60 190 137 245 176 66 87 224 57 144 159 162 140 79 82 106 206 71 77 97 231 100 50 51 171 227 59 226 156 124 198 109 248
43 27 170 214 210 207 232 230 68 58 204 119 56 77 91 46 184 161 59 141 225 120 246 240 92 234 82 113 200 50 169 167 206 71 139 85 84 205 104 233 217 173 86 171 121 116 142 100 126 70 145 187 178 133 245 146 223 156 201 203 45 124 219 96 149 165 98 94 211 117 79 181 239 199 241 106 229 62 109 135 73 90 250 102 123 224 81 196 195 228 107 75 63 118 202 159 185 131 222 87 212 136 152 182 103 238 151 193 125 52 78 51 61 227 93 162 183 236 147 140 209 72 190 101 249 237 47 172 179 231 65 148 74 89 248 48 122 226 177 83 134 213 180 176 144 112 64 54 189 216 244 157 108 44
44 29 68 195 170 97 152 111 168 103 92 73 128 169 59 183 67 56 100 96 55 233 87 121 126 151 129 105 109 116 163 159 247 148 84 144 94 138 208 178 246 197 248 81 157 241 113 187 145 165 86 50 174 76 47 75 222 191 177 149 250 139 143 231 235 130 223 125 186 118 54 102 196 227 215 229 77 204 146 74 90 89 192 131 79 216 225 108 202 88 179 203 104 232 53 236 171 110 150 210 185 141 127 66 123 211 175 237 206 230 80 205 161 172 133 212 122 147 78 115 93 63 98 194 234 238 188 221 220 201 62 190 193 198 51 218 69 167 240 154 64 134 119 72 155 207 182 209 140 120
45 23 102 250 196 142 89 230 111 223 164 200 78 145 228 61 151 112 210 139 106 208 52 188 125 75 116 246 51 165 149 87 131 176 204 56 218 104 162 237 209 46 158 171 222 231 122 192 123 245 92 82 243 229 212 184 221 213 177 201 80 48 199 134 140 143 81 170 90 50 247 88 96 154 248 156 205 138 216 183 191 155 67 74 95 240 64 232 161 249 128 194 65 83 49 179 135 84 126 127 239 219 55 86 195 98 178 97 132 63 129 189 101 227 79 133 206 241 217 47 130 53 91 141 57 242 203 62 187 214 148 72 225 166 193 100 198 234 59 174 152 224 163 66 118 71 215
46 94 81 229 97 216 75 79 238 126 130 114 57 188 199 83 155 49 236 227 65 145 146 209 85 56 197 221 112 178 76 123 119 151 245 64 156 55 88 223 106 187 67 152 217 117 182 243 213 150 198 99 124 149 176 87 163 144 168 143 214 62 186 233 68 100 78 179 69 131 164 228 184 231 128 61 170 240 116 103 177 246 166 104 194 193 133 241 202 111 189 153 86 200 222 239 113 59 205 171 172 244 132 248 84 191 102 208 195 47 203 54 72 118 107 141 125 237 95 242 220 175 201 204 174 161 98 101 169 48 73 110 147 250 210 249 52
47 55 138 221 169 237 156 152 107 144 56 171 90 103 128 167 165 76 115 135 49 163 51 102 233 104 161 180 195 142 108 75 137 241 177 209 94 145 183 178 129 248 229 86 157 52 91 85 65 127 246 243 114 232 155 164 87 215 93 83 77 62 120 226 211 212 202 216 198 110 219 214 72 240 54 236 59 207 235 231 100 192 121 57 197 181 69 111 112 58 96 175 220 134 78 162 89 168 48 201 84 147 172 95 66 68 227 217 124 176 146 60 130 67 61 190 70 64 131 247 97 230 185 140 189 154 166 113 242 199 223 238 132 136 174 141 239
48 26 187 229 93 141 160 137 249 110 223 184 244 75 166 84 200 135 97 142 145 203 214 122 103 101 168 77 245 199 76 136 182 212 130 163 117 62 194 68 60 125 246 227 186 112 181 232 72 216 86 243 236 123 164 95 238 90 57 205 218 242 126 50 121 111 173 213 144 174 108 239 250 64 138 94 172 175 197 124 150 207 195 158 80 157 176 92 170 210 83 147 105 58 109 221 102 241 100 196 67 209 88 69 171 155 78 152 211 183 162 222 119 217 230 228 248 233 190 146 49 185 177 96 132 149 219 169 71 161 198 51 74 234 179 87 225 202 79 201 66 235 107 63 220
49 42 174 105 133 217 72 59 212 53 77 192 247 211 214 116 223 136 92 220 50 94 244 246 194 157 239 186 144 127 122 166 200 153 175 115 204 177 89 82 240 124 74 88 63 232 191 228 159 224 142 209 152 163 61 189 75 108 100 120 119 117 148 65 162 102 54 176 143 219 231 81 78 197 156 130 238 112 83 173 171 178 237 134 114 91 110 183 234 113 132 79 118 58 158 128 55 241 184 67 164 218 182 104 185 121 190 193 103 131 226 71 139 87 225 84 137 165 68 69 98 85 161 233 76 160 180 242 195 187 207 196 215 168 140 96 249 146 229 107 213 111 243 208
50 28 193 100 245 129 178 91 199 208 165 74 147 201 181 137 159 160 82 162 205 154 164 72 234 236 204 78 136 96 116 177 223 114 183 230 237 244 57 148 93 155 179 60 242 75 241 182 64 55 67 197 58 240 144 53 189 191 175 59 109 123 87 102 63 202 186 118 200 54 174 238 124 130 89 121 84 167 62 95 163 56 195 187 209 153 203 141 198 92 143 80 113 196 172 112 110 247 120 185 128 249 231 212 217 117 119 134 73 81 156 131 140 115 226 166 243 68 122 218 51 246 224 188 127 151 108 103 176 69 152 225
51 93 132 243 56 109 198 147 155 151 64 187 52 99 94 118 81 244 193 101 173 130 224 133 228 104 199 106 248 112 194 154 150 89 62 170 90 91 171 119 195 240 153 184 197 192 116 78 120 87 176 115 217 237 226 82 149 84 232 164 142 134 75 146 216 247 79 103 163 128 191 220 135 196 233 55 66 159 188 206 117 205 70 61 186 211 235 141 152 131 201 113 230 234 122 92 160 60 189 166 215 140 86 161 88 231 137 114 63 138 223 246 179 178 219 204 156 183 180 74 67 229 85 97 169 218 77 145 167 227 165 200 202 93 185 158 250
52 75 106 218 100 77 192 145 166 249 154 151 204 158 78 71 91 161 174 141 205 142 201 200 109 210 247 124 199 103 226 136 111 206 59 80 84 148 230 74 81 146 163 191 66 155 195 178 67 162 62 117 229 133 70 144 227 79 119 202 203 149 185 180 207 187 248 244 83 139 220 76 217 236 238 219 213 55 97 173 231 73 182 165 132 121 53 240 183 193 115 181 86 188 234 152 239 243 222 127 159 85 197 58 223 54 164 95 156 135 153 92 98 194 89 68 105 157 245 123 150 60 224 90 112 134 171 113 160 167 69 140 75 143 101 99 214 175 82 221 138
53 44 200 74 102 94 193 59 220 103 241 132 87 122 67 199 224 77 162 172 109 191 174 204 107 142 219 95 151 98 120 71 239 154 81 135 184 201 238 234 235 106 113 158 198 65 177 99 161 63 143 90 139 189 148 64 69 129 134 124 89 153 92 225 144 215 180 218 226 244 222 73 56 181 233 138 61 223 202 163 197 86 192 150 164 111 214 146 130 227 147 131 182 76 114 75 93 194 169 112 141 68 62 247 127 152 206 212 115 207 188 57 190 186 137 203 128 83 156 240 243 121 72 232 250 249 155 160 125 119 216 66 176 231 116 211 237 179 117 183 159 88 248
54 92 158 116 180 61 199 74 95 148 223 170 225 186 160 219 119 99 82 64 248 156 102 163 109 181 94 242 211 58 75 153 171 159 76 234 77 206 204 106 68 130 134 201 97 213 59 126 93 137 104 73 124 65 87 193 164 182 175 179 60 98 67 66 142 174 135 249 166 70 92 145 118 173 226 71 233 214 63 230 208 239 138 205 84 129 79 196 178 139 151 161 203 224 162 187 62 218 194 121 192 69 215 133 185 207 56 243 172 220 143 86 168 85 144 110 202 81 210 221 117 237 167 195 189 197 222 227 136 131 132 101 209 250 200 241
55 81 80 82 172 131 61 205 167 58 160 209 231 59 191 233 200 103 174 222 216 85 173 163 223 179 247 178 141 108 221 116 217 74 156 224 79 143 147 182 157 138 83 90 235 188 149 68 181 137 75 189 184 246 97 244 161 92 153 134 133 94 64 242 196 70 166 98 148 158 190 120 159 121 130 87 232 250 210 114 84 212 203 136 187 218 105 76 117 165 135 128 207 67 220 107 118 236 140 186 229 73 152 202 78 102 115 234 150 109 60 71 225 169 124 139 145 226 230 66 104 213 77 125 111 175 100 88 204 132 199 112 171 177 208 127 185 176 206 198 219 144
56 39 134 116 202 241 118 108 244 103 211 227 100 208 117 63 246 152 167 250 73 77 79 203 239 198 85 207 120 225 172 128 62 175 68 201 240 186 234 209 74 129 145 192 95 86 197 107 104 228 210 115 69 158 212 224 144 233 180 125 219 196 214 109 249 72 223 206 215 155 182 111 147 135 142 237 170 76 189 93 130 66 165 140 169 181 70 141 98 82 193 122 71 243 58 199 106 163 194 166 230 188 183 242 124 126 110 91 136 245 105 83 127 92 148 238 195 168 232 159 236 57 97 221 200 218 137 94 178 119 153
57 47 161 198 205 192 183 141 144 143 214 76 105 168 196 194 217 96 100 225 185 197 137 85 246 149 104 61 70 250 158 92 218 112 199 230 211 134 204 90 156 195 66 122 98 164 223 121 187 93 82 110 244 167 174 212 219 249 75 236 108 172 69 221 157 119 177 243 103 182 87 118 178 97 242 111 248 184 86 94 238 232 147 170 210 220 186 193 142 58 117 138 160 59 139 133 165 132 181 216 116 101 126 72 84 91 79 224 247 106 77 80 166 88 154 227 190 206 241 209 235 68 231 239 150 115 208 120 189 175 245 83 60 73 234 229 78
58 21 101 102 59 224 213 155 179 219 99 222 130 88 133 93 72 97 198 168 144 156 237 83 166 70 81 247 87 148 126 131 220 139 147 151 138 161 250 152 211 118 122 226 207 205 86 187 117 113 215 186 209 225 90 67 192 245 124 121 182 106 76 172 199 203 191 243 60 201 146 178 238 142 75 78 132 114 202 103 104 180 157 162 189 184 190 150 200 173 177 234 105 208 135 223 154 111 175 62 218 108 229 127 159 125 188 194 68 140 244 66 195 116 74 240 174 176 134 73 217 141 228 89 143 197 165 158 233 95 96
59 58 147 215 197 192 99 243 71 138 217 201 82 181 100 148 246 83 101 103 173 85 117 62 236 156 122 184 211 218 61 178 77 209 144 121 187 250 172 231 128 245 152 92 164 139 132 210 89 105 177 176 230 244 102 175 249 160 118 200 247 134 207 219 185 162 130 235 81 183 129 119 163 84 165 133 214 65 208 97 96 222 238 198 216 153 221 120 196 91 151 159 143 179 123 64 109 205 79 150 227 90 213 142 232 112 86 225 116 146 69 234 60 72 171 104 66 74 180 182 212 161 202 135 114 94 107 199 241 68 226 145 140 193 141 166
60 43 177 137 128 118 63 191 105 102 72 202 69 201 146 220 197 113 95 213 88 110 153 189 130 98 217 248 203 218 245 127 100 233 135 80 244 235 173 187 103 129 206 205 181 236 157 82 192 184 210 124 169 86 143 221 152 166 200 172 227 64 139 162 204 185 209 215 121 190 161 211 115 101 237 176 222 119 62 141 238 199 81 208 147 240 249 194 94 67 92 71 76 66 151 114 117 186 155 138 247 214 180 156 97 230 154 73 77 198 158 159 232 229 225 74 160 145 207 107 109 163 164 136 68 175 182 171 75 93
61 41 67 146 120 121 99 175 111 72 201 171 125 83 195 66 156 110 119 154 222 217 167 203 223 226 173 151 158 77 190 238 237 170 62 231 209 118 166 221 104 130 211 150 63 148 136 84 101 92 229 236 230 107 70 235 139 112 106 78 115 199 216 82 65 184 212 245 155 149 191 152 100 69 159 174 133 183 140 189 250 132 87 144 74 86 91 76 243 227 249 113 188 224 181 143 97 108 207 79 220 135 90 228 186 198 116 128 204 123 131 232 88 168 94 129 218 103 127 93 162 122 196 73 68 163 71 210 169 172 114 240 202 134 177 164 141
62 93 94 84 225 239 139 78 222 95 70 220 137 219 142 234 235 194 159 190 241 186 105 146 207 152 171 141 167 100 114 107 202 250 117 155 169 249 133 183 209 121 145 115 125 101 91 80 156 74 177 144 111 237 136 88 192 244 178 231 184 83 76 229 224 158 163 210 102 242 104 181 173 128 189 246 233 77 143 63 232 230 162 124 123 138 243 151 87 179 226 85 66 106 72 93 236 130 140 82 245 206 176 99 119 149 187 79 81 227 108 71 160 172 110 228 118 165 164 96 112 199 213 223 175 116 73 215 154
63 65 177 73 109 126 208 197 214 205 166 221 209 232 164 225 186 236 115 172 125 230 161 167 143 162 74 187 64 238 120 83 246 150 243 99 191 119 176 66 223 220 142 75 84 158 112 226 82 181 199 90 212 183 231 206 192 175 86 207 131 216 244 202 160 170 171 80 88 102 139 240 78 81 124 70 178 204 156 210 173 94 133 159 157 95 117 79 184 103 227 174 228 215 188 138 203 92 141 93 136 65 211 144 101 147 71 201 121 182 110 89 132 241 69 169 140 72 234 149 76 198 113 179 229 114 122 98 137 163 189 87 224 237 130 194 145 67
64 70 196 149 169 147 113 114 91 79 236 191 104 78 244 216 222 202 247 102 115 143 81 84 83 235 70 101 231 80 193 230 223 188 213 122 128 194 124 125 219 183 75 146 217 225 126 90 96 163 195 238 71 74 228 159 206 97 145 111 164 119 103 178 142 116 99 138 214 100 232 66 167 210 173 132 65 240 134 208 243 182 141 186 189 95 85 139 89 135 150 168 117 157 227 105 237 197 153 77 160 249 92 175 224 108 242 250 131 162 158 180 137 98 234 192 226 165 179 123 72 155 215 204 241 229 148 187 121 248 161 73
65 94 93 150 178 151 167 96 192 101 238 69 71 81 212 215 190 195 228 181 218 124 73 199 119 130 146 237 123 240 224 80 213 183 174 169 198 138 159 140 106 126 163 125 208 114 242 176 153 79 250 184 186 92 231 226 143 118 205 94 247 211 171 161 214 78 137 136 203 152 216 141 99 177 91 129 191 229 82 120 244 98 201 217 145 170 162 245 107 160 236 187 239 110 134 85 204 223 248 206 243 185 100 75 234 220 142 227 113 102 86 189 133 182 180 104 193 108 157 197
66 54 223 200 237 172 193 167 241 238 250 85 173 202 123 219 104 89 232 111 170 78 244 116 136 205 82 239 92 187 97 199 72 134 234 175 141 182 196 225 194 217 95 140 139 243 112 162 79 197 163 119 150 80 222 156 188 216 99 90 247 113 106 228 195 176 121 236 75 220 227 133 208 108 74 184 166 70 198 67 226 110 135 138 115 144 73 248 186 122 128 127 84 204 68 224 98 118 71 209 157 235 203 221 153 100 246 105 145 177 130 171 168 102 148 94 137 93 155 159 96 120 240 191 178 214 147 179 206 212 213 249
67 25 138 228 188 99 100 239 157 141 183 195 248 186 235 189 162 224 181 82 109 179 171 150 104 106 184 68 234 194 152 80 237 146 225 170 96 127 209 222 242 233 177 140 236 124 74 123 158 230 172 130 88 89 111 250 90 86 164 178 185 139 101 199 240 75 243 216 175 137 147 212 238 103 97 197 151 110 249 73 134 232 81 156 133 208 78 165 119 201 161 174 121 95 244 91 204 163 190 116 215 166 206 125 93 72 148 227 229 245 173 220 198 223 226 71 205 246 98 176 120 168 154 221 207 145 182 167 94 231 85 159 118 92 76 193 200 219
68 82 97 96 93 142 162 84 152 129 121 234 227 231 83 85 181 179 213 200 137 90 75 172 209 144 158 211 138 219 165 192 92 143 113 212 177 244 136 225 183 151 133 188 123 202 205 222 239 146 104 106 132 126 249 125 94 206 118 216 117 110 215 154 193 229 238 141 91 95 127 203 178 224 187 185 240 86 145 182 250 236 116 131 78 130 217 69 88 210 180 134 120 196 174 175 73 166 167 168 139 103 169 176 161 140 195 243 80 237 79 186 228 204 124 214 173 197 89 191 107 194 77 72 115 171 233 100 111
69 54 226 234 210 95 202 115 128 176 104 235 217 221 178 137 183 132 207 211 248 74 91 227 194 159 237 145 119 79 84 172 188 216 135 173 99 196 102 129 222 199 189 100 236 83 186 163 75 130 243 225 232 193 139 218 198 238 98 106 149 152 73 215 133 150 105 70 123 171 214 228 167 242 250 191 153 181 136 155 143 177 86 160 126 93 82 240 174 179 89 241 230 170 110 111 246 154 122 187 101 76 118 180 107 109 114 245 92 144 77 244 162 197 205 200 138 96 185 164 103 203 209 116 204 90 134 206 229 223 117 166 78 220 158 148 169
70 59 141 120 107 220 126 177 208 247 118 160 133 77 183 242 108 148 127 124 218 233 207 209 83 178 125 215 94 202 173 210 103 238 249 222 113 204 201 161 122 92 128 137 235 121 146 240 102 192 131 221 149 237 212 228 119 200 199 163 98 165 71 72 151 184 176 84 203 99 246 226 138 156 109 245 189 217 154 180 100 164 186 117 196 174 157 159 101 129 79 193 190 213 114 188 76 162 187 105 168 158 153 81 175 205 227 73 96 87 111 104 147 74 142 216 250 88 155 239 93 80 170 172 90 219
71 34 246 153 94 139 104 221 72 142 111 144 198 117 84 222 234 108 235 184 167 237 241 240 95 152 89 98 220 162 134 214 213 147 93 97 156 190 215 74 76 83 143 122 163 75 130 105 99 194 199 87 191 197 205 155 124 102 212 168 81 206 106 164 201 151 247 185 132 188 137 229 226 216 195 172 107 169 157 149 179 178 126 233 244 148 166 209 154 86 125 116 210 200 135 73 245 158 113 128 165 133 140 180 207 227 239 174 160 193 88 223 238 232 228 78 103 82 230 161 242 120 77 182 100 136 90 101 146 145 177 127 171 175 243 187 219
72 69 203 225 215 210 122 219 119 234 151 101 167 198 220 77 111 196 188 178 185 217 239 209 112 124 138 93 128 205 170 193 177 131 86 200 242 218 161 134 136 155 141 95 108 115 189 183 186 238 206 118 224 153 120 88 92 80 192 163 169 129 173 99 171 194 106 244 245 228 250 139 144 230 117 223 103 184 195 76 85 241 247 162 174 87 130 140 123 97 227 191 202 145 132 172 159 142 235 100 73 91 166 221 222 232 113 121 248 109 181 82 216 201 179 96 154 213 102 246 231 114 104 175 187 197 233 105 236 226 164 176 212 211 208
73 32 241 132 244 102 110 242 126 156 226 218 235 178 144 147 213 223 217 232 93 214 207 104 184 208 220 148 229 175 196 112 162 239 225 189 238 95 233 195 180 163 141 116 228 183 138 131 165 114 205 99 164 181 216 155 108 170 215 111 202 128 75 246 177 96 187 101 115 124 139 100 146 169 120 145 204 127 107 182 168 185 82 158 167 79 236 219 172 109 192 188 221 142 153 198 84 203 209 87 240 222 94 176 117 224 90 171 105 129 227 85 249 78 230 136 174 245 250 160 231 103 119 157 237 88 201 135 186 151 89
74 41 235 148 98 173 175 145 80 174 106 139 209 110 243 123 180 171 225 142 149 152 79 83 135 179 200 104 150 213 99 231 95 85 244 136 100 182 82 168 216 78 195 165 197 169 96 215 97 191 232 205 89 233 203 128 223 246 201 164 116 240 218 161 119 184 94 241 86 156 105 190 151 90 120 125 160 247 81 188 129 84 166 167 207 155 199 214 206 238 198 242 172 221 111 107 212 141 124 183 177 181 163 249 112 185 157 134 178 159 121 236 133 88 76 230 138 131 147 222 154 87 176 193 220 219 194
75 95 184 243 229 117 181 188 95 171 202 242 226 111 113 139 203 161 103 211 179 97 163 232 148 85 224 194 124 189 123 84 98 205 126 106 213 144 220 177 112 201 173 219 76 200 162 207 102 77 170 239 182 118 100 206 241 153 248 94 127 215 81 109 228 216 83 231 236 180 104 218 108 138 233 129 121 115 152 195 234 244 235 193 160 90 176 149 186 132 167 157 133 198 80 143 190 214 196 120 222 223 164 99 79 168 137 93 130 237 192 110 145 175 245 158 165 116 135 146 96 174 197 88 187 169 82 238 172 250 92
76 36 233 199 221 192 201 232 136 131 216 121 185 190 229 187 226 225 241 102 163 134 87 171 147 224 239 133 129 200 179 84 150 77 140 161 214 157 167 166 109 165 243 175 151 118 154 138 218 176 94 237 197 139 173 97 219 227 244 104 130 162 78 196 160 248 168 181 146 100 85 145 96 108 170 203 186 127 135 209 231 191 95 208 236 206 204 137 193 123 250 212 132 117 180 144 153 152 112 110 105 172 240 184 86 141 178 222 107 158 115 156 128 81 223 213 217 182 155 122 91 215 103
77 50 97 226 91 190 112 187 192 248 143 170 219 146 214 81 173 237 244 223 247 196 188 212 88 100 159 116 243 164 142 221 133 199 198 169 131 140 128 149 160 180 178 83 234 167 122 152 205 191 119 115 84 241 211 186 79 144 184 235 93 96 127 117 176 171 105 85 148 102 123 209 213 239 150 185 124 228 147 216 157 80 238 232 175 98 181 155 138 120 195 130 126 163 89 220 99 78 87 154 246 201 230 229 182 86 121 225 113 227 137 94 134 218 189 135 224 222 90 168 193 231 141 210 183
78 49 208 160 202 184 128 126 238 148 231 224 187 205 80 195 102 125 92 162 229 123 169 132 153 113 152 84 168 141 86 163 166 215 248 98 206 131 137 227 164 190 111 83 201 147 230 79 240 103 165 116 109 105 209 159 210 177 241 235 127 95 110 178 182 161 234 135 181 156 219 154 151 130 101 140 204 250 189 196 192 139 217 150 112 108 114 106 122 146 173 119 93 213 194 222 197 237 188 104 142 91 207 245 136 171 149 85 90 220 185 212 183 167 144 174 120 117 107 89 236 203
79 58 141 167 250 238 96 86 157 137 98 122 217 127 130 242 90 128 194 133 114 151 236 99 123 246 192 222 80 83 142 164 153 136 206 190 237 247 230 110 148 117 232 202 91 207 171 104 208 235 227 210 212 216 138 159 220 165 101 183 120 139 147 162 184 145 175 193 248 219 81 155 131 234 158 186 176 225 168 224 85 239 92 177 231 185 152 223 204 245 214 93 107 134 115 226 116 244 243 161 87 218 146 82 189 95 199 154 169 143 181 97 118 196 172 201 188 119 125 108 163 178 150 89 173 132 113 233 182 240
80 73 231 99 199 170 149 241 201 122 93 130 155 151 132 120 196 182 235 190 174 229 183 172 208 104 157 178 87 136 215 153 140 131 216 220 200 239 110 163 144 114 119 92 138 186 103 218 193 197 158 105 221 115 107 245 113 89 134 226 112 159 102 86 195 228 97 123 96 109 156 249 222 205 188 247 166 139 165 192 180 238 250 84 179 240 207 171 146 214 82 108 143 225 152 177 168 198 223 169 124 219 98 116 242 133 217 164 210 194 125 118 148 141 244 150 248 161 167 203 234 83 175 224 94 128 211 185
81 57 123 188 162 199 235 243 161 90 238 222 144 213 209 118 217 129 140 218 216 195 95 201 236 150 131 247 126 89 92 245 221 177 227 94 130 136 205 189 86 112 101 93 122 141 178 127 159 169 147 114 119 207 241 233 226 237 154 212 173 138 187 208 139 224 108 231 99 223 111 146 230 170 204 192 85 109 234 84 215 151 145 174 100 190 142 193 225 220 184 250 149 120 239 200 229 97 244 82 87 214 168 137 176 202 153 98 124 103 219 164 203 210 180 160 171 179 116 113
82 66 164 129 146 210 185 102 145 121 200 186 139 215 169 87 156 168 128 218 141 207 122 177 211 202 94 140 144 166 170 117 147 167 176 180 118 172 233 89 188 92 99 205 109 246 95 242 182 243 107 219 143 250 161 108 183 196 194 241 199 124 230 201 173 97 86 114 187 136 227 132 125 83 151 142 235 137 206 93 195 105 181 208 244 130 239 113 212 175 178 134 165 150 224 119 198 84 123 249 225 245 237 96 234 174 115 104 236 101 184 248 162 216
83 63 86 136 132 189 205 153 188 170 109 179 126 198 250 232 196 137 135 224 94 127 98 166 105 186 226 164 97 85 201 234 91 244 180 184 175 115 187 128 182 145 95 246 142 240 125 247 155 218 143 239 208 212 101 236 161 225 245 215 141 118 119 138 93 88 87 216 190 174 229 231 148 129 214 111 152 120 243 209 202 207 238 159 185 151 233 197 134 131 84 110 121 133 163 249 124 154 171 140 165 149 104 89 108 139 147 227 181 167 122 178 103 200 220 160 242 193 117 191 195 228
84 98 215 183 116 171 249 120 149 197 214 187 122 173 191 170 164 222 130 135 204 235 105 181 86 147 114 89 186 158 85 125 92 224 127 217 212 179 188 166 225 152 190 176 153 96 139 131 157 93 219 138 132 161 167 207 199 211 94 228 154 109 90 128 98 180 95 233 203 134 175 103 232 151 160 162 97 194 221 234 142 226 247 248 129 88 241 140 200 104 242 118 87 121 108 229 115 239 196 213 144 101 102 110 237 244 223 218 107 210 136 111 230 143 126 236 146 99 168 159 238 141
85 58 227 212 94 200 171 196 235 167 104 87 249 149 115 177 216 233 152 159 179 101 213 96 127 191 202 224 183 121 236 89 192 239 241 218 123 193 189 172 170 91 169 230 234 90 207 238 133 204 131 112 163 211 120 158 209 250 155 102 97 195 232 225 165 135 148 188 214 100 107 190 243 156 173 217 108 180 197 206 125 248 174 176 198 205 113 199 95 103 117 182 93 221 231 144 132 114 128 242 203 126 99 118 215 240 138 161 145 137 119 111 175 168 194 130 124
86 43 234 176 98 210 90 109 242 99 117 227 247 197 137 181 206 128 162 187 159 202 126 239 149 237 146 185 151 235 190 148 152 233 215 204 213 108 232 140 116 127 183 91 226 147 95 230 150 180 160 245 100 177 157 199 198 170 166 138 200 236 123 225 184 110 161 87 201 132 173 246 130 156 125 167 196 189 212 105 228 188 192 136 107 121 144 171 111 179 231 97 113 131 165 168 191 106 174 220 89 119 135 229 122 96 205 102 114 142 248 158 155 209 124 103
87 36 147 196 154 158 234 109 136 153 137 151 145 125 173 245 169 180 100 115 170 103 129 216 132 179 189 229 198 237 208 97 238 149 190 96 106 177 118 218 206 183 163 94 217 162 116 215 250 98 188 156 119 122 246 235 248 157 159 210 111 195 123 178 88 171 91 140 226 167 143 219 184 203 93 105 127 99 166 90 232 121 209 113 221 155 224 240 165 112 126 175 92 239 212 193 138 174 139 152 95 110 114 243 130 207 176 160 225 102 204 213 146 230
88 85 217 197 220 148 98 225 151 245 143 238 177 223 203 147 116 164 154 187 231 219 189 193 94 140 158 95 208 235 178 247 183 119 227 111 136 184 155 198 163 200 192 222 146 168 210 171 109 173 157 92 218 115 117 118 133 233 137 176 214 199 216 212 159 230 174 201 128 185 204 123 99 126 150 226 139 240 175 188 182 105 127 135 241 129 236 243 103 162 213 207 138 149 120 122 152 153 106 102 202 144 172 108 141 250 90 205 191 215 156 194 211 113
89 60 174 106 244 199 172 185 112 211 224 161 138 165 241 134 238 95 178 142 176 207 163 226 107 124 235 217 111 120 171 242 166 220 141 175 145 243 232 230 127 187 96 249 90 189 155 205 100 247 97 94 150 123 240 93 239 103 201 202 215 113 110 237 248 234 191 167 192 206 139 128 159 181 212 227 133 250 190 135 221 164 195 153 214 91 198 182 245 148 126 98 115 225 200 122 125 216 146 219 196 197 228 99 140 158 109 92 210 170 183 129 177 136 118 208 152 147 233
90 74 184 192 236 241 148 187 96 235 217 220 149 173 116 139 92 151 158 228 127 202 113 133 215 132 171 189 162 219 140 237 153 98 93 164 145 230 180 150 226 101 179 227 223 138 221 200 125 194 231 141 207 170 175 137 160 155 197 143 109 108 100 106 190 114 248 159 195 103 94 191 239 245 167 224 157 247 193 229 176 172 112 174 233 243 209 213 126 182 146 144 119 168 169 240 117 118 244 120 199 123 166 128 210 135 107 121 110 111 188 102 161 234 250 99 218
91 27 160 106 201 218 132 195 112 177 119 116 136 200 176 133 173 143 111 92 128 113 100 139 94 104 146 156 117 215 192 102 211 246 190 150 157 161 231 144 212 181 170 127 107 249 233 208 159 239 134 124 140 228 216 248 219 152 95 155 151 172 114 131 234 153 203 236 229 202 115 244 188 185 179 138 120 158 175 121 238 101 225 230 165 250 206 164 178 93 130 98 209 205 123 169 196 125 213 145 223 220 174 191 210 226 105 186
92 81 117 224 165 248 116 170 230 218 231 99 235 194 184 145 242 158 190 115 214 221 244 98 134 204 139 164 215 113 129 187 140 222 237 216 227 185 127 96 112 202 240 148 209 219 137 124 142 172 238 104 156 205 93 225 174 160 203 217 150 197 192 206 162 189 193 105 223 208 106 110 210 249 126 212 143 213 111 196 163 119 147 207 181 220 144 200 103 146 226 107 250 154 182 246 97 122 114 108 151 138 176 243 159 120 152 141 191 228 188 229 195
93 82 144 240 153 224 137 108 221 157 103 203 216 218 119 220 161 141 210 117 250 133 223 111 245 174 165 175 170 206 152 146 193 227 213 242 105 138 195 189 113 219 183 118 178 199 123 143 215 196 107 122 233 131 132 155 185 186 237 99 101 127 184 217 192 176 188 232 238 166 177 94 116 209 228 208 148 200 201 197 169 106 207 156 202 102 168 112 212 109 135 234 164 114 229 247 235 246 236 191 97 130 134 226 162 241 104 98 225 172 142 198
94 88 100 98 149 249 183 121 169 229 230 108 218 228 112 137 152 153 104 245 114 166 234 171 178 193 227 131 119 109 161 209 216 126 144 116 211 196 223 176 167 105 246 198 186 172 99 235 222 221 132 208 225 210 130 158 232 129 95 184 243 237 190 213 189 214 141 191 133 188 128 248 238 148 159 219 212 241 125 239 175 205 162 106 200 142 163 143 150 164 165 168 124 187 146 139 207 160 233 215 134 123 122 204 242 247 206 145 154 226 224 103 197 138 173 217
95 66 135 133 184 159 196 244 97 230 239 180 225 203 158 216 183 157 162 142 156 140 141 209 165 245 134 124 241 102 212 119 147 243 168 228 117 146 235 217 192 211 214 237 160 172 202 152 193 103 210 185 221 150 205 176 110 137 122 169 108 197 155 220 98 106 164 187 231 175 249 113 161 186 204 163 181 227 226 195 199 132 125 136 139 233 153 215 130 107 167 138 229 223 171 96 154 206 173 123 208 111 131 250 118
96 76 235 161 217 238 125 212 147 143 142 209 213 186 99 224 141 237 140 105 242 128 109 228 190 249 135 225 216 113 101 203 97 246 214 184 151 168 154 193 130 106 201 183 150 210 188 250 138 197 179 114 218 194 221 144 241 207 180 215 164 196 185 248 104 167 139 123 145 191 149 178 124 111 222 198 162 157 166 232 236 173 177 165 204 175 159 219 211 169 245 240 133 227 247 229 195 244 206 187 182 146 108 116 107 137 100 158
97 42 217 145 127 249 110 117 111 171 176 157 204 193 166 207 170 228 231 220 174 186 133 118 140 181 197 229 245 105 247 100 115 213 203 124 237 235 125 103 134 182 151 185 189 155 178 165 239 202 201 183 216 173 177 223 168 149 150 148 123 144 161 226 158 130 215 147 225 98 175 241 191 106 244 114 109 232 179 136 121 101 180 200 102 152 126 119 194 221 236 129 240 238 212 163 116 250 160 104 120 246 210 224 132 164 162 169 190 108
98 72 195 228 99 163 161 181 157 106 187 223 238 219 111 101 130 218 174 202 147 165 241 182 190 185 183 221 119 176 121 145 134 215 173 191 180 135 198 148 207 117 131 139 154 100 109 235 178 216 127 128 118 220 132 169 155 224 230 199 114 205 124 143 186 179 137 204 214 162 170 164 208 125 112 227 167 210 245 222 172 113 209 196 152 250 146 123 120 234 249 133 105 242 236 103 226 193 212 166 197 200 248 244 206 239 231 194
99 57 164 132 186 183 221 129 215 125 145 156 203 103 173 127 149 195 101 245 135 233 112 236 213 140 194 106 175 208 111 235 150 232 147 204 200 218 225 169 104 161 205 146 201 154 165 119 109 209 121 238 177 193 148 176 171 228 210 219 184 234 202 134 138 124 152 180 110 144 117 247 155 143 120 206 166 160 172 214 179 250 102 170 181 189 105 158 182 142 139 178 107 207 237 227 199 167 136 240 197 159 211 126 192 198
100 92 134 234 157 244 139 225 128 146 202 243 180 112 205 109 190 117 235 154 130 183 239 203 150 236 171 152 144 248 133 147 215 177 131 161 164 132 116 115 246 186 135 185 226 216 151 145 123 122 173 140 197 219 178 233 102 127 149 114 126 242 176 160 199 222 213 110 220 182 142 179 174 232 229 143 207 204 119 188 168 227 198 103 129 165 138 187 136 166 195 249 230 153 108 211 245 231 223 200 194 250 240 101 217 155 209 192 237 125
101 30 183 173 230 123 248 193 211 175 111 120 132 115 121 138 185 247 172 154 130 204 243 201 210 220 212 221 126 208 134 213 139 156 245 162 236 144 195 155 151 108 127 233 240 158 214 203 107 200 217 149 191 199 182 143 226 241 234 246 146 147 129 161 152 159 160 119 110 189 178 216 117 198 219 176 202 163 118 150 174 197 137 164 218 223 116 140 102 249 177 104 113 153 187 190 136 186 103 215 122 209 192 235 206 170 128 171 237 145 231 238
102 71 148 154 208 173 157 110 138 232 120 227 126 241 131 150 206 235 190 147 200 244 158 130 230 216 180 250 229 228 226 134 118 178 112 125 195 218 204 133 189 122 201 162 144 164 166 236 220 247 182 224 245 128 239 193 175 140 211 119 183 207 197 177 111 194 139 238 205 167 168 210 137 113 176 105 124 242 203 117 198 188 160 225 121 186 151 184 155 106 222 212 196 153 142 114 219 170 221 109 231 165
103 61 182 159 179 211 157 227 204 142 154 244 202 215 224 222 126 206 136 240 143 199 220 216 213 134 115 186 245 201 208 180 243 165 228 234 110 166 198 108 190 140 113 176 116 219 233 120 138 178 117 183 175 125 237 172 114 171 149 246 119 236 130 155 133 137 214 124 139 109 121 235 153 161 168 229 111 200 181 131 203 221 147 212 241 160 132 249 250 192 187 146 163 226 239 123 247 195 162 238 151 225 191 232 105 185 173 242 106 148 196 164 223
104 59 150 250 154 187 181 214 244 112 163 162 179 212 157 176 191 209 210 119 170 130 178 199 205 136 144 147 216 219 129 139 106 165 228 229 222 161 207 152 110 149 143 169 223 237 138 172 174 183 246 189 160 121 236 180 245 127 133 173 148 184 194 155 159 122 177 111 230 135 203 196 213 208 232 188 220 195 164 109 158 247 211 198 128 241 200 107 239 145 201 197 116 186 140 126 227 185 146 221 153 156 193 217 242 125 137 108 117
105 27 155 216 195 170 110 250 208 206 177 239 166 212 232 241 173 224 125 112 189 223 221 240 171 136 158 117 145 132 138 161 183 175 127 247 131 143 182 211 210 218 109 237 174 135 115 121 165 150 153 184 142 154 222 134 196 139 141 151 176 193 192 242 199 181 226 149 180 204 126 197 179 214 146 147 230 190 205 130 157 118 137 220 188 234 140 123 106 215 227 163 122 249 202 144 178
106 55 164 236 200 112 119 129 249 181 154 216 239 203 229 148 197 241 145 222 244 192 227 178 185 214 147 127 186 173 174 199 109 232 144 207 146 132 141 205 117 167 228 182 107 169 246 121 133 245 187 131 248 243 160 163 153 188 211 193 149 176 108 194 234 208 152 110 113 170 124 226 247 238 114 138 126 166 240 168 242 150 162 191 189 223 158 116 215 161 137 125 183 171 157 233 213 179 135 123 225 204 201 139
107 91 195 243 235 184 180 192 238 122 124 178 121 249 208 237 166 158 191 224 227 133 138 179 234 163 153 169 114 177 223 203 157 214 111 202 140 239 244 123 182 233 128 218 139 232 151 222 193 148 143 250 230 213 228 155 185 212 246 200 189 219 242 120 216 135 109 130 174 149 117 198 241 215 144 146 127 165 142 187 126 164 205 162 217 181 231 229 236 150 170 173 247 207 211 196 137 206 201
108 57 122 137 217 215 159 192 158 169 188 248 247 211 230 116 232 171 115 229 133 218 144 189 165 121 146 156 148 147 223 136 174 202 201 216 191 243 164 240 225 244 239 198 222 245 109 183 241 113 195 168 200 234 199 224 193 209 249 205 129 203 235 128 227 118 134 181 138 220 125 117 221 135 130 150 250 152 204 139 111 180 142 213 219 145 167 173 179 143 182 177 208 190 112 154 226 246 237 110 119 212 140 114 176 210 166 185
109 84 192 132 243 171 202 200 129 230 162 149 193 213 246 220 155 142 167 182 136 242 179 130 181 176 115 211 139 195 203 248 185 232 205 175 113 159 241 138 188 208 146 172 228 184 148 212 234 166 135 121 150 122 158 131 189 209 226 168 118 119 216 133 249 190 174 197 218 186 196 160 161 156 187 239 180 173 134 225 123 112 141 125 236 126 235 154 128 164 178 210 165 137 114 238
110 48 158 248 188 245 230 143 167 247 124 133 232 145 164 229 196 162 125 160 117 186 152 208 221 120 128 173 182 216 177 189 166 179 146 147 155 211 119 197 113 239 122 134 225 236 112 228 115 135 220 163 139 206 129 193 227 218 137 184 242 207 209 151 180 192 212 183 111 241 114 169 187 213 149 222 233 204 175 181 140 201 136 118 153 215 205 165 224 185 148 219 132 156 250 237 126 240 131 231
111 29 126 145 243 199 125 114 225 153 240 221 136 142 233 198 143 210 174 190 149 173 116 133 187 130 123 160 236 132 176 140 194 172 204 135 124 214 122 171 219 131 158 168 193 113 177 226 139 191 223 120 218 248 229 206 241 238 146 209 213 186 250 184 121 247 188 159 232 197 138 115 127 237 217 212 216 156 151 220 201 215 169 208 230 170 239 227 179 196 249 148 162 231 134 244 150 129 164 178 211 112 141 203 137 166 246 154
112 56 218 234 132 185 248 137 244 203 188 124 159 183 239 158 221 229 243 181 202 178 129 145 121 175 131 242 211 204 232 205 174 125 154 226 194 146 150 231 206 235 224 198 182 213 142 149 197 173 195 172 214 179 156 246 167 118 114 155 134 180 128 166 227 250 208 219 238 187 147 127 153 193 113 215 177 151 249 209 176 117 222 168 152 237 120 141 126 162 163 196 169 223 116 200 190 115
113 29 139 202 212 167 133 246 144 186 188 210 121 142 243 216 200 143 197 204 184 177 145 157 236 148 185 130 230 215 129 241 224 221 125 146 195 205 206 207 166 114 239 172 138 135 198 179 181 164 244 123 211 213 190 214 117 225 196 193 147 187 161 136 120 127 183 118 178 232 156 199 182 170 132 150 154 160 126 175 240 191 228 152 171 223 115 168 153 140 149 189 227 116 137 245 174
114 88 191 144 243 170 225 157 188 115 125 240 227 194 126 182 185 120 217 132 220 143 186 162 151 249 164 198 127 159 246 134 175 138 245 222 211 206 196 150 166 213 219 149 129 123 190 169 228 239 158 203 142 179 128 163 229 244 215 171 242 154 238 165 176 212 135 184 118 232 233 187 208 197 116 221 137 234 131 172 156 223 181 200 168 133 141 224 209 241 207 189 199 236 139 248
115 53 151 173 241 163 201 129 164 132 170 185 143 203 141 228 145 200 167 227 186 240 193 124 210 204 165 172 244 242 248 190 119 216 250 224 152 206 169 157 118 212 182 168 128 249 220 243 234 131 217 161 188 232 166 194 156 125 160 218 146 122 120 175 233 176 197 154 133 229 231 126 222 147 159 127 187 205 180 230 179 130 237 155 135 140 198 150 142 207 195 202 121 213 219 245 158 178 171 183 174 181 134 208 199 192 214 123
116 67 166 188 191 239 177 170 123 121 187 152 164 142 201 120 237 236 250 210 148 238 140 215 150 218 154 185 126 127 243 178 211 118 217 138 136 143 220 180 145 199 165 158 200 194 197 206 182 173 128 153 137 195 179 228 225 232 155 249 221 131 168 183 176 209 234 196 204 231 222 160 122 125 147 159 134 229 192 162 171 235 193 247 175 219 205 124 186 244 181 189 233 224 157 174 242 163 241 117 119 248
117 31 194 206 224 129 197 182 191 192 138 216 204 121 189 231 217 213 202 118 126 137 131 170 211 221 225 179 214 160 246 208 147 245 154 178 183 240 164 205 163 220 152 169 199 180 236 171 162 120 186 198 215 143 237 144 188 119 135 123 136 177 125 151 139 227 187 212 244 229 228 157 196 156 239 223 173 230 161 159 146 148 248 234 190 218 128 241 130 150 242 232 210 158 201
118 69 130 237 227 146 137 218 125 224 188 164 155 160 171 173 220 134 230 172 122 121 233 123 199 223 217 211 189 119 221 179 136 138 126 143 124 214 133 187 175 153 169 207 154 239 225 200 152 206 149 248 229 234 150 151 140 232 190 139 245 178 249 195 231 244 213 185 158 168 203 167 165 246 181 250 162 142 215 205 235 201 208 228 184 238 222 129 144 161 247 198 242 216 193 145 177 159 219
119 67 228 126 241 217 129 139 176 137 127 232 248 162 207 132 195 230 247 225 128 229 124 148 250 153 163 135 231 130 193 187 243 245 134 177 184 133 227 219 172 212 199 150 146 237 197 143 141 131 213 221 155 171 210 239 202 192 209 196 246 144 173 166 240 204 238 236 194 179 198 208 186 121 220 170 178 123 234 200 169 182 147 233 140 152 159 226 175 122 138 191 224 161
120 71 153 144 162 164 219 125 129 208 196 223 154 135 249 161 240 213 183 121 195 124 229 222 133 243 157 149 177 176 199 206 175 198 191 178 167 250 200 214 147 187 158 231 138 242 212 141 168 246 217 126 132 184 210 230 137 190 170 131 226 211 122 174 172 237 140 236 216 248 203 142 130 193 233 227 235 197 127 150 232 202 220 143 247 156 218 136 239 148 188
121 59 190 202 209 207 124 159 184 234 224 139 240 238 127 193 153 219 154 227 128 208 158 164 248 160 221 188 178 213 241 179 135 176 220 161 162 199 187 186 136 243 138 163 131 196 189 212 247 204 152 129 174 171 245 175 249 233 172 133 217 126 194 246 122 216 177 149 215 185 232 170 242 142 195 210 123 144 235 237 250 181 229 214 130 169 198 225 165 183 148 147 151 191 223
122 91 157 198 220 180 158 154 233 168 194 133 126 167 218 239 139 163 132 150 219 128 249 208 243 196 235 213 188 244 144 237 184 129 166 224 222 179 181 153 203 216 145 210 187 164 192 141 225 137 247 193 174 212 228 189 131 201 177 178 242 124 159 148 223 200 202 127 238 138 136 170 191 173 231 171 182 149 211 230 229 155 151 185 160 248 134 206 147 162 175 241 217
123 68 245 223 176 184 185 171 169 174 168 248 191 249 222 226 204 181 189 157 155 247 240 202 220 158 241 186 127 164 187 236 205 210 153 215 136 237 166 221 178 246 163 148 137 145 139 203 250 195 200 229 198 132 170 156 134 162 230 133 177 193 160 179 152 159 143 165 207 125 244 140 201 217 206 154 146 183 144 238 149 147 173
124 40 215 156 196 146 188 167 240 233 202 241 131 139 247 207 127 177 162 190 182 231 160 212 175 158 164 157 234 203 226 150 193 238 210 149 169 186 201 217 125 208 243 179 174 209 147 142 143 155 159 166 197 206 250 200 244 221 137 184 219 246 134 171 189 161 245 220 211 185 151 195 180 144 229 140 168 129 153 176 194 225 237 216 141 218 198 228 183 130 230 145 236
125 78 216 158 173 219 227 190 228 128 224 230 134 192 166 133 152 162 184 161 197 211 200 145 199 167 209 207 147 202 204 232 164 203 223 205 235 131 129 210 143 250 185 220 138 160 238 248 195 156 176 169 146 215 151 154 170 196 236 198 135 189 180 249 241 226 149 214 181 165 247 182 186 174 153 142 221 159 178 126 245 222 163 194
126 33 166 169 162 173 180 167 142 241 204 203 140 200 157 183 226 199 205 242 144 224 217 152 185 195 210 237 207 191 196 229 245 170 156 225 164 233 172 235 211 179 161 137 230 130 246 239 208 206 141 220 249 234 227 147 158 231 163 146 197 214 184 188 155 135 236 138 153 129 216 202 215 174 212 209 189 187 243 221 223 244 193 178 177 132 222 148 131 192 250 201
127 96 246 232 235 223 197 195 191 204 182 173 217 156 163 138 234 167 186 185 139 154 241 243 175 244 239 230 203 194 179 157 200 158 166 149 211 190 214 133 193 162 212 199 209 224 245 142 168 248 198 201 159 146 192 222 207 205 231 141 226 213 169 187 152 164 176 148 137 178 202 151 238 233 208 221 174 161 143 229 171 215 184 135 180 128 228 177 165 237
128 35 188 242 142 233 213 221 129 219 230 165 217 177 180 157 137 232 132 204 171 131 166 200 212 194 241 209 228 248 244 156 148 190 176 181 186 239 224 193 240 153 216 184 136 189 203 231 146 245 173 167 172 140 236 199 226 187 164 155 198 183 222 150 235 220 160 182 208 145 206 202 229 246 247 211 250 149 175 170 195 138 151 133 135
129 85 248 233 203 238 205 228 176 168 220 145 181 207 173 249 155 217 172 242 204 133 159 211 175 151 195 193 196 169 225 202 209 139 216 185 201 208 147 157 135 239 246 218 191 184 214 232 132 177 164 150 234 183 210 162 153 137 192 240 213 142 165 224 250 189 226 190 170 227 167 149 161 180 241 243 198 140 245 212 223 131 152 221 219 187 130 163
130 68 184 137 143 250 167 177 222 161 220 223 152 172 162 200 175 244 224 153 227 139 141 189 239 195 145 218 237 178 151 205 249 209 133 131 199 240 201 234 155 213 194 206 202 207 165 243 210 190 164 150 226 198 186 221 187 231 148 163 142 146 171 147 225 136 174 208 248 247 246 180 211 228 134 230 193 204 245 216 144 214 138 173 179 212
131 27 247 184 213 174 249 144 150 146 220 189 232 227 135 222 204 181 196 178 138 158 210 198 202 179 162 226 136 242 238 206 223 163 214 171 170 228 230 250 173 134 165 160 229 244 139 152 185 140 201 187 234 199 235 151 186 231 239 137 248 166 175 224 172 197 153 245 205 216 182 194 155 191 148 200 211 161 195 180 167 177 209 236 203 168
132 31 142 143 237 194 225 239 228 243 216 207 192 188 236 147 212 242 250 210 185 235 227 148 245 153 182 167 163 157 202 219 220 169 232 223 159 133 144 172 193 141 179 184 155 206 203 164 241 168 140 170 178 248 213 166 197 249 214 161 196 224 165 226 139 218 246 191 180 211 137 209 156 204 230 134 222 233 154 234
133 38 213 170 175 201 137 200 229 243 169 182 179 205 188 232 222 153 159 214 185 194 180 174 241 162 193 227 152 184 163 239 240 226 223 231 208 155 237 148 142 191 219 207 166 242 154 247 136 146 246 149 161 172 244 181 165 248 225 190 143 249 140 171 203 238 168 187 195 158 160 167 150 192 212 178 135 177 217 209 224
134 84 241 235 142 135 171 157 208 217 181 204 153 213 230 244 236 246 186 197 138 174 154 207 193 206 172 242 156 192 238 169 168 211 165 218 222 161 223 164 210 166 148 188 160 182 176 170 139 177 239 237 141 195 196 189 229 187 224 198 231 183 250 184 245 233 201 191 137 234 225 179 240 205 152 146 167 140 143 150 221 227 200 249 248 149 147 144 178 228
135 86 239 240 238 195 159 181 142 190 205 213 139 146 231 189 248 158 233 167 145 224 176 197 156 188 244 204 245 172 177 187 216 151 186 249 202 236 152 196 169 148 178 183 165 168 182 222 209 174 191 157 203 221 200 217 170 162 227 226 161 175 166 206 198 210 180 220 141 179 193 184 232 242 140 235 207 143 185 149 246 136 147 212 219 230 192 247
136 61 216 250 181 140 160 172 231 227 197 189 146 240 244 241 190 226 219 182 194 147 170 228 195 155 230 247 138 248 191 204 188 205 210 139 186 236 148 211 165 174 212 158 173 217 161 235 215 224 203 177 222 162 144 153 168 156 239 208 209 164 193 237 202 142 137 233 199 167 184 157 175 141 229 220 185 143 169 218 234 171 245 246 196 201
137 38 156 210 229 208 153 164 187 167 232 183 198 189 190 192 168 184 224 240 242 148 248 231 179 221 160 139 220 178 236 144 157 181 159 191 199 244 233 213 193 234 166 249 226 173 143 176 175 195 155 214 145 149 204 174 239 222 158 170 177 180 150 223 217 205 142 216 235 182 146 203 250 227 206 169 172 151 140 219
138 76 208 221 196 198 139 148 155 180 242 212 151 225 200 245 146 156 184 159 217 201 241 181 162 154 158 197 176 160 147 172 157 191 173 233 243 213 170 250 246 167 215 239 202 210 144 235 211 168 240 178 185 161 193 177 249 166 229 228 219 142 224 175 231 149 227 248 182 220 207 230 237 152 192 204 218 216 183 236 226 169 244 174 189 165 223 171 247 143 232
139 99 175 150 244 214 227 165 161 200 177 152 179 147 184 181 208 231 199 234 245 166 239 248 186 211 197 154 216 192 223 164 195 225 171 202 206 247 140 148 173 220 237 178 207 145 196 169 201 198 235 194 149 215 224 191 160 233 249 193 230 183 176 182 219 238 167 142 180 221 163 157 250 172 188 210 229 141 146 222 228 213 205 212 217 218
140 37 238 157 146 249 148 224 152 246 166 195 168 185 179 212 165 175 188 216 237 207 240 178 241 158 182 225 202 217 189 181 231 177 221 171 156 213 203 143 187 222 155 149 183 204 154 193 153 236 199 142 232 198 223 230 215 176 220 239 163 150 186 209 184 228 159 161 197 211 219 194 145 160 169 229 172 167 226 147 201 235 218 200 205
141 39 229 212 228 204 173 182 213 168 191 239 149 185 174 188 250 230 234 190 151 143 211 246 155 150 243 184 244 157 208 220 183 198 171 148 248 199 162 209 232 169 236 189 163 175 206 180 142 240 158 225 176 200 203 181 222 196 154 178 166 146 167 247 241 214 172 159 161 207 165 164 210 233 226 152 187 177 231
142 43 187 235 203 170 149 160 247 221 209 143 245 152 226 145 174 151 178 199 218 249 210 188 153 206 237 227 148 190 173 205 200 246 182 244 164 180 171 181 175 233 169 214 172 176 219 192 215 207 189 228 197 154 201 167 179 146 222 238 161 186 213 157 234 242 184 191 232 216 144 168 212 194 193 220 243 155 211 195 250 202 185 177
143 73 216 169 178 167 147 222 196 146 185 243 230 223 172 150 148 233 204 201 160 168 158 170 157 181 235 228 177 220 198 176 171 197 212 191 231 189 166 245 221 206 211 175 174 240 224 238 225 184 154 246 183 165 187 215 213 250 195 200 145 207 144 237 186 180 190 244 217 208 248 229 210 188 182 239 179 241 202 151
144 48 216 163 225 230 228 189 242 187 222 210 213 207 238 246 235 239 172 227 153 237 202 226 168 186 184 212 224 152 170 159 232 247 215 146 177 250 164 205 193 167 198 192 183 147 248 151 236 178 223 194 162 203 145 217 234 180 185 241 149 150 199 158 196 181 200 188 175 173 218 191 166 233 240 155 219 157 197 209 214
145 31 248 231 244 183 190 189 205 235 218 221 207 204 166 156 228 195 188 167 223 177 199 216 230 224 163 192 146 246 225 161 242 172 173 153 241 226 208 194 148 151 232 186 243 158 212 178 193 155 157 238 198 191 209 170 175 196 202 233 180 222 203 160 164 169 171 250 168 197 213 184 206 210 215 149 211 247 181 234 229 152
146 26 190 248 147 198 175 178 246 191 167 176 206 154 199 225 213 164 240 170 224 169 228 223 161 192 242 149 159 150 152 208 244 218 241 196 222 234 184 197 214 183 236 238 166 245 172 237 177 201 155 233 221 207 227 193 235 173 212 211 210 188 168 163 232 229 174 156 205 151 160 202 243 217
147 31 201 160 196 172 197 215 212 177 200 175 231 235 162 225 232 157 170 220 199 233 223 209 186 155 185 163 156 236 164 207 249 213 154 152 222 245 178 171 188 192 240 219 242 237 189 224 183 190 205 181 153 167 204 194 221 206 195 227 198 218 179 184 158 211 243 149 234 250 217 173 151 174 226 210 166 202 191 246 228 203
148 58 151 162 220 167 166 165 187 182 169 239 172 161 177 190 195 229 156 194 205 184 159 204 154 237 233 193 158 189 227 248 149 235 221 175 206 160 200 242 180 213 210 197 168 238 215 250 179 157 186 208 244 201 249 196 226 219 153 163 241 240 173 243 152
149 91 167 151 181 197 231 196 189 238 239 229 176 158 220 242 166 209 218 202 250 187 162 180 223 165 198 249 153 195 206 157 160 248 159 156 228 247 230 236 161 222 210 190 233 212 175 246 221 216 200 172 225 150 193 237 205 232 155 213 183 243 152
150 94 230 232 245 209 228 222 191 180 156 173 153 207 159 164 205 214 169 198 217 225 224 161 178 186 215 167 157 163 211 208 184 190 220 213 243 158 166 246 218 244 219 216 241 242 200 237 176 227 175 154 187 193 181 172 235 234 204 210 231 192 182 239 203 185 206 165 183 233 201 189 202 195
151 44 181 175 244 158 213 217 219 209 154 171 198 199 234 210 200 170 229 203 230 178 240 202 192 196 224 161 237 160 245 223 236 159 163 222 156 221 173 164 205 167 238 215 176 193 246 239 242 226 166 185 152 184 174 155 186 218 182 208 206 172 177 195 197 248 250 249 201
152 49 243 197 222 211 202 231 162 158 249 184 215 174 233 201 204 224 234 171 240 229 220 193 226 168 207 196 186 217 218 173 206 219 216 157 227 163 188 159 210 199 246 183 166 203 223 189 175 180 187 225 247 194 232 244 250 181 156 178 185 209 208 165 205 160 153 170 245 237 200 192
153 84 185 244 213 156 186 190 232 248 216 188 212 243 215 189 208 229 222 238 184 210 236 170 207 155 164 181 162 235 160 211 226 159 218 234 240 193 202 196 177 174 172 161 195 233 191 223 219 200 221 203 205 249 176 228 241 225 227 158 242 217 198 199 239 179 197 175 163 166 167
154 27 176 181 211 248 166 209 171 239 195 226 246 178 241 213 225 185 174 160 238 242 188 173 165 175 198 162 233 207 230 163 179 222 214 234 220 205 182 202 170 250 217 224 221 232 219 191 228 235 212 200 247 237 172 168 180 156 177 189 155 157 218 186 184 210 243 203 159 164
155 70 216 203 211 233 229 220 165 235 162 225 236 171 186 167 224 182 204 228 205 188 197 246 170 208 242 238 222 198 227 157 183 156 184 237 209 206 191 164 247 174 179 218 240 196 202 168 178 239 193 194 249 187 221 177 159 173 161 217 175 189 212 230 226 181 214
156 78 202 203 248 164 219 209 201 226 177 215 220 236 212 247 181 227 214 173 244 199 184 158 216 186 171 162 160 225 175 237 222 246 166 239 161 223 198 233 194 176 182 238 183 228 168 192 211 189 235 232 213 197 229 200 218 195 204 172 240 167 241 165 245 249 250 243 180 242 205
157 41 216 243 225 206 192 179 161 205 217 213 180 166 197 172 218 159 248 185 245 169 173 189 203 167 160 165 204 208 190 222 198 234 207 220 196 238 223 212 236 163 237 188 186 176 178 229 215 181 219 250 209 214 158 201 232 183 246 200 241 228 168 171 174 162 191 240 242
158 81 207 168 177 246 237 197 191 240 188 221 210 199 206 179 234 174 228 232 214 215 241 176 226 211 198 195 193 194 185 171 175 182 172 238 159 235 213 212 236 243 225 250 218 248 220 173 160 183 224 239 205 163 222 166 169 200 203 223 229 189 233 187 186 162
159 93 236 230 206 187 170 234 196 226 244 164 177 178 174 232 189 245 220 191 195 215 207 160 204 171 229 181 213 240 210 242 166 197 221 179 180 190 219 233 183 200 238 172 209 167 201 239 222 192 216 176 203 202 186 237 161 214 249 225 243 185
160 41 175 163 227 192 239 210 250 199 208 209 179 231 196 211 164 183 195 171 223 234 237 213 225 232 205 247 184 221 207 224 168 190 181 219 243 230 161 238 162 172 226 218 228 248 176 165 185 177 182 187 201 180 169 186 191 215 188 222 220 206 198 245
161 49 231 222 174 247 227 229 235 198 189 209 178 217 250 246 207 195 181 164 203 241 214 226 199 213 224 185 169 172 197 182 221 249 223 219 230 218 168 220 166 236 177 193 186 162 187 232 208 183 201 225 163 180 244 170 200 190 239 237 194 228 204 238 210 248 176 196 205 202
162 100 210 202 229 176 234 232 222 230 175 193 218 170 185 228 163 183 236 173 249 197 243 174 191 186 217 180 216 231 247 219 177 200 225 198 242 239 172 245 168 184 166 196 208 238 221 164 226 195 250 181 194 212 213 171 187 182 209 241 235 211 178 223 207 240 244 215 227 189 205 188 204
163 68 183 184 203 206 213 236 170 188 185 223 211 192 239 194 233 172 247 222 220 229 228 168 231 240 245 204 174 191 225 177 216 244 182 181 246 226 209 215 235 187 164 214 190 218 221 224 237 196 200 193 189 202 250 207 165 166 198 201 230 219 169
164 83 235 181 197 172 248 214 210 202 223 250 225 217 174 170 173 226 234 194 168 183 205 189 191 211 244 195 167 184 177 239 198 218 222 178 231 209 199 190 242 215 192 208 193 241 233 180 230 237 219 243 238 175 188 179 196 169 176 212 224 232 227 203 165 247 245
165 83 196 200 177 209 213 250 179 189 244 195 235 245 206 183 176 184 210 182 204 234 239 180 224 229 248 222 211 212 223 243 191 231 214 188 174 202 246 199 226 228 208 225 238 201 219 193 232 236 194 186 169 187 237 170 192 171
166 53 240 209 183 228 167 245 176 200 237 195 244 192 204 206 226 221 171 232 168 216 212 231 218 189 186 207 173 233 219 199 249 247 182 208 241 172 224 230 187 248 210 239 184 250 178 222 197 225 214 202 220 179
167 44 197 233 234 174 171 178 209 220 189 216 248 199 207 176 198 226 235 210 239 229 173 211 183 212 241 206 190 182 188 222 168 240 201 202 187 179 195 214 193 249 218 204 238 243 213 181 169 244 200 247 219 228 170 191 224 192 242 245
168 36 181 214 194 173 230 201 208 232 227 240 247 172 246 171 249 224 188 174 192 215 233 241 169 175 209 248 236 193 176 186 250 217 219 191 197 220 223 179 184 190 170 199 187 211 182 216 177
169 28 224 234 215 248 222 221 185 191 214 183 194 189 229 203 242 179 197 174 204 226 241 244 228 230 177 219 192 223 170 247 212 235 225 208 186 249 250 237 206 245 220 175 238 172 216 239 176 205 231 232 217 211 178 200
170 58 185 196 218 209 240 222 249 184 247 245 206 172 243 241 175 181 221 237 250 242 171 179 212 239 217 197 183 231 205 176 195 216 194 191 234 214 190 173 233 182 215 188 228 192 199 223 187 204 178 229 189 180 224 235 186 225 227
171 53 220 236 213 214 208 188 194 232 206 216 240 187 193 181 204 231 245 211 243 217 178 239 198 249 227 246 215 197 184 228 247 219 192 226 175 210 235 244 173 207 238 222 221 191 174 230 190 218 229 200 185 199 201 241 189 225 250 186
172 63 202 223 213 242 190 241 216 184 207 197 181 228 245 174 217 183 249 226 204 206 240 200 199 193 236 180 188 201 203 182 221 219 230 227 234 198 214 186 191 244 239 192 177 232 231 210 235 176 238 187 222
173 97 236 213 227 206 187 182 228 226 238 223 209 242 197 218 246 180 210 207 196 190 192 229 181 176 231 220 202 247 208 186 216 201 249 232 188 219 221 234 214 233 184 211 174 194 205 250 239 212 179 235 204 198
174 42 177 233 185 244 245 209 182 248 238 234 231 200 218 187 175 205 221 178 239 202 192 179 191 241 195 216 235 197 243 198 194 201 184 223 250 188 226 219 180 210 196 228 230 199 214 246 236 208 186 240
175 92 209 179 212 183 237 236 184 178 231 181 249 190 185 242 206 224 221 203 211 223 234 189 233 216 186 248 239 244 217 222 187 230 199 232 201 243 246 177 228 214 247 220 193 218 200 195 182 176 205 197 207 213 192
176 43 183 205 242 191 203 245 250 192 201 187 181 202 228 195 207 198 229 233 226 189 217 178 204 184 190 248 182 223 225 238 221 196 231 227 197 244 194 188 247 219 215 200 214 180 241 220 211 240 216 186 185 235 209 239 212
177 64 201 216 190 178 228 214 207 181 250 199 210 241 200 215 242 247 211 218 244 229 195 205 249 234 203 198 224 227 230 185 197 237 223 243 180 233 245 183 196 222 231 238 217 212 239 188 204 219 191 220 186
178 38 196 192 230 219 212 205 226 235 197 243 236 186 191 202 250 233 208 209 200 189 220 213 222 239 241 234 194 244 216 223 217 210 187 246 198 238 182 245 248 247 215 218 193 206 184 237 221 185
179 97 204 211 231 192 228 196 250 235 210 243 216 191 209 234 218 197 226 221 208 222 183 224 201 203 232 190 241 188 184 214 217 239 182 246 249 229 245 236 212 195 219 180 193 227 185 230 187 198 240 181 200 199 213 248 247
180 54 248 186 190 224 215 210 226 242 223 240 227 194 228 247 220 206 200 185 188 235 243 204 203 191 231 213 225 234 207 236 214 198 237 219 197 241 211 230 212 238 239 232 205 201 193 244 229 183 209 182 250 222 192
181 31 201 189 214 196 195 202 183 212 184 197 242 198 191 235 187 223 222 207 194 193 204 219 228 227 216 186 220 233 240 250 210 249 190 203 229 234 208 200 239 248 217 238 247 218
182 41 187 241 211 238 213 244 229 184 206 248 185 216 205 195 199 210 220 225 217 193 201 240 236 200 242 203 239 196 209 208 191 189 215 246 250 221 207 233 230 186 226 249 232 245 194
183 100 239 190 233 205 188 198 230 189 208 196 200 193 195 185 202 220 227 213 246 197 209 241 236 221 211 243 210 184 248 201 238 240 199 232 192 217 234 194 215 247 237 186 249 187 242 219 225
184 31 210 216 243 186 244 199 234 195 228 225 237 248 249 238 194 200 197 231 235 207 202 212 240 232 209 245 233 214 205 185 247 190 196 204 230 219 218 192 246 189 187 229 227 221 198
185 48 201 205 216 249 210 200 232 208 213 189 195 247 230 235 212 203 226 215 188 242 192 248 243 225 211 244 250 222 245 220 228 221 202 236 197 191 223 204 209 227 237 218 190 206 240 207 196 238
186 85 226 214 225 231 207 196 237 190 211 188 199 210 249 243 193 233 222 234 203 223 219 201 242 248 195 246 192 202 189 227 197 220 206 236 241 191 216 217 224 213 208 235 205 212 218 215 187 198 250 232 247 244
187 89 195 242 203 213 207 231 227 240 221 218 222 250 241 202 228 217 219 201 208 223 239 224 209 210 229 212 200 245 215 248 199 232 190 204 238 197 220 192 246 230 205 233 225 188 198 193 194 235 243
188 85 217 231 218 190 196 211 214 203 219 233 199 213 224 227 234 207 192 237 189 228 198 230 245 191 243 241 238 249 232 223 220 225 216 221 206 194 193 197 201 236 248 242 222 240 235 250 212 210 226 244
189 81 218 208 203 199 198 213 239 224 212 227 246 233 201 223 200 236 209 195 216 214 234 190 241 219 204 221 242 235 196 238 237 215 193 228 211 247 202 191 220 231 243 240 229 248 222
190 81 219 231 198 244 225 241 226 243 240 211 201 208 202 197 224 235 200 221 215 234 222 245 232 220 247 203 213 204 228 194 233 195 216 246 236 212 242 250
191 42 206 222 233 234 202 207 226 200 209 216 231 235 203 218 237 236 220 224 210 195 246 242 247 196 193 205 229 245 230 241 213 232 249 244 208 215 197 198
192 29 226 250 223 205 230 220 215 203 246 199 242 213 218 224 245 232 231 228 204 217 210 239 219 198 236 222 209 200 196 229 240 247 235 211 221 225 193 206 216 208 249 243 227
193 97 212 215 206 231 236 239 245 235 249 209 233 247 220 201 223 194 214 243 202 213 241 230 221 242 207 218 196 222 197 234 225 244 232 219 229 198 238
194 90 238 215 243 229 221 218 225 199 202 231 210 227 230 224 226 208 233 204 245 198 203 244 217 195 237 241 242 220 219 207 196 205 250 209 248 249 246
195 28 226 234 214 211 242 250 236 206 245 219 224 196 221 231 247 204 218 229 222 213 197 248 232 210 223 243 202 249 205 209 215 208 230 199 200 216 217 198 240 201 227 239 207 233 244
196 79 235 199 234 209 226 208 207 210 241 232 222 219 245 201 233 250 218 221 212 224 204 228 211 223 202 220 243 244 236 206 213 225 230 216 205 240 239 246 229
197 59 201 220 234 225 200 199 207 245 198 224 240 231 204 211 202 237 206 210 241 209 214 213 242 217 239 223 230 208 249 226 250 238 215 228 246 203 232 227
198 68 244 227 224 216 222 240 226 230 212 199 203 246 238 245 204 217 221 248 208 231 206 232 249 247 223 233 219 235 237 202
199 31 232 205 200 212 226 209 241 223 236 231 204 245 211 220 210 235 243 201 229 238 208 218 225 207 206 250 219 240 239
200 67 237 243 247 241 231 222 209 220 249 212 223 227 217 207 204 213 238 214 228 239 218 246 232 236 240 205 203 244 219 242 224 211
201 25 231 244 233 226 236 224 211 235 203 217 205 250 210 246 237 238 225 223 232 222 213 207 206 218 202 212 215 230 248 242 220 228 229
202 80 211 203 250 225 230 231 217 215 226 227 223 232 212 204 229 228 234 249 246 216 207 209 241 210 242 219 247 243 220 248 233 244
203 30 241 210 204 205 226 230 243 211 242 231 234 229 219 223 248 227 238 228 244 207 212 239 240 250 221 235 225 237 216 247 213 209 215 233 220 206
204 37 223 250 248 211 234 215 236 249 224 210 207 216 246 225 208 235 217 241 220 240 233 212 232 239 218 226 243
205 21 236 240 234 216 226 217 247 218 215 231 232 243 242 219 245 225 241 221 237 209 207 235 249 246 233 211 228 224 206 248 214 239
206 37 207 216 208 223 226 215 233 245 211 250 212 249 219 222 236 232 246 231 247 209 241 240 229 220 228 230 237 242
207 77 248 228 245 244 231 217 224 229 210 246 238 211 219 239 218 241 232 227 235 222 236 247 223 242 216 230 213
208 65 239 213 212 227 248 234 235 233 246 241 216 240 243 244 225 231 232 223 215 224 238 229 217 245 230 228 210 237
209 55 228 237 211 214 221 236 229 217 222 223 239 231 244 213 238 212 224 210 218 249 245 234 220 226 241 250 242 243 246 230 227 219
210 73 249 211 237 225 212 223 232 221 247 233 230 240 241 248 228 236 214 222 215 242 234 227 231 226 218 243 213 224
211 35 241 227 226 217 219 236 230 238 250 240 218 228 216 224 245 249 237 214 235 234 229 248 247 242 222 246 223 231 232 243
212 82 230 215 225 237 239 229 240 214 238 250 243 232 222 226 218 223 224 228 221 245 233 241 249 219
213 29 231 246 249 232 214 250 230 248 221 237 223 229 239 243 219 228 217 238 225 224 234 216 242 220 245 247 240 235 222 244 227
214 34 230 224 216 242 239 245 235 243 248 236 221 225 250 218 222 232 228 215 231 220 246 227 247
215 93 223 225 240 235 247 232 218 248 230 236 242 226 234 246 220 233 221 231 237 239 249 228 222 217 250 245 216 244 224
216 74 232 224 238 242 221 230 231 236 233 226 225 229 228 227 245 240 250 220 235 217 248 237 234 222 219 246 239
217 34 223 227 230 231 225 246 224 222 240 238 237 244 236 234 218 241 228 239 242 220 233 245 247 229 248
218 81 221 224 249 220 233 236 242 248 222 223 225 235 246 231 237 239 232 247 238 244 227
219 58 247 222 240 238 226 220 232 245 249 225 229 231 244 223 224 243 237 246 236 248 242 234 235
220 95 238 250 231 244 235 230 239 240 247 245 237 224 223 233 243 236 222 241 249 221 248
221 78 223 245 237 233 231 240 232 244 227 229 230 234 226 249 247 250 248 228 243 224 236 242
222 96 224 244 242 238 249 248 246 243 234 235 232 245 228 231 241 226
223 40 227 249 229 235 241 242 244 230 240 245 243 228 250 237 248 239 224 234 236 226 247 232
224 74 225 238 226 227 245 229 230 250 249 235 246 237 239 228 232
225 86 242 232 247 246 250 235 245 241 230 243 248 229 238 233 228 239 234
226 48 245 243 236 227 247 229 233 246 237 235 240 249 230 239 241
227 68 247 237 229 241 236 233 250 239 232 249 244 246
228 44 240 237 250 229 232 243 231 244 241 236 234 246 235 247 238 239
229 96 244 247 239 238 241 235 246 240 236 245 249 232 234 237
230 79 247 245 233 232 240 242 236 239 244 246 249 234 231 250 243 241
231 26 234 240 236 247 232 250 244 248 246 237 245 239
232 36 250 233 241 240 248 242 236 234 245 243 235
233 59 242 239 245 244 234 246 237 236 243 238 248 235 241
234 52 244 241 248 247 245 235 240 239
235 53 245 247 240 249 238 250 244 248 239 241 243 246 236
236 76 250 238 246 237 248 247 239 249 240
237 85 242 250 246 238 240 248 243
238 29 240 244 241 243 247 249 245
239 57 247 241 244 246 242 243
240 39 246 241 245 243 250 248 242 244
241 99 245 244 242 243 250 247 248 249
242 72 249 247 248 244 250
243 37 247 246 249
244 27 248 250 246 247
245 21 246 248 249 250 247
246 29 247 250 249
247 81 249
248 35 250 249
249 26 250
250 55
