250 150
1 71 210 216 7 9 226 68 108 83 45 126 91 60 190 35 176 12 198 106 185 245 212 243 34 174 140 136 144 78 238 179 133 233 118 58 122 207 166 123 248 15 221 194 6 20 82 99 63 79 124 202 189 23 29 173 169 65 156 223 16 249 234 242 64 42 175 30 230 55 59 214 154 183 121 152 69 46 217 52 157 161 76 180 22 150 247 120 74 5 213 48 167 129 158 25 109 220 219 132 96 27 250 98 8 139 228 113 168 111 137 31 107 66 85 206 112 135 224 70
2 50 148 153 21 38 198 137 86 64 104 170 241 214 212 58 108 219 34 98 116 226 27 79 87 91 37 69 131 80 186 47 245 4 193 70 115 250 32 24 62 191 25 33 172 103 231 176 215 159 206 56 175 120 171 203 140 23 55 234 42 50 125 66 205 9 204 26 232 228 81 142 173 29 182 239 114 185 127 164 136 160 163 89 74 216 20 59 197 16 99 145 132 35 51 130 31 111 101 224 167 44 246 221 36 43 225 213 97 133 72 14 107 28 156 82 94 169 30 18 184 227
3 22 94 132 8 100 76 235 81 118 84 157 87 200 178 125 92 17 20 222 150 18 26 47 163 60 42 143 220 51 232 160 139 218 110 131 141 152 30 15 181 97 64 210 215 230 10 45 57 187 168 50 183 176 164 237 179 58 144 106 245 117 195 102 28 124 43 68 171 111 99 217 196 41 66 55 186 138 116 44 74 136 77 121 46 19 88 223 228 154 7 161 236 211 226 98 201 238 79 216 189 67 48 231 103 38 180 172 193 155 9 23 95 119 65 22 225 40 126 85 12 135 71
4 60 150 98 134 50 109 173 198 31 132 157 67 120 91 175 65 158 46 41 38 37 30 144 69 114 22 33 180 18 64 84 138 56 36 184 186 93 85 170 153 76 241 176 87 168 83 227 243 40 160 128 49 103 169 156 203 86 43 167 111 60 117 11 5 208 237 218 19 224 12 185 68 113 145 51 125 57 244 140 226 94 137 152 34 7 39 161 222 81 75 95 230 174 127 123 129 149 139 9 42 248 213 199 165 54 29 246 72 136 190 234 16 238 25 99 201 147 96 162 143 228 212 181 235 223 194 172 47 164 6 61 135 32 239
5 51 110 59 31 40 226 131 224 167 241 150 14 214 101 222 116 173 145 23 144 202 117 20 32 196 209 227 243 184 163 64 17 108 105 118 148 149 71 55 21 10 84 77 208 99 250 191 33 248 170 85 229 29 207 74 156 126 80 115 228 141 187 36 89 47 96 153 45 205 69 190 232 58 56 212 165 22 30 135 81 28 72 76 152 233 113 249 203 24 223 90 37 48 92 34 9 93 221 169 39 180 240 52 245 159 164 186 139 125 160
6 94 39 209 122 110 148 136 167 63 204 56 182 102 227 216 38 235 193 106 11 75 81 230 108 250 47 119 156 31 103 218 112 210 179 175 9 249 36 97 66 45 35 180 219 181 183 92 46 239 82 169 120 20 48 215 19 142 95 238 85 228 128 222 14 104 170 229 83 121 17 105 60 233 166 7 153 165 236 28 129 177 135 234 118 171 248 91 99 61 188 159 174 80 237 42 68 107 207 152 243 146 88 52 190 223 13 150 194 212 89 10 141 96 131 196
7 49 57 241 16 167 237 168 81 175 25 149 44 183 173 104 206 52 65 78 17 243 27 228 169 180 201 213 73 123 163 41 119 217 59 140 56 190 23 198 142 70 32 161 100 9 136 125 194 211 239 164 138 8 245 107 189 24 128 177 11 102 195 247 214 19 182 207 188 159 91 105 199 46 83 54 225 197 80 62 235 108 165 117 221 38 240 60 96 26 234 116 120 84 111 232 203 115 227 156 134 150 79 220 132 43 244 88 85 151 118 171 58 75 45 98 121 90 162 212 191 209 231 53 76 89 12 185 28 37
8 90 170 82 212 197 55 78 186 41 35 99 246 74 208 38 164 111 174 206 247 45 110 40 123 48 240 93 152 98 178 141 175 10 54 15 205 176 209 113 135 194 249 81 248 230 20 59 126 179 239 229 121 171 95 19 243 77 196 161 203 14 47 144 70 53 105 218 241 88 134 245 27 72 216 149 58 9 43 91 187 118 21 86 165 173 49 140 226 242 62 147 28 150 79 233 29 97 42 163 112 37 138 236 124 225 122 191 108 107 235 145 238 87 22 71 128 24 227 120
9 98 73 156 241 125 217 182 31 197 177 187 46 206 186 66 74 152 153 223 36 56 16 219 57 60 85 166 139 161 106 160 165 132 35 138 195 102 71 149 228 183 192 94 39 33 222 185 114 122 216 121 231 115 40 146 62 100 103 126 201 173 221 180 37 234 211 178 10 17 49 99 193 81 52 77 194 65 137 96 80 95 230 28 127 179 213 168 61 20 83 58 117 171 164 90 86 129 239 21 55 148 51 19 246 226 63 45
10 71 218 106 92 73 208 100 240 205 146 174 89 54 38 133 127 221 46 140 195 75 114 44 93 220 12 45 101 199 242 197 166 60 33 249 27 91 81 231 139 207 214 210 19 128 175 68 237 130 178 160 66 95 36 96 202 144 52 161 108 248 80 241 113 216 234 193 20 83 109 141 151 18 145 158 192 142 226 31 123 74 125 64 120 164 47 168 121 61 228 25 104 212 82 85 209 170 152 111 203 88 102 153 206 196 37 24 201 112 171 124 132 219 233 48
11 31 51 242 173 202 167 42 213 57 108 196 214 81 26 227 12 159 36 85 176 169 151 118 174 83 131 91 75 147 155 171 17 32 228 223 100 126 188 246 210 88 238 13 14 134 23 156 70 143 31 152 222 121 133 16 59 129 18 54 105 248 30 179 119 41 15 136 219 87 231 204 218 123 82 226 122 71 35 96 230 177 170 172 148 183 24 77 243 209 130 157 113 240 33 50 237 102 63 65 37 192 72 124 64 142 34 45 56 190 89 109 66 239 215 20 168 150 86 235 53 203 97 146 62 193 46 229 187 80 153 236
12 80 62 157 246 167 67 218 156 230 90 189 92 53 15 214 20 22 188 25 91 131 74 50 87 232 36 37 153 217 222 147 175 166 185 144 199 86 210 112 47 228 229 71 34 233 41 193 14 44 245 209 176 68 212 27 170 102 145 150 65 64 31 148 241 168 155 125 130 88 80 121 94 56 21 17 82 138 33 152 160 192 231 81 57 184 135 54 208 236 60 105 35 52 181 203 123 201 205 239 76 224 225 133 118 42 19 197 139 146 79 141 43 142
13 49 86 100 183 152 226 220 96 105 75 147 210 248 194 17 199 141 191 74 65 19 179 160 158 214 67 51 151 240 40 47 168 60 129 18 231 54 79 69 71 77 243 131 212 62 110 117 218 63 120 58 205 43 196 22 103 116 44 134 202 132 128 34 139 232 239 176 138 106 228 186 169 39 192 171 155 59 229 127 73 130 122 135 215 29 185 219 140 190 250 101 200 102 126 55 223 57 193 93 46 70 90 172 146 161 238 15 32 25 178 149 241 150 230 246 80 184 227 201 49 95
14 34 65 213 248 191 214 142 108 28 89 132 80 120 105 203 232 115 86 73 124 144 192 159 113 234 219 101 193 60 110 165 67 95 218 216 187 25 39 126 156 44 34 49 249 97 227 220 36 161 130 158 157 31 230 162 135 160 237 188 224 111 123 223 70 37 185 122 137 241 16 200 150 212 99 41 114 239 147 88 211 118 133 199 184 15 74 171 30 54 141 163 98 196 38 58 59 48 83 138 178 176 180 33 210 235 136 217 247 76 56 121 225 195 226 69 197 240 244 129 66 103 170
15 83 111 220 80 129 248 185 105 236 177 222 149 65 85 18 165 75 150 137 64 186 233 217 145 214 90 229 118 97 244 172 39 216 204 140 174 190 41 189 250 227 187 133 115 206 120 201 55 19 146 26 200 23 78 38 27 240 181 88 195 144 182 121 70 94 24 119 22 51 122 224 136 212 91 32 87 71 184 163 213 102 231 209 162 44 126 180 20 99 156 193 104 243 93 228 168 36 239 28 176 92 226 198 42 196 152 40 230 31 17 25 171 74 237 128 131 208 52 225
16 94 58 26 186 162 121 185 30 81 226 111 107 88 153 20 174 198 119 117 120 74 245 238 131 125 157 218 75 172 33 206 250 37 45 62 135 182 164 112 236 122 150 225 82 244 60 220 27 195 213 178 61 181 90 149 69 51 72 183 36 187 240 65 113 39 148 84 137 210 64 102 35 239 211 200 17 177 92 194 83 96 242 229 154 46 63 134 94 105 23 52 144 179 234 133 138 22 147 67 230 57 176 146 93 247 189 158 77 143 237 130 21 50 41 243
17 62 34 212 42 130 165 243 175 35 123 205 168 145 136 201 236 93 120 177 51 183 74 57 249 113 223 98 100 111 135 224 213 29 176 53 239 117 65 55 143 147 19 108 182 44 203 124 49 43 125 199 31 106 227 77 81 225 88 109 118 104 149 166 171 144 140 96 218 80 154 192 94 160 137 39 50 25 226 69 150 72 71 146 229 207 103 60 240 75 209 156 170 126 102 61 90 105 139 122 141 172 250 197 95 215 152 92 129 217 202 24 87 58 70
18 40 29 149 130 212 82 199 86 99 165 213 161 190 216 113 134 97 240 153 231 39 211 151 223 145 236 89 248 70 100 245 49 146 189 234 191 201 112 171 150 64 193 20 25 178 118 187 126 163 230 74 26 67 48 127 232 40 57 226 225 61 227 179 34 114 219 101 60 158 37 81 50 71 177 170 173 107 205 166 59 152 204 41 228 33 235 117 192 162 238 55 195 52 155 96 92 250 51 54 175 32 79 129 62 122 214 246 58 108 128 72 188 45 38 242
19 35 216 218 163 222 195 126 87 168 65 242 83 71 238 179 67 89 55 21 49 121 70 192 155 122 128 165 166 214 20 78 173 152 48 95 43 134 26 150 212 189 148 123 37 178 29 201 146 181 91 82 170 97 58 244 47 24 191 117 59 41 62 61 234 96 147 223 196 120 60 246 207 188 93 172 106 51 221 107 124 79 116 129 211 108 226 182 247 250 184 92 46 177 136 68 162 38 139 194 105 186 76 230 110 240 115 237 157
20 53 44 216 235 60 112 27 113 116 50 89 34 243 173 65 163 115 45 62 157 192 214 165 101 71 118 83 37 111 175 147 121 228 180 154 248 203 120 36 250 141 126 123 57 198 131 223 191 249 239 99 220 29 232 215 227 46 156 153 23 68 190 132 145 181 98 134 160 169 82 128 202 159 244 247 77 30 26 25 53 188 130 240 104 75 183 58 139 102 41 231 97 85 42 158 162 47 226 217 54 137 94 87 24 164 106 185 80 22 143 88 187 182 242 138 35 221 122 48 67 150 207 170
21 63 107 62 110 153 181 39 24 23 49 84 137 82 213 37 201 197 221 240 106 227 43 147 48 131 25 132 127 26 152 246 144 163 53 76 112 70 233 133 226 195 146 77 119 183 36 249 154 83 178 174 74 185 73 230 139 135 68 86 92 60 111 190 145 130 211 168 187 128 78 50 216 214 203 38 59 151 242 236 167 22 215 65 117 212 228 66 210 161 169 129 109 97 63 108 103 225 120 95 93 235 121 176 114 202 113 244 182 30 125 199 207 71 94 142 220 99
22 99 33 242 69 183 206 40 86 38 54 170 187 250 94 133 195 115 101 108 217 208 30 104 87 179 203 126 157 189 142 185 35 27 153 228 158 122 216 227 193 196 83 113 29 138 239 127 225 192 123 70 67 148 99 48 176 118 207 218 72 243 151 61 74 117 56 247 172 238 85 229 46 159 93 26 106 220 39 201 209 73 88 214 233 51 199 129 230 197 111 150 25 120 149 55 124 103 141 91 173 204 107 200 59 205 36 152 79 109 182 58 62 135 50 161 240 181 166 81 143 76
23 23 228 220 145 31 137 179 56 144 225 69 194 34 43 207 125 39 55 110 45 155 130 197 135 91 238 49 160 227 70 158 231 99 168 57 182 118 222 186 41 237 29 236 78 206 97 216 114 195 96 100 123 134 244 153 250 106 226 174 177 115 42 37 235 243 80 213 102 191 121 140 24 111 85 239 90 89 170 86 221 143 193 128 248 246 199 66 165 44 150 230 124 149 35 208 210 54 212 108 60 163 51 79 218 171 200 73 101 127 204 75 65 202 161 83 107 156 198 95 84 98 139 82 88 129 61 30
24 70 185 216 120 34 168 202 92 206 179 129 231 157 90 164 130 63 215 140 33 108 114 50 84 54 37 123 116 82 212 88 229 220 211 218 128 44 154 234 70 56 102 223 40 177 118 71 97 236 195 68 30 163 125 66 225 147 107 213 117 146 25 42 137 249 238 144 233 35 91 204 156 219 105 246 86 31 226 95 67 201 64 230 28 94 189 142 45 74 119 250 158 58 27 245 153 166 81 131 228 69 176 127 135 194 124 57 49 165 51 207 173 186 104 112 171 242 132 244 199 41 192 106 243 174
25 57 62 119 144 164 193 66 190 75 56 245 196 229 212 157 224 124 243 82 179 239 181 106 125 153 198 185 170 40 191 205 100 172 215 32 159 220 148 140 45 250 249 121 233 74 194 178 116 218 235 230 37 90 201 207 152 177 117 228 91 217 48 184 89 155 139 115 50 226 93 79 175 216 61 150 160 129 231 146 30 68 183 99 49 197 122 142 71 219 27 72 28 234 174 204 95 176 242 156 189 103 52 143 240 88 202
26 90 36 28 110 173 180 37 103 155 185 54 52 33 183 80 204 198 47 30 236 176 72 71 209 157 181 227 40 199 175 171 245 44 97 141 217 42 94 215 202 231 135 216 192 226 167 156 244 85 153 91 45 62 109 234 66 248 186 220 177 73 145 148 142 159 136 43 41 194 126 172 143 140 178 184 117 240 124 115 125 233 205 89 31 158 187 223 121 104 58 230 86 133 61 169 218 241 235 102 168 197 120 59 96 208 111 225 64 193 196 214 51 105
27 79 141 190 173 81 245 225 127 133 55 138 47 82 137 73 210 75 71 120 70 68 88 140 234 54 175 107 37 119 208 164 77 176 221 96 116 84 199 186 159 211 192 46 160 69 198 122 224 193 232 241 236 87 101 78 105 32 118 63 244 142 28 174 215 113 170 131 179 83 148 132 155 99 33 129 90 165 80 123 157 222 240 98 93 85 235 183 158 145 156 230 238 94 181 248 114 201 171 126
28 23 72 30 133 130 146 149 51 250 117 161 171 87 194 113 71 83 202 40 112 77 155 208 74 134 179 198 225 38 53 212 96 52 165 45 166 97 118 191 158 229 104 167 121 55 54 200 215 145 242 111 85 98 109 127 176 84 210 150 188 81 247 58 147 224 41 126 209 107 168 185 29 144 205 101 129 139 197 160 135 241 99 157 123 110 207 92 108 222 227 243 226 124 125 49 31 75 105 80 115 48 195 240 183 223 35 174 181 230 32 235 152 33 237 186 102 228 220 213 170 88 140 46 148
29 38 43 228 130 220 111 186 63 188 235 132 112 94 108 223 66 234 128 183 76 93 75 80 100 197 187 73 50 222 118 160 70 142 208 120 72 67 117 216 106 54 126 83 219 127 99 137 134 248 105 47 77 102 185 81 244 218 33 135 156 85 133 122 147 36 225 45 196 78 148 247 101 241 124 119 238 56 116 57 184 199 104 172 205 51 79 151 144 42 212 140 71 210 40 145 249 229 49 61 157 180 200
30 62 110 35 72 68 187 33 175 219 250 218 60 232 91 115 139 46 193 147 182 214 241 82 196 215 84 52 90 206 107 223 191 162 118 240 59 66 85 51 74 69 249 129 44 164 176 144 31 62 185 40 169 120 65 97 94 126 101 105 189 180 233 167 81 37 71 141 202 32 212 200 213 146 50 121 225 64 75 238 217 48 134 177 208 130 89 54 119 36 236 113 143 78 41 77 87 124 184 148 49
31 31 81 108 175 182 93 237 191 195 87 124 68 78 245 160 222 116 147 219 205 54 74 112 36 138 218 227 148 65 113 220 60 120 62 137 70 164 170 63 210 173 104 241 186 235 79 178 86 46 139 73 153 221 40 143 134 61 168 250 247 51 248 203 197 154 91 71 56 72 126 199 111 127 224 69 59 97 77 152 110 135 167 159 223 151 90 58 243 146 239 157 100 229 192 176 209 96 206 166 75 34 122 177 53 187 238 145 161 130 115 106 141 244 33 114 107 66 190
32 25 224 154 56 49 53 213 133 119 150 35 36 235 233 65 143 100 245 236 180 60 124 88 244 218 59 238 237 74 95 92 134 230 175 168 102 113 122 94 201 243 61 40 145 67 66 188 161 139 107 160 158 109 45 50 199 174 196 131 202 194 39 141 240 127 75 216 62 177 217 83 223 68 229 85 43 152 99 189 79 149 153 97 70 89 185 172 203 115 130 232 69 197 173 76 55 101 87 249 190 210 176 84 208 42 186 164 135 226 179 91 157 63 51 112 239 47
33 27 214 120 212 76 166 173 35 168 43 109 219 83 224 124 56 147 101 187 150 82 137 194 250 90 208 215 108 77 239 41 245 115 172 202 236 161 151 102 196 79 50 67 97 164 175 205 190 64 129 189 184 182 240 185 149 122 72 201 134 160 197 60 188 116 61 98 174 192 179 39 71 228 227 36 204 238 112 165 169 78 193 113 42 209 118 95 220 191 110 152 158 100 231 80 153 206 148 211 96 85 73 199 128 159 177 74 218 221 180 139 133 154 141 207 105 54 132 57 178
34 49 194 163 45 224 44 200 170 246 173 157 155 58 208 109 59 126 99 239 165 209 214 227 225 242 198 103 114 247 181 67 202 64 211 147 176 53 186 55 195 128 248 231 106 133 85 145 153 210 84 127 101 42 68 75 96 164 178 244 35 235 72 204 37 171 62 243 65 174 61 151 113 92 70 111 110 229 105 150 143 82 129 138 98 188 36 134 104 87 216 142 118 80 218 130 160 162 226 102
35 81 60 132 236 203 158 127 110 107 185 195 95 206 235 108 45 142 53 146 190 82 145 79 181 113 92 134 89 187 135 223 117 148 224 116 157 167 58 231 226 228 102 160 87 40 232 149 52 97 161 177 229 218 249 46 137 43 83 103 72 147 170 189 164 68 91 166 237 143 57 245 136 55 207 217 221 84 98 50 211 78 141 61 200 201 155 150 119 125 250 120 59 152 188 106 241 151 199 104 240 233 123 48 121 81 208 96 100 183 62 85
36 58 200 107 138 95 47 85 160 134 149 203 46 103 100 243 212 72 53 59 67 133 186 168 178 184 137 171 159 228 183 141 51 52 226 201 162 80 150 140 136 231 238 130 104 78 41 49 245 193 56 45 109 198 244 192 239 169 248 81 68 205 37 222 126 176 129 242 120 240 118 221 235 223 102 173 208 38 40 206 163 214 166 97 86 155 89 82 148 61 218 88 232 194 66 139 197 74 177 152 241 219 207 215 247 62
37 58 112 230 138 101 241 70 201 58 148 195 167 218 147 189 78 215 96 237 45 233 190 223 129 236 171 248 168 213 173 226 128 222 118 219 99 224 94 125 84 184 165 231 44 85 186 221 150 200 152 246 114 73 172 210 77 111 80 93 120 228 86 98 43 164 243 247 69 52 170 238 57 197 90 61 235 47 191 207 242 185 117 183 220 216 39 88 208 142 163 130 56 158 46 116 149 187 139 71 203 144
38 46 83 146 186 52 230 47 75 203 242 138 72 68 107 156 88 61 144 239 97 118 56 197 235 172 50 218 122 62 228 130 51 131 82 159 132 89 120 165 205 98 170 185 133 53 150 93 168 236 148 213 95 48 128 225 142 117 234 152 167 173 86 102 219 176 121 198 190 124 73 101 201 241 244 204 153 123 112 136 209 77 76 155 220 238 250 227 195 54 162 178 43 74 222 196 57 154 66 248 70 116 99 161 171 237 92 226 60 221 149 210 207 55 59
39 63 114 64 153 46 201 95 60 94 179 126 160 193 186 123 169 56 85 128 134 51 154 145 52 222 204 216 151 230 86 93 58 177 183 117 124 45 62 245 120 119 103 72 70 203 248 106 98 239 57 232 231 172 59 236 111 76 229 121 139 43 68 238 241 167 118 87 214 141 199 74 109 197 162 175 165 102 168 90 42 235 107 105 82 133 140 65 194 55 208 143 148
40 55 168 129 249 54 49 43 160 206 79 211 219 78 178 151 90 86 212 182 116 67 244 192 210 124 112 250 137 117 230 139 148 228 174 46 114 183 58 242 126 199 163 70 157 73 69 91 111 238 71 217 175 198 208 191 62 50 41 181 128 154 194 51 185 132 115 243 42 110 235 147 53 231 193 187 61 226 100 77 104 186 76 103 216 197 66 145 177 173 172 237 95 101 184 241 171 134 44 106 89 57 119 143 107 190 93 142 209 108 159 223 87 141 164 245 144 227
41 97 198 69 46 135 64 75 236 240 235 190 182 72 188 196 74 128 232 42 160 228 170 92 207 181 63 249 76 205 140 222 97 122 225 233 125 178 245 129 158 156 130 149 133 139 147 151 241 116 57 94 153 73 91 212 77 96 114 186 109 159 99 138 55 136 234 214 78 79 48 65 60 51 132 224 185 105 146 189 217 244 242 45 56 230 155 227 59 62 106
42 74 65 192 212 178 116 119 80 193 224 203 208 207 223 62 153 211 75 242 158 197 66 200 233 57 240 84 111 238 194 177 132 103 133 68 159 138 43 125 86 59 60 130 244 108 134 93 147 187 206 167 214 190 228 143 64 54 79 104 58 175 232 105 78 173 118 225 166 157 95 237 56 110 87 172 120 44 90 131 250 163 52 171 82 141 219 53 88 245 113 91 236 220 202 48 230 246 189 155 165 112 195 226 74 188 149 106 169 154 215 168 123 161 199 213 94
43 51 157 69 117 175 234 108 99 88 227 142 218 123 166 170 160 140 185 147 204 205 208 152 246 78 212 82 61 216 81 95 187 60 75 214 232 105 154 196 137 124 207 221 156 244 226 85 74 55 65 148 134 64 241 126 52 191 129 153 121 146 116 172 101 131 96 199 125 111 80 237 230 211 59 71 58 120 72 177 87 151 73 202 245 51 213 102 161 76 50 223 182 145 181 128 127 169 162 229 203 56 219 68 54 149 47 70 94 189 158 110
44 45 206 140 135 99 55 143 173 62 203 56 155 131 92 79 181 105 245 170 194 110 213 101 48 102 115 179 149 69 217 249 147 153 187 148 163 81 210 209 174 212 232 78 168 75 241 202 172 86 91 231 196 121 164 112 70 51 120 204 132 151 180 106 238 128 208 186 108 150 46 182 230 114 103 76 152 239 190 68 248 137 100 85 95 88 134 89 188 104 118 125 184 50 124 220 244 59 158 195 116 240 129 123 63 60 199 53 225 198
45 24 192 161 166 107 140 100 52 198 232 239 106 70 209 145 148 245 222 227 167 47 153 177 211 144 143 203 188 91 163 65 84 221 250 61 201 92 191 64 237 213 109 189 60 139 78 53 95 90 105 132 68 83 246 233 89 223 96 219 236 204 104 138 49 217 111 200 220 231 172 134 225 171 114 212 194 151 142 129 110 79 48 124 102 113 238 243 160 240 248 178 169 131 121 215 123 193 51 99 159 57 208 152 58 77 94 97 224 85 183 185 241 73
46 33 70 67 222 59 224 165 122 169 92 89 242 120 115 141 108 175 195 109 140 181 61 84 157 147 98 246 76 77 182 197 93 226 217 213 221 62 190 248 164 188 136 229 118 143 123 193 198 245 238 240 200 247 216 60 205 230 210 180 189 64 168 148 100 54 106 160 237 101 209 74 125 65 119 81 179 192 149 51 88 183 132 150 131 71 227 56 53 203 68 129 173 155 116 212 219 214 159 87 94 201 239 235 151 124 225 170 135 186 117
47 55 75 119 240 217 85 191 61 168 237 202 76 116 178 157 102 203 138 122 90 236 207 235 150 113 244 173 139 233 232 175 231 155 200 120 224 146 54 208 84 230 148 48 62 123 195 170 52 55 87 194 242 149 206 184 248 114 210 204 74 185 99 180 165 172 247 167 152 93 249 59 187 105 96 205 70 164 209 115 98 163 134 56 95 82 92 143 101 140 112 111 192 88 186 181
48 66 205 117 107 195 248 207 56 118 102 214 232 245 216 201 52 170 153 77 203 54 246 108 66 181 74 208 67 136 150 75 127 180 178 174 96 92 71 173 183 187 57 210 98 94 103 240 144 160 129 73 238 143 126 97 139 113 85 206 82 59 124 130 212 114 224 51 69 199 155 53 137 116 221 185 194 63 68 176 101 209 222 197 220 189 138 211
49 53 241 55 131 80 175 104 139 65 160 112 96 100 86 130 151 93 136 105 167 153 57 77 239 187 58 249 183 219 237 78 87 158 226 90 92 81 95 185 142 53 89 248 124 161 234 209 110 218 113 199 182 91 114 216 179 71 250 247 157 221 238 84 177 155 191 98 149 169 184 63 203 73 132 148 181 99 138 212 192 222 119 68 236 59 213 75 146 147 173 242 115 135 109 180
50 70 151 155 125 140 231 176 157 186 112 191 84 67 56 195 209 211 161 230 206 208 136 196 203 101 64 247 72 163 172 130 167 92 90 62 89 51 220 77 137 183 148 198 158 65 118 179 124 53 70 166 105 237 242 76 214 145 99 205 180 54 80 193 173 97 201 175 66 95 131 229 134 185 126 122 168 236 69 217 85 104 68 133 71 153 187 123 154 96 83 102 98 216 246
51 34 237 189 241 162 233 103 86 120 197 225 136 164 155 122 149 63 216 78 175 206 160 148 248 69 186 59 82 239 215 134 238 179 102 210 213 169 100 194 242 201 188 124 202 93 121 218 71 142 157 115 77 209 80 95 60 135 228 140 200 54 232 219 180 114 151 68 119 96 195 89 177 123 111 245 235 231 190 147 204 226 154 97 125 249 87 182 191 138 229 212 170 174 109 105 133 207 126 199
52 31 79 192 185 96 182 111 194 243 178 222 150 63 167 189 202 141 81 87 132 104 187 68 249 95 214 83 215 207 76 193 86 245 146 248 89 147 226 177 210 232 61 233 205 234 75 201 219 93 186 200 183 168 77 139 172 151 137 62 119 136 149 72 108 250 204 60 138 97 208 98 176 54 238 223 113 179 126 112 170 118 235 84 123 101 140 59 66 206 161 229 128 55 166 88 220 246 134 242 70 58 154
53 85 211 87 61 71 243 58 174 222 54 161 187 144 240 135 250 69 153 59 239 178 112 65 208 107 182 196 213 62 91 216 63 229 162 209 92 246 235 234 142 231 99 150 129 164 242 214 199 103 97 181 204 72 193 134 86 188 232 146 121 190 120 108 159 93 167 245 104 244 57 96 123 225 98 125 118 136 194 151 221 81 203 155 241 141 230 77 119 228 156 171 224 55 133 212 115 82 143 179 88
54 38 141 75 211 198 169 100 173 62 127 244 76 98 128 249 56 94 192 123 73 86 67 89 158 147 70 71 241 133 99 111 236 226 145 179 191 183 84 69 83 116 234 57 157 144 68 246 237 167 248 176 131 185 58 153 175 232 93 92 156 114 129 199 217 63 82 104 205 162 95 190 170 195 109 78 91 134 112 160 59 106 163 210 215 235 240 201 113 182 196 164 130 239 186 102 242 136 138 189 149 223 64
55 98 61 112 101 160 161 216 117 241 238 124 207 94 144 193 159 76 171 155 212 186 95 215 75 60 120 131 173 74 57 116 66 140 84 93 72 227 100 147 157 204 206 191 119 185 91 105 104 236 245 107 217 178 242 162 199 230 163 220 229 108 200 62 151 137 180 175 77 154 248 177 142 88 169 188 228 247 127 189 156 141 183 182 97 113 139 165 143 70 237 231 79 203 106 69 201 153 224 92 181 85 243
56 41 92 180 233 242 167 210 218 249 138 70 182 77 81 61 213 168 156 89 150 136 151 112 220 214 250 211 239 124 204 108 200 88 137 231 87 247 224 164 111 193 216 201 245 117 120 107 191 90 132 135 179 98 192 128 97 208 153 230 246 122 188 91 79 196 226 219 227 209 157 119 147 66 235 237 243 175 217 154 170 202 146 240 177 171 215 113 187 194 60 165 160 84 161 115 99 78 163 80 93 100 104 95 62
57 43 227 149 164 245 156 215 228 127 205 82 68 122 81 175 108 190 211 144 233 126 195 170 218 138 94 193 243 246 112 102 182 192 91 64 187 134 117 109 152 158 204 99 88 247 60 229 62 226 176 219 223 221 188 199 87 172 208 236 113 163 250 139 178 217 203 171 116 147 146 110 196 207 162 80 63 151 93 213 120 153 210 133 183 75 198 154 240 239 234 222 179 168 77 96 174 173 201 137 160 189 65 128
58 76 134 90 167 132 188 93 180 77 156 153 114 249 143 124 145 121 168 76 116 190 126 179 92 119 175 103 96 170 247 181 87 158 110 210 122 140 85 139 69 135 243 174 232 117 159 238 60 200 80 224 147 178 235 91 88 160 241 196 150 89 104 115 229 72 206 99 213 75 94 217 216 225 74 233 207 185 123 137 227 82 197 125 182 95 205 222 166 177
59 61 85 250 167 178 72 212 123 173 65 168 218 219 133 190 84 154 137 238 182 114 158 67 79 229 214 107 157 160 131 199 119 150 71 227 146 87 86 69 222 82 142 155 204 159 101 175 240 105 245 231 172 200 220 226 153 205 188 111 78 81 184 94 100 215 113 189 193 249 163 211 63 181 92 223 213 144 185 136 217 73 162 237 145 166 236 77 68 140 149 143 106 138 62 88 74 209 248 210 232 118 169 121 225 244 216 165
60 78 223 61 65 190 130 127 162 100 79 156 188 247 106 128 205 233 116 118 137 213 109 147 179 181 164 224 133 249 161 96 157 173 248 129 197 166 145 63 227 126 114 108 220 111 159 115 153 187 231 70 168 174 198 69 202 186 245 139 175 208 218 189 160 134 78 152 83 244 171 117 75 105 144 86 72 123 170 98 221 163 97 225 120 71 138 141 89 143 246 135 194 87 235 158 64 113 99 240 110
61 37 139 212 72 73 172 157 174 198 235 144 67 175 236 217 141 84 188 169 83 66 147 187 107 193 96 209 63 90 71 152 165 218 113 232 116 214 81 149 68 201 222 181 239 86 200 221 65 245 158 109 234 97 159 121 206 183 62 82 127 89 243 153 119 126 79 123 118 223 203 80 211 213 162 102 244 134 140 111 210 106 99 129 195 225 108 249 146 207 145 161 250 101 229 224 248 241 69 136 220
62 88 206 86 164 227 73 234 113 65 225 147 217 153 216 92 198 192 127 245 246 154 169 196 179 237 105 114 249 204 146 115 123 231 160 180 195 197 177 214 100 248 122 90 97 209 125 230 158 101 228 183 70 124 201 98 203 67 223 128 210 148 69 136 167 238 72 226 150 176 233 71 166 82 81 162 117 88 64 129 134 143 200 91 95 120 215
63 99 240 199 130 249 227 132 81 169 173 152 107 161 238 196 144 71 243 168 224 97 116 245 99 175 85 118 89 228 142 156 64 157 113 90 209 109 147 230 181 128 223 177 69 219 114 105 84 210 162 208 75 244 164 171 138 133 155 119 212 93 129 166 213 250 194 222 231 115 195 153 233 163 151 207 197 77 83 193
64 60 136 216 229 247 93 87 185 168 154 227 220 157 114 182 222 199 184 111 175 139 194 135 124 225 214 245 105 69 67 123 115 81 102 183 125 145 147 180 92 91 75 213 132 181 205 221 100 99 244 167 140 215 113 219 144 152 171 149 73 96 236 95 142 224 119 233 193 165 162 223 126 248 78 230 209 177 163 164 240 176 134 226 155 192 206 207 166 117 190 131 129 85 250 86 83 210 195 242 153
65 36 243 167 120 102 75 101 79 175 92 112 179 139 76 176 228 130 153 160 203 116 115 178 197 148 181 249 82 66 201 221 238 133 88 152 218 239 182 128 135 110 196 169 155 140 165 185 202 157 77 191 247 187 73 96 129 85 241 211 242 109 204 99 70 134 91 90 213 217 81 98 159 145 199 171 122 245 170 214 84 210 162 174 188 205 149 121 125 216 69 137 146 172
66 79 220 232 158 71 187 92 156 88 93 101 108 236 214 196 135 103 162 205 68 226 117 111 204 167 80 177 245 176 210 87 225 175 155 180 199 139 141 95 241 195 194 97 165 152 212 193 183 166 215 123 228 170 209 249 145 169 191 125 146 70 85 189 171 159 143 237 76 219 102 74 126 89 230 83 240 72 185 218 128 104 178 164 153 129 242 231 173 181 160 107 151 238 150 223 84 69 186
67 98 198 222 176 128 73 220 95 103 106 201 193 174 135 90 133 118 87 150 132 160 99 203 122 169 194 86 120 187 100 78 167 249 71 93 139 74 107 182 238 119 134 75 162 196 223 247 178 117 79 209 142 80 170 149 226 227 234 92 197 98 127 94 68 76 159 208 157 221 164 239 89 104 179 143 148 230 161 72 207 130 206 232 189 180 217 181 105 171 231 154 158
68 75 135 92 215 82 111 229 188 148 179 146 184 142 186 91 213 207 152 246 247 145 227 164 205 96 243 189 102 220 193 73 242 169 211 117 158 78 77 86 163 165 239 172 124 128 190 167 139 94 236 107 195 159 143 103 120 153 214 204 106 175 241 216 248 99 176 110 157 155 202 138 125 126 197 81 70 101 170 199 98 116 209 121 237 104 217 174 244 118 154 90 74 234 114 100 230 178 137 219 144
69 24 92 144 94 91 174 155 106 190 205 163 212 235 221 110 192 77 232 218 248 126 247 185 170 200 197 93 176 217 82 225 115 159 216 130 109 201 210 214 187 181 140 195 240 90 78 202 104 111 89 207 122 239 142 108 112 143 169 219 134 128 127 172 85 241 149 120 165 98 237 250 213 124 99 153 95 83 154 211 242 131 96 102 162 100 167 206 101 244 150 220 105 215 173 209 184 166 199 123 228 137 119
70 61 110 85 213 81 136 203 179 152 178 86 235 103 170 202 156 246 237 147 141 102 194 159 121 151 239 97 209 225 204 105 188 134 175 143 211 220 129 161 82 83 227 76 232 176 210 128 137 224 72 148 163 109 215 207 92 244 145 126 144 248 238 132 165 208 231 192 168 167 240 199 216 212 242 158 153 88 131 101 243 247 198 249 114 166
71 45 81 159 194 87 211 213 146 109 238 181 196 149 191 121 197 151 117 157 247 133 227 154 134 130 242 171 216 116 92 73 186 222 125 250 160 104 115 188 172 103 230 84 78 110 102 164 210 123 129 83 232 237 195 199 248 122 153 140 244 167 179 145 162 241 163 192 76 80 111 224 209 148 243 105 206 86 100 166 178 220 136 189
72 36 234 166 125 152 78 229 87 221 85 189 213 100 180 150 240 140 206 101 197 162 209 111 241 222 93 186 224 154 212 169 114 113 219 86 201 134 217 99 115 167 243 109 148 174 156 131 142 83 183 120 82 76 127 230 123 107 73 133 216 208 220 247 249 116 95 203 184 250 207 159 129 248 137 227 177 214 90 245 163 97 81 119 98 145 198 106 171 151 205 237 194 176 179 74
73 50 216 247 167 131 196 180 242 201 88 146 222 237 235 137 132 189 144 96 93 149 104 134 112 100 182 165 92 190 213 175 111 157 192 94 249 109 156 128 198 166 243 217 179 234 218 84 241 148 150 186 250 191 123 77 177 210 238 204 127 145 170 183 248 102 164 224 232 212 173 98 80 101 140 135 106 221 86 136 158 245
74 76 192 241 197 89 111 222 112 195 143 166 109 87 77 106 217 137 153 223 131 239 246 177 103 231 178 193 233 230 234 88 126 132 182 237 216 175 79 110 145 218 121 85 157 141 92 114 199 189 119 179 212 99 207 209 108 155 247 78 172 240 232 107 123 160 236 187 245 102 205 185 120 128 194 169 150 105 76 100 200 227 162 186 96 203 204 229 154 130 75 181 113 168 133 228
75 78 168 198 77 155 178 205 181 103 229 216 105 176 189 110 177 90 93 179 94 185 112 199 124 206 242 204 187 111 122 233 82 197 134 126 186 107 245 161 203 120 152 87 140 191 182 221 144 201 215 223 250 97 248 115 235 153 230 212 238 196 89 136 222 211 139 102 113 121 125 162 171 234 133 160 202 166 180 164 231 116 88 151 219 147
76 54 96 80 111 208 209 138 130 147 211 157 200 163 125 244 173 186 94 88 172 197 207 249 220 105 107 158 241 164 78 119 142 250 180 166 131 190 95 182 83 206 240 224 175 203 108 187 106 236 154 156 181 242 133 109 195 113 149 229 146 102 161 101 152 199 201 226 198 228 116 212 245 218 89 178 235 121 184 141 234 230 247 215 193 144 122 239 243 153 170 77 222 217 177 227 160 140 114 82 85 128 129 221
77 89 155 115 214 200 133 84 82 90 87 189 138 129 113 103 105 220 154 78 202 124 143 80 79 201 243 166 223 179 127 122 91 244 94 183 151 110 182 197 111 173 240 132 163 218 139 148 184 96 192 187 221 134 208 181 178 211 107 112 168 245 194 212 216 145 108 191 142 106 149 177 186 117 131 125 236 206 95 146 92 210 196 246 238 167 227 164 100 83 185 89 226 203 144 85 209
78 32 205 234 144 155 185 228 186 97 87 114 210 101 212 209 196 189 239 203 92 154 220 190 226 85 199 236 152 249 86 167 143 200 141 103 163 201 83 240 106 105 99 140 158 242 88 102 94 217 232 164 90 117 96 120 89 113 176 91 142 134 237 173 118 157 112 214 128 133 224 150 84 206 235 109 149 184 202 227 246 229 131 208 195 100 233
79 36 205 123 112 164 230 144 226 175 166 92 212 159 188 201 128 219 220 126 90 152 161 176 208 204 195 229 157 103 241 246 154 206 155 214 234 142 108 187 198 88 190 202 169 179 105 222 104 217 237 239 174 249 160 87 191 192 143 113 223 137 149 91 102 218 85 101 163 211 243 236 199 171 140 170 244 150 82 139 207 125 89 185 117 231 109 97 99 209 228 100 127 216 121
80 58 204 81 180 126 212 115 174 178 111 87 192 215 224 232 123 105 182 85 116 98 144 138 218 137 161 235 226 217 122 221 246 108 198 135 119 141 142 88 147 194 199 185 236 202 83 102 193 143 173 165 179 191 150 239 238 106 189 184 153 234 229 170 248 249 128 132 203 160 93 188 223 96 107
81 98 225 111 241 249 239 223 240 91 126 189 135 84 146 136 140 204 197 221 244 92 160 85 123 187 102 134 104 156 120 94 107 113 114 210 188 218 181 199 109 186 212 234 203 202 103 245 142 184 193 130 122 127 155 159 214 185 110 167 106 112 99 248 108 165 93 152 176 205 183 243 90 162 96 209 158 190 117 215 115 138 173 238 118 192 105 230
82 66 203 184 177 129 181 236 151 229 115 240 147 89 131 178 179 88 140 220 172 118 174 108 155 142 86 246 160 93 238 97 106 143 96 231 100 201 144 120 241 99 87 84 194 200 212 206 214 159 192 149 98 242 180 211 95 188 234 219 94 182 152 248 102 217 166 249 117 92 191 165 110 101 216 112 148 132 225 145 207 170 164 228 113 171 197 213 210 235 196 121 224 123 222 202 114 173
83 69 95 151 121 102 128 152 136 156 250 119 189 248 129 204 224 106 228 155 140 132 198 96 143 111 145 241 146 89 85 201 220 185 144 232 233 150 191 164 142 178 202 243 181 206 97 131 197 182 160 117 133 148 214 193 149 245 230 209 114 93 199 147 173 238 157 94 239 236 92 212 174 249 235 101 186 226 86 123 100 223 188 161 115 179
84 82 196 103 204 161 236 131 130 242 238 118 91 111 154 113 218 197 153 227 166 108 156 124 155 100 121 188 224 177 158 237 245 88 106 181 132 152 107 138 207 244 94 225 175 129 232 235 230 217 174 115 116 211 85 112 234 148 126 168 145 228 247 172 201 233 229 169 250 208 137 186 179 133 203 206 143 189 147 221 193 205 146 140 185 239 119 105 144 117 141 101 231 89 223 110 170 114
85 84 218 91 244 140 127 189 107 132 226 246 203 130 177 113 148 98 220 155 215 205 136 172 173 110 174 243 90 184 129 235 198 232 206 242 146 190 160 200 97 178 89 249 167 142 156 230 145 195 120 194 139 100 231 137 121 216 181 108 153 86 248 207 141 101 159 211 124 168 213 170
86 66 250 136 175 233 114 227 226 137 185 225 146 92 142 173 188 149 179 144 100 237 88 212 235 164 197 234 96 148 187 131 165 231 245 203 208 161 103 206 176 151 122 241 214 174 160 202 153 130 124 205 107 123 248 201 204 89 194 91 138 184 182 115 104 134 129 152 102 135 216 143 230 243 113 112 156 183
87 39 196 105 160 99 202 168 190 191 246 128 230 111 220 113 97 212 232 236 211 126 217 213 237 88 147 150 116 167 200 215 219 144 114 174 204 120 148 197 223 95 226 90 203 166 242 235 141 115 224 108 214 127 231 187 182 183 205 199 186 247 225 149 164 132 208 228 107 89 178 103 109 210 124 238 244 119 163 159 122 229 177 93 248 104
88 43 229 199 223 188 139 154 134 138 171 164 146 242 151 148 220 200 101 208 192 196 167 141 116 175 202 136 104 143 211 170 114 144 168 187 176 153 201 185 140 217 120 165 213 244 108 133 179 240 215 218 228 135 197 163 150 109 145 121 107 249 161 172 198 152 210 95 155 248 128 184 235 212 110 147 234 239 225 195 237 91
89 58 199 180 108 139 144 234 182 107 244 177 217 137 245 114 218 189 228 147 192 238 226 106 179 145 237 126 154 248 196 150 193 156 168 220 206 176 198 116 171 113 186 132 162 160 143 158 187 125 128 247 205 212 92 167 117 97 157 165 141 184 210 109 100 239 224 236 127 161 233 219 153 146 136 216 183 200 230 151 164 159 149 181 138 90 105 203
90 80 240 124 236 182 188 163 250 139 97 138 177 148 93 137 228 92 223 198 244 147 235 222 100 203 161 133 212 208 207 232 234 113 111 108 219 221 167 104 231 169 209 140 217 211 218 200 193 239 206 116 201 117 121 229 158 155 190 144 146 227 166 185 132 125 135 106 157 95 183 175 142 123 143 180 94 103 247 248 179 165 98 96 241 243 118 202 184 242 225 196 174 153 233
91 20 238 155 154 210 212 99 164 219 128 218 116 199 102 221 107 133 179 104 201 246 111 115 166 174 127 159 209 189 211 172 208 192 131 205 183 181 247 233 171 231 184 123 167 187 161 215 240 229 125 139 132 176 223 92 195 227 124 237 170 103 196 220 141 121 191 178 225 168 109 118 152 226 198 190 144 130
92 91 185 100 137 166 209 163 179 211 216 204 195 247 165 230 144 219 226 180 106 207 170 118 162 104 186 182 243 146 164 233 212 135 192 176 121 237 174 206 187 245 198 231 203 111 154 249 151 99 105 246 143 122 145 168 114 107 142 189 184 126 96 244 194 169 235 139 217 238 128 193 119 136 200 147 138 109 149 183
93 83 137 245 115 142 141 131 179 210 195 139 105 108 154 145 239 196 174 186 204 243 194 198 164 168 214 156 250 212 217 173 205 103 202 171 165 95 206 238 224 188 184 221 183 225 113 120 182 191 127 160 189 234 231 229 116 201 136 110 143 122 101 215 107 98 123 111 138 163 226 203 148 162 240 227
94 99 122 179 246 163 166 212 112 146 178 129 106 110 116 144 101 204 162 99 148 231 197 223 137 169 247 172 133 217 194 229 123 220 209 171 249 145 134 151 127 139 241 211 191 203 156 114 161 97 207 121 125 230 206 109 149 96 153 219 237 119 228 124 213 108 177 111 192 198 216 136 147 167 104 189 173 225 143 196 185 164 233 201 232
95 51 243 247 218 180 138 146 193 194 242 205 164 223 248 203 159 136 221 192 101 116 215 150 100 167 166 148 198 140 171 106 152 216 162 230 107 172 235 227 176 102 110 147 173 249 124 231 126 197 234 185 132 240 238 122 224 123 241 213 200 165 115 129 125 114 220 187 96 250 128 120 118 245 111 144 212 204 104 133 157 219 168
96 34 199 143 208 170 146 164 184 233 155 137 99 192 131 247 241 141 235 230 176 209 231 111 171 124 106 220 229 108 109 215 147 98 202 232 213 183 189 162 101 187 110 172 169 181 121 195 194 107 158 134 163 250 225 114 198 104 238 246 214 180 248 160 223 140 132 193 175 186 234 148 144 130 150 227 221 212
97 77 145 230 175 129 134 200 235 178 249 159 196 234 154 183 98 117 228 155 143 213 229 203 215 231 227 142 109 224 116 99 136 157 238 103 241 158 163 113 165 239 144 201 184 112 115 195 197 130 125 244 153 180 148 207 205 242 124 250 106 135 161 173 188 194 225 123 110 210 140 232 245 100 168 176 107 119 128 193 218 132 202 208 237
98 48 224 162 131 154 233 186 240 146 211 215 117 108 193 176 173 188 227 112 189 218 142 149 250 147 157 228 116 134 249 124 175 107 230 197 235 201 223 153 152 191 104 226 113 180 160 243 181 159 217 192 103 132 99 178 171 110 102 122 172 198 200 164 125 156
99 89 128 223 143 144 182 202 100 166 191 246 133 207 160 228 172 175 183 181 226 189 174 102 164 126 177 138 194 114 113 120 107 230 232 210 179 237 154 193 118 221 131 195 161 162 108 125 188 171 197 103 200 227 157 218 109 192 220 239 214 146 234 185 123 115 159 110 170 122 148 196 187 215 112 186 127 130 111
100 98 110 105 122 175 219 158 229 116 238 190 173 203 227 165 130 249 142 206 185 208 246 129 200 155 239 131 233 242 102 201 240 151 195 174 132 171 216 225 235 221 196 213 124 187 236 234 214 162 101 247 188 189 104 218 150 148 245 184 163 153 154 217 120 161 145 146 230 136 199 159 139 241 169 223 113 106
101 24 156 157 173 127 105 183 161 237 166 239 201 199 189 132 245 218 238 181 247 172 196 190 149 193 244 229 128 110 146 143 215 182 222 107 214 208 248 187 206 219 103 185 217 234 145 153 205 216 179 155 102 158 246 184 126 119 114 223 235 130 243 176 122 203 186 125 144 123 220 210 134 115 121 242 163 171 202
102 34 207 108 183 137 150 130 145 140 232 127 177 105 157 225 215 124 204 220 121 216 143 230 247 115 187 234 248 202 156 172 117 200 144 210 106 162 173 217 205 197 160 131 149 223 174 193 176 113 136 178 165 104 167 213 110 147 241 158 154 212 218 151 227 155 142 129 229 235 146 191 153 168 119 226 126 141 238 224 118
103 33 131 171 195 205 137 123 113 162 239 222 242 194 237 246 187 243 112 122 140 249 125 179 217 167 230 186 202 168 110 226 219 206 161 176 136 192 235 121 150 147 201 149 185 181 164 220 250 211 124 196 184 174 152 165 240 175 248 216 231 221 127 119 104 213 144 193 209 117 134 143 158 157 116 188 120 208 153 223 182 139 146 210 133 154 156 189 204
104 71 164 123 113 136 159 116 230 240 166 134 247 122 167 232 174 187 249 201 194 229 212 202 108 109 153 218 105 130 179 233 148 215 183 171 209 236 135 119 199 126 223 250 176 133 162 200 165 243 248 217 144 152 178 198 238 204 237 111 110 211 180 227 106 121 241 115 145 128 207 188 173 149
105 25 124 220 128 225 146 162 161 148 189 235 223 229 141 244 118 133 192 203 249 222 207 201 234 134 112 247 114 181 109 184 239 165 171 123 187 186 185 139 129 190 110 195 248 131 179 217 122 140 108 209 153 199 218 250 211 196 228 224 169 188 205 136 216 144 178 237 230 197 106 116 127 238 160 183 202 176 215
106 91 201 114 119 197 207 135 115 167 133 218 156 142 136 228 130 123 186 234 238 221 122 173 172 125 175 157 129 116 147 166 239 112 223 181 153 205 131 185 178 134 230 242 194 231 110 169 233 179 199 146 139 180 184 159 164 127 249 141 210 162 170 204 217 196 149 236 245 248 148 132 243 171 211 165 212 108
107 40 150 226 175 131 139 219 151 214 130 170 109 183 161 124 146 176 191 211 195 230 123 247 239 134 222 206 147 245 135 213 136 236 223 187 202 186 210 248 244 164 203 128 160 189 162 204 190 193 154 198 220 166 141 169 115 118 174 207 171 179 165 192 201 184 246 237 111 144 140 119
108 95 195 110 178 118 247 192 225 115 232 162 155 201 113 139 227 226 134 159 198 175 150 151 224 223 200 211 163 203 176 193 206 221 177 207 124 228 241 135 158 112 119 194 174 121 246 208 199 117 215 197 167 186 189 181 240 164 233 123 209 147 235 140 142 114 169 190 214 180 125 244 161 212 145
109 22 122 172 174 176 124 155 239 207 175 235 167 217 205 150 141 163 249 132 118 123 180 164 113 243 208 191 198 248 236 234 190 131 127 237 173 165 219 144 184 112 186 203 213 154 182 220 242 233 153 126 115 135 185 145 181 196 223 241 232 215 130 245 120 192 194 231
110 72 213 230 172 210 126 140 200 145 222 225 207 113 133 157 120 115 198 221 152 250 241 173 111 178 168 151 248 167 139 163 245 118 166 214 122 212 247 194 236 125 226 135 189 132 153 218 227 195 205 240 208 232 124 215 193 192
111 68 195 148 197 145 233 137 154 185 134 240 246 238 219 168 121 243 149 113 173 177 247 166 193 216 204 135 128 248 142 205 161 225 174 143 206 182 165 133 207 115 218 184 172 222 139 175 155 194 167 211 162 153 114 228 136 235 214 147 242 140 124 179 164 188 157 126 221 241 231 230 138 112 215 196 122 227
112 36 147 131 236 172 211 165 182 241 166 136 216 202 135 163 183 215 130 161 238 243 195 194 157 114 201 242 246 167 121 240 181 239 207 250 203 119 159 188 148 237 144 219 249 120 193 179 196 186 146 222 132 123 125 221 141 129 150 199 209 197 124 117 177 245 200 208 225 206 116 171 164 160 220 187 189
113 38 121 201 213 195 238 174 203 134 139 120 235 163 147 160 219 133 234 183 178 228 194 187 146 202 231 188 151 207 135 179 145 138 205 180 218 217 173 199 115 197 204 215 248 116 142 176 155 212 244 118 198 200 181 148 171 186 243 154 159 170 127 119 141 126 240 211 191 162 165 237 222
114 52 213 159 169 235 138 190 152 195 246 168 228 209 136 115 131 186 193 134 140 164 219 221 204 177 244 150 196 147 119 181 162 245 232 206 125 123 153 247 143 226 142 132 173 191 184 170 241 202 151 194 222 130 158 237 179 201 148 155 157 167 135 192 166 156 183 176 231 124
115 98 219 232 145 244 192 129 190 164 209 237 181 147 168 226 174 154 139 157 240 152 225 227 177 196 131 235 159 120 249 215 231 183 124 135 134 218 205 143 166 179 208 151 194 144 122 248 169 236 155 188 158 212 156 180 230 245 187 198 221 140 149 165 148 195 217
116 37 160 243 130 173 236 133 176 147 197 140 134 181 230 170 150 145 210 248 237 138 187 223 250 229 161 162 178 175 129 211 168 203 228 132 239 226 136 183 146 232 184 120 182 206 193 191 123 172 154 189 246 153 125 188 214 238 165 200 144 247 204 209 235 117 234 152 242 205 208
117 34 198 131 168 219 120 156 232 157 163 209 135 126 136 226 186 211 138 237 230 247 193 134 249 129 177 187 243 183 162 191 214 241 141 169 148 200 171 212 125 224 140 119 161 213 139 137 238 197 234 188 149 192 159 180 147 184 220 244 145 242 173 201 172 179
118 36 250 138 142 208 169 172 229 210 161 181 130 170 214 201 198 140 195 188 145 136 150 204 191 154 134 186 152 146 185 147 218 211 192 178 160 237 194 212 187 190 129 174 245 232 228 159 148 196 216 121 141 131 157 165 244 219 199 243 205 122
119 60 211 227 125 207 140 220 223 155 128 209 159 178 245 187 173 137 240 156 121 161 132 249 246 164 236 203 202 242 208 144 241 188 146 141 142 244 158 136 129 191 210 217 232 169 127 138 153 221 247 123 175 180 122 229 226 172 224 174 147 194 143 120 234
120 72 188 206 127 159 146 144 227 209 121 162 122 193 196 151 125 230 249 202 155 148 183 199 195 143 152 138 123 197 167 135 217 161 171 130 225 214 128 211 186 185 170 139 166 231 163 207 160 247 181 154 245 189 240 243 233 187 124 173 246 235 208 134 182 180 232 164
121 31 208 235 191 222 157 147 175 148 186 224 199 230 188 169 236 198 200 177 206 223 128 245 242 228 249 162 154 153 179 165 213 170 156 146 158 244 136 196 135 241 145 171 246 150 227 209 205 164 204 132 250 201 181 233 159 221 137 195 166 210
122 60 129 125 207 199 133 140 240 250 149 178 157 146 214 179 205 237 188 128 217 220 224 154 183 213 229 184 243 170 148 244 156 165 181 219 163 197 169 142 171 247 216 241 230 174 177 225 201 218 235 176 192 227 147 152 246 151 158 138 139
123 62 219 177 248 138 181 131 164 179 178 163 241 206 183 136 154 137 139 171 162 239 159 158 218 224 185 244 155 184 190 207 148 169 230 193 194 167 191 188 228 125 168 152 143 182 237 235 204 212 213 186 173 215 151 233 209 201 134 232 175 225 229 144 141 223 250 135 196 174 238 165 227
124 94 230 160 197 232 194 223 212 162 246 198 125 220 247 155 245 177 222 168 225 136 204 213 130 147 250 184 241 195 176 135 139 249 149 237 140 243 215 173 238 235 191 132 218 165 190 180 187 146 207 236 127 153 233 126 152 141
125 58 152 249 172 146 205 154 226 243 212 230 150 170 173 141 215 214 169 246 196 217 244 128 211 202 129 240 147 164 162 153 180 145 160 250 228 225 178 245 223 163 185 155 199 142 186 248 235 139 200 242 208 175 207 213 183 231 232 148
126 93 185 133 217 189 241 183 193 164 233 196 132 188 230 235 177 141 137 198 203 208 153 171 128 237 220 228 158 178 250 242 169 199 139 147 201 135 247 159 232 174 156 195 166 136 129 227 176 194 248 216 238 224 142 191 143 172 146 162 197 155 245 236 209 222 219 249 213
127 28 195 205 139 143 168 159 237 152 149 150 248 198 175 218 207 245 223 165 178 151 188 233 206 163 160 184 197 166 137 155 225 179 236 238 226 177 202 176 158 232 230 235 131 133 162 174 190 156 231 229 186 145 243 171 183 217 128 200 216 211 192 170 134 169
128 51 145 157 192 188 143 130 137 164 201 235 243 225 154 166 237 152 182 176 174 228 167 224 134 138 195 218 209 160 186 169 171 163 226 241 246 216 165 197 210 181 149 245 185 147 214 148 179 135 153 141 247 162 248 187 211 190 173 144 219 170 250
129 57 233 178 156 188 216 223 226 227 135 190 245 215 246 132 169 145 173 243 234 191 222 187 137 224 201 204 149 147 150 220 236 248 182 171 218 152 200 212 165 130 158 157 199 189 136 141 197 186 229 172 179 231 198 235 208
130 32 154 191 170 198 142 222 237 186 133 227 246 230 215 166 131 193 181 169 223 158 210 205 145 231 247 172 135 196 232 187 245 138 136 200 197 189 201 238 225 206 221 155 242 250 241 161 178 244 167 141 216 218 194 182 236 228 137
131 48 157 248 224 221 206 159 242 143 174 229 146 179 178 144 188 222 235 245 195 236 175 164 180 137 237 203 152 149 185 160 218 199 214 216 156 192 239 232 225 208 191 233 196 133 220 135 244 213 202 249 141 165 183 140 162 215
132 77 217 204 234 228 157 150 205 213 242 133 168 238 239 180 248 147 214 137 173 201 151 135 188 167 177 245 195 172 222 185 145 143 232 156 246 139 155 178 152 193 200 212 244 199 171 231 249 164 141 223 175 224 207 136 209 225 174 160 187 203 144 189
133 62 201 148 207 146 212 233 147 166 152 218 177 181 227 231 223 241 179 250 197 191 143 156 238 142 162 170 247 140 225 202 194 204 198 215 176 164 189 209 243 163 184 185 190 211 168 167 221 224 245 171 151 217 186 193 153
134 61 203 219 149 240 206 235 135 137 179 138 211 210 140 204 212 230 246 185 150 147 181 173 160 213 192 159 241 166 225 194 164 184 161 151 136 247 169 176 148 220 232 143 144 196 153 163 244 227 243 172 224 195 175 186 223 200 180 197 221 155
135 47 212 203 148 184 215 144 217 143 208 154 163 248 200 209 175 191 171 213 229 141 194 245 145 206 193 224 170 204 147 236 160 233 165 243 164 221 188 230 211 166 244 201 149 142 173 241 196 222 216 249 153 183 190 231 192 214 225 169 179
136 68 178 140 229 225 162 152 170 202 157 183 249 156 148 196 150 247 189 223 165 233 227 244 161 232 243 137 147 181 159 213 212 185 204 168 231 250 205 173 191 218 194 187 155 214 160 193 186 154 236 164 188 239 211 241 149
137 68 218 149 160 189 154 147 220 246 228 244 177 191 240 181 205 197 151 216 145 198 167 243 174 222 190 233 146 179 199 143 242 247 212 193 235 173 249 215 232 161 219 229 241 185 245 168 144 159 223 140 169 239 142 158 157 221 196 203 163 187 227 202 186 171
138 68 247 195 242 204 173 232 143 165 174 149 190 211 221 162 152 227 181 182 249 154 215 203 246 238 176 147 224 198 212 164 194 235 191 245 161 220 186 241 239 151 202 236 240 197 228 237 199 139 169 213 155 218 192 184 189
139 78 207 188 215 147 149 198 155 237 247 250 239 159 171 240 166 176 146 175 189 234 242 217 209 212 211 162 244 172 205 143 151 180 195 203 229 165 169 145 204 199 230 232 187 248 183 167 241 220 193 194 182 233
140 70 215 184 227 142 230 210 228 171 235 186 170 178 220 224 249 201 169 160 237 145 165 146 164 226 194 182 198 229 162 174 189 191 144 234 143 203 175 185 187 250 223 221 163 219 222 214 147 231 246 217 241 152 154 159 243
141 55 190 191 151 244 187 143 157 165 211 210 147 158 235 247 196 178 239 217 218 170 206 229 166 250 242 195 159 145 226 201 197 246 202 149 163 219 194 199 150 223 184 230 237 144 169 228 192 168 182 200 224 221 249 154 173 189 233 213
142 45 232 213 229 164 193 171 242 238 216 202 160 151 231 215 191 237 246 145 243 148 176 245 244 190 182 180 220 158 206 181 226 156 223 175 172 194 209 233 201 179 168 239 247 235 219 188 214 222 183 192 187
143 86 215 186 164 181 199 203 229 177 247 197 147 217 232 161 196 159 151 155 162 225 237 190 221 213 171 187 219 192 231 150 218 166 222 246 206 158 220 167 202 249 175 180 174 149 238 223 194 144 157 184
144 73 238 244 169 147 199 168 209 159 170 154 166 190 205 163 233 202 246 221 215 198 225 241 235 218 232 239 229 167 242 203 165 191 227 224 245 157 183 161 234 193 230 226 214 222 216 243 180 250 217 176 145 228 196 240 247 206
145 77 169 250 211 229 216 168 240 159 212 209 148 246 225 222 210 231 156 226 182 162 237 175 235 165 230 191 146 217 163 244 157 195 152 153 203 158 189 202 223 186 233 160 228 172 205 170 201 185 194 174 154 151 161
146 100 229 209 242 193 237 207 210 218 219 182 201 214 165 164 225 181 234 198 186 231 156 245 202 197 204 180 189 163 232 235 168 211 151 196 246 199 171 190 250 230 228 238 240 188 172 194
147 91 169 239 190 152 196 154 219 212 215 186 227 182 162 165 247 201 170 208 195 220 226 221 164 160 204 191 185 236 242 245 161 150 172 229 157 179 211 149 213 205 214 217 178 176 189 193 199 158
148 91 242 161 217 209 150 205 165 200 199 220 201 170 202 244 174 149 175 195 234 239 230 194 151 226 221 216 160 163 249 198 183 212 155 223 207 204 182 184 176 181 236 164 154 185 190 197 240 219 229 250 214 248 196 178 206 187 233 235
149 51 171 226 158 160 195 243 183 215 227 198 169 213 193 242 248 207 184 178 165 229 216 223 152 176 219 196 225 247 239 188 172 155 180 173 236 208 245 199 217 162 186 231 192 197 234 174 200 156 212 210 168 250 235 191
150 50 250 244 197 158 196 235 248 212 172 175 202 170 160 241 233 159 152 203 187 234 227 229 162 231 211 156 207 226 222 155 190 167 198 232 161 178 186 189 230 180 163 237 206 199 204 195 223 184 224 200 188 151 174 216 228 173
151 62 220 226 196 195 185 206 203 194 236 224 158 228 155 215 170 164 163 157 182 204 205 167 230 165 218 223 213 210 188 171 183 179 212 198 216 199 162 172 189 180 234 229 246 186 174 217 244 153 152 247 245 248 249 168
152 63 165 176 226 201 230 234 172 243 199 181 239 185 171 217 177 224 221 242 183 220 179 186 227 225 155 167 158 174 190 156 237 246 245 192 197 166 212 250 200 196
153 26 202 236 207 215 184 165 174 227 204 240 211 237 217 224 216 249 250 243 186 234 223 213 221 238 212 228 179 196 160 178 214 201 155 164 166 172 158 225 177 167 208 162 169 247 194 173 189 175 206 154 187
154 40 198 217 249 239 248 220 179 230 200 245 237 212 203 164 190 186 170 173 224 176 160 195 178 189 215 158 228 183 199 167 211 193 241 235 174 182 243 242 233 207 177 221 197 238 192 171
155 72 249 234 200 221 188 170 187 165 238 248 236 228 242 246 160 247 207 178 181 176 208 174 180 216 225 199 175 222 173 156 189 198 245 196 232 186 211 220 185 229 201 244 209 250
156 64 216 221 225 217 248 166 231 167 184 182 174 177 162 205 228 160 245 239 229 226 235 232 189 230 175 237 238 181 164 223 249 243 236 190 209 200 179 219 227 172 246 165 222
157 32 212 243 175 201 192 176 226 203 161 177 196 218 186 242 193 217 231 233 232 247 238 197 213 174 158 241 181 246 198 209 227 164 188 166 160 250 190 202 206 199 240 185 184 222 214 245 239 249 171 162 168 205 234 191
158 80 160 168 184 181 223 209 226 219 237 164 228 250 188 189 177 165 201 215 183 242 192 185 172 202 170 240 230 166 197 214 210 176 204 162 161 217 198 231 193
159 30 214 163 240 209 230 203 231 243 239 249 165 199 246 232 194 184 235 161 187 250 210 247 186 216 172 166 170 177 218 244 207 195 225 205 222 196 208 242 213 227 171 223 219 162 212
160 85 190 216 221 165 242 232 188 172 187 217 162 212 215 161 204 181 206 180 241 185 195 220 177 236 164 225 234 244 245 200 247 192 196 163
161 28 225 166 231 202 203 207 209 238 206 244 220 218 229 174 192 224 181 233 199 184 173 182 246 187 195 189 201 232 198 227 213 193 239 197 223 248 163 177 230 219 170 194 205 183 240 185 167
162 58 191 188 168 241 228 172 242 212 225 163 222 215 203 182 180 239 187 248 227 204 173 171 167 209 218 185 184 238 247 220 177 240 250 232 179 201 170 178 198 235 165
163 62 211 207 168 245 177 237 224 246 188 191 192 210 248 200 247 215 216 185 190 219 187 218 249 208 198 233 228 176 231 213 186 195 239 178 204 179 181 250 244 229 172 209 180 193 226
164 70 217 230 218 193 166 182 228 185 240 229 190 232 165 195 202 237 210 243 235 248 167 194 175 245 177 191 169 201 206 192 213 204 222 234
165 35 222 243 250 228 231 192 180 167 198 230 172 244 247 224 241 238 234 177 248 175 199 208 174 233 237 227 229 226 181 246 169 216 168 179 240 205 204 166 202 200 218
166 89 187 194 186 229 211 226 222 192 199 225 220 191 184 180 174 215 188 202 248 238 223 182 228 207 235 170 172 243 231 190 221 200 247 198 208 210 224 196 189 173 249 240 195 217 212
167 53 185 221 171 214 175 209 170 237 201 205 194 236 197 177 222 189 247 184 168 233 243 242 172 227 218 187 241 173 188 207 248 182 216 192 204 208 229
168 83 224 211 189 187 186 191 230 228 200 182 226 184 176 249 239 222 196 194 225 169 197 244 243 201 205 216 206 207 250 237 208 190 242 238 236 213 233 214 172 203 240
169 72 206 234 247 200 232 239 192 175 233 249 177 208 198 213 184 223 205 240 222 173 250 185 220 212 176 199 219 218 187 170 246 171 209 235 189 188 181 228 224 202
170 30 185 197 190 173 250 236 198 199 221 172 208 213 216 218 181 210 191 179 209 183 225 248 223 188 239 196 211 228 202 174 222 231 186 200 232 171 244 206 192 193
171 68 177 232 175 216 228 242 243 227 233 202 182 217 220 186 223 236 212 174 208 221 248 195 234 244 209 238 188 199 173 225 237 218 172 196 213
172 27 238 213 181 243 193 208 234 194 231 244 211 227 188 174 232 235 179 221 204 222 217 249 226 182 210 183 250 241 197 196 177 176 205 186 192 242 195 206 247 199
173 55 214 218 231 203 236 188 227 185 229 178 180 187 201 195 222 190 232 212 239 208 217 205 242 175 248 199 191 196 226 194 233 224 189 230 206 247 237 241 225 238 213 235 216 243 177 245 221 186 181 179 204
174 70 183 194 215 207 198 231 181 237 190 227 230 180 189 176 247 208 200 206 236 217 197 244 199 218 177 210 196 188 249 186 204 211 175 214 193 243
175 96 197 226 243 229 240 179 192 219 235 189 241 238 212 198 206 182 187 222 194 249 184 224 233 225 244 239 202 237 228 245 196 191 221 223 201 227
176 48 189 202 196 223 195 187 186 245 221 228 178 225 224 236 226 205 233 235 188 250 194 222 231 240 210 241 207 217 204 237 230 199 201 220 203 227 180 229 206
177 69 245 225 180 198 189 243 183 204 249 231 214 201 248 182 246 186 208 220 178 187 244 219 237 196 200 223 212 241 184 191 209 207 210 226 206 217 235 211 228
178 86 193 239 187 238 247 240 180 197 185 221 222 188 205 244 204 243 179 194 225 226 242 184 241 246 230 199 200 195 198 190 232 250 202 182 229 236 231 212 208
179 38 184 192 227 201 243 224 231 226 194 193 246 245 244 213 236 218 195 249 207 228 239 235 232 241 229 238 237 187 197 202 191 190 183 211 219 225
180 35 189 194 210 193 233 246 242 202 239 182 234 197 204 200 188 203 227 226 219 196 211 247 212 232 190 248 230 215 243 216 249 235 213 224 207 186 223 238
181 52 249 202 231 211 187 242 192 215 183 210 199 218 223 238 246 205 214 198 208 201 222 228 240 221 232 203
182 97 214 200 229 228 195 223 209 208 194 211 199 225 186 187 242 238 241 222 240 218 183 184 234 219 196 220 232 230 201 203 224 216 212 233 239
183 78 220 200 214 204 199 209 223 245 192 195 211 197 233 250 193 232 185 238 210 225 217 247 196 236 231 228 208 216 207 234 206 189 202 212 205 194 227
184 74 190 207 248 206 224 220 195 244 231 233 210 234 191 241 199 209 200 192 236 226 232 221 198 237 223 201 216 218 215 217 245 230 225
185 52 249 187 241 189 239 202 243 221 224 194 213 218 247 204 238 209 207 196 190 192 248 227 226 231 206 240 230 205 191 216 244 186 242
186 50 243 226 215 204 250 216 221 241 218 242 222 196 209 239 220 208 223 232 188 194 205 212 202 192 236 207 199 211 225
187 37 215 242 206 246 193 192 200 188 220 244 224 201 211 191 190 204 237 195 243 209 248 223 247 189 216 225 232 226 218 245 194 217
188 64 194 230 209 234 237 219 222 199 211 214 226 201 205 247 206 233 235 213 193 221 189 227 212 246 218 225 249 240 202 228 207 231 241 236
189 45 218 235 236 197 205 203 249 206 217 210 233 214 208 190 250 228 219 239 202 244 193 209 222
190 64 191 196 206 205 246 218 237 204 243 210 239 232 215 224 242 197 225 227 238 234 211 202 228 207 208 222 209 221
191 49 229 215 192 202 243 213 223 204 235 211 219 233 208 220 221 236 225 195 205 239 244 232 227 249 217 234
192 53 212 193 204 199 232 230 227 241 222 207 196 247 218 211 233 206 220 217 234 249 198 208 250 243 210 214 236 221 245 213 226
193 21 210 217 198 215 250 234 230 241 222 248 228 213 201 200 227 249 202 242 223 208 206 239 244 207 236 205 243 233 203 220 196 197 214
194 26 234 218 209 225 228 244 201 247 227 205 246 196 208 204 199 198 212 213 248 233 245 224 232 229
195 39 198 236 242 238 216 245 227 226 231 223 249 221 199 205 250 202 246 214 230 224 240 233 210 207 247 212 234 225 228
196 52 206 229 220 248 226 244 207 215 230 212 238 247 211 200 239 218 241 246 250 236 199 225 243 204 221 235
197 95 198 220 209 223 245 213 206 246 207 219 224 222 233 199 248 218 216 201 229 237 236 238 231 250 210 227 221 204 241 230 235 240 228 212 215
198 72 246 249 239 225 217 231 214 211 199 206 216 218 238 213 207 242 243 205 245 200 247 244
199 50 205 237 219 204 218 201 240 200 241 215 233 236 234 220 217 247 228 214 235 222 246 212 244
200 83 205 228 235 230 226 234 244 211 224 225 240 236 238 250 218 202 247 233 206 237 229 242 227 203 220 243 245 207 248 201 204 209 219
201 83 236 228 217 229 233 231 238 204 224 234 248 218 211 221 214 219 232 208 207 243 205 212 216 242
202 99 240 246 216 248 235 247 218 224 220 243 219 221 226 208 232 223 207 230 236 244 241 205 231 204
203 90 235 245 243 233 244 210 241 239 205 220 207 209 237 216 218 250 219 247 211 217 230 227 232 238 221 223
204 53 240 236 227 225 214 238 232 228 248 242 250 217 210 246 221 229 222 211 209 215 233 206
205 84 247 248 222 217 232 211 228 242 215 224 225 234 239 244 246 223 233 214 235 208 249 238
206 85 244 242 230 218 247 215 249 234 248 235 209 217 223 233 246 241 212 229 250 245 228 221 210 239 236 222
207 81 235 212 239 245 238 244 242 236 228 237 234 215 217 226 232 219 208 213 225
208 68 227 245 231 244 222 237 228 220 214 217 218 215 230 234 216 226 209 249 247 248 224
209 87 214 250 237 213 244 238 222 235 240 231 233 211 247 230 229 241 245 210
210 35 250 245 224 221 229 225 240 222 236 247 241 213 217 246 239
211 83 215 245 228 224 232 235 230 240 241 223 227 218 239 231 233 213 236 246 243 225 234 220 237 248 250
212 54 215 224 219 235 238 245 243 242 217 239 229 241 220 221 216 233 247 246 249
213 47 218 222 235 230 226 223 239 237 245 214 236 246 225 241 250 233 221 220 249 243 215 240 244 247 228
214 61 233 230 250 245 232 225 221 237 218 217 246 229 222 241 227
215 27 236 219 240 237 250 238 249 245 230 218 216 243 232 231 235 221 242 239 224
216 79 249 230 247 243 229 239 221 225 228 233 232 240 222 220
217 26 237 232 224 233 231 222 244 241 243 234 239 242 236 228
218 60 224 219 244 228 230 250 241 243 236 249 238 240 221 234 223 235
219 58 229 239 238 242 221 224 228 243 235 222 248 241 223 233 246 247
220 51 244 250 223 227 222 247 234 246 233 249 243 224 235 232 230 239
221 23 237 250 234 225 229 226 228 232 223 240 244 227 246 231 248 241 245 242
222 22 250 243 241 229 242 238 225 226 247 224 232 239
223 20 226 231 243 244 248 239 238 241 224 227
224 41 230 247 234 238 243 235 237 249 229 231 250 244 248
225 28 249 228 247 248 246 238 230 242 235 239 250 227
226 39 240 250 241 230 232 227 235 247 234 244 239 236 228 229 238
227 89 241 237 234 231 230 244 235 240 238 243 248
228 23 236 240 245 246 235 244 241 248 238
229 26 239 237 234 238 241 230 249 242
230 39 235 247 249 232 240 238 233 234 244 231
231 86 243 247 249 233 248 246 234 250 238 242 245
232 89 250 241 238 239 240 233 247 235 245 248
233 53 239 237 249 238 247 244 242 245 234
234 91 245 238 248 244 239
235 58 249 245 236 250 238
236 36 240 244 239 242 237 250 245 246 248
237 91 238 245 246 248 240 249 244 241
238 54 244 239 240 248 247 246
239 84 250 246 241 240 242 244
240 93 247
241 69 247 243 248 244
242 66 245 246 249
243 46 249 244 248 250
244 31 246 245
245 42 246 248 250
246 69 247
247 90 248 249
248 48 250
249 45 250
250 48
