250 150
1 20 51 108 212 190 239 91 243 30 43 31 5 79 237 154 151 13 208 247 155 134 231 128 129 66 104 117 144 80 123 97 221 71 54 162 174 3 189 44 207 113 41 111 204 181 161 12 14 167 23 85 206 140 249 119 75 18 125 143 150 127 223 244 52 70 139 164 168 188 112 147 220 201 53 227 118 166 109 59 248 183 229 226 7 205 124 171 56 46 135 98 17 197 6 96 10 28 86 78 145 68 24 58 82 173 107 26 62 186 29 11 4 114 225 250 163 35 110 241 149 152 133 165 90 194 146 87 234 176 63 214 102 203 224 215 172 15 34 232 100
2 51 175 240 202 45 105 111 44 100 162 242 189 79 218 158 59 207 84 19 171 107 249 76 99 146 211 119 6 243 36 134 180 174 121 200 85 179 161 168 4 204 60 154 118 130 46 142 55 215 10 170 34 42 82 193 56 229 224 52 61 83 32 54 122 123 216 157 101 172 136 148 208 16 73 93 104 3 231 190 129 89 71 70 110 126 18 108 124 245 173 94 241 66 239 48 103 203 150 72 164 51 80 90 197 21 214 205 74 138 210 12 135 30 236 33 153 47 112 97 195 132 145 131 86 137 35 194 50 41 113 96 223 11 98 140 222 116 198 58 186 209 7 22 106 68 69
3 85 141 56 32 185 156 142 208 202 26 130 59 31 112 66 207 169 177 75 98 211 27 246 153 21 136 20 215 206 46 116 28 184 16 18 230 42 12 181 199 115 133 78 14 179 114 90 135 7 148 10 23 13 166 95 244 159 49 38 170 200 93 96 157 149 138 168 101 58 223 29 83 128 40 174 9 180 163 19 158 131 190 195 204 63 11 105 214 89 144 197 218 234 249 165 171 65 176 203 139 145 146 227 81 183 17 151 57 140 76 5 22 137 35 172 77 117 36 61 217 188 67 118 221 164 213 205 103 242 250 178 193 150 191 196 79 161 189 173 240 30 247 72 8 106 220 187 88 167 25 124
4 39 171 220 178 149 72 228 80 183 249 48 21 250 70 209 71 190 182 201 125 30 104 85 168 248 222 207 27 109 166 184 94 60 91 158 133 89 26 148 235 234 212 20 239 121 33 54 217 244 146 40 102 67 135 211 73 173 101 11 100 237 218 119 198 144 44 145 92 127 131 108 132 32 36 99 215 62 97 111 118 130 123 15 136 155 64 41 112 83 243 12 93 214 96 167 238 186 8 150 19 115 86 189 117 233 45 63 188 165 29 16 219 98 59 174 247 193 74 230 7 202 162 138 137 197 241 34 172 224 143 22 56 196 153 200 134 199 157
5 92 134 77 10 141 248 35 172 231 212 88 178 13 83 139 143 116 180 36 76 216 209 249 168 239 91 202 72 18 145 63 174 181 20 99 241 192 187 70 25 105 120 41 106 194 204 59 60 73 167 87 233 151 193 50 79 220 226 157 21 121 198 104 153 115 137 26 165 135 65 17 12 85 238 197 147 217 240 191 250 44 66 246 23 29 94 101 149 38 109 164 243 122 152 9 127 62 75 69 90 230 225 6 14 163 47 34 138 228 133 195 81 51 159 32 123 189 148 98 100 22 19 80 118 107 162 93 28 190 221 68 111 67 160 7 140 184 125 49
6 46 220 151 65 206 130 140 29 105 240 63 239 32 30 53 62 75 142 216 171 170 202 87 83 158 91 76 162 213 145 186 67 58 159 249 97 137 172 73 120 179 57 132 153 122 106 205 92 17 48 79 52 150 148 111 28 219 104 101 131 26 103 141 109 114 18 82 110 180 46 200 191 144 165 11 221 119 89 189 238 242 178 115 90 199 248 156 210 196 241 88 98 42 56 230 176 54 168 96 107 233 86 194 181 108 224 43 123 218 143 250 74 246 16 44 10 190 112 27 21 128 95 208 47 59 116 41 229 223 243 207 188 225 133 78 34 195 77 155 164 192
7 74 90 57 192 212 36 92 247 140 125 106 41 53 18 250 187 183 49 226 72 155 129 163 189 176 238 48 142 132 66 231 116 80 211 64 89 233 38 95 76 149 170 61 84 27 219 79 248 234 135 239 63 137 177 98 193 31 73 148 223 56 171 118 199 174 88 120 34 161 99 51 67 208 162 77 101 169 136 139 244 97 83 112 237 35 65 40 114 156 232 122 186 240 205 100 94 55 197 23 133 152 123 127 87 91 74 201 126 29 25 154 124 179 224 110 39 134 32 62 96 147 78 108 81 46 45 182 202 178 160 220 69 191 166 117 37 16 145 144 218 173
8 79 165 185 203 111 38 238 235 182 137 126 19 228 232 43 199 23 36 144 21 134 57 109 17 117 229 108 66 174 118 159 56 30 69 162 107 65 246 46 11 122 152 168 103 110 125 209 179 204 234 146 176 225 239 77 145 78 76 189 143 148 10 160 196 53 64 178 35 99 124 74 236 61 94 241 50 173 240 70 49 113 181 249 34 207 180 22 194 54 223 59 131 93 192 15 101 161 29 83 48 45 167 219 197 191 224 156 9 190 149 100 31 97 102 177 184 26 214 201 147 82 47 119 58 91 169 87 90 212 123 105 41 170 210 112 226 42 171 89 127 136 248 217 98 28 166 139 188 14 208 158
9 77 201 18 183 101 86 250 162 67 53 238 46 217 69 236 169 194 109 110 114 186 187 78 143 243 94 71 116 91 12 233 229 198 65 177 234 96 77 31 130 27 213 82 192 121 219 111 163 173 47 24 239 140 189 115 165 45 167 197 80 245 211 124 132 155 36 63 222 29 178 159 85 17 218 199 102 34 210 112 72 146 193 48 95 129 73 40 70 79 137 188 232 89 148 57 127 190 181 172 107 125 23 117 49 16 164 206 240 126 230 75 235 35 242 100 122 120 105 103 83 39 119 26 231 244 209 160 212 11 195 185 247 203 81 62 174 22 241 43 168 149 32
10 21 170 22 70 228 90 133 147 206 235 34 212 140 87 97 53 210 187 78 175 59 192 45 39 124 241 107 168 178 180 158 94 155 149 60 248 73 199 109 215 113 26 173 222 157 98 154 145 86 161 111 190 105 177 148 200 21 61 247 69 38 23 195 196 185 164 126 74 137 171 143 36 88 32 89 242 29 239 30 182 65 13 103 189 95 123 234 81 54 144 84 150 108 201 48 24 208 125 183 202 193 207 216 117 12 205 230 37 41 172 40 18 166 232 118 128 236 151 146 231 184 223 15 43 92 47 72 62 139 204 233 20 194 51 226 64 159 104 227 80 66 93 25 50 163 58 142 224 156 141 138 120 174
11 69 183 234 205 103 202 18 107 238 190 245 176 181 82 188 232 177 157 76 173 108 66 114 128 45 119 165 60 61 203 111 106 241 118 37 116 64 109 230 227 21 231 126 219 110 91 93 249 98 228 225 15 150 115 31 200 235 38 25 28 194 211 222 113 12 250 158 53 20 49 97 46 117 80 72 244 42 124 63 168 240 94 179 58 192 79 19 206 87 216 166 131 75 23 236 54 209 27 34 92 199 226 41 155 184 208 229 146 248 132 161 178 48 84 30 40 151 145 159 51 207 196 47 43 13 33 100 120 65 167 68 239 142 16 138 210 86 182 73 186 247 191 242 152 233 143 149 29 204
12 61 135 46 51 99 43 199 75 32 243 190 53 104 214 200 213 196 185 160 116 189 108 241 222 165 169 64 161 98 118 137 119 100 247 80 232 174 238 198 151 17 237 217 83 37 249 133 235 129 93 156 52 40 68 47 211 23 81 234 85 186 78 86 153 84 250 146 159 128 123 58 87 120 202 130 124 201 228 28 96 72 180 121 220 49 111 150 73 193 236 230 205 204 65 35 36 136 143 162 16 102 184 167 246 187 127 103 60 181 74 176 57 248 157 70 209 71 168 15 141 195 66 147 77 188 216 170 115 89 30 91 45 34 27 33
13 100 45 225 113 57 241 75 247 27 103 236 227 195 24 226 106 134 19 159 170 101 43 74 206 197 182 46 15 81 128 162 192 119 165 108 137 50 85 80 147 156 117 176 155 35 109 32 161 53 20 86 215 145 92 250 111 68 237 231 67 174 243 95 122 29 41 83 213 198 25 102 181 154 99 189 52 166 186 239 173 234 184 124 199 200 63 62 77 105 115 178 144 143 38 153 76 88 131 129 248 56 233 235 245 205 246 202 203 160 217 148 49 230 208 223 37 93 207 188 89 69 212 94 164 219 123 42 191 71 204 242 190 22 152 214 172 221 44 120 175 238 33 121 132 216 51 34 114 158 90
14 98 207 150 83 46 77 17 50 238 92 62 51 99 144 176 129 76 59 135 199 37 68 222 119 55 23 232 188 172 109 70 47 49 211 245 112 220 39 218 74 228 89 209 163 133 184 73 154 98 198 116 107 29 138 43 41 106 201 221 42 97 128 58 127 27 237 233 60 242 162 204 147 108 19 63 167 180 156 66 195 79 102 26 91 219 38 177 142 203 80 151 141 190 236 95 122 152 243 45 18 48 87 139 61 88 186 240 197 90 213 82 223 200 125 161 193 22 67 93 118 35 234 210 94 249 15 84 136 173 44 224 214 85 104 215 157 159 113 137 54 30 103 110 166 123 53 140 115
15 35 104 128 32 248 222 232 138 169 38 25 56 113 211 46 241 231 159 189 143 201 124 45 150 68 69 40 198 60 219 168 49 191 91 74 228 28 244 90 116 50 208 250 89 130 146 61 179 177 132 95 171 249 180 213 47 196 163 194 181 63 157 188 230 102 81 110 70 205 236 182 17 137 166 123 212 234 117 187 227 203 151 200 84 176 24 145 64 133 77 27 42 186 71 245 125 66 209 83 184 239 156 152 111 218 120 129 92 20 167 193 199 173 100 242 118 39 106 121 87 175 155 67 114 247 192 148 237 190 235 136 172 217 33 141 153 98 30 108 78 80 127 99
16 94 213 100 143 102 200 241 167 26 244 97 111 21 145 215 68 121 192 98 180 172 79 33 120 116 228 37 163 61 152 219 155 207 147 141 142 129 174 96 201 214 132 49 59 250 119 136 194 64 43 158 27 44 189 89 32 206 225 23 106 38 217 81 22 185 17 95 135 209 40 198 54 247 236 151 162 112 222 131 30 25 165 160 78 67 199 56 29 144 117 52 39 203 229 179 168 41 240 178 187 148 84 88 181 127 115 87 53 188 31 46 246 171 94 159 70 109 105 138 173 75 197 221 133 130 248 76 72 113 193 20 237 57 74 69 190 223 175 36 224 134
17 83 238 55 200 176 113 205 84 32 66 184 201 242 170 71 162 143 82 166 248 106 246 79 218 187 93 207 105 180 141 188 168 186 179 112 189 130 131 191 123 161 108 38 163 107 214 151 99 91 21 174 47 159 232 210 144 36 120 52 46 117 77 25 40 89 177 221 69 147 206 116 81 224 20 56 119 96 150 49 171 64 37 230 193 65 50 175 250 122 197 243 222 164 182 92 73 100 140 219 142 31 44 202 154 83 60 97 237 125 43 72 88 225 165 22 213 235 127 167 149 59 136 86 24 153 155
18 36 208 164 138 198 59 87 74 245 80 209 234 202 28 176 140 127 46 36 104 72 124 168 212 237 244 239 35 218 22 42 40 177 145 86 249 45 179 227 121 136 250 192 203 191 211 65 172 149 102 98 106 61 241 174 132 226 100 165 43 166 50 186 85 64 206 122 151 144 31 37 161 207 66 107 76 232 96 146 141 160 183 235 29 109 63 55 187 190 229 126 83 34 20 135 111 188 158 60 120 91 113 77 110 129 53 178 108 181 217 130 84 222 73 236 201 19 182 173 169 231 194 171 99 26 88 163 23 220 79 243 48 246 224 215 157 81 134 119 159 131 240 33 123 25
19 94 155 225 91 231 241 41 173 23 128 104 94 167 185 133 232 189 197 199 206 229 239 48 116 212 47 184 108 170 20 70 222 26 81 243 198 109 182 226 50 131 214 22 85 160 168 99 69 110 171 121 127 52 157 187 142 220 84 88 210 149 51 114 73 97 146 115 63 139 233 211 250 136 102 56 72 181 120 140 68 228 25 169 183 33 249 64 141 39 245 247 218 93 164 34 126 132 208 112 147 90 24 82 235 130 71 40 46 172 96 238 137 162 178 36 179 143 74 200 53 244 44 192 240 230 204 156 161 100 62 188 124 202 37 150 38 217 154 89 105 30 113
20 99 63 49 77 136 211 70 168 117 25 41 223 50 153 51 91 248 52 45 180 92 230 241 162 184 123 22 158 198 200 31 167 237 59 61 90 188 160 205 99 232 75 105 148 206 78 72 24 203 146 130 231 194 220 213 48 47 43 110 119 35 108 249 170 54 179 104 214 111 62 192 65 131 171 207 177 87 240 96 109 150 239 46 56 224 44 114 39 139 27 66 190 159 64 120 212 129 185 106 28 89 38 195 222 221 81 88 178 165 122 112 225 187 183 137 244 128 135 141 94 140 217 107 215 218 121 157 151 36 161 149 80 142 175 189 210 33 250 228 82 115 164 147 74 182
21 55 103 227 50 142 81 182 102 244 65 133 63 204 168 157 190 144 131 90 76 99 44 34 92 179 35 226 113 64 126 243 98 214 231 192 247 52 232 195 188 39 218 191 200 184 135 83 67 31 164 238 70 229 153 146 219 250 121 163 36 249 120 174 156 51 205 130 223 33 175 112 145 234 228 47 230 27 117 196 59 58 169 57 78 84 152 136 143 202 85 56 49 107 189 212 22 171 110 210 236 201 147 150 122 95 151 94 74 45 62 170 48 239 245 75 104 89 128 111 68 114 77 29 165 30 180 199 88 132 109 207 172 197 225 166 71 216 139 42 194 211 161 187 46 124 181 96
22 20 155 52 194 67 110 210 29 222 83 230 239 108 146 117 132 78 158 120 216 181 232 186 95 243 182 135 128 80 89 225 72 31 91 63 200 129 144 102 208 170 137 196 166 112 32 188 40 238 130 247 154 205 218 142 180 23 123 179 35 50 61 234 41 250 136 151 229 199 226 209 114 202 191 42 141 109 161 134 177 49 43 33 126 97 213 195 207 228 122 236 143 160 107 69 65 215 140 249 73 233 56 185 176 96 131 45 48 74 187 85 220 242 197 84 164 57 145 245 204 39 169
23 29 228 148 69 205 158 239 93 172 107 27 141 188 88 223 222 242 220 99 240 28 232 71 225 31 133 139 59 192 25 207 249 100 80 247 111 119 66 181 160 45 134 79 163 212 206 218 78 122 137 56 94 103 147 64 229 83 117 77 131 108 199 169 195 70 42 183 135 243 95 244 214 52 110 178 98 58 91 165 102 193 132 68 182 112 86 186 196 127 90 106 26 82 236 191 164 92 105 233 166 180 226 209 62 51 109 136 61 201 24 168 60 179 120 204 35 81 121 49 213 36 190 54 234 184 46 221 124 246 30 39 171 187 48 89 129 161
24 56 188 184 76 97 78 204 75 107 134 46 191 48 178 171 197 198 142 40 89 133 135 250 99 240 110 190 144 77 246 196 148 169 95 92 61 155 140 104 80 147 168 141 43 241 96 179 223 185 186 44 136 70 82 226 127 138 79 228 122 146 72 207 245 91 221 50 189 143 81 30 137 56 125 101 52 238 200 98 173 106 215 230 165 84 202 167 85 120 60 208 181 151 216 192 157 90 199 28 25 83 175 149 116 201 26 121 170 64 249 180 86 109 244 115 177 209 128 63 88 231 94 232 103 213 154 236 113 35 41 27 174 58 227 65 163 31 211 59 71 159 225 162 182 247 156 210 87 114 139 37
25 36 200 51 85 245 33 102 219 212 67 80 126 216 74 141 196 78 54 82 177 58 240 166 217 145 234 29 222 184 231 195 244 120 62 86 137 104 146 236 226 94 71 160 115 156 164 50 185 182 144 26 112 117 233 121 207 168 84 134 165 100 55 237 131 75 59 38 53 107 119 250 127 172 27 176 70 87 122 149 227 93 159 56 34 194 52 241 174 98 125 157 47 116 181 208 228 110 37 192 183 77 45 225 129 73 163 178 190 57 238 197 210 101 140 220 158 36 205 152 203 213 209 235 135 211 89 180 175 221 35 132 90 154 69 202 218
26 59 28 236 165 124 137 114 181 232 121 220 118 66 73 126 249 208 74 182 144 215 168 201 111 247 90 242 44 64 57 170 48 196 194 105 43 250 238 164 175 51 151 197 246 176 130 245 229 183 189 221 200 29 143 157 95 188 226 62 39 79 235 212 108 101 35 77 163 186 234 240 178 89 84 96 133 38 142 149 110 112 87 198 135 33 65 227 42 152 141 41 166 174 82 31 63 83 116 94 76 123 61 185 91 40 224 199 218 158 244 153 173 128 154 80 134 93 191 145 223 119 190 206 81 102 211 231 97 78 146 159 129 53
27 86 66 65 103 78 234 71 212 166 248 36 104 68 174 64 169 147 205 41 135 206 164 108 69 96 143 162 198 92 91 250 172 81 138 152 188 160 84 85 185 150 49 100 142 211 61 129 203 105 141 202 209 82 139 47 189 236 178 218 134 115 126 239 184 235 246 55 210 157 48 51 176 191 194 99 148 30 217 170 137 177 207 238 232 70 136 195 144 86 52 40 120 173 59 72 161 204 179 89 132 219 42 60 158 94 197 240 125 79 87 223 196 111 146 31 110 97 225 171 43 33
28 71 81 151 244 190 122 103 110 217 56 89 105 29 183 160 194 232 224 60 189 206 163 210 237 172 245 203 248 177 97 99 126 149 146 249 156 41 247 76 31 239 62 150 86 77 47 141 118 229 102 137 117 171 225 226 148 215 243 125 87 241 157 180 34 49 98 220 246 199 205 168 235 115 204 124 191 120 88 173 213 40 155 93 132 202 139 196 95 197 94 64 198 164 72 130 123 212 227 65 67 80 112 142 84 59 159 236 71 161 178 68 147 75 109 179 242 222 108 46 176 111 211 154 104 48 85 238 138 200 100 192 52 33 91 188 92 186
29 96 160 164 192 183 243 219 65 128 39 37 36 246 202 194 78 129 193 170 245 41 154 104 131 71 127 157 236 185 137 53 123 166 67 100 144 222 208 177 216 148 33 59 122 146 152 73 242 34 199 173 162 52 213 206 117 217 56 120 247 179 214 134 238 112 99 143 60 97 200 158 50 142 235 232 76 155 96 45 250 189 74 121 108 82 35 83 230 190 43 44 220 178 224 75 207 118 218 229 51 42 210 46 228 182 69 115 226 141 48 90 109 98 130 57 40 111 32 165 38 62 84 66 61 79 114 188 124 105 80 240 212 227 187 101 145 196 239 94 102 106
30 80 109 186 181 60 70 248 77 65 189 194 101 180 39 206 131 54 229 153 146 247 250 231 175 197 193 238 204 160 96 91 84 132 225 90 151 121 75 235 45 159 105 178 202 182 122 249 224 83 81 94 103 44 97 210 138 63 139 74 226 33 198 205 87 93 46 145 130 152 128 147 246 218 164 113 89 169 100 72 239 240 230 215 227 222 67 32 241 78 47 217 200 192 68 102 144 244 52 212 184 155 221 209 216 99 115 41 199 237 119 133 56 187 110 92 98 104 34 58 207 201 196 167 125 137 95 108 188 228 149
31 68 130 134 124 135 185 100 152 58 204 45 167 221 62 242 90 99 86 214 208 245 181 238 109 161 246 115 60 57 104 68 233 123 230 118 92 178 35 194 237 176 52 53 169 174 166 226 240 120 116 146 223 168 75 89 113 47 189 105 81 69 51 170 217 132 83 192 203 78 49 131 206 197 94 110 247 227 70 87 244 77 48 139 59 133 220 140 103 231 67 55 198 209 180 191 165 215 199 211 239 82 184 138 66 151 63 172 164 213 248 148 200 96 122 50 160 195 125 235 114 41 108 186 106 137 229 232 61
32 96 229 100 143 127 155 102 169 207 227 148 129 240 196 222 248 115 120 83 174 150 108 187 190 182 38 228 78 217 223 167 85 188 191 164 124 87 241 34 75 95 42 178 140 136 130 201 96 157 175 37 72 131 189 194 67 233 45 166 231 112 177 98 221 237 122 142 156 94 114 234 224 101 133 81 77 154 226 220 153 250 184 46 63 186 215 47 203 238 80 82 200 245 230 49 232 195 218 183 121 158 199 216 242 110 170 69 71 193 113 64 135 84 213 159 66 243 212 48 176 92 54 235 236 225 147 146 89 62 88 244 208 118 151 145 162 70 205
33 46 224 191 247 65 148 52 185 146 107 228 232 120 55 201 101 226 145 214 227 117 235 74 40 159 205 125 90 198 165 186 89 45 156 34 126 135 147 188 177 249 66 144 110 170 202 37 237 114 69 88 39 238 179 79 217 220 59 189 95 104 195 84 130 124 109 149 209 167 207 116 240 68 47 161 174 196 76 225 94 151 132 142 182 150 50 164 193 92 77 204 63 229 72 58 212 38 208 211 111 119 122 175 115 194 75 184 56 134 242 136 166 210 244 153 44 187 121 51 139 172 239 108 61 158 67 171 157 221 128 173 71 160
34 69 86 129 237 189 224 227 67 174 116 99 74 236 81 52 246 139 202 197 50 103 109 150 61 72 241 209 165 232 175 156 208 91 168 93 106 169 234 172 97 98 134 198 59 248 160 79 138 239 42 230 213 250 105 122 142 41 217 182 64 133 40 38 149 249 78 100 201 155 205 206 57 66 53 219 185 173 244 203 152 210 144 140 120 75 113 39 35 207 214 121 128 84 119 118 220 70 94 216 104 183 115 164 186 181 102 199 96 188 238 107 126 76 191 200 166 225 218 167
35 50 64 88 241 95 205 154 58 152 61 218 245 49 189 48 150 174 40 42 167 107 127 109 201 53 89 73 240 123 78 237 57 47 131 178 94 55 102 192 81 198 153 125 114 124 86 197 142 236 211 232 59 77 68 207 158 195 182 206 231 248 249 234 145 225 50 129 191 121 220 157 99 188 242 181 170 227 247 85 140 214 87 172 66 146 190 128 230 215 166 84 184 233 143 80 229 119 45 144 108 46 202 139 213 79 238 60 100 137 239 38 179 52 138 203 72 193 212 148 39 132 171 136 216 221 199 91 98
36 37 200 184 138 170 52 218 203 164 198 161 168 189 50 91 233 207 70 135 212 133 226 208 62 194 82 181 245 117 125 106 144 129 97 60 41 153 89 211 84 139 196 98 157 132 124 186 197 169 43 247 130 146 74 205 172 175 93 162 38 92 51 88 195 116 56 238 128 237 118 171 188 65 148 95 102 229 224 64 81 187 147 112 183 46 223 47 248 78 94 104 156 67 209 75 231 90 100 182 180 192 136 151 137 190 109 210 166 121 228 83 57 39 63 122 115 86 176 221 177 240 250 222 179 131 40 142 134
37 95 115 173 46 243 93 136 53 218 85 216 75 168 103 170 223 242 114 185 59 68 186 207 92 70 169 38 238 60 126 247 143 121 104 67 187 146 200 235 165 135 41 131 148 129 69 198 197 174 139 64 233 205 96 158 101 177 97 150 113 189 202 91 212 80 86 58 219 209 54 65 50 112 108 163 230 73 47 211 226 42 195 78 149 79 229 162 234 62 167 250 192 123 66 124 118 220 160 188 43 208 224 44 98 71 122 240 83 182 184 153 147 201 81 199 99 128 87 111 95 227 40 172 190 213 237 152 159 161 109 164 151 171 107 84 210 246 120 130
38 24 73 106 177 155 228 195 183 176 159 168 231 134 140 53 47 63 170 127 233 167 199 205 226 50 236 156 126 138 196 105 60 130 84 52 119 139 136 153 69 224 56 55 210 203 247 201 174 145 59 118 82 150 107 244 54 98 141 62 128 193 211 144 89 237 143 124 162 197 133 96 77 161 250 158 112 207 204 142 70 91 46 111 49 132 152 222 212 238 93 200 163 214 114 160 72 240 187 186 165 208 109 129 230 191 57 48 149 180 175 97 120 80 123 190 172 115 83 239 41 122 137 185 178 117 198 66 194 227 51 108 154
39 96 210 96 71 80 142 135 144 240 86 185 195 138 61 107 169 194 186 75 114 196 166 193 173 232 159 192 211 152 120 205 76 136 47 43 91 70 103 243 150 62 52 175 226 69 179 53 133 57 238 201 148 99 250 50 246 204 90 83 147 44 222 117 163 87 110 63 220 189 206 127 234 190 157 165 236 214 219 174 109 233 215 167 119 85 137 143 141 92 40 180 46 183 97 102 58 171 149 172 64 228 54 208 77 60 67 239 242 235 197 221 161 209 121 73 249 224 160 131 218 191 176 182
40 88 73 45 89 101 44 83 130 150 115 244 88 69 54 95 63 53 222 223 172 226 136 58 246 185 234 159 148 119 181 102 117 191 162 164 60 192 91 50 183 142 250 116 99 92 47 82 111 178 193 240 109 74 123 112 65 103 76 55 220 169 157 200 68 214 100 118 104 135 48 146 225 149 98 70 233 107 132 180 186 155 230 85 182 125 208 207 210 198 205 131 173 139 133 145 242 134 108 147 231 212 228 86 215 96 138 174 75 110 93 114 165 153 72 247 202 211 170 195 238 127 213 122 177 219 67 176 243 126
41 41 179 201 161 114 77 87 123 198 107 240 154 63 92 66 177 61 214 234 211 54 207 73 132 44 45 194 141 163 104 170 88 156 118 159 173 219 106 193 174 228 93 137 230 139 69 47 57 55 149 208 204 113 126 72 49 250 197 223 168 246 103 84 99 120 115 196 189 180 136 105 98 200 90 101 42 171 64 182 187 238 184 76 162 59 147 71 100 233 229 241 96 202 217 60 176 239 210 129 183 56 83 185 167 140 91 94 74 134 127 75 110 112 242 235 166 138 121 212
42 81 186 127 62 190 223 61 152 79 102 133 69 109 248 131 122 216 191 143 81 71 239 65 156 89 139 90 171 188 218 123 47 201 145 92 50 204 91 111 168 98 174 165 44 162 154 151 95 199 153 60 241 105 112 56 52 166 243 244 158 176 245 220 147 87 249 125 163 187 224 157 55 103 43 100 214 83 58 124 215 230 140 202 236 93 128 126 141 49 207 116 132 66 142 173 160 75 59 206 235 192 96 250 146 172 180 167 185 227 53 209 169 228 106 51 148 219 233 74 76 213 229 64 237 181
43 48 250 198 222 237 51 223 103 165 50 148 197 154 128 200 145 182 46 106 171 155 228 117 199 212 233 249 54 137 217 125 175 144 132 191 242 246 52 166 203 150 138 193 227 201 114 196 89 216 205 74 78 152 97 141 95 143 229 219 213 111 180 73 48 192 80 169 121 57 58 168 230 98 188 45 206 112 158 79 236 77 178 174 239 129 215 116 202 91 218 241 61 108 146 127 134 195 83 96 149 243 224 214 208 136 225 76 93 220 101 131 55 133 179 44 176 204 60 75 124 163 99 173 100 142 68 147
44 40 249 72 75 218 137 133 220 78 156 229 173 223 101 99 164 77 162 216 74 199 64 208 238 103 127 136 142 219 92 76 246 81 250 61 55 176 70 180 93 65 117 212 47 190 228 213 178 245 185 111 195 121 124 116 144 224 107 106 205 52 140 188 179 232 68 203 114 145 197 96 94 215 237 49 174 46 204 62 67 167 104 159 234 226 202 158 214 73 51 50 177 66 157 149 88 189 83 128 82 161 153 105 239 71 186 165 112 241 151 141 146 206 119 225 69 110 242 48 58
45 78 140 69 159 215 102 228 186 175 92 127 46 49 219 148 218 237 206 230 93 153 191 128 176 201 105 234 114 207 94 110 97 81 245 179 52 181 172 80 58 240 79 90 217 117 178 103 143 108 203 144 124 244 62 199 166 163 193 63 86 61 55 147 220 131 75 76 189 91 202 89 104 184 126 60 85 65 113 106 130 83 160 133 168 226 241 167 88 138 77 149 72 183 116 214 111 96 198 154 56 232 59 250 132 188 142 158 120 64 185 161 95 195 225 67 182 141 171 82 68 231 122 242 66 236 115 238 53 150 162
46 63 186 180 212 242 53 110 127 153 138 57 105 183 154 76 97 193 66 120 205 131 208 198 56 151 147 68 136 215 228 187 69 55 219 135 238 134 88 132 202 172 232 81 106 221 236 206 248 222 204 173 162 213 237 168 112 111 59 63 150 128 224 141 118 246 52 70 245 190 103 234 89 167 98 71 247 223 174 93 75 78 109 216 82 145 218 49 240 90 166 225 58 161 197 95 200 143 182 169 226 100 72 192 60 175 211 80 61 91 116 96 230 86 54
47 33 114 121 247 118 51 150 136 89 227 208 245 170 240 129 100 241 177 102 179 178 50 106 90 69 77 103 151 154 185 131 216 59 224 139 217 94 127 203 124 184 249 175 237 76 117 197 173 84 144 145 119 63 214 134 202 156 220 108 187 215 212 123 132 125 141 109 231 191 115 92 211 194 72 75 107 110 232 116 74 140 86 164 70 128 161 239 219 57 221 62 234 96 160 226 210 122 155 200 199 142 85 235 67 126 143 53 168 190 112 172 152 186 99 176 163 183 189 135
48 77 111 127 95 243 175 195 80 107 84 141 247 214 61 133 77 173 122 160 143 52 117 242 158 150 220 184 138 58 198 71 201 94 131 197 164 234 140 92 236 224 180 98 125 217 204 163 227 55 136 50 166 156 229 49 240 205 161 177 172 137 226 68 153 192 179 60 81 208 191 75 146 216 162 207 65 91 169 119 118 110 114 222 159 57 51 70 168 72 85 83 120 134 93 126 246 231 79 121 165 232 142 74 167
49 95 175 58 137 223 176 174 235 117 201 104 99 242 77 55 172 83 152 209 102 208 226 234 75 129 81 214 120 86 230 195 219 233 107 143 159 163 109 71 191 60 144 74 78 194 92 122 121 138 136 171 160 215 224 250 217 82 164 56 190 238 139 87 151 98 62 146 239 91 229 207 51 181 134 65 183 116 249 247 248 141 245 57 240 112 84 157 140 153 142 94 108 79 206 166 90 178 212 113 156 106 66 149 147 232 231 115 182 200 131 52 243 244 179 95 218 199 68 162 127 237 80 236 154
50 42 208 111 101 68 136 92 128 107 108 59 191 220 223 234 93 180 226 240 173 244 67 196 120 57 190 95 142 237 174 135 217 130 218 127 204 169 53 192 84 109 225 140 167 129 149 117 222 83 66 175 201 137 85 97 215 214 86 122 119 104 166 113 74 81 248 189 141 184 102 156 56 235 143 105 115 75 103 194 90 172 148 198 118 71 178 171 177 121 125 98 212 52 110 233 188 51 210 176 138 70 232 159 163 116 106 187 96 123 145 205 231 160 245 197 165 243 151
51 75 174 185 192 143 100 110 70 146 249 134 179 204 200 231 148 96 83 75 198 243 161 129 55 248 52 66 117 225 124 152 186 131 212 109 126 88 158 208 191 195 138 154 168 69 238 91 160 236 142 193 229 133 120 228 102 111 151 163 194 63 123 162 218 67 183 221 214 169 101 213 189 156 112 157 105 187 108 206 145 144 165 104 167 171 216 250 172 56 85 205 226 77 201 244 232 240 58 235 190 82 141 199 224 211 166 127 128 245 227 130 177 203 62 175 94 170 222 223 89 202
52 49 173 124 108 78 218 220 94 129 148 201 152 121 246 157 77 227 170 139 95 93 233 140 197 226 167 225 209 81 53 198 231 200 92 202 238 204 236 119 111 171 194 228 249 183 229 232 132 243 84 208 100 210 102 156 96 80 61 172 219 224 149 128 71 145 75 193 125 163 234 101 217 192 166 162 141 169 135 247 66 146 56 104 235 54 110 150 165 191 63 222 88 176 115 85 57 65 144 155 116 55 134 213 207 113 151 138 187 126 59 118 58 190 184 160 91 215 67 86 62 72 79 244 99 199 248 205 127 68
53 58 123 202 225 145 186 200 190 229 106 75 223 101 149 160 216 168 99 80 147 163 218 97 154 207 58 83 233 224 178 121 235 172 129 171 140 57 59 197 159 170 213 134 72 192 181 226 166 180 65 115 206 165 114 130 108 214 208 246 84 158 76 64 220 231 248 138 79 73 150 110 133 78 137 205 209 174 70 120 203 104 131 91 109 77 122 102 215 142 82 230 219 210 113 60 247 87 173 132 193 185 245 169 175
54 85 95 246 133 234 230 243 62 57 65 157 176 88 211 182 148 164 143 207 226 155 147 93 231 217 138 232 202 59 85 140 219 103 100 119 106 109 123 180 82 146 201 115 168 210 177 165 159 189 87 213 83 154 181 196 175 111 167 233 192 104 136 134 169 80 193 236 218 102 170 105 124 121 145 166 221 185 127 66 245 199 75 114 239 186 58 144 152 78 107 110 184 98 101 223 248 249 112 70 92 228 200 247 60 241 235 96 216 174 113 198 163 187 244 79 250 149 197 160 91
55 21 86 67 75 242 164 163 127 221 240 58 220 182 155 66 99 90 120 144 185 110 212 249 64 192 87 81 82 152 111 237 213 150 176 151 232 173 124 131 134 161 245 233 63 68 241 80 77 93 101 62 89 189 184 224 216 201 135 177 59 139 84 202 148 114 72 104 125 60 209 187 115 118 94 138 246 133 145 219 167 71 129 197 107 165 61 147 79 116 195 172 205 96 109 121 190 141 231 238 204 198 188 105 158 56 169 225 230 128 236 215 170 183 223 122 162 171 196 160 181 83 175 159 119 235 149 207 186 140 217 85 229 174 113 117 98 218 73 95 137 88 199
56 74 137 202 125 247 129 60 58 94 112 241 71 198 104 178 193 183 168 121 96 204 159 177 225 84 67 180 182 238 138 155 142 122 102 132 76 61 207 232 181 220 174 141 246 189 123 134 103 135 200 205 74 78 136 69 101 143 216 212 124 226 91 211 201 64 57 107 118 197 186 210 187 192 147 131 240 209 206 62 162 130 242 188 156 239 97 153 150 203 171 149 73 236 158 68 223 126 66 166 144 194 169 196 160 165 215 185 120 88 87 245 98 179 99 128 117 108 248 85 157 221
57 59 234 82 113 121 164 238 214 231 149 162 78 217 77 200 72 177 158 98 129 60 191 210 224 248 194 239 197 160 128 85 240 81 150 232 91 169 68 97 228 180 198 152 137 103 195 94 106 107 204 156 136 95 117 188 189 206 122 67 190 213 58 63 102 192 222 246 225 138 90 70 88 135 236 165 112 93 132 105 216 215 145 100 92 187 171 116 249 221 196 80 161 208 235 237 168 59 154 65 211 83 104 218 143 84 163 131 142 245 96 173 203 134 146 123 64 79 124
58 22 170 180 66 175 107 150 63 231 208 228 156 134 190 234 199 167 80 211 97 104 184 240 131 244 69 158 98 143 159 79 218 136 179 105 238 155 227 141 153 88 214 106 142 225 133 81 121 95 206 224 157 75 71 119 118 174 220 185 197 86 125 166 62 99 130 172 91 70 112 236 101 229 183 96 161 129 67 126 195 194 151 164 187 212 182 114 100 78 186 176 132 144 201 203 123 219 233 90 163 108 124 173 209 249 149 85 223 116 65 196 248 193 226 207 210 145 77 169 110 117 205 102 83 74 178 128 221
59 44 187 215 166 126 216 192 147 204 227 125 243 218 73 104 154 98 124 79 170 240 87 202 159 162 230 91 64 75 171 226 66 95 221 213 249 74 115 203 160 214 234 153 127 138 164 168 205 102 183 140 223 139 155 121 85 90 176 199 92 245 184 128 65 67 152 113 129 194 179 96 70 97 77 161 71 110 191 63 244 146 182 117 158 108 222 250 237 133 134 116 111 99 122 88 239 235 225 186 101 188 106 174 69 224 61 178 206 81 76 80 62 114 120
60 54 184 61 174 82 243 166 208 162 114 197 64 70 76 91 130 175 221 238 187 110 232 189 190 204 120 202 65 194 151 177 209 83 81 180 80 203 229 137 236 125 153 206 92 227 249 192 68 100 237 107 117 164 230 147 170 228 210 176 242 169 145 224 129 241 161 152 111 85 71 188 77 128 234 123 67 73 207 160 156 179 163 233 98 88 172 135 195 112 126 127 148 193 181 138 101 143 115 116 84 247 140 214 149 216 239 225 201 134 121 185 199 99 213 113 62 168 122 167 89
61 82 86 200 68 228 78 178 125 203 149 137 147 108 210 215 174 237 225 109 188 70 173 98 193 220 62 142 233 181 227 111 88 104 97 103 209 96 89 129 192 64 150 243 90 106 91 128 67 165 248 140 126 212 95 159 77 166 148 156 152 155 99 246 182 211 247 133 131 145 199 143 151 79 119 123 208 74 201 184 141 92 240 172 230 80 241 101 69 194 196 214 239 238 180 235 207 219 113 170 169 213 105 81 83 114 75 226 217 223 179 63 65 236 176 177 250 136 110
62 28 75 235 221 133 100 203 79 243 208 148 151 237 167 177 192 72 250 86 246 199 93 89 117 175 95 84 139 185 173 87 229 194 212 132 125 234 222 81 214 176 69 248 206 204 228 225 247 114 209 219 165 162 85 174 150 152 188 145 112 115 128 143 130 168 198 220 216 76 200 147 224 108 201 122 249 211 226 164 70 73 207 154 217 78 158 88 82 96 156 77 97 181 94 110 159 183 131 179 184 74 146 182 113 120 245 123 218
63 66 156 157 193 197 113 169 135 148 247 220 196 85 218 70 146 240 248 144 161 165 111 174 213 134 183 102 201 68 114 151 124 64 184 176 142 120 188 128 205 168 249 100 206 233 80 231 164 212 210 203 79 126 166 109 143 244 192 92 86 229 136 234 73 74 125 112 181 175 119 149 182 98 77 225 178 71 241 139 115 195 204 170 99 95 116 224 216 227 121 171 72 199 101 66 173 179 96 209 208 105 84 130 81 118 159 177 214 94 215 108 230 97
64 43 115 138 155 116 139 135 148 210 245 217 242 98 187 93 197 165 221 175 166 100 211 226 180 134 120 232 104 83 183 70 145 213 141 174 189 99 224 109 219 117 206 176 158 150 129 248 186 250 171 114 105 87 92 168 179 156 111 96 110 185 144 131 82 136 243 68 238 140 191 157 239 127 119 86 147 214 163 188 152 103 77 76 118 123 151 203 198 246 247 160 167 230 79 133 121 95 233 75 223 202 154 236 132 173 209
65 77 131 213 92 165 122 200 101 76 134 231 98 88 236 117 142 222 245 114 214 249 87 83 106 128 69 126 149 74 139 181 158 164 113 119 225 161 172 207 199 96 151 145 184 68 156 212 137 189 182 171 227 70 187 239 238 226 219 166 72 229 224 148 202 176 211 136 125 234 95 81 123 240 162 242 230 86 235 141 84 124 91 102 108 201 107 140 146 168 215 118 89 191 79 216 208 121 197 206 244 188 217 209 150 143 133 192 232 144 250 115 73 159 175 160 174 204 243 110 154
66 96 78 152 241 217 120 233 169 227 112 124 216 151 167 202 109 94 77 245 193 172 243 71 159 249 229 211 218 157 178 142 130 75 105 207 146 83 223 236 79 96 215 197 205 231 135 155 191 123 126 143 139 133 68 137 248 190 74 97 91 125 250 158 115 203 119 204 200 195 150 69 111 84 192 106 140 194 95 238 220 132 186 234 184 166 244 246 110 171 89 208 162 122 179 88 100 85 175 129 189 80 156 93 247 240 131 81 153 239 86 92 170
67 60 150 126 174 245 167 153 234 102 168 132 120 85 163 187 97 119 206 179 118 193 138 241 71 98 77 155 221 80 202 73 152 190 112 75 69 220 109 237 194 129 92 195 79 72 249 141 99 176 188 104 136 186 151 182 231 216 161 173 223 74 86 101 181 191 70 87 192 115 177 247 204 233 189 232 170 219 96 142 203 114 91 213 82 157 212 154 81 110 199 76 135 235 215 183 248 133 205 169 159 122 78 95 164 90 100 196
68 87 152 150 197 124 84 140 186 199 171 113 194 196 143 147 233 204 244 235 189 183 91 249 142 246 162 81 79 168 132 116 112 158 172 218 185 85 146 96 240 76 219 117 82 210 173 200 104 201 107 141 128 175 80 236 137 69 86 127 178 231 223 228 103 163 88 247 165 122 118 73 167 234 170 208 97 72 156 149 206 177 74 157 217 126 78 241 221 115 195 232 77 176 94 95 214 230 133
69 100 139 124 112 174 202 99 210 80 214 73 147 111 142 172 107 189 188 212 221 126 227 74 199 114 250 116 186 228 248 225 151 162 102 119 106 179 108 218 148 165 113 197 118 242 171 244 193 141 209 169 89 140 153 184 146 195 234 83 143 183 82 122 152 173 163 196 104 109 229 241 176 150 97 145 237 135 125 230 156 75 211 128 129 192 77 144 149 243 105 187 246 93 130 71 98 223 91 158 159 233 191 181 78 137 167 110 134 226
70 56 239 141 190 113 80 169 222 112 158 117 72 95 185 195 147 221 165 151 230 137 133 247 162 73 134 77 176 129 159 96 240 125 198 149 227 201 109 244 231 213 87 116 202 174 131 170 97 76 175 235 140 217 81 122 145 250 205 214 93 168 179 183 99 173 237 182 212 188 132 181 120 84 86 89 82 101 197 184 226 115 153 78 91 216 83 238 242 123 248 98 143 196 142 167 246 245 249 215 224 192 85 199 218 220 119 148 114 88 100 243
71 74 123 148 128 221 142 242 219 98 207 129 203 165 178 216 233 188 127 110 230 181 121 82 197 169 152 246 100 240 227 163 120 107 146 131 122 145 126 97 154 231 220 170 205 192 161 77 208 135 225 116 212 133 125 76 90 139 213 209 228 215 108 159 232 243 198 222 234 134 204 239 183 190 177 214 162 130 115 202 137 91 92 143 86 104 151 73 101 112 191 147 247 158 99 156 226 167 89 185 189 182 80 206 184 114 174 201 105 85 93 79 118 236 187 81 176 235
72 40 232 230 79 238 86 81 197 228 97 110 90 124 221 77 243 211 224 217 157 139 249 78 244 195 137 204 149 96 155 151 242 115 99 112 104 98 126 168 105 113 148 240 163 164 92 136 82 154 219 202 152 89 125 107 103 192 236 140 223 206 237 181 120 184 205 207 180 193 166 75 212 185 190 239 218 225 94 201 182 234 117 227 199 156 233 73 177 83 132 200 159 186 129 241 188 74 229 153 209 176 95 147 128 119 235 84 191 169 203 87 248 189 214 91
73 36 77 165 133 104 146 250 225 151 92 156 175 197 110 248 147 192 137 98 161 166 203 117 239 183 111 220 132 230 84 78 149 163 155 129 189 224 227 86 120 202 152 148 82 234 242 173 226 246 127 229 167 214 243 176 182 103 157 215 190 235 213 241 170 122 238 143 96 140 211 115 184 109 247 99 172 200 244 158 221 154 236 131 206 136 186 162 232 79 116 139 212 128 240 201 87 217 107 218 179 249 160 194 75 171 144 181 134 123 102 174 135 177
74 22 165 146 160 136 134 188 107 239 243 246 202 109 80 219 154 223 186 99 182 117 116 245 172 173 218 241 128 112 86 216 214 179 91 235 93 133 101 222 100 139 232 120 168 249 193 90 211 108 187 248 233 156 178 207 195 196 130 217 228 167 176 224 84 159 125 81 149 148 227 121 240 226 198 95 115 135 201 96 164 118 190 113 194 123 158 183 174 126 77 250 205 114 92 124 147 170 142 177 157 129 104 234 225
75 76 241 234 127 157 243 168 228 230 162 182 225 171 196 174 180 197 185 101 192 141 147 240 142 143 214 238 126 215 199 201 138 249 229 159 242 82 91 222 233 217 137 195 176 208 164 213 115 94 211 79 123 204 108 177 223 121 98 200 227 156 104 221 114 124 247 84 77 107 83 158 95 189 134 118 96 86 194 113 102 111 99 109 190 93 239 116 216 186 76 163 87 169 145 202 144 129 139 188 148 117 78 207 181 146 128 226 152 154 244 112 206 105 184 110 173 248 167 125 236 161 153 175 250 179
76 29 83 222 154 226 105 249 171 248 228 79 185 230 161 183 106 131 115 169 200 234 137 216 113 129 103 77 176 114 204 210 243 158 247 250 170 227 88 246 143 147 211 139 93 142 104 136 217 215 94 174 80 86 175 151 180 166 141 125 150 111 220 194 214 242 198 122 190 100 197 221 157 97 117 206 134 140 178 195 196 179 238 212 241 225 99 123 135 167 116 109 193 173 78 102 133 90 189 162 148 205 101 164 119
77 65 130 175 213 105 150 116 153 118 128 108 84 209 81 187 177 85 176 156 205 151 245 247 142 212 232 186 158 194 233 170 88 225 243 160 89 182 193 196 132 171 236 92 206 126 93 191 162 146 250 139 120 127 140 115 157 179 248 210 144 123 229 238 228 240 113 82 154 230 87 164 94 215 226 97 199 239 183 163 220 227 106 203 185 135 138 159 222 80 174 103 129 165 242 136 235 117 208 111 148 83 219 137 101 181
78 25 130 118 242 123 175 188 126 82 87 79 90 139 235 94 131 166 176 159 209 154 234 195 112 97 217 220 178 144 246 160 229 95 192 91 205 238 125 88 129 204 221 228 181 219 236 249 223 115 207 113 117 93 145 84 110 171 89 80 147 107 232 135 172 213 185 208 194 231 184 211 201 83 132 245 92 120 199 193 202 180 157 140 158 224 101 197 210 119 136 114 230 196 127
79 86 156 211 102 188 225 106 169 143 83 172 100 161 127 128 160 182 226 178 240 148 189 222 92 142 118 223 89 88 199 121 150 170 218 242 221 152 232 248 195 129 125 105 208 117 177 207 147 108 90 165 98 184 124 229 190 154 82 213 173 159 216 179 120 241 87 122 167 99 192 95 153 115 210 151 84 119 243 157 176 116 111 149 103 246 112 85 96 220 80 233 101 94 249 126 140 145
80 76 97 156 234 147 223 213 130 183 249 208 109 149 131 152 88 232 103 157 137 112 101 201 108 202 143 244 165 235 171 100 169 172 113 194 83 177 186 139 96 231 116 227 123 93 206 237 98 228 125 203 129 111 230 200 146 250 242 224 212 95 240 133 229 104 132 154 117 193 219 210 217 162 233 238 248 144 196 236 135 85 90 138 115 245 126 89 82 189 160 241 159 128 179 87 191 170 134 187 155 243 197 99 174 145
81 63 159 208 202 84 116 95 125 102 162 199 176 239 149 122 141 194 171 117 119 174 87 200 178 111 180 136 126 139 108 137 231 244 236 192 169 207 203 177 112 233 237 114 211 85 187 104 196 156 132 226 181 91 83 195 86 201 217 184 225 213 219 130 188 140 101 103 214 155 93 186 129 242 249 150 135 243 189 234 232 113 90 127 144 161 133 158 238 105 163 148 224 222 212 205 248 110 147 173 215 193
82 77 127 210 201 215 192 124 86 105 177 164 230 166 226 229 244 216 183 235 195 197 92 108 163 109 88 135 106 208 224 196 220 137 186 146 111 211 115 175 121 184 110 161 242 193 104 169 151 181 103 133 199 176 130 122 126 162 179 154 89 223 239 117 200 113 178 198 97 231 207 204 217 150 245 246 205 141 157 94 101 142 248 202 236 98 228 206 99 222 249 114 173 140 85 191 138 214 90 102 234 247 218 93 107 203 159 155 96 156 225
83 24 142 130 195 214 171 208 101 136 85 185 129 218 131 115 169 250 153 179 124 156 226 155 116 102 95 167 157 212 122 135 111 190 187 166 97 121 107 125 154 224 134 96 99 163 239 168 159 114 248 200 207 150 162 110 196 242 205 84 219 206 230 93 244 105 175 181 137 245 173 243 91 146 247 201 144 94 148 90 221 89 210 177 141 217 197 100 123 174 132 227 223 180 213 113 140 152 240 228 215 161 246
84 21 202 231 187 186 239 201 155 176 193 170 227 126 220 132 104 197 175 250 226 165 244 123 135 238 177 136 116 184 240 119 189 103 85 139 141 122 236 211 133 223 233 209 198 228 93 217 219 153 131 113 109 178 111 200 163 174 208 145 210 215 142 235 157 195 86 158 154 207 100 182 242 160 212 185 246 121 91 106 183 118 130 172 129 229 101 148 245 92 152 173 105 181 168 87 143
85 77 111 224 191 112 226 246 233 212 96 130 213 237 236 95 177 249 126 223 153 159 132 244 182 227 97 156 121 149 161 198 164 214 136 202 201 168 150 179 193 88 163 122 230 222 211 197 151 133 143 90 113 216 170 109 115 221 144 232 241 148 176 147 100 125 218 194 187 188 135 206 138 106 234 175 140 250 215 231 127 158 245 174 119 167 203 238 142 196 242 124 186 219 204 189
86 41 219 87 104 168 136 209 213 158 98 212 125 116 203 239 194 225 224 221 242 129 88 200 149 108 233 248 137 139 92 118 192 218 216 124 166 132 185 230 250 177 188 162 160 126 249 196 226 154 138 201 228 121 96 241 172 170 237 186 110 127 235 234 229 152 190 109 106 99 180 142 163 238 244 167 146 155 105 173 197 100 214 131 169 90 247 150 101 207 182 119
87 91 97 161 88 172 201 166 195 209 174 224 217 191 98 160 145 200 147 123 104 244 232 95 207 151 181 143 154 183 148 164 121 163 124 184 204 206 90 173 235 225 94 192 238 220 134 92 240 231 93 102 157 156 227 136 177 190 178 128 247 179 158 119 152 226 188 165 96 228 236 198 100 150 221 203 106 205 116 155 215 139 230 127 99 186 193 239 115 120 210 112 208 162
88 35 173 115 231 212 112 126 109 226 224 118 106 200 141 136 178 90 111 202 96 140 236 101 159 95 108 157 187 207 204 209 206 227 196 182 116 247 248 160 240 121 210 131 161 250 175 211 89 156 177 243 216 221 120 163 171 132 133 149 179 233 188 239 127 219 190 213 197 104 158 215 135 201 225 92 168 145 222 164 176 117 181 125 138 110 151 193 245 169 99 165 150 234 235 232 208 153 162 97 230
89 43 99 198 173 195 91 197 201 107 104 231 196 237 223 216 187 156 225 247 152 138 154 129 232 179 193 205 185 176 137 122 141 112 240 161 199 235 222 162 224 153 171 115 210 204 206 113 94 217 109 124 182 93 90 132 147 140 209 236 117 136 143 95 105 155 166 157 244 233 169 212 103 208 97 100 134 184 165 189 181 248 158 145 172 245 249 120 215 135 203 119 219 149 186 123
90 51 152 123 170 217 162 142 191 177 157 198 224 227 244 135 209 130 95 223 99 212 165 105 174 155 189 126 206 107 239 101 232 164 236 143 171 203 204 119 114 176 218 249 103 113 168 131 146 214 132 153 179 106 108 248 237 158 97 211 118 98 117 242 230 250 150 128 92 144 151 100 154 200 112 207 140 149 205 192 186 197 181 136 148 172 122 93 178 213 208 219 201 138 210
91 85 220 102 188 186 214 243 122 95 108 139 94 150 175 231 176 219 224 244 238 202 116 172 98 225 132 115 145 221 182 112 179 240 110 126 137 138 120 189 174 242 237 245 117 151 204 228 207 194 104 131 140 163 235 218 201 206 123 99 241 233 181 100 114 248 97 111 119 209 210 199 216 127 93 208 203 103 113 154 161 171 229 183 190 246 92 155 196 169 130 232
92 40 134 99 201 156 246 180 209 150 182 132 197 241 213 105 142 147 155 190 154 171 117 104 145 122 248 243 231 97 195 176 202 109 129 165 206 207 175 221 244 139 178 125 107 225 200 226 232 100 133 136 137 215 238 224 164 245 119 110 152 233 228 237 102 193 187 143 172 144 163 106 118 161 115 123 204 214 236 126 146 235 140 159 191 167 166 128 93 160 179 192 216 194 149 131 198 111 103 218
93 59 194 155 190 157 123 137 103 122 133 148 101 195 146 108 124 222 119 162 217 238 218 150 216 201 152 187 147 189 182 223 250 234 241 164 229 167 248 203 209 202 204 188 178 184 208 170 235 177 106 117 107 206 228 205 110 185 153 114 243 112 227 171 96 120 175 169 151 226 105 179 97 142 246 192 129 231 134 132 102 130 109 181 237 240
94 50 137 168 248 200 110 99 108 122 135 241 237 223 143 115 211 183 227 148 130 117 128 233 198 199 171 222 113 172 169 150 228 162 129 180 170 100 212 224 250 109 154 245 182 195 133 215 166 114 216 235 197 167 193 246 141 209 138 206 229 101 219 153 208 116 188 104 149 165 177 160 201 205 142 213 147 189 247 232 231 214 238 244 226 220 118 102 159 121 217
95 63 186 205 233 242 144 217 109 145 168 231 240 143 204 170 147 131 225 113 246 250 219 164 239 187 161 163 235 177 102 156 126 98 216 202 218 210 148 111 129 247 220 114 162 207 137 198 183 116 249 200 229 134 215 165 120 159 185 179 189 122 110 234 176 154 106 238 195 112 199 175 139 127 223 149 182 130 228 224 105 206 174 97 191 180 121 184 155 146 128 157 141
96 35 247 112 243 165 173 166 221 210 209 182 228 227 105 111 213 194 136 216 229 222 189 132 122 237 121 238 159 160 219 187 233 101 248 99 208 115 161 183 206 214 178 191 224 179 241 164 246 236 242 157 114 117 108 190 151 154 146 204 134 250 130 195 135 118 220 155 211 235 244 180 234 249 98 107 102 203 245 176 126 133 127 196 185 125 231 163 106 150
97 62 250 153 111 213 115 140 209 197 176 149 174 188 154 98 199 125 106 117 114 105 113 206 166 126 198 190 131 157 214 165 185 201 119 215 245 175 103 172 233 135 128 189 108 127 142 180 205 147 187 151 138 141 228 124 247 219 122 181 237 169 203 167 158 236 204 168 241 139 234 221 246 173 104 229 208 102 230 231 177 186 116 123 156 109 184 211 239 110 210 202
98 23 234 185 173 143 167 129 225 224 218 188 163 114 228 247 205 168 201 249 101 172 250 176 215 232 221 121 184 152 171 113 180 169 130 156 106 125 239 150 191 124 199 229 175 155 128 117 210 161 190 220 119 137 236 158 107 115 104 154 200 139 174 131 245 235 153 105 186 141 197 194 102 243 127 100 135 159 112 138 178 99 231 162 195 164
99 21 199 220 123 122 152 145 108 158 178 174 212 202 107 195 211 179 133 139 231 126 219 167 190 216 102 156 148 217 238 118 164 114 116 100 147 198 157 234 194 119 171 142 150 170 143 131 196 241 244 208 213 141 137 154 113 243 136 151 176 155 183 101 188 149 144 240 153 121 169 146 227 105 109 166 115 180 215 189 221 203 249 185 160 117 207 200
100 61 112 103 152 124 109 146 176 181 175 143 148 239 230 134 156 234 142 207 202 114 199 169 200 160 198 220 111 219 183 155 203 201 190 139 173 130 168 229 171 132 186 217 177 161 178 197 138 225 105 128 189 157 192 226 221 135 140 185 137 249 110 126 102 154 250 205 191 170 208 247 248 136 194 106 162 184 172 108 115 241 231 167 214 119 227 238 163 145 122 245 151 213 149 141 228 237 223 236 180 116 222 101 166 188 246 117 187
101 75 180 135 181 165 190 248 241 104 136 175 242 236 125 103 111 133 205 211 237 146 142 182 108 224 149 226 129 120 102 162 195 105 231 196 202 216 119 245 179 152 118 173 172 137 163 138 247 244 188 233 160 156 166 124 223 114 127 140 134 153 109 199 145 110 147 218 122 225 169 177 238 208 192 157 191 217 222 159 219 215 229 194 131 185
102 76 175 225 227 112 226 206 128 233 239 248 140 132 241 107 174 129 104 151 234 244 163 178 120 187 158 216 237 191 165 243 150 115 228 247 188 194 245 126 192 186 204 148 217 139 117 220 161 173 235 103 135 159 201 141 130 147 210 134 106 111 214 221 180 208 200 193 123 171 190 162 121 119 125 196 145 224 124 108 183 202 114 205 168 211 249 137 146 189 172 184 113 250 240 153 229 232 203
103 98 176 243 189 185 169 156 227 218 249 232 184 192 163 110 122 208 181 138 211 141 123 234 204 105 158 217 130 210 245 187 112 191 206 143 240 235 146 186 107 157 195 109 216 173 247 174 242 226 148 230 125 116 149 166 115 165 137 161 212 126 225 219 246 196 119 160 151 220 129 120 150 244 188 183 179 104 238 203 135 133 124 250 142 132 215 177 193 170 190 136 182 167 248
104 91 157 171 153 238 221 241 214 240 239 233 242 152 173 114 177 192 130 176 113 237 243 136 105 126 183 170 172 149 215 163 230 166 161 134 180 217 194 151 165 118 122 139 167 129 185 135 109 182 223 144 200 231 127 145 211 198 168 121 181 108 206 216 188 226 155 213 219 228 128 197 218 164 208 175 119 116 160 154 120 106 212 156 124 169 222 186 244 234 250 204 131
105 94 235 206 146 220 187 223 236 165 143 153 109 226 227 239 130 116 135 248 127 218 203 186 147 247 230 110 154 162 237 159 192 180 132 175 207 244 200 111 108 240 209 214 171 152 225 106 158 185 204 145 222 138 134 208 118 197 233 113 128 228 174 198 125 112 250 215 194 202 234 124 217 219 155 115 232 167 137 129 163 119 193 126 169 141 172 161 170 139 164 156 216 211 166 183
106 73 123 148 120 201 146 214 232 223 135 241 198 133 130 122 215 182 248 188 228 184 161 154 138 149 229 230 137 180 194 249 205 131 172 240 213 119 116 121 190 210 166 160 145 171 187 134 181 139 207 244 237 117 144 113 243 225 193 233 142 127 217 169 111 209 158 150 147 167 136 174 222 219 195 176 168 115 236 125 140 178 200 159 141 220 224 226 197 199 235 196
107 35 233 114 232 208 146 141 150 219 143 124 186 139 234 169 171 121 185 137 167 166 213 113 180 197 191 125 196 156 238 241 115 131 224 228 177 181 195 120 147 240 201 244 247 127 212 230 184 154 112 187 165 216 193 149 135 129 236 155 152 133 163 138 168 145 157 122 140 172 245 200 199 130 134 249 116 242 183 239 132 119 144 225 123 226 248 148 176 206 214 162
108 74 121 232 142 247 193 231 221 153 159 194 209 110 191 177 124 120 117 116 136 154 186 190 213 148 176 180 196 208 230 202 112 233 211 138 169 239 183 131 205 224 184 135 226 160 244 245 192 146 147 157 235 218 210 219 201 164 134 171 166 246 115 161 167 137 189 123 212 173 200 155 125 145 141 144 229 149 227 199 151 143 217 182 185 174 203 170 132 162 188 240 241 181
109 94 224 236 176 118 222 150 249 127 223 124 125 143 205 232 145 157 163 238 195 167 237 182 162 241 188 225 209 166 234 208 146 164 239 151 173 228 203 219 191 190 202 174 194 120 187 139 137 161 168 169 140 230 233 159 215 110 226 149 142 147 181 135 197 189 185 179 121 227 177 138 221 136 160 245 129 231 115 206 148 152 244 207 204 116
110 37 132 172 119 153 118 111 129 230 120 227 223 121 203 124 237 140 113 206 116 112 219 177 202 195 242 170 161 125 157 250 184 239 135 160 173 142 245 146 224 197 154 216 226 229 220 233 236 232 156 225 128 114 115 171 240 208 164 168 190 133 174 204 209 212 222 221 169 241 166 151 137 123 210 126 131 183 162 194 179 145 243 147
111 49 239 222 124 237 153 184 131 190 227 182 204 113 185 149 203 173 195 142 230 247 196 183 178 224 226 207 154 129 177 115 114 163 234 198 219 189 161 140 157 116 202 179 169 250 126 130 246 236 112 176 241 228 133 223 218 170 165 137 181 235 120 225 213 118 238 220 214 210 180 159 155 152 201 172 136 174 194 245 132 187 139 215
112 57 225 140 230 188 221 206 229 227 217 173 223 125 136 245 144 145 190 135 113 232 130 238 168 187 241 248 127 191 129 196 124 171 134 132 246 137 228 115 148 203 162 240 166 164 212 158 244 243 222 192 159 218 209 139 128 184 176 239 195 150 199 231 224 172 119 183 213 234 146 181 179 165 202 120 186 178 149 152 226 151 210 219 207 236 147 170 123 138 121 201 185 215
113 94 177 215 117 226 121 241 151 250 181 200 119 167 184 188 193 190 149 204 214 228 123 143 205 153 248 208 197 160 132 247 176 145 245 162 207 213 220 165 216 182 237 199 137 187 211 129 227 146 157 244 218 192 225 116 138 115 231 178 154 171 150 234 133 174 183 203 229 140 155 163 175 134 124 238 236 233 221 168 169 135 194 185 159 122
114 70 205 248 228 140 241 190 158 152 169 173 118 162 197 147 128 242 180 151 170 153 184 175 123 234 134 144 201 126 216 227 163 115 207 194 142 215 124 119 199 225 249 143 195 209 185 247 192 167 243 191 141 181 178 235 139 120 133 245 138 165 218 240 160 132 239 172 168 214 137 157 193 226 135 198 146 136 210 200 156
115 58 184 211 120 196 158 229 149 199 205 144 129 208 224 200 230 246 250 138 123 220 186 231 148 216 140 179 242 206 132 213 152 181 121 170 125 141 143 174 134 183 185 223 225 187 239 241 145 178 175 243 182 157 232 154 238 219 237 227 146 166 233 176 169 203 226 180 126 135 249 248 198 133 130 244 131 221 236 116 210 127 190
116 70 204 136 221 159 194 230 247 206 250 245 208 140 153 163 171 195 232 233 189 175 119 123 202 174 179 147 200 158 184 223 142 165 248 205 132 227 186 128 207 138 187 203 168 185 239 201 199 145 226 231 148 196 157 236 131 139 197 126 218 237 225 137 144 117 135 217 210 152 127 229 234 241 176 183 120 235
117 91 236 167 144 228 149 170 126 217 120 163 184 173 140 193 244 129 204 154 222 175 151 207 156 136 122 250 183 223 168 210 185 150 178 132 233 197 215 130 181 241 227 128 239 214 177 209 237 208 148 147 248 225 229 191 189 220 152 180 218 196 125 121 186 157 212 159 133 134 211 174 199
118 64 119 177 188 168 157 185 242 215 164 124 216 236 147 217 241 160 191 162 150 171 226 250 228 133 222 230 210 207 225 245 243 129 208 161 121 179 170 149 229 155 148 128 212 189 223 159 176 120 163 146 182 187 214 181 233 201 198 219 140 158 130 184 174 194 193 136 139 183 172 151 209 143 138 221 231 165 169 186 206 204 195
119 20 248 170 157 199 187 241 159 161 134 176 220 242 124 147 246 160 164 166 130 227 152 183 137 240 215 226 239 224 243 175 235 223 249 148 213 232 218 228 135 178 244 126 131 121 209 123 222 185 165 162 210 245 177 216 195 184 182 205 122 208 198 139 156 212 238 206 146 231 189 186 167 132 129 155 174 190 140 141 234 230 211 225 250 153 142 149 191
120 34 154 169 147 158 225 248 239 230 199 190 228 243 132 144 130 161 160 189 233 206 195 157 187 137 222 219 210 193 247 168 202 182 165 249 126 124 136 214 135 128 139 184 164 179 212 213 235 215 151 162 245 167 200 188 186 205 240 221 175 191 203 218 204 229 244 176 246 148 227 163 232 192 122 208 133 231 216 156 123 152 217 174 143 125 207 159 226
121 95 164 229 216 158 236 185 183 234 145 172 169 248 250 246 127 233 189 235 206 237 231 171 154 181 244 194 131 128 214 187 153 130 215 161 241 137 160 249 225 213 203 208 146 167 193 220 173 134 212 190 222 228 132 210 242 223 184 151 147 170 221 219 197 175 122 205 142 247 159 200 243 192 211 148 139 138 125 129 202 126 218
122 20 196 203 207 201 231 131 159 235 188 222 143 238 140 182 208 137 187 168 176 219 126 215 224 214 160 192 246 150 156 123 217 148 205 165 173 241 204 130 167 245 172 242 212 232 149 147 226 158 206 247 180 161 189 210 179 136 229 239 134 171 250 175 195 237 144 128 135 218 227 139 163 190 213 184 228 169 125 200 185 166 225 145 249
123 54 134 216 126 180 224 230 187 162 166 155 168 226 165 249 143 133 236 247 150 203 210 159 206 199 156 183 185 124 139 161 169 220 250 138 228 178 213 192 234 141 142 227 171 246 218 205 244 140 239 160 248 214 215 164 225 174 243 172 158 200 191 130 176 154 232 163 235 128 189 188 146 184 136 149 173 211 242 182 196 221 190 145
124 53 185 140 249 139 138 181 174 169 145 161 232 127 244 224 188 205 153 227 144 151 195 162 180 248 172 149 240 228 178 214 163 207 130 246 194 182 160 199 206 148 220 189 204 167 237 210 177 171 166 247 218 231 223 192 216 196 222 242 219 150 213 159 179 156 131 234 239 184 136 250 245 197 208 165 133
125 51 170 152 164 176 202 186 165 247 167 134 147 238 137 203 179 127 159 174 201 155 193 230 173 211 141 210 249 148 190 139 214 231 172 215 169 199 236 208 143 229 241 182 129 189 239 145 206 185 234 158 226 227 204 183 244 171 162 246 209 149 225 198 133 237 157 232 196 161 248 242 223 213 151
126 98 199 172 244 141 132 207 227 202 143 246 240 192 208 221 153 215 130 133 138 243 151 242 168 195 146 140 165 174 205 164 226 210 171 223 131 182 220 145 149 219 186 204 217 152 167 238 180 249 170 156 222 233 187 137 211 163 129 237 136 183 157 198 142 154 147 150 155 230 196 245 216 162
127 84 159 181 155 197 184 210 162 237 157 227 186 188 198 152 128 243 153 177 141 206 249 176 220 183 241 240 246 165 137 179 150 242 129 175 171 235 250 228 233 207 226 147 189 180 132 195 202 216 214 131 133 229 190 154 142 191 219 225 160 172 204 145 208 213 215 218 148 156 169 236 134 139 209 164 167 212
128 93 234 183 242 147 168 173 249 206 141 205 166 232 203 179 182 190 169 155 194 244 167 216 149 198 246 215 160 174 134 145 245 228 189 159 201 136 165 171 227 140 139 204 144 195 187 172 224 248 236 229 135 151 221 240 197 199 226 178 158 200 142 243 146 161 163 132 131 214
129 36 173 157 171 134 210 200 213 151 211 161 150 247 139 244 167 235 224 169 144 201 234 206 185 179 154 182 222 130 194 189 203 249 229 214 209 241 238 233 191 239 227 230 242 165 221 245 215 135 146 160 190 136 199 147 236 192 178 180 164 166 226 148 145 193 205 172 156 231 133 240 198
130 21 155 204 174 178 161 192 225 160 243 142 149 188 216 215 245 176 184 221 202 151 201 186 195 158 230 139 162 244 182 232 239 150 217 181 169 189 131 172 235 196 136 198 135 227 194 148 191 207 223 203 187 145 224 241 220 234 138 208 157 173 134 246 197 179 166 147 240
131 69 165 234 226 238 235 196 220 166 142 244 152 134 168 248 233 201 154 211 149 162 180 202 132 217 225 150 157 140 144 247 237 178 219 192 186 250 136 189 236 194 210 161 229 199 204 187 224 245 223 249 137 231 232 182 173 159 203 240 163 239 209 230 197 190 158 212 221 174 241 164
132 91 164 246 186 134 225 216 172 181 242 192 148 219 158 245 234 213 196 168 176 224 230 147 248 178 163 221 240 171 195 233 218 143 150 175 135 201 210 154 149 184 157 177 238 155 247 208 137 133 202 209 167 146 190 174 220 138 228 215 165 145 159 162 223 200 244 239 170 243 191 144 222 203
133 77 159 236 184 192 223 226 196 235 241 157 248 245 146 217 156 181 193 249 243 218 214 148 205 229 232 144 219 246 179 154 191 244 207 213 172 182 250 151 204 175 169 177 222 178 238 199 231 228 152 247 137 174 155 135 166 141 145 212 230 149 185 216 220 221 197 138 239 142 201 147
134 82 215 230 228 158 209 234 163 183 214 195 166 205 160 141 210 165 242 179 221 241 151 180 147 182 168 157 229 189 142 144 191 206 146 226 169 196 225 193 248 175 239 152 203 227 136 238 176 250 243 194 185 219 177 223 150 220 236 237 200 148 218 167 192 162 186 154 181 246 201 232 178 207 153 224 199 171 233 156 172
135 97 226 238 212 208 189 192 161 174 219 172 186 245 199 221 152 215 224 159 228 170 182 247 232 250 143 243 213 194 181 146 229 180 214 158 204 198 200 225 209 173 177 188 187 237 183 147 163 233 178 162 171 248 150 144 230 197 153 140 210 216 242 145 166 249 149 151
136 86 154 140 215 184 139 177 219 204 248 160 211 235 181 172 173 200 141 144 244 156 245 193 212 142 138 188 174 243 209 150 198 151 229 178 145 189 152 197 186 218 196 238 194 214 234 207 168 250 249 169 153 191 199 143 137 240 146 165 222 179 163 231 158 226 170 228 176 220 221 148 157
137 71 245 220 225 241 232 196 210 229 192 208 243 178 179 152 159 146 248 144 162 200 157 230 221 140 218 191 237 231 166 167 236 186 177 164 244 172 207 187 205 217 193 239 250 234 190 173 189 165 181 204 246 249 195 240 148 219 184 138 141 171 247 175 174 213 169 145
138 47 240 174 187 150 184 162 194 243 209 247 182 213 200 198 168 238 159 180 217 237 216 224 147 160 204 192 197 141 203 223 153 222 225 215 183 228 220 140 227 195 161 249 157 142 172 219 206 201 148 167 179 205 191 241 190 202 239 245 170 196 236
139 59 162 226 206 223 152 194 203 230 167 182 142 156 173 163 168 165 236 185 166 227 228 188 195 148 174 232 234 184 169 155 158 204 239 172 153 171 235 160 143 213 196 233 207 140 209 190 211 208 177 191 144 210 200 217 186 214 216 250 244 219 149 231 212 181 197 145 179 183
140 64 207 215 200 160 242 164 174 148 235 222 145 247 230 173 168 228 192 156 245 243 208 232 167 248 143 166 231 210 184 169 141 240 144 187 239 201 205 171 217 237 152 233 206 182 177 180 181 241 225 154 183 176 142 250 157 218 163 195 175 150 196 189 161 149 158 223 214 179 151
141 64 157 176 199 209 166 215 207 226 225 172 151 144 159 163 181 173 213 217 184 174 182 222 236 224 149 148 232 205 180 244 169 216 143 142 234 164 195 185 193 194 175 189 188 237 208 239 167 190 247 230 204 145 200 206 196 191 220 165 192 219 170 171 154 153 150 198 183 202 179 246 147 231
142 89 174 191 203 214 195 187 206 204 159 146 143 192 235 164 201 170 153 148 150 213 217 216 244 231 208 237 166 224 229 160 221 233 211 199 238 186 228 223 168 151 184 247 198 196 179 197 205 165 177 226 239 189 144 209 155 227 218 245 154 152 207 242 182 185 175 212 225 194 162 167 232 193 180 220 149 240
143 36 183 146 226 168 248 194 200 145 181 202 191 197 219 215 185 228 216 214 198 204 160 246 173 144 224 241 162 208 213 222 158 153 175 154 151 205 218 240 196 184 203 147 239 174 238 157 229 159 235 193 177 243 167 156 201 187 207 232 163
144 57 162 219 193 227 194 171 243 239 175 183 207 240 201 188 187 249 202 223 215 242 165 158 198 179 205 176 212 160 229 191 145 164 203 211 234 147 209 245 216 220 213 146 185 172 199 149 154 248 181 196 217 241 222 169 178
145 58 229 181 216 163 167 164 213 220 179 227 178 214 206 202 192 240 200 186 157 187 161 236 168 184 217 219 250 203 198 223 173 197 209 235 239 166 224 171 208 191 150 188 199 222 152 211 159 228 176 165 156 247 193 195 201 237 158 194 221 234 248 177 242
146 74 158 239 173 192 228 148 236 237 213 243 245 249 227 232 191 194 188 219 238 167 216 180 190 198 203 186 230 147 181 205 185 151 177 183 235 226 166 149 155 170 171 250 182 199 221 217 189 218 195 248 152 234 211 184 193 206 224 161 201 210 241 233 162 246
147 42 178 159 173 234 227 211 202 243 222 162 155 187 238 215 219 233 175 160 172 170 168 247 156 244 235 239 163 197 217 181 149 177 223 210 208 199 167 180 216 224 182 241 189 179 226 214 164 204 236 218 203 186 248 154 209
148 48 219 175 205 238 180 246 182 216 210 225 188 158 242 177 154 234 237 228 199 150 169 224 172 239 174 241 195 160 190 197 153 168 166 191 207 222 212 171 233 202 235 245 179 232 223 156 187 204 215 170 149 159
149 38 188 195 241 205 190 189 209 216 176 248 153 202 187 168 244 194 203 246 200 159 198 217 210 224 212 201 180 231 250 155 247 186 167 175 245 178 171 163 179 170 156 160 229 233 225 166
150 42 209 178 152 250 230 218 151 189 199 163 159 237 193 248 202 205 211 231 234 208 238 167 243 249 176 172 194 214 201 173 224 221 240 222 177 200 198 215 170 235 197 181 219 188 185 213 204 175 203 192 156 183 247 212 228 157 245 236 179 242 155
151 78 200 174 182 214 231 244 205 246 156 171 216 184 212 202 176 154 195 196 223 245 162 193 167 241 158 228 217 209 224 179 165 222 210 240 218 229 175 187 178 239 206 168 243 153 220 249 186 180 164 191 177 157 169 250 155 208 234 226 238 159 160 221 236 199
152 48 221 222 179 208 177 196 234 172 159 226 168 171 190 187 195 216 244 166 194 236 248 243 163 225 239 192 193 240 241 223 210 175 233 238 185 203 153 218 205 199 212 245 215 207 242 249 174 219 198 227 164 169 229 228 184 230 231 154 173 232 220 191 156 250 167
153 43 195 220 170 210 163 178 175 208 212 236 237 160 193 154 171 168 184 203 224 181 209 202 249 248 167 245 240 201 190 228 218 247 186 177 242 238 179 169 165 213 182 221 219 196 156 229 162 217 225 244 222 176 234 188 232 157 180 200
154 32 205 155 247 222 170 181 179 213 239 202 164 235 189 208 214 178 232 237 177 207 204 220 211 228 245 223 190 219 162 201 209 243 157 229 236 186 156 200 172 226 225 221 161 191 241 184 240 227 193 180 195 231 224 159 197
155 82 184 179 197 213 233 171 221 161 158 234 194 186 236 249 175 173 176 225 231 183 229 200 208 250 223 215 212 170 191 217 218 177 160 239 224 169 157 185 237 242 195 196 167 182 238 240 164 166 168 203 235 181 172 187 159 232 216 228 178 211 244 188 180 222
156 90 226 238 165 243 225 189 161 167 246 209 213 237 229 177 193 190 240 187 169 224 231 159 180 191 217 176 219 245 188 206 186 184 174 228 170 248 194 164 242 215 236 250 158 183 172 195 223 185 235 204 163 244 232 175 222 216
157 45 211 243 212 234 166 249 223 218 232 189 236 184 192 202 181 185 246 227 171 245 221 205 226 228 188 250 162 174 201 240 179 231 216 235 241 175 158 187 238 165 178 169 214 217 237 210 233 191 186 225 219 209 230 224 200 242
158 81 198 190 170 167 166 246 182 236 177 199 178 176 226 206 233 185 207 217 173 197 231 179 223 232 222 201 234 202 220 187 248 240 229 195 188 184 183 192 171 210 165 215 209 159 175 228 168 174 169 242 235 200 208 203 214 189
159 98 217 241 249 172 238 230 164 215 192 220 168 173 199 181 178 245 171 204 244 219 224 213 207 161 205 165 210 162 237 247 206 228 185 212 175 226 190 242 183 216 240 163 232 233 201 198 214 229 182 186 179 211
160 77 166 223 249 161 170 207 201 180 217 176 195 179 203 222 181 172 242 209 230 182 245 213 220 190 164 244 200 191 239 196 233 221 185 225 210 162 187 165 174 243 204 193 228 229 219 214 202 226 206 198 240 197 184 246 199 173
161 82 244 181 212 231 166 171 172 242 247 248 219 191 210 204 203 196 221 245 230 194 183 213 187 162 228 208 220 218 232 179 216 217 235 178 174 211 189 240 224 214 193 192 180 173 185 177 239 199 209 184
162 82 181 180 232 206 202 203 241 182 187 188 173 248 222 210 172 194 176 190 235 163 189 247 245 168 230 231 177 236 174 216 246 250 169 186 166 199 205 238 211 243 239 208 242 175 223 234 171 164 229 221 233 183 212 178 224 193
163 83 226 180 214 175 185 212 189 229 179 218 168 187 237 181 200 250 178 164 213 201 166 228 216 244 246 224 219 206 238 243 231 196 247 222 249 172 173 233 235 211 197 199 220 205 190 194 203 227 188 193 186 207
164 74 223 165 190 214 231 206 220 208 183 202 234 189 219 187 191 235 242 222 204 195 213 179 175 168 196 228 212 201 238 240 247 167 197 176 221 172 218 178 229 209 173 210 174 239 217 200 205 177
165 80 202 246 224 250 220 175 180 189 211 207 199 215 196 236 173 221 216 247 229 219 222 233 209 166 200 227 167 171 232 185 248 174 225 210 168 206 204 172 228 218 179 241 230 169 192 234
166 79 180 174 246 208 220 173 210 219 176 179 190 195 217 204 213 242 221 203 230 224 189 237 202 191 250 222 187 193 201 197 216 234 171 172 192 214 212 229 185 232 211 196 247 178 199 167 225 169 245 182 177 200 239 218 238 170 181 235 207
167 59 235 227 172 207 230 240 239 232 213 228 205 171 224 220 226 191 245 221 216 242 204 236 188 217 219 229 218 190 179 175 170 215 169 223 212 202 206 233 192 176 244 168 241 247
168 50 199 230 181 192 215 229 206 245 237 241 210 193 169 219 231 171 220 244 187 183 170 207 202 203 247 227 216 173 234 178 197 190 250 205 189 182 200 184 198 236 248 233 186 240 214 180 211 218 228 201 196 222 204 225 221
169 25 197 195 222 226 250 228 187 224 191 236 214 186 245 237 193 196 173 241 247 192 172 210 174 204 185 230 201 220 171 219 200 249 244 183 231 218 178 211 190 234 240 194 206 235 232 213 181 209 184 248
170 99 174 235 211 205 171 239 215 222 246 194 217 245 237 184 236 190 192 213 187 227 209 173 247 206 200 225 176 199 212 238 243 220 250 189 224 233 226 196 191 195 204 182 203 242 197 223 180 210 231 175 177
171 29 235 204 213 196 176 200 199 206 203 232 172 239 221 245 250 173 218 226 210 186 201 247 194 192 237 212 225 242 179 249 243 189 185 208 240 248 228 191 183 180 234 236 244 207 211 174 177 181 217 182 214 241 190
172 70 246 206 232 250 191 221 207 179 213 194 225 196 215 216 187 220 175 185 182 178 235 241 211 223 228 204 183 174 249 202 197 198 195 242 243 236 173 218 201 212 247 188 244 208 209 203 219 231 176
173 22 196 232 211 194 203 215 208 193 180 230 210 179 185 227 222 212 228 200 184 175 250 248 216 204 241 240 226 242 207 234 224 246 178 201 218 209 243
174 46 197 198 243 183 248 238 210 214 204 203 227 233 185 249 245 211 216 194 205 184 179 209 231 237 221 182 207 217 195 218 228 206 232 188 230 196 234 187 244 175 241 225 226 189 200 178 240 193 250 213 190 192 224
175 42 180 189 242 184 187 231 240 227 247 237 205 222 229 239 219 178 221 235 210 212 206 192 201 224 183 218 186 234 204 179 207 177 250 236 193 230 223 217 182 200 211 176 213 245 214
176 76 194 226 180 238 230 229 242 212 237 249 245 233 250 214 205 218 179 225 232 191 190 246 213 178 209 221 219 199 236 186 223 198 200 197 227
177 35 244 233 217 178 238 225 224 221 232 209 223 227 207 198 235 194 192 196 180 187 185 220 241 240 250 210 234 205 182 226 213 229 201 215 211 184 230 216 186 179 243 228
178 65 232 183 247 205 218 234 235 210 250 238 186 213 216 220 208 196 230 181 215 217 241 240 192 203 248 185 209 199 222 191 237 187 225 233 201 243 189 214 207 190 198 197 204 228 249 244
179 39 237 195 217 227 202 193 229 185 207 206 220 238 186 214 209 211 208 246 230 221 182 240 196 250 191 190 232 188 184 219 201 244 203 225 224 242 241 243 199 226 228 245 239 210 194 180 247 218 216
180 69 207 249 213 211 186 214 218 227 204 197 191 199 236 184 225 231 246 193 212 205 228 188 217 226 208 196 185 248 220 242 215 219 234 206 203 241 182 187 232 222 221 194 223
181 87 216 230 228 227 218 199 192 236 188 194 235 250 190 249 220 214 207 212 198 233 201 221 196 189 202 234 191 206 223 225 213 241 182 219 208 224 229 203 243
182 98 183 248 186 225 233 191 234 190 209 188 244 217 232 200 202 240 227 237 246 212 187 226 192 185 195 221 249 215 199 245 224 214 238 242 184 236 239 210 203 206 204
183 98 228 210 191 238 189 217 246 190 213 229 248 184 235 201 237 215 186 205 231 240 245 195 208 221 233 222 194 225 232 247 202 220 209 211 236 223 242 206 207 196 212 234 244 185 197
184 45 196 216 244 239 211 227 189 209 192 212 193 207 237 240 223 220 230 232 185 201 233 241 205 218 231 186 229 194 238 228 236 224 247 249 215 243 219 203 202 242 190 191
185 45 233 217 218 198 242 232 234 214 229 194 203 190 223 209 205 231 222 245 196 240 188 211 230 193 248 236 204 197 238 200 241 187 186 221 212 210 208 201 237 202
186 95 205 200 237 190 231 242 238 227 191 197 218 236 247 228 207 249 243 220 199 226 233 193 215 216 234 214 198 232 210 203 187 250 219 239 201 202 235 194 223 195
187 50 236 222 214 245 203 202 211 191 207 225 237 235 198 195 239 224 241 189 247 242 199 233 212 218 193 220 213 238 205 210 248 204 196 226 244 190 217 229 250 223 231 215 194
188 86 216 204 189 198 247 209 207 210 199 227 244 197 230 214 241 233 211 196 217 226 206 232 246 220 212 219 201 242 194 240 203 215 205 239 221 195 225
189 75 213 223 190 211 215 193 237 231 234 212 244 198 220 224 201 227 228 192 245 236 208 235 191 205 200 243 202 218 197 239 216 206 199 196
190 63 198 212 245 242 228 220 199 221 210 230 237 233 229 232 227 211 203 195 226 208 219 209 192 218 194 239 202 222 243 231 200 193 247 201 223 217 207 240 191 196
191 62 202 240 205 230 197 206 207 215 201 246 219 218 231 195 208 236 244 213 200 214 232 209 242 196 250 248 204 224 211 203
192 57 235 207 218 199 248 249 228 231 220 201 239 222 229 216 243 240 221 205 213 224 225 212 230 209 215 196 236 247 237 202 198 211 195 219 226 250 217 233 204
193 45 243 213 197 212 242 200 204 235 218 209 196 207 215 230 231 199 216 222 195 246 239 244 236 227 202 233 205 232 226 238 217 221 194 219 237 206 224 250
194 44 203 204 236 196 233 200 212 210 198 230 238 223 239 208 219 222 195 220 197 221 242 249 244 218 235 205 228 225 247 211 199 250 245
195 30 198 220 228 249 212 248 242 206 196 225 223 231 238 235 199 241 209 216 240 205 237 227 208 232 211 247 246 243 213 201 230
196 24 227 203 205 220 229 213 201 204 250 236 233 230 245 222 206 214 216 215 242 219 199 235 232 248 221 238 223 239 218 234 210 244 207 200 209 224 197
197 38 230 199 245 205 236 226 248 237 241 238 249 204 207 217 216 220 211 203 213 246 206 214 201 219 250 231 242 218 233 209 227 244 239 221 208
198 86 231 204 249 227 250 244 209 217 248 238 212 226 221 216 245 200 223 199 222 225 214 219 233 201 210 205 247 202
199 70 210 214 242 223 238 215 232 246 236 226 229 200 208 235 245 204 222 228 239 237 220 247 224 227 230 209 233 202 250 212 221 244
200 59 223 209 216 230 250 212 236 224 219 243 241 203 247 206 221 213 229 220 242 226 237 204 244 249 214 205 233 225 207 215 235 208 218
201 100 220 203 209 230 221 231 249 235 215 227 246 233 224 204 206 210 214 217 211 238 237 218 244 205 226 250 239 212 202
202 95 215 223 211 231 219 244 234 207 238 236 213 246 204 248 249 245 233 250 220 218 217 228 222 235 232
203 44 233 237 222 241 225 219 247 249 212 227 214 224 234 228 207 208 216 217 211 236 209 246 239 243 242 205 226 223
204 21 214 233 240 241 249 223 234 209 231 247 210 225 237 217 221 238 215 232 229 207 246 226
205 56 247 213 242 246 208 219 231 227 238 232 249 225 220 240 236 215 210 223 245 230 207 243 241
206 67 235 213 249 230 219 225 216 211 239 245 220 248 233 224 228 208 210 240 226 218 238 234 250 207 223 214
207 93 224 220 242 231 245 211 241 238 219 208 246 223 250 229 209 228 239 227 232 248 221 214 217 236 230 210 213 234 233 225 249 222 216 244
208 72 245 226 242 240 244 234 247 236 237 243 227 224 219 238 233 220 218 223 230 232 210 235 231 221 239 229 249 228 209 246 215 212 213
209 31 216 211 215 243 230 221 242 223 244 213 239 231 217 247 220 238 246 245 212 241 225 228 240 248 214
210 31 237 230 227 244 239 220 235 212 214 241 236 224 229 248 245 234 219 233
211 56 248 216 215 224 237 240 219 249 213 221 232 228 236 225 246 226 222 230 212 229 250 245 214 243 218 239
212 33 242 215 219 241 236 228 229 222 247 235 232 245 214 244 230 233 250 239 226
213 44 248 225 216 233 228 238 224 236 239 246 230 250 231 245 218 240 226 215 219 223 227
214 69 231 244 229 240 242 223 249 220 224 219 250 226 228 247 227 248 246 218 233 238 225
215 75 240 247 216 228 238 231 242 222 237 243 236 235 229 226 245 232 221 239 224 248 220 250 233 225 249
216 69 250 246 249 232 226 248 238 234 223 231 217 239 235 220 244 219 243 225 218
217 63 227 242 223 243 233 240 238 224 220 225 232 230 237 234 221 249 250 229
218 40 236 223 222 249 241 242 233 248 220 229 247 244 224 246 225 221 234 219 237 245
219 70 221 225 227 220 249 238 243 230 224 247 234 231 245 237 223 246 222 239 248 236
220 54 229 222 247 227 250 225 249 235 240 226 241 231 221 236 223 237 248
221 84 248 227 239 226 249 243 229 245 240 228 222 232 231 244 224 233
222 47 243 246 248 249 224 232 225 244 237 228 238 242 239 230 247
223 91 240 239 248 235 228 226 233 232 236 249 238 231 229 243 242
224 28 246 250 238 247 243 232 227 233 242 248 241 249 230 235
225 71 240 232 231 243 247 228 249 230 226 229 242 233 246 235
226 36 234 243 244 229 249 242 246 228 241 239 235 233 231 248 240
227 48 234 241 247 240 245 229 248 237 231 244 246 250 249 242
228 24 243 246 239 241 234 240 250 249 235 248 230 233
229 21 247 233 244 238 245 246 236 232 230 243 231 234
230 33 245 233 247 231 244 237 236 250 235 239 242 240 249 238
231 64 235 246 239 247 242 237 234 248 240 233 245 243
232 20 242 235 244 249 241 243 237 248 236 250
233 43 239 241 243 240 244 249 238 248 247 242
234 88 235 237 245 244 241 249 250 247 238 246
235 37 247 240 244 245 250 239 237 236 243 241
236 80 249 238 241 247 250 245 242
237 54 245 249 246 244 239 242 247 241 240
238 45 250 242 243 246 240
239 67 242 248 249 243 240 247 241 245
240 81 243 249 248 244 241 242 247
241 57
242 22 245 248 247 246 244 250
243 30 246 247 249 248
244 97 246 248 249 250 247
245 72 247 246 249 250
246 85 249 247 248
247 82 250
248 50 250
249 24 250
250 51
