120 150
1 60 88 35 103 16 43 63 46 66 52 104 56 85 5 2 86 6 33 4 21 3 70 36 59 42 118 40 61 34 97 82 69 114 107 95 117 105 94 76 116 15 27 41 67 53 48 90 24 58 10 64 31 28 71 23
2 55 30 71 66 59 38 4 60 3 108 114 31 7 90 75 113 102 101 106 61 41 78 86 54 69 97 39 46 104 58 92 14 16 40 33 43 8 94 55
3 60 45 97 52 119 109 107 115 38 43 48 73 120 80 89 106 95 20 25 34 31 46 24 39 65 111 5 16 57 74 54 59 88 100 70 50 72 81 103 66 104 18 51 83 49 22 67 58 112
4 23 85 104 12 73 95 99 79 27 11 18 13 117 113 60 49 20 54 62 19 70 10 91 115 9 52 37 81 93 6 26 50 112 56 34 101 36 108 58 86 38 15 21 118 64 97 65 84 32 72 7 51 82 105 103
5 89 53 20 18 6 34 102 95 14 64 81 48 15 66 113 77 7 24 41 115 57 59 111 36 68 9 13 74 92 21 50 10 89 97 27 37 47 56 112
6 77 119 72 45 28 40 31 35 42 59 76 50 98 109 86 22 14 93 84 104 113 106 20 78 118 108 26 70 23 115 120 13 85 97 12 25 107 52 75
7 97 33 83 108 84 109 24 71 52 80 27 55 50 46 66 56 67 91 100 9 93 113 68 57 64 41 47 75 43 29 59 38 104 110 30 76 22 23 10 25 116 34 51
8 62 119 110 65 62 69 25 113 76 41 22 88 95 47 32 102 116 28 78 89 13 49 35 42 81 30 37 83 114 103 118 34 21 72 27 71 56 11 36 26 90 40 45 17 79 66 48 68 59 74 54 87 14 18 12 96
9 77 29 110 113 56 67 47 78 115 52 27 46 60 30 97 104 75 118 105 53 79 15 65 77 21 51 70 81 41 117 31 61 14 39 84 86 64 40 62 19 109 35
10 45 94 32 100 68 95 111 119 14 92 26 74 62 98 75 46 104 33 22 34 27 79 117 83 71 103 101 64 87 77 99 91 86 19 63 21 40 89 30 12 112 106 41 13 23
11 96 47 63 67 84 105 104 65 72 21 83 15 79 70 52 44 75 41 68 107 46 73 109 17 74 49 106 117 48 35 97 110 18 61 26 24 93 89 19 77 59 78
12 20 52 65 63 45 71 32 117 17 116 98 89 40 37 106 30 27 94 26 35 110 119 93 82 14 118 75 67 57 22 39 41 50 108 53 80 29 92 114 113 23 36 70 77 18 66
13 67 119 64 65 78 99 18 32 88 74 29 75 48 98 69 49 47 68 89 70 72 109 24 87 62 40 105 93 59 61 83 92 15 77 55 38 114 30 33 58 67 57 43 44 120 116 21 63
14 38 119 81 74 47 67 59 77 114 37 73 19 101 68 75 17 55 106 87 61 56 82 39 116 108 22 16 36 84 24 109 35 53 92 111 40 30 97 25 21 60 91
15 96 38 89 31 58 120 100 65 104 21 109 42 83 30 108 114 69 19 67 101 78 90 41 52 28 29 54 26 43 91 118 55 112 45 44 84 33 25 72 96 17 110 50 99
16 75 19 85 47 104 119 89 93 21 117 36 17 87 27 106 44 66 98 102 51 49 53 83 24 32 56 113 91 88 79 64 25 101 111 86 75 94 96 120 73 115 52 72 48
17 86 96 115 63 33 24 27 92 52 41 23 76 81 103 80 72 95 48 117 36 112 68 34 70 116 37 85 108 64 35 90 54 106 102 73 83 114 50 105 88 28 56 62 100 55 29 120 119 53 45 19 22 67 91 18
18 41 56 113 81 26 22 63 62 23 82 21 114 105 79 39 108 101 117 120 57 75 60 34 91 94 24 28 29 55 25 44 50 35 47 48
19 42 70 30 83 31 58 59 46 24 32 67 22 38 26 86 112 27 101 60 50 95 115 108 35 57 99 110 39 114 36 21 34 45 105 29 76 55 120 66 100 48 104 106
20 89 67 40 51 92 100 88 50 42 58 104 102 59 57 52 120 30 53 70 27 81 32 107 118 96 41 80 82 116 31 37 55 119 73 78
21 95 115 53 117 70 90 41 91 97 42 100 81 120 114 102 49 84 104 51 60 72 94 63 95 47 107 73 74 45 105 103 39 59 69 112 86 108 37 26 46
22 68 60 38 111 90 92 23 45 100 49 80 98 94 61 95 93 62 108 52 77 35 106 78 55 99 37 69 82 34 65 68 107 83 119 87 47 32
23 64 63 45 97 69 74 62 42 88 118 68 41 83 114 40 27 54 107 110 46 90 34 25 71 70 47 111 95 75 73 81 106 66 44 101 53 57 29
24 70 41 104 102 53 50 48 44 82 58 88 98 56 73 108 45 96 57 91 31 87 60 120 74 77 113 47 35 69 32 80 94
25 64 103 35 97 107 38 72 33 34 41 79 119 54 69 65 42 55 78 90 63 115 81 77 73 86 85 98 70 96 88 66 91 104 49 71 59
26 90 41 30 40 78 56 105 75 52 34 74 27 107 46 76 31 113 69 85 65 114 54 89 29 111 62 71 88 58 109 67 117 112 106
27 45 75 30 40 33 113 68 34 94 66 108 100 42 73 28 81 117 78 48 55 106 67 102 47 57 101 110 44 41 39 112
28 95 59 77 56 83 68 115 31 35 49 38 61 58 44 69 67 47 114 86 102 79 74 39 84 99 97 119 73 87 76 46 57 108 32 75 92 80 52 55 62 64 60 41 111 43
29 45 35 118 82 30 98 85 60 83 100 72 54 74 46 93 104 68 55 110 44 75 71 120 32 99 78 88 63 37 94 36 65 39 73 49 95 80 51 105 41
30 53 93 106 86 64 97 48 78 70 101 68 79 120 56 67 81 104 52 82 31 89 96 53 102 87 40 57 65 111 62 92 75 80
31 99 78 98 67 79 118 89 35 86 102 70 77 108 84 104 57 62 96 46 52 69 50 38 60 82 51 88 113 91 110 114 55 41 56
32 85 105 74 104 110 119 83 46 34 115 37 47 55 70 48 49 65 98 69 114 40 58 118 76 73 79 87 94 71 93 112 82
33 89 40 50 52 51 55 62 120 94 81 113 74 80 108 44 109 116 61 86 100 90 106 57 92 114 70 111 63 110 47 49 99
34 58 106 49 73 103 37 85 90 119 66 62 69 65 83 100 47 51 81 77 78 111 48 120 54 68 58 38 82 118
35 23 99 94 50 90 54 69 109 86 85 65 93 88 87 37 36 108 45 115 107 89 63 114 80 49 43 62 76 57 118 113 73 64 75 40 56 117 110
36 77 65 39 66 37 50 119 117 104 47 77 73 67 107 90 85 115 114 97 43 74 84 70 103 42 102 88 110 57 53 89 48 45
37 50 74 97 108 96 57 79 87 39 46 114 63 56 81 117 45 120 62 38 104 112 98 105 83 110 119 75 118 95 109 42
38 36 63 115 81 111 108 56 88 105 58 72 67 77 40 41 66 52 62 82 70 90 48 112 113 75 102 110 98 65 68 61 85 42 49 54 83 119
39 54 104 112 114 58 73 69 72 76 61 44 115 45 50 118 87 94 71 108 51 109 70 119 54 60 49 96 85 59 64 120 113 89 81
40 26 62 85 96 90 95 113 54 45 117 46 106 80 102 98 107 51 81 56 59 111 92 50 114 86 118 66 112 70 119 42 57 115 55 103 97
41 77 94 62 68 99 86 74 110 48 45 101 88 84 71 103 112 105 96 89 97 55 113 82 46 117 51 58 52 59 90 60 63 79 72 67
42 65 86 109 103 91 76 64 113 102 57 49 44 87 82 73 92 77 90 111 65 63 119 59 55 72 48 120 96 53 80 84 43 105 47
43 26 108 114 117 118 76 96 68 113 56 85 47 49 75 111 67 74 55 94 58 69 60 106 107 62 46 90 84 80 92
44 43 90 83 58 61 105 75 85 106 101 72 91 93 112 109 108 96 95 48 104 57 64 67 111 92 116 55 102 88 115 69 119 118 120 49 87 81
45 99 82 51 61 75 115 120 108 88 100 52 74 94 103 90 97 46 107 112 96 70 118 77
46 22 102 77 56 65 119 99 85 100 55 52 70 93 66 76 54 88 74 90 103 50 117 104 95 118 75 48 105 57
47 34 112 72 96 113 50 85 69 84 107 117 51 60 65 88 98 90 102 104 93 114 48 58 80 76 77 118 67 86 108 49 53 105
48 84 106 57 82 78 69 102 120 51 109 84 75 49 111 90 55 117 116 71 56 80 63 115 73 94
49 59 96 91 99 115 65 60 51 114 83 56 89 64 87 61 112 50 92 93 66 108 105 78 98 117 90 68 55 67 76 82
50 56 75 73 51 69 102 55 67 89 91 101 76 103 60 80 54 116 93 88 56 114 110 90 87 68 58 86 72 70 98 83 77
51 89 66 110 113 106 100 56 75 96 103 67 109 90 80 89 107 98 57 84 108 95 115 91 55 63 64 82 92 120 79 102
52 70 84 86 54 80 114 66 88 119 113 89 110 53 83 76 62 55 100 105 93 67 56 117 96 61 115 60 73 118 107 92
53 39 76 112 84 68 96 105 83 80 92 115 93 91 73 108 63 95 94 99 81 85 66 61 58 79 103 82 65 104
54 52 94 98 65 113 72 92 104 109 59 96 115 119 77 84 81 64 80 62 60 75 82
55 39 96 111 106 93 66 91 57 119 87 82 94 77 84 88 79 105 110 63 59 69 115 72 67 103 101 108 68 99
56 83 102 110 67 61 119 104 63 66 92 117 76 91 73 113 80 78 103 116 72 81 89 65 75 106 114
57 58 107 104 92 76 75 99 116 111 109 100 120 87 86 74 106 66 72 113 101 85 108 89 70 84 95 59 69 68 63 77 88 91
58 80 87 114 80 97 102 96 111 93 100 63 72 78 115 84 103 98 82 116 95 77 61 110 70 85 65
59 77 70 62 104 110 90 73 86 77 94 69 88 112 63 96 101 109 120 105 79 117 81 93 111 102
60 99 81 61 102 96 62 67 113 116 99 88 117 68 69 101 104 70 109 89 106 87 97 79 66 74 114
61 33 65 63 89 62 80 66 73 115 106 75 98 103 91 112 69 77 95 79 71 72 85 101 109
62 91 87 91 112 101 118 106 96 115 102 80 105 77 72 63 113 120 103 90 88 76 66 86 95
63 100 110 109 77 104 117 114 67 120 66 116 92 105 107 71 74 111 75 91 64 83 86 115 102 103 70 113
64 37 116 91 70 106 115 73 102 114 111 66 110 84 101 86 85 68 71 88 92 117 99 81 93 75
65 48 107 78 100 112 89 117 75 84 80 101 86 69 110 76 90 67 73 98 103 82 94
66 22 85 101 97 87 114 86 82 79 84 104 73 78 100 75 109 111 108 117 91
67 29 108 87 111 119 72 86 107 95 79 92 90 81 80 110 85 84 83 74 88 73 100
68 94 71 98 101 83 108 113 109 112 107 114 81 79 88 84 115 89 91 117 99
69 54 95 99 74 81 82 101 117 119 75 91 83 87 112 78 90 94 71 79 109
70 79 115 109 91 90 95 111 76 78 71 112 106 92 94 73 97 93 98 81 99 84 116
71 100 114 77 100 76 115 97 106 113 103 108 79 90 74 96 104 102 109 111 73 91
72 31 93 97 119 85 86 92 112 94 117 82 116 84 113 100 118 109 103 88 78 81 75 79
73 60 118 75 83 114 96 112 89 82 101 102 119 93 95 98 116 87 117 120 105 76 74
74 42 106 93 94 91 99 75 95 76 89 82 115 83 104 109 78 110 79 92 105
75 54 107 103 93 95 111 105 116 81 108 117 113 80 78 85 83 106 98 89 112
76 58 115 108 104 117 81 82 91 118 120 119 85 110 93 105 96 90 109 97 84
77 60 99 88 91 92 85 106 96 109 108 83 86 120 115 105 100 118 111 87 110
78 84 84 107 110 85 115 100 96 104 89 86 91 94 109 106 97 79
79 42 97 104 98 108 116 94 88 92 85 112 86 91 93 113 101 103 102 95 80 83 117
80 99 97 120 85 103 98 117 96 99 84 116 109 87 94 102 115 113
81 55 115 110 106 109 102 88 113 98 93 85 114 97 108
82 30 111 120 107 105 113 87 83 106 96 94 103 112 86 89 108 110 115 97 92 116
83 84 97 117 89 103 104 90 101 88 105 99
84 74 97 109 98 108 104 94 90 89 112 120 93 114
85 78 109 98 112 117 104 99 106 103 90 113 120 114 91 119 105 118 101 110 87
86 22 112 111 104 106 89 91 87 92 101 117 119 94
87 56 112 95 105 115 120 106 102 98 103 108 93 89 91 119
88 51 90 118 91 92 97 89 113 115 93 95 100 119 107 94 120 112 106
89 99 116 97 90 108 95 111 91 98 102 115 93 118 110
90 49 106 115 101 93 98 119 104 109 105 114 92 113 112 96 111
91 50 100 119 107 95 102 116 103 98 99 106 112
92 47 117 104 93 98 96 105 102 107 114 119 112 116 95 118
93 39 109 117 112 106 98 100 118 120 102 115 96 108 97
94 49 110 113 97 104 112 111 116 100 120 98 101 115 117 95 114
95 64 109 110 106 98 105 100 107 104
96 84 99 103 101 116 104 115 111 118 98 107 117 114 102
97 67 101 105 120 111 114 115 116 102 110 100 112 118 119 107 98
98 89 115 109 108 116 101 113
99 77 103 104 115 117 116 110 109
100 21 107 102 112 119 106 111 120
101 83 117 116 104 113 114 110 112
102 93 112 105 107 115 117 119 106 120 110 118
103 48 119 108 117 106 120 112 105
104 58 117 111 108 109 120
105 34 117 113
106 98 116 109 112 115 107 114 113 110
107 97 111 117 113 116
108 90 120 115 118 114
109 82 111 120 116
110 54 119 112 120
111 23 117 113 120 119
112 36 117 120 113 114
113 80 118 116
114 88 119 115
115 26 120
116 73 119
117 90 120 119
118 78
119 24
120 88
