250 150
1 85 37 132 138 195 134 133 59 214 220 233 35 3 54 234 86 56 45 242 93 222 175 244 146 112 123 149 26 24 110 99 114 107 15 113 247 173 178 190 204 119 101 127 58 118 128 84 44 157 79 48 109 152 159 186 199 46 218 49 221 22 39 225 165 181 168 85 38 103 243 212 151 250 137 154 10 213 198 201 13 115 5 162 230 80 98 91 41 161 126 183 130 121 147 226 237 205 50 193 16 125 191 75 131 52 177 81 65 166 219 60 156
2 70 191 198 8 74 250 126 44 183 241 200 182 211 75 27 220 203 100 154 238 131 43 155 113 87 237 199 201 219 175 192 56 156 232 67 193 179 244 103 31 106 189 107 177 169 243 215 161 93 157 249 30 95 111 15 123 61 112 60 57 66 224 28 124 147 109 170 97 208 218 77 92 235 12 121 227 24 82 4 221 210 51 62 231 239 20 3 26 167 54 19 49 173 94 115 228 196
3 39 81 230 85 232 169 96 15 218 35 180 161 196 142 11 43 13 72 228 201 4 248 204 114 220 175 50 25 173 154 240 149 54 212 150 126 247 143 44 241 227 49 21 115 153 216 90 209 141 127 28 221 74 48 30 99 245 171 162 109 70 97 229 103 244 22 33 98 42 132 78 113 152 235 121 156 125 242 12 231 86 137 123 210 56 110 159 147 151 213 18 200 215 62 135 189 47 168 182 224 39 225 157 76 84 45 250 112 63
4 77 172 205 214 112 166 98 182 44 41 56 234 83 18 7 156 157 77 198 35 15 32 65 212 179 30 159 132 9 244 17 78 62 101 185 148 168 235 61 139 249 227 242 133 165 88 67 91 226 34 231 6 155 164 31 142 162 64 225 107 195 22 236 170 43 70 151 27 129 102 229 123 250 126 28 106 154 147 219 220 47 145 141 66 49 16 45 218 76 206 202 134 209 200 80 93 72 138 240 29 120 105
5 51 36 215 164 38 7 163 85 41 250 203 239 88 192 139 237 100 172 50 162 39 143 106 222 123 121 132 54 18 196 125 184 59 65 200 207 57 34 241 156 33 218 220 234 49 55 140 208 246 179 37 201 15 190 25 236 52 219 183 28 79 131 95 150 24 87 161 19 240 187 62 114 152 160 185 8 74 134 26 142 67 175 229 180 58 119 214 77 127 130 31 80 209 247 170 158 14 138 116 224 186 111
6 30 135 142 224 7 82 121 129 158 93 183 120 248 190 175 211 53 77 66 205 44 166 27 119 149 151 214 223 236 79 239 195 97 39 8 133 20 155 136 240 32 184 180 164 12 145 90 67 58 101 153 87 98 196 22 105 46 203 130 117 242 208 54 71 173 245 14 106 212 94 217 61 29 178 114 228 111 230 165 51 226 204 73 59 249 169 63 191 56 9 128 189 162 250 241 84 185 91 122 95 110 34 104 26 36
7 92 78 37 22 159 31 152 243 203 28 217 162 96 63 229 154 242 99 57 164 115 221 218 173 109 161 64 141 81 108 170 237 13 70 122 209 136 231 74 110 149 44 113 75 146 131 118 219 224 151 117 107 194 145 10 55 250 233 21 73 191 172 19 101 178 211 235 184 71 163 216 207 123 29 14 182 89 76 227 225 244 236 139 156 58 208 66 130 147 132 39 121 206 138 43 97 148 87 69 116 238 168
8 55 124 233 68 225 168 235 211 49 218 143 66 117 118 241 38 97 150 228 105 128 109 183 100 112 169 13 249 184 24 130 152 161 15 215 250 58 191 22 136 158 101 148 167 174 137 134 242 92 17 95 121 34 18 135 221 28 54 90 86 182 142 96 154 188 206 181 41 234 179 52 25 119 145 144 80 175 83 76 75 212 61 207 146 201 216 55 170 217 210 213 50 176 248 173 114 220 189 223 37 67 141 151 185 44 238 138
9 21 74 247 54 115 58 121 242 10 93 129 172 165 191 17 112 124 201 154 95 215 39 163 25 249 155 57 189 30 131 78 234 186 100 104 32 65 26 34 42 227 239 171 149 164 21 20 168 198 122 182 84 126 197 123 13 212 61 207 36 59 143 83 72 223 153 128 11 159 16 238 90 110 214 192 204 139 98 22 150 233 145 87 228 92 211 231 226 96 245 109 14 196 85 48 120 111 151 166 213 130 114
10 47 103 182 179 86 145 178 16 241 79 176 34 23 110 117 99 175 76 197 36 87 128 46 194 173 185 68 33 154 203 169 144 217 127 29 233 82 131 37 17 167 80 236 109 140 138 59 19 26 45 47 30 75 195 221 96 50 54 161 227 112 132 22 232 55 81 170 183 49 200 65 11 235 247 77 146 125 152 98 243 199 48 40 41 180 246 42 97 250 39 208 51 20 136 122 15 181 223 245 121 193 18 58 214
11 41 106 22 114 211 159 147 248 49 169 183 167 95 36 65 73 156 81 152 62 109 164 150 207 136 250 219 12 38 52 66 243 108 129 141 223 202 97 217 91 100 43 224 20 189 160 83 117 228 157 155 19 145 193 111 67 233 60 120 236 240 214 44 25 98 69 122 89 21 79 161 204 68 170 180 18 74 41 165 176 32 196 51 144 244 17 203 209 112 124 239 37 174 163 179 146 128 137 227 143 225
12 95 183 90 150 115 250 103 181 47 182 222 86 89 111 51 188 165 238 50 228 110 13 61 142 26 246 49 214 104 65 162 141 189 161 42 64 204 156 138 137 203 174 244 167 190 180 200 125 87 57 71 75 100 96 223 123 25 227 140 63 24 235 120 52 171 56 195 194 37 28 119 62 91 59 218 198 145 151 73 169 81 69 80 31 211 192 83 27 32 208 68 129
13 62 192 29 111 96 244 237 191 175 151 199 32 99 85 98 206 183 144 232 134 125 46 140 25 80 37 56 132 117 205 55 93 202 208 14 43 216 23 118 147 38 24 52 75 188 71 64 35 89 193 182 194 214 248 156 48 184 164 247 163 229 60 77 227 78 91 141 238 203 100 74 61 44 198 211 124 81 88 137 131 18 101
14 97 118 71 50 113 157 61 24 144 34 135 220 142 26 29 27 17 62 213 206 69 47 238 201 116 247 139 122 74 207 31 216 217 82 138 99 80 172 81 35 194 18 94 226 190 131 119 184 101 59 183 132 169 107 15 224 120 86 54 203 114 243 127 98 246 205 108 196 103 176 125 222 28 168 158 223 93 53 96 250 240 145 109 175 180 124 228 64 51 231 234 150 248 198 225 33 25 212 67 55 211 115 60 73 70
15 72 216 231 97 138 30 118 101 83 39 106 223 144 53 234 100 66 201 79 129 117 54 122 64 191 49 210 52 219 111 75 164 17 115 41 151 155 238 167 197 239 203 193 235 137 143 188 222 136 142 86 194 72 120 56 85 74 125 139 199 80 220 127 95 45 91 119 90 166 160 116 226 47 189 225 228 156 217 68 146 154 161 104 24 233 113 162 177 69 62 227 150 214 26 130 38
16 56 28 137 179 88 224 98 89 91 112 30 231 234 196 174 115 230 49 64 136 23 246 48 70 139 21 184 131 247 238 117 176 141 197 34 180 147 215 56 53 108 46 47 74 140 75 99 203 226 76 235 90 133 173 81 85 135 31 44 50 182 209 185 188 200 223 36 19 27 84 58 218 120 57 237 194 232 183 149 202 94 156 129 177 55 42 62 191 245
17 23 227 215 39 240 106 162 71 92 143 223 175 48 37 58 188 158 198 78 84 183 20 213 218 201 18 199 242 54 61 161 87 230 107 190 35 209 75 62 148 81 41 191 220 72 182 67 235 137 207 119 130 189 249 129 224 124 219 184 49 226 24 246 225 38 109 146 57 45 122 197 145 205 167 233 55 91 104 105 88 40 204 126 193 170 112 56 111
18 78 145 20 131 26 122 204 100 198 140 202 168 144 33 45 155 62 172 147 27 174 104 150 113 114 190 171 213 153 91 193 160 41 239 156 237 192 119 244 50 207 86 151 68 108 38 187 137 82 72 229 29 111 209 44 88 199 135 223 227 61 242 236 185 121 51 179 143 47 117 118 90 54 35 197 212 162 218 177 23 53 101 34 120 241 57 230 195
19 21 109 143 233 212 198 154 48 178 244 162 103 139 84 175 214 49 104 168 37 67 202 211 241 102 151 44 51 171 191 249 146 66 47 137 149 107 111 163 26 54 122 43 179 68 152 59 210 220 185 58 83 80 234 161 126 52 45 167 132 76 135 42 125 108 177 41 215 153 229 133 75 201 56 138 77 32 199 217 196 116 39
20 70 22 188 65 105 221 157 162 131 106 110 209 145 191 180 230 149 30 217 86 70 135 214 76 187 126 138 45 229 54 92 88 28 82 248 97 151 236 71 127 208 206 108 233 117 89 95 118 32 133 161 48 186 134 31 40 144 167 150 33 225 122 223 50 159 36 220 227 204 113 240 39 181 169 211 234 172 64 164 235 232 67 228 156 200
21 28 123 247 230 178 245 29 206 54 159 213 246 208 112 37 88 243 87 193 238 120 92 171 98 197 154 170 151 248 68 126 50 85 122 35 121 52 100 235 250 47 145 216 131 49 241 174 233 219 96 94 81 26 157 89 82 57 201 212 140 75 180 163 65 218 181 119 236 138 179 182 86 167 244 199 146 217 61 38 31 183 55 136 234 220 59 40 80 177 72 224 128
22 45 97 207 67 182 186 226 232 159 118 200 124 144 204 213 191 218 110 104 181 132 225 81 82 58 145 138 76 68 117 116 223 69 25 187 161 248 189 222 137 151 236 84 43 46 241 38 32 164 227 59 235 114 99 33 168 121 201 140 146 36 149 157 29 71 143 92 219 95 210 194 148 102 180 135 150 44 128 175 96 167 108 246 52 165 185 240 217 237 70 163 166 208
23 45 153 248 244 65 106 186 200 229 81 105 167 148 125 197 92 79 57 160 144 163 239 230 51 175 127 170 161 108 210 115 232 100 199 53 192 45 218 111 136 142 121 215 187 73 211 83 74 137 28 158 30 204 240 109 60 112 55 205 52 114 250 169 27 188 226 139 69 209 171 47 164 123 120 180 42 61 35 156 66 86 228 25 221 151
24 74 223 74 178 94 189 187 139 46 126 117 136 164 166 92 59 87 197 211 193 133 79 75 147 134 77 232 68 213 216 91 123 155 118 120 165 67 195 227 246 210 214 36 61 64 236 119 199 97 151 167 27 25 225 237 161 135 137 177 221 48 82 144 175 249 122 141 200 222 53 107 153 143 176 39 196 115 212 184 234 43 101 40 230 243 250 71 226 114 152
25 82 130 93 70 242 140 118 192 81 131 152 34 235 230 74 174 238 57 71 129 204 89 133 79 46 121 38 181 150 237 243 107 114 139 119 148 196 231 214 241 37 64 116 42 164 45 104 249 206 189 234 208 247 166 151 61 144 185 220 209 250 159 138 161 94 103 63 91 207 215 75 169 132 205 31 240 49 175 51 180 106 26 80 128 171 218 50 99 141 58 105 165 195 100 76 123
26 63 134 123 91 230 204 31 96 44 131 107 33 116 228 85 98 80 236 196 193 182 250 104 172 86 66 180 38 156 56 166 237 215 52 232 150 187 162 173 210 136 42 151 32 176 40 69 112 218 139 100 158 212 208 61 127 191 108 221 128 190 171 55 59 174 36 79 147 155 197 223 47 124 194 51 119 92 181 163 157 115 219 177 137 67 141 54 170 121 113
27 22 221 140 36 30 72 82 46 168 35 105 226 90 158 240 37 181 58 75 164 151 50 236 185 152 154 195 155 126 98 182 86 171 49 52 120 115 114 92 174 141 100 194 119 220 229 230 214 66 65 74 231 172 247 206 76 39 242 192 157 202 69 64 103 224 131 193 175 107 134 244 94 55 232 93 188 89 237 104 109 116 179 186 197 216 84 183 62 32 88 243 44 142 34
28 84 80 104 45 203 148 195 232 29 53 171 243 33 245 121 38 199 210 118 87 249 82 57 98 40 62 150 185 101 228 184 72 145 244 78 224 192 136 223 61 85 218 75 90 169 34 126 239 196 202 233 190 174 191 92 194 214 71 117 76 154 230 129 250 161 186 231 155 102 170 46 120 91 122 65 39 133 134 111 124 212 159 116 54 242 114 58 153 52 177 207 225 142
29 59 249 118 108 225 90 198 174 155 197 229 40 63 183 143 122 44 202 67 233 190 157 247 31 170 51 222 181 87 89 66 219 134 47 58 227 123 116 53 96 179 41 220 248 102 204 88 114 199 35 42 71 95 238 141 39 75 117 33 38 215 45 112 81 236 156 145 239 158 37 57 232 209 172 216 192 115 165 223 69 124 109 127 92 211 162 94
30 26 51 193 55 111 150 226 206 68 98 141 70 159 225 121 239 125 224 110 181 71 201 149 238 47 76 148 84 230 146 166 196 174 93 188 83 115 156 118 143 186 223 94 192 168 207 241 129 43 86 161 180 233 140 217 209 122 45 58 237 50 169 119 113 189 204 46 147 48 167 42 182 37 200 126 152 107 56 130 139 90 157 221 80 158 133 38 231 248 138 33 132 232 202 101 178 211 41 242 165 194 144
31 48 32 227 33 72 123 35 49 155 102 142 77 65 232 244 202 131 183 177 97 118 75 105 187 237 219 114 154 74 249 109 83 246 224 67 81 59 173 69 162 198 205 132 40 47 239 71 91 85 194 140 245 165 150 117 149 84 78 50 68 137 90 95 96 225 240 206 192 98 161 128 39 124 204 115 92 167 175 153 166 199 186 172 126 104 99 221 113 211 36
32 44 187 103 127 220 198 194 163 107 90 231 62 179 218 101 223 41 66 51 215 46 161 48 113 193 189 129 214 248 137 109 114 126 81 148 154 184 200 166 64 142 196 158 162 123 112 144 185 83 76 203 174 91 237 138 241 228 216 44 188 88 79 156 74 172 247 54 65 244 52 89 116 207 219 212 72 182 84 168 178 175 147
33 76 93 122 218 116 78 182 134 189 200 157 244 232 199 137 107 77 42 108 184 85 87 51 100 208 174 47 164 212 196 132 57 104 117 76 63 61 84 158 165 175 152 193 72 177 92 214 75 60 127 126 205 118 55 58 41 183 154 162 83 176 181 245 67 82 186 36 247 45 224 230 142 170 40 128 130 179 37 221 70 120 240 109 71 49 74 242 59 217 187
34 83 117 138 37 220 114 174 84 149 151 49 210 135 228 134 200 76 44 143 229 235 128 101 105 186 92 166 209 106 183 250 170 126 113 182 142 112 206 194 199 131 165 160 58 139 83 75 85 90 86 70 147 123 62 230 121 63 72 103 223 98 146 158 52 241 232 236 102 221 110 40 118 178 246 164 39 148 195 202 73 46 242 201 179 205 47 45 224
35 36 79 235 118 231 187 146 197 175 245 121 239 182 232 223 66 195 214 57 210 62 96 120 107 109 227 209 163 133 72 243 178 165 148 101 100 230 238 213 92 50 166 240 99 104 161 65 90 46 215 246 144 138 40 59 171 117 142 225 229 68 39 134 141 170 202 71 111 233 75 156 114 74 73 137 123 168 244 41 94 241 108 69 119 190 143 164 250 88 192 204 51 218 86
36 43 159 101 131 244 96 187 153 215 116 208 110 67 197 52 89 45 169 226 91 185 241 248 83 218 220 74 128 191 173 113 230 130 172 142 162 250 219 247 88 209 49 205 48 249 232 84 140 127 103 72 186 81 164 206 51 104 90 182 213 70 63 75 179 150 245 144 203 146 192 134 59 222 69 124 136 152 143 105 227 176 44 210 120 119 50 195 201 158 102 239 137 234 46 243 94 149 170 112 56 177 178 242
37 29 59 91 89 126 247 243 188 119 47 107 200 186 163 162 77 197 110 90 104 167 143 132 82 172 179 151 227 228 171 42 217 70 87 194 210 43 134 144 212 161 226 57 178 211 190 112 98 129 61 164 191 203 41 136 169 80 52 250 62 50 102 149 69 124 214 233 81 160 155 45 99 180 120 138 248 123 94 130 147 96 97 64 182 206 38 246 109 220 150 198 240 157
38 28 220 73 245 173 125 79 180 205 54 213 236 42 87 105 177 153 238 215 222 231 116 39 152 151 191 216 53 232 224 50 161 165 179 156 230 114 56 196 218 66 243 239 70 172 160 67 209 171 150 201 77 94 228 98 106 157 185 183 135 40 63 111 158 194 129 197 97 149 109 83 242 48 214 69 141 167 192 246
39 78 109 133 144 195 241 62 96 160 226 119 203 52 104 187 135 93 84 131 205 140 75 170 198 250 141 44 138 91 48 90 101 171 99 217 64 54 240 120 152 117 159 95 46 197 76 111 201 169 212 166 123 56 219 238 65 60 40 70 211 146 239 47 184 94 174 49 68 224 92 71 122 148 202 147 82 215 163
40 46 136 57 213 181 169 219 93 54 66 105 160 84 240 73 50 156 123 162 150 194 232 82 187 186 135 173 55 43 199 75 98 159 229 60 211 157 53 80 95 188 193 131 208 106 247 237 210 174 118 216 71 226 100 172 249 76 44 78 58 141 180 212 132 56 250 224 62 168 152 201 65 52 116 121 166 119 176 74 163 147 130 220 204 183 215 148
41 71 55 206 117 248 134 211 242 180 147 244 70 160 59 68 128 94 76 245 229 188 139 133 115 95 56 199 142 193 200 153 192 140 99 100 210 187 92 71 235 243 47 236 157 208 161 49 121 120 51 226 179 238 165 145 122 213 75 249 93 198 74 82 241 45 63 62 215 186 138 217 201 185 42 54 60 151 61 250 79 109 150 174 136 111 72 207 191 178
42 99 129 222 176 163 131 65 141 154 229 167 71 156 74 142 103 96 199 77 219 55 60 179 225 92 152 238 57 90 94 200 93 68 46 217 108 98 124 83 220 202 153 88 104 45 117 101 69 211 66 113 59 50 135 186 169 250 155 188 168 193 230 231 166 158 44 221 61 190 204 97 187 194 224 146 234 48 67 172 218 182 242 106 91
43 40 117 133 46 137 176 61 242 187 142 49 155 224 99 102 81 200 180 198 127 59 167 221 168 75 241 126 68 115 134 203 244 227 66 215 204 228 191 107 55 225 161 229 145 152 78 146 103 62 235 172 151 104 222 58 197 195 96 166 236 213 72 141 234 125 47 170 218 106 88 239 189 149 80 85 83 231
44 48 224 249 207 248 133 212 82 187 143 167 114 225 89 92 127 125 229 70 173 204 199 49 142 58 197 134 239 124 79 139 226 111 158 129 101 189 65 247 90 123 54 147 230 242 144 87 235 193 108 240 184 148 140 84 109 102 119 221 93 250 74 86 112 121 85 59 137 135 243 164 157 77 241
45 95 58 130 183 171 62 203 225 208 61 102 246 215 229 197 51 78 63 82 60 53 216 175 119 117 190 210 234 211 232 72 166 90 178 249 242 196 248 49 199 148 145 179 244 237 205 138 127 154 160 233 104 213 202 182 163 94 84 227 87 187 228 86 132 184 99 92 243 238 172 224 137 192 185 177
46 27 107 234 57 77 129 91 95 211 127 216 178 54 99 177 145 131 109 185 153 84 203 180 96 223 179 123 140 199 169 115 64 191 104 151 181 171 248 90 156 236 159 144 146 167 86 132 206 118 170 124 225 142 197 66 224 51 189 58 202 116 122 89 233 229 101 73 72 168 137 52 138 61 70 69 207 143 176 88 184 68
47 84 228 130 108 230 173 63 225 144 116 120 151 190 176 60 83 74 195 210 197 132 101 177 203 215 236 56 138 48 229 145 91 250 115 248 242 88 109 122 223 106 172 64 142 111 209 112 181 187 148 235 201 158 121 98 169 146 118 188 51 66 171 247 79 157 179 184 161 178 92 192 107 72 194 221 237 68 159 238 154 117 227 149 183 57
48 33 200 132 93 125 96 142 217 173 190 141 174 134 61 218 216 78 220 192 246 212 115 137 56 172 156 164 162 203 79 74 133 209 110 182 55 52 157 184 244 151 138 213 245 249 225 49 189 169 68 153 119 176 92 227 195 202 250 219 171 101 72 97 193 127 102 126 104 208 98 100 86 194 73 95 154 211 77 228 206 229 148 131 103 235
49 86 242 134 180 177 90 105 133 82 108 219 198 91 128 224 110 160 244 222 235 129 197 67 75 158 240 220 57 228 65 100 145 150 127 161 92 236 163 147 206 194 76 214 168 73 243 121 56 184 209 77 239 185 233 80 118 187 241 55 52 234 71 72 188 70 230 113 212 120 104 78 227 125 191 126 172 156 84 193 86 166 152
50 21 70 150 83 56 203 68 126 112 115 244 158 59 102 128 173 120 197 183 185 67 235 193 153 143 138 92 134 238 100 232 72 194 117 53 148 249 84 139 163 61 192 95 85 113 200 96 60 151 246 78 91 196 169 165 166 147 94 216 66 234 187 190 184 73 110 214 175 222 106 87 69
51 99 230 85 63 160 74 219 238 141 197 135 71 170 236 143 193 86 234 129 178 213 115 72 76 53 152 163 92 171 220 191 158 108 176 125 90 149 130 229 214 245 185 221 154 218 95 73 155 206 151 192 82 105 106 200 188 153 203 132 239 182 165 70 196 247 249 207 100 189 117 66 161 64 204 55 148 198 131 209 99 159 233 216
52 29 152 215 209 161 110 191 66 190 170 136 75 148 185 123 60 177 245 181 91 64 88 85 184 68 79 201 89 129 238 100 225 69 165 182 202 111 164 107 210 102 159 74 80 208 243 116 154 103 81 179 196 220 183 72 233 206 214 242 92 244 112 132 156 229 250 93 230 248 55 163 205 204 134 147 96 97 193 101 54 197 153 157 141
53 46 85 173 112 162 232 223 250 133 118 240 135 204 226 136 192 60 222 160 121 197 99 147 104 183 237 58 131 166 90 111 159 214 181 129 227 184 108 157 247 73 124 62 205 206 63 186 61 172 155 202 230 170 190 54 231 64 65 236 167 143 94 84 95 79 178 201 242 169 150 148 123 88 179 199 198 185
54 60 152 210 149 238 140 76 118 85 250 231 202 126 248 154 243 60 112 165 78 244 59 128 88 131 92 150 228 217 127 71 153 161 143 215 81 166 191 227 194 135 176 97 120 234 101 96 100 163 89 168 188 174 206 141 130 119 193 57 151 74 245 63 230 145 247 106 159 195 80 213 148 171 183 249 104 61 192 204 62
55 83 186 74 56 100 125 146 250 168 187 226 68 109 66 202 84 173 122 101 126 67 175 180 200 195 97 190 120 57 85 60 167 183 83 177 211 213 184 241 231 137 140 172 174 216 199 196 155 223 77 72 134 243 201 117 164 129 82 218 79 99 245 107 206 242 102 198 163 142 234
56 27 200 226 224 213 98 135 155 82 62 191 79 130 88 235 211 133 192 106 59 212 218 75 104 120 153 172 64 238 249 196 68 177 198 114 146 71 83 246 175 125 128 247 215 227 148 145 223 201 101 199 74 103 81 115 229 144 116 90 57 234 173 195 180 110 204 100 164 147 87 241 236 242 221 63 209 102
57 22 151 211 74 246 96 212 123 76 158 173 110 95 179 240 245 145 120 127 195 223 82 167 227 188 138 78 101 203 201 73 200 109 118 181 112 247 163 220 107 133 113 60 66 161 156 63 119 186 154 219 135 103 177 129 170 204 141 237 221 148 169 243 117 84 225 99 64 152 183 130 198 224 222 231 196 125 67 175 166 150 165
58 20 171 190 152 78 131 84 216 213 120 167 240 206 59 125 113 63 186 85 217 185 69 134 246 108 150 249 68 95 154 244 162 163 212 115 248 145 64 117 138 135 233 111 170 87 200 198 75 241 124 184 218 139 172 90 94 123 229 201 221 148 242 208 79 96 133 91 227 175 116 232 127 228 88 97 130 93 164 235 62
59 26 122 97 243 65 180 139 203 179 204 172 161 206 177 67 79 169 163 78 76 228 135 92 128 166 103 90 156 249 239 232 131 64 117 87 217 112 240 88 201 211 200 134 235 77 149 183 107 150 123 71 151 231 142 155 212 75 136 247 138 213 153 105 194 137 230 224 60 143 72 165 95 178 115 110 121 223 241 66 215 133 237 174
60 78 164 63 213 240 150 193 160 119 197 97 221 67 109 180 178 217 77 203 147 140 129 222 177 148 238 199 123 87 165 181 227 206 136 192 138 73 102 201 111 66 135 196 93 209 205 141 188 72 94 80 248 237 112 169 204 183 190 233 90 219 149 216 118 234 194 245 101 166 232 208 231 117 202 174 71 142 78
61 27 215 179 130 153 71 159 247 204 246 96 162 190 83 244 98 214 132 163 149 94 155 128 67 197 99 127 108 208 131 124 81 85 125 230 116 156 167 121 178 68 97 77 222 176 223 231 233 120 242 212 95 66 147 134 174 72 238 115 144 106 73 80 141 90 216 74 250 198 193 172 203 191 88 243 70 206 143
62 70 95 110 118 116 187 193 181 218 250 198 180 234 120 119 66 214 212 213 150 103 154 167 106 131 222 226 76 197 243 151 176 87 102 206 135 68 236 173 63 156 107 93 145 109 146 205 137 75 208 202 79 128 115 203 191 71 171 179 94 92 70 130 164 134 174 170 186 148 74 249 113 245 101 124 144 233
63 21 129 205 102 217 118 221 97 99 146 115 131 119 216 248 168 69 109 215 165 95 176 142 156 65 212 92 161 206 202 80 250 113 235 199 72 174 100 96 98 186 81 79 177 237 169 124 77 135 220 76 87 213 127 218 130 75 136 125 238 211 141 188 147 144 155 172 222 178 107 83 182 195 190 106 171 197 175 88 148 187 73 209 166 208 204 226 160 110 183 224
64 99 73 166 111 188 237 179 133 160 232 229 242 250 236 170 220 174 211 175 157 223 116 191 148 163 150 202 158 207 201 121 226 79 241 85 197 168 124 99 102 176 142 109 139 216 118 134 208 228 180 130 66 88 230 234 114 112 98 69 231 67 135 203 100 97 106 84 181 244 212 194 103 169 213 161 196 159 110 90 127 200 217 132 65
65 69 181 207 166 127 123 112 210 160 128 105 241 78 67 240 180 218 222 88 226 171 188 155 229 124 170 199 141 140 66 219 202 80 196 95 201 152 245 228 211 156 232 153 217 69 72 81 121 104 205 184 138 223 198 101 231 212 122 178 129 107 235 94 214 75 247 197 249 145 183 204 120 147 119 220 113 84 103 109 70 73 243 216
66 53 181 169 223 205 102 194 247 243 133 171 97 208 207 225 113 173 141 211 67 227 196 195 73 244 115 221 154 230 166 93 119 69 178 214 114 206 180 185 107 99 84 176 87 130 238 182 228 218 149 78 187 240 123 168 155 94 198 135 184 70 209 129 161 157 147 234 145 75 246
67 41 68 144 96 233 194 127 145 85 163 182 185 156 103 228 124 90 102 203 183 161 170 231 133 148 153 245 209 201 116 219 241 110 213 112 236 199 222 70 235 113 221 128 94 179 141 79 242 73 83 172 249 211 217 150 210 175 243 71 140 218 177 180 200 134 98 146 86
68 78 106 175 78 89 109 83 132 112 113 217 189 195 96 134 85 235 153 213 246 154 126 148 236 90 183 131 169 166 133 149 97 81 231 84 242 121 93 244 240 187 74 201 87 125 108 146 104 162 161 182 156 135 136 205 79 192 111
69 61 235 162 168 212 178 214 90 106 139 97 92 201 136 231 190 185 91 78 70 204 165 111 227 220 80 99 229 200 81 74 240 103 105 107 205 109 222 197 152 100 221 226 127 89 82 237 77 112 94 160 250 153 234 202 247 218 131 172 102 173 151 217 189 147 120 170 166
70 99 109 170 136 230 176 182 139 223 189 208 101 121 117 217 133 108 110 158 197 80 107 239 204 119 169 225 86 231 187 105 213 190 211 191 150 234 99 73 232 149 236 128 74 71 196 219 125 98 72 78 88 221 81 106 173 90 179 164 177 92 240 163 97 140 144 120 153 132 126 94 203
71 23 159 212 231 153 227 216 244 169 139 150 106 214 246 199 83 123 191 232 189 98 116 207 186 178 185 108 107 210 200 102 156 228 247 151 95 144 238 99 160 76 245 96 88 196 149 80 223 182 225 237 86 74 219 121 164 181 79 235 163 81 90 172 147 174 165 101 118 114 166
72 47 80 166 130 249 177 169 231 233 245 211 191 195 189 232 78 143 109 87 162 239 163 220 212 150 103 120 237 173 154 223 121 235 225 186 155 174 96 129 193 168 208 246 171 141 219 167 207 214 182 196 222 240 188 114 185 247 218 158 73 90 113 217 242 76 216 152 238 99 228 209 153 244 122 131
73 32 134 179 235 229 172 227 129 107 219 118 189 163 135 162 115 133 159 164 136 242 201 209 187 249 246 87 203 239 221 170 113 185 218 241 193 212 149 142 228 230 215 247 124 174 207 202 119 238 88 89 94 100 188 213 183 146 99 152 114 192 176 101 225 195 168 104
74 59 138 171 233 249 133 218 215 120 222 184 135 186 231 198 150 244 79 159 155 101 210 100 219 245 238 95 163 144 110 236 104 189 122 141 116 117 204 241 96 98 173 211 174 93 161 191 128 127 185 187 246 88 75 190 114 152 130 80 227 92 196 115 147 223 84 145 235 175 240 178 209 247 168
75 76 151 157 125 168 247 82 79 89 179 236 124 195 182 233 185 150 208 119 189 212 175 200 181 121 154 172 243 149 245 76 184 126 249 133 118 97 162 188 159 112 211 140 144 170 250 197 161 196 100 114 108 128 83 123 147 96 241 187 86 117 227 158
76 42 153 92 151 77 109 188 187 110 227 193 168 140 150 129 116 209 172 200 224 201 237 93 146 138 81 181 108 115 220 118 124 100 178 82 231 214 83 211 121 204 225 184 88 162 141 236 107 244 243 208 235 133 186 202 166 79 223 97 90
77 67 185 205 115 209 213 246 191 79 211 123 86 149 99 120 207 172 83 214 138 95 152 231 131 202 238 240 245 84 164 144 188 89 237 229 154 225 78 235 171 206 222 176 224 104 193 169 250 132 148 186 210 203 91 125 81 146 122 103 232 201 192 117 170 128 87 94 116
78 75 192 210 199 197 188 95 222 176 248 219 128 177 132 111 91 161 140 237 203 179 175 136 244 242 117 236 168 160 119 167 201 212 109 223 239 127 227 115 120 89 114 144 247 243 217 104 208 202 118 158 204 131 103 206 83 165 108 149 181 151 101 231 184 233 86 146 226 163 187 189 87 156
79 72 157 175 104 243 138 217 146 129 83 248 120 240 117 183 151 140 136 169 225 182 179 245 250 249 210 160 90 206 224 131 132 165 202 162 109 171 194 181 150 89 103 246 215 199 220 124 192 94 203 167 96 111 237 98 149 236 84 144 207 115 242 193
80 52 86 112 97 187 118 140 87 160 126 235 124 109 209 150 141 171 116 94 151 84 220 177 207 221 189 231 208 179 157 91 180 174 172 119 182 95 214 142 215 130 239 145 102 111 201 106 122 246 225 149 129 136 178 237 232 110 230 105 170 236 146 83 242 234 131
81 76 158 162 221 171 245 169 235 242 176 232 173 92 185 219 113 125 246 115 234 111 191 121 156 184 141 172 116 164 91 205 85 241 244 227 249 106 108 194 209 224 223 119 153 89 148 159 131 168 215 208 236 127 193 126 147 211 206 188 129 117 107 220 155 95 166 202 177 174
82 70 171 147 202 137 154 228 241 158 103 125 96 104 143 229 166 187 89 249 100 130 133 142 164 189 115 157 145 182 162 239 153 237 206 222 200 144 174 247 231 236 207 111 107 212 172 204 84 146 97 225 203 91 218 215 108 93 95 161 119 116 106 87 92 190 159 176 224 105 136 240 112 149 128 169 129 208 163 150
83 77 177 236 87 159 246 222 115 231 176 164 106 173 167 101 210 125 202 98 150 99 152 153 238 130 100 186 205 113 143 166 84 112 220 158 226 200 104 221 180 241 234 170 250 248 95 105 136 228 129 182 174 149 207 209 91 142 201 187 118 185 233 199 132 103 197
84 21 234 203 220 166 91 180 249 165 174 163 102 146 104 246 175 151 135 228 110 126 154 179 147 184 97 242 148 158 206 145 161 138 243 226 241 197 216 121 133 196 230 223 250 176 219 155 107 205 245 129 106 188 204 210 169 112 214 115 144 95 201 96
85 29 177 228 219 131 231 120 154 127 118 185 182 142 104 250 197 144 209 216 134 200 220 171 179 222 125 160 157 193 188 92 161 93 102 242 215 147 95 136 109 110 130 137 139 152 218 141 101 227 126 108 159 164 88 106 124 181 236 140 212 112 206 97 205 135 128 166 90 191 114
86 60 133 224 130 101 171 108 246 247 211 248 92 126 109 234 190 145 214 180 199 222 162 213 204 156 176 158 249 121 95 163 146 183 181 220 137 223 88 216 114 161 238 189 230 143 226 208 182 240 120 192 147 186 89 111 206 193 185 106 94 197 215 243 173 196 141 200
87 44 225 91 93 220 98 237 236 163 147 173 178 177 209 185 172 110 176 227 230 201 245 88 158 213 231 240 89 151 142 159 154 145 234 169 123 99 92 211 214 232 105 101 96 106 192 130 129 121 124 248 210 152 127 221 133 250 183 202 208 223 212 206 146 194 171 204 122 193 228 108 182 181 238
88 48 148 139 124 232 101 246 174 212 181 119 107 143 166 198 209 140 205 217 127 199 175 225 153 177 192 236 129 120 114 130 156 99 197 214 92 131 161 215 172 141 151 216 240 142 93 227 98 117 221 195 247 146 135 106 233 149 162 97 138 235 100 110 108
89 76 225 213 141 116 216 129 188 96 115 145 173 191 221 110 246 199 215 229 230 164 231 214 166 92 172 197 242 232 238 219 135 196 119 209 207 193 155 176 150 200 186 243 100 101 91 183 228 224 93 165 212 236 126 244 161 142 112 153 205 107
90 66 130 226 152 138 141 229 180 128 217 115 163 175 126 197 135 112 171 219 227 238 210 144 240 97 160 209 249 93 120 134 207 170 194 164 150 198 109 228 216 218 236 129 143 114 247 186 110 119 213 162 103 167 155 185 140 204 113 139 176
91 25 184 122 108 151 173 115 238 219 197 194 154 145 216 244 245 152 202 239 221 104 98 228 230 127 192 125 190 140 206 222 214 119 233 225 247 209 135 236 201 123 136 126 97 177 205 101 187 150 92 249 159 112 195 218 130 147
92 99 236 156 216 123 237 107 142 144 136 96 151 220 193 171 147 157 246 131 238 241 188 118 250 99 170 249 247 119 172 240 97 204 219 210 124 211 184 165 179 231 113 208 180 155 195 214 232 203 222 177 200 120 115 197 248 150 207 218 201 196 114 106 202 101 234
93 36 201 250 157 162 205 130 148 126 131 241 183 213 116 189 144 147 224 209 103 146 100 221 178 114 161 176 145 203 186 169 118 98 143 152 160 106 122 109 95 212 192 207 230 177 112 204 172 127 249 218 239 215 175 182 153 179 196 166 236 242 228
94 42 207 166 167 122 232 190 137 123 198 110 115 162 171 173 131 140 142 181 134 249 218 98 228 212 152 185 114 224 100 108 183 187 176 138 103 189 244 222 200 182 155 143 146 118 226 163 191 177 148 151 229 145 147 141 126 130
95 98 109 224 131 240 127 140 151 248 238 158 104 199 172 208 154 111 108 112 166 230 216 165 213 207 96 141 212 118 193 223 130 129 203 168 221 192 191 167 170 135 110 145 134 143 200 121 219 147 174 226 233 204 237 155 125 229 249 246 133
96 85 191 162 99 185 239 212 187 214 243 175 120 211 123 160 147 182 154 133 122 129 121 142 150 247 190 144 145 200 107 113 109 141 228 201 205 171 227 97 210 215 245 137 101 108 176 151 213 157 195 179 111 110 197 250 161 153 225 106 233 177 242
97 75 182 146 179 237 154 99 109 153 134 160 244 157 198 175 206 210 242 213 102 204 178 196 238 151 188 174 104 186 172 115 137 110 98 199 233 124 195 207 229 180 181 155 150 217 159 119 235 105 250 117 240 107 197 147 111 232 103 245
98 38 171 234 117 175 174 133 237 245 205 159 142 209 155 157 110 194 214 206 189 193 219 140 223 228 213 139 201 102 134 195 178 217 128 241 121 238 146 153 131 145 164 244 118 129 235 111 100 120 168 156 173 208 212 109 150 167 115 190 152 187 137 130 215 99 191 197 161 154 186 162 126 179
99 62 132 143 123 159 179 162 199 161 227 130 155 150 250 226 244 203 197 115 119 112 188 177 135 205 189 163 137 224 169 238 170 241 127 239 229 153 157 114 141 183 237 146 214 184 174 210 198 128 218 221 200 164 245 129 222 103 186 190 228 180 202 187 175 136
100 52 205 195 176 163 169 183 174 154 207 126 247 162 197 158 240 124 170 228 236 218 237 104 212 180 152 130 226 214 165 208 241 231 106 128 248 117 202 161 194 222 119 246 185 109 134 188 224 233 193 103 145 101
101 37 177 169 103 205 239 123 102 118 167 248 182 229 161 135 148 194 170 127 110 157 188 168 179 162 116 166 147 241 151 232 146 180 212 201 220 235 247 231 197 117 121 112 223 131 192 144 141 152 199 222 108 164 155 142 134 226 143 208
102 81 154 189 130 126 114 212 227 168 236 109 148 133 208 234 106 203 115 181 202 247 233 213 206 235 113 225 230 188 190 142 174 232 215 104 248 216 165 246 237 200 170 111 137 123 145 249 119 136 124 218 125 195 205 134 186
103 79 167 107 140 233 223 158 110 215 201 138 193 208 248 219 118 155 228 123 148 181 176 170 237 173 187 229 106 162 205 216 239 210 224 131 241 222 151 203 112 145 232 139 194 200 220 178 157 172 209 146 202 154 214 204 113 169 180 212 196 116
104 49 168 234 218 224 170 233 167 213 157 205 131 125 156 238 216 108 244 106 177 175 204 235 153 223 154 180 193 194 203 230 143 162 140 222 212 232 121 221 128 201 196 109 219 248 249 129 119 200 160 184 134 210 116
105 39 209 217 197 120 160 239 237 248 144 147 202 117 148 159 185 188 149 191 167 157 227 164 174 143 246 151 122 235 203 200 163 109 169 121 129 245 153 168 193 213 218 155 219 207 175 158 161 220 233 133 126 112 134 140 195 106
106 70 227 158 124 242 126 182 162 166 198 128 109 168 141 240 156 243 116 217 201 146 207 238 185 136 118 189 239 222 163 113 174 249 143 119 164 178 221 130 184 218 220 230 180 155 172 196 195 145 223 225 205 153 224 211 209 149 144 179 110 232 206 193 235 186 191
107 88 160 210 126 166 164 167 142 204 236 127 234 159 146 185 188 183 244 248 135 140 136 133 130 137 243 171 214 154 158 180 205 178 196 207 109 145 115 239 202 194 129 218 228 195 212 215 217 213 246 152 118 175 226 206 242 141 191 199 190 235 131 161 124 240
108 21 117 225 202 167 116 180 120 204 208 191 247 176 119 156 160 243 190 236 218 170 147 110 142 232 186 111 134 124 249 203 130 144 128 164 244 224 209 245 114 210 172 195 212 135 199 132 220 240 198 151 113 182 221 227 239 141 155 192
109 45 111 129 148 244 159 158 198 154 229 142 184 135 228 180 196 169 181 235 212 239 250 131 243 150 151 152 140 160 115 113 110 118 188 215 207 164 179 199 240 114 178 242 234 137 216 209 146 125 182 213 116 155 147 203 218 120 117 138 224
110 59 236 239 117 182 152 135 222 177 206 190 230 205 240 165 160 150 151 204 199 215 183 229 191 234 157 235 142 141 194 179 143 178 147 212 163 171 228 243 166 125 184
111 53 210 230 247 157 150 232 209 139 156 122 227 137 163 214 161 223 233 228 148 220 188 229 169 246 221 195 168 236 218 154 199 226 164 242 238 134 130 186 224 197 136 160 132 129 225 249 176 177 204 117 180 151
112 20 119 185 181 210 176 191 201 162 197 132 151 177 145 223 125 194 139 117 249 228 128 245 250 230 178 170 175 239 186 196 238 127 219 221 126 134 233 189 225 202 131 172 200 115 153 161 129 147 158 124 248 116 179 155 142 163 123 198
113 44 134 175 226 194 203 135 186 202 196 149 123 230 125 160 207 219 214 227 243 242 126 185 139 132 235 216 138 192 156 209 188 248 153 220 239 187 241 166 170 159 145 151 169 178 179 150 190 115 234 131 228 231 136 177
114 46 187 115 141 229 142 166 167 150 179 157 186 242 228 246 143 249 120 176 214 192 144 139 244 211 170 210 171 163 147 122 196 136 190 213 137 247 241 132 215 121 152 185 131 173 134 235 248 165 220 198 160 184
115 38 144 131 152 186 132 127 197 219 206 201 249 239 208 139 221 193 138 215 225 224 120 145 140 184 163 172 151 133 122 234 202 158 189 181 124 229 160 185 242 169 195 143 135 198 129 245 191 117 218 179 182 142 211 227 118 146 230 125 171 238 236 153 150 164 237 190 196 212
116 70 224 207 138 179 146 199 191 162 120 248 212 240 226 202 200 189 246 225 156 149 208 215 210 194 123 241 139 214 243 137 190 249 236 174 143 227 231 159 247 235 223 181 131 141 155 172 147 161 135 218
117 21 175 241 156 150 248 172 128 246 217 138 141 125 230 174 132 247 178 155 170 189 223 143 206 166 158 209 167 148 192 213 179 207 176 136 244 135 197 200 181 131 188 122 226 210 139 119 159
118 78 230 188 219 164 223 186 193 183 196 128 147 218 242 143 187 139 207 167 226 132 158 182 211 160 200 121 161 135 234 213 241 125 208 214 180 174 238 225 233 204 140 169 216 151 122 170
119 98 168 209 129 166 226 137 182 171 151 174 131 193 138 189 132 125 130 126 180 232 194 179 219 213 147 220 250 249 143 210 156 202 161 185 178 230 148 121 176 141 177 142 247 139 136 154
120 77 134 221 175 189 220 232 199 163 125 161 194 151 206 143 137 223 219 197 222 228 140 165 233 208 205 226 240 239 157 174 181 227 242 230 217 127 193 215 224 173 142 196 200 133 192 160 185 207 216 139
121 44 240 156 151 188 238 212 228 202 217 158 181 208 247 126 146 232 203 197 193 129 172 186 159 200 239 169 157 233 210 127 163 161 135 152 206 124 213 171 148 123 138 244 180 173 139 207 141 168 191 245 192 137 131 248 223 216
122 38 204 196 182 163 237 234 132 208 160 141 198 225 178 133 201 226 188 250 185 184 150 189 214 227 136 217 126 239 249 186 158 149 146 173 194 230 127 144 164 147 176 247 151 125 222
123 76 173 161 229 235 226 247 147 225 224 139 145 140 148 191 165 188 126 234 241 174 195 132 192 186 232 246 168 199 242 215 156 212 141 185 231 162 230 178 181 211 187 227 175 203 155 133 236 238 170 154 201 182 249
124 60 151 210 211 125 196 144 138 230 215 175 202 155 135 142 218 154 130 160 225 241 128 147 242 139 247 188 219 216 228 159 220 180 208 170 141 223 237 213 229 217 214 238 148 168
125 76 204 217 180 246 207 248 236 189 250 215 222 179 221 210 175 228 198 161 136 187 176 216 201 213 132 225 148 156 218 145 133 162 245 159 205 223 220 242 194 196 235 128 226 202 173 157 169 129 177 244 214 233 160 135 200
126 73 158 216 144 205 133 206 211 250 200 213 225 141 156 194 184 235 210 189 241 218 151 231 136 249 160 149 128 159 191 146 188 134 154 232 155 208 201 247 180 202 242 170 153 246 145 127 177 238 244 228 138 248 139 197 178 226 195 135
127 60 228 175 153 221 214 177 244 155 233 128 170 190 220 226 234 194 184 147 203 248 219 172 162 138 235 188 182 131 145 227 165 205 211 200 237 140 204 143 245 218 187 132 225 174 160 154 195 166
128 66 141 211 190 210 150 170 148 186 136 160 250 143 189 243 206 158 193 248 131 187 181 225 249 239 145 183 204 213 208 178 165 247 151 246 218 198 209 217 205 185 146 207 174 133 140 139 166 244
129 91 157 201 131 189 190 212 244 219 218 231 217 245 177 149 162 137 179 178 158 196 167 248 143 183 176 159 232 188 136 206 181 191 195 140 142 134 187 199 139 163 243 224 151 208 230 214 146 170
130 21 187 191 200 232 171 158 157 201 163 238 170 207 151 247 178 249 144 212 223 231 220 225 244 213 227 154 196 152 245 210 230 139 138 176 136 218 217 219 203 146 221 235 229 131 198 150 241
131 98 211 224 248 218 249 168 232 194 241 160 227 210 220 140 172 179 149 246 228 217 236 182 174 190 137 143 167 204 202 147 135 201 170 250 188 192 173 235 213 242 154 199 208 144 226 169 206 247 176 187 161 209 237 245 198 239 216 158 132 207 200
132 43 238 137 152 184 247 193 147 148 176 177 157 174 218 165 244 182 248 159 202 186 164 158 146 224 197 211 138 242 235 187 156 179 245 149 153 173 196 227 178 229 144 170 239 206 188 195 139
133 98 189 197 230 216 223 208 141 195 152 238 242 140 184 228 192 246 206 204 196 143 240 163 165 239 172 243 194 201 219 171 249 221 178 244 224 146 153 237 209 138 150 173 182 231 158 136 181 205 155 139 217 186
134 93 148 168 137 235 154 179 234 204 191 136 152 170 182 198 238 167 171 243 207 219 203 184 249 150 205 142 187 157 180 247 163 199 166 149 213 151 229 181 141 145
135 89 223 137 204 156 236 148 220 163 180 147 196 144 200 177 174 206 232 161 221 168 219 226 228 214 173 246 159 165 212 207 218 188 158 185 241 172 141 151 205 231 250 150 202 179
136 36 169 233 241 187 222 183 186 221 163 219 154 202 185 151 194 245 242 246 191 218 155 144 207 178 140 167 166 139 206 226 212 149 190 214 156 240 236 152 142 182 161 239 203 181 196 215 231 175 195 168 238 153 192
137 78 220 175 226 172 223 148 182 239 245 145 246 233 244 177 143 242 204 222 159 214 215 228 206 193 238 187 140 195 174 189 167 185 224 203 219 170 141 142 190 151 209 243 158 162 210 164 229 194 212 237
138 76 145 139 166 204 176 216 202 173 155 211 153 212 174 169 221 151 247 184 198 232 225 163 217 156 245 197 229 146 143 186 167 240 213 144 233 210 237 218 147 159 195 209
139 38 203 227 147 155 171 241 232 157 198 250 201 174 229 219 168 170 156 164 172 187 194 206 243 189 188 182 207 238 248 222 148 245 175 144 152 231 176 239 169 214 190 217 213 233 141 200 208 145 191 212
140 22 175 244 151 165 153 180 170 144 166 226 221 145 202 179 246 223 234 248 143 243 156 236 201 177 141 231 225 220 191 154 182 245 233 194 224 189 149 160 200 216 181 229 193 230 157 214 218 203 208 187 195 210 250
141 50 184 152 180 171 166 232 238 186 189 202 142 177 237 208 159 160 175 193 164 246 161 209 172 212 188 155 211 150 190 143 173 145 213 195 241 203 231 228 214 239 236 207 234 191 250
142 87 192 206 247 169 212 180 241 167 218 171 150 143 146 232 187 174 155 221 236 242 207 160 184 159 249 200 245 188 158 205 224 194 176 183 195 151 157
143 39 230 173 215 154 146 199 159 216 157 233 153 187 189 244 212 207 149 218 188 150 155 175 226 211 183 166 248 202 238 222 221 245 164 200 161 144 243 217 231 237 174 235
144 74 182 165 249 230 207 179 187 248 189 150 224 205 232 175 210 212 158 235 223 240 190 180 185 161 166 218 220 184 211 188 208 246 231 250 149 193 154
145 32 190 206 248 189 183 233 192 222 175 166 177 213 171 168 179 176 174 167 212 219 198 225 210 161 193 150 186 165 155 203 228 227 224 218 217 202 151 239 163 182 185 159 187 178 157 211
146 57 211 173 196 234 241 151 150 248 159 166 195 186 192 227 230 215 152 162 161 217 169 189 171 235 236 182 176 155 219 167 214 239 213 172 181 229 218 225 204 158
147 43 232 221 226 154 239 234 238 227 191 230 151 157 179 223 210 229 187 181 153 156 242 164 162 215 180 225 224 198 161 167 190 170 168 152 173 186 189 240 211
148 49 197 168 195 242 149 178 170 189 158 249 222 156 187 192 181 237 223 152 153 207 160 183 236 246 155 221 173 190 159 174 180 182 224 214 217 185 245 201 231 200 163 243 167 194
149 50 185 157 242 186 181 170 214 190 221 217 231 219 227 220 240 188 237 177 166 246 180 243 151 216 235 171 152 158 215 250 165 244 178 161 218 226 207 228
150 56 237 156 180 185 245 203 244 164 223 189 196 205 193 204 218 219 225 228 197 231 175 163 157 216 181 240 151 153 229 178 208 232 246 191 200 242 170 168
151 26 177 162 187 166 199 191 215 222 249 210 213 170 240 230 221 190 202 158 212 197 217 155 203 243 195 169 238 198 167 227 235 218 189 180 163 226 179 250 228 200 206 184 241 178 164
152 74 226 198 156 248 197 203 161 192 212 204 245 187 188 211 178 183 164 207 241 190 185 209 168 174 224 228 218 179 158 242 155 236 200 196 202 235 210 232 175 167 153 240 157
153 90 182 169 161 245 156 171 184 168 208 239 203 250 248 229 191 241 159 186 202 235 179 176 160 173 192 190 222 214 200 228 194 155 167 220 227 183
154 98 184 216 177 174 218 199 243 201 159 236 242 175 171 194 162 245 193 200 161 204 208 166 207 176 168 181 156 228 196 225 244 239 192
155 33 236 237 189 177 163 198 188 174 243 229 176 218 247 167 185 225 181 244 158 203 216 164 197 250 180 219 182 214 194 245 161
156 65 202 211 210 241 220 233 191 170 192 232 164 166 194 243 222 224 160 213 187 198 209 226 179 177 240 173 212 190 214 181
157 86 172 201 238 248 204 223 188 159 203 215 214 173 233 196 240 158 208 177 186 197 205 250 227 195 193 241 167 187 232 219 226 212 185 160 176 211
158 89 162 193 215 174 208 232 192 216 183 249 171 231 190 211 184 161 186 182 213 201 169 246 197 175 227 199 235 198 180 173 212 189 217 226 236 243 234 163 228
159 47 224 189 207 162 229 179 186 177 169 215 218 182 231 181 219 180 214 175 235 172 212 161 171 246 232 185 234 250 233 183 192 228 206 238 241 226
160 92 182 212 191 248 209 187 181 174 225 184 166 168 219 231 208 237 179 177 180 173 233 172 217 218 227 240 215 243 161 207 249 238 203 235
161 90 177 231 241 208 238 165 194 221 205 213 172 199 201 220 169 229 246 185 174 193 235 210 187 225 173 247 223 182 186 196 167 240 233 178 228 203 242 176 183 188 214 162 218
162 60 206 233 178 181 197 225 189 249 227 201 215 183 235 212 200 165 192 226 180 179 238 209 193 221 187 185 222 248 166 213 241 198 169 234 232 219 246 214 172 202
163 35 249 172 234 222 211 226 184 204 191 189 221 181 164 215 241 232 229 203 236 250 213 233 220 192 195 242 188 223 237 245 165 193 180 187 179
164 22 220 250 240 222 183 204 210 207 208 232 182 181 174 178 221 187 170 196 239 249 218 175 235 167 189 246 197 166
165 68 191 170 197 214 226 187 215 203 181 213 225 175 249 219 210 180 166 204 243 206 239 178 223 182 212 201 176 183 194 199 237 218 241 196
166 39 249 227 201 181 204 169 196 250 172 229 167 231 179 190 200 205 182 224 176 237 187 245 238 232 209 174 197 202 212 244 192 180 189 177 210
167 39 199 181 220 172 212 205 245 193 174 179 186 244 215 195 223 196 218 243 170 190 222 216 189 219 188 210 236 173 246 176 183 192 240 229 226 178 233 175 248
168 46 234 226 179 237 211 245 178 248 200 187 197 214 199 172 242 196 218 238 247 208 194 224 244 206 198 182 204 216 193
169 30 239 175 232 185 247 217 241 221 208 184 188 209 174 186 248 203 207 177 220 242 201 234 199 191 202 231 229 198 223 218 222
170 73 233 215 223 171 206 188 241 244 248 228 211 218 224 187 250 227 246 202 232 207 186 220 192 221 178 175 177 172 189 217 208 180 219
171 48 187 245 212 180 181 216 197 173 219 240 192 227 189 184 186 179 222 188 221 233 225 183 231 230 248 249 182 242 218 244 208 172 210 217 203 176 209 211
172 60 224 216 242 201 213 200 211 248 181 220 189 194 192 221 182 250 234 225 249 178 197 239 196 208 228 230 219 233 203 218 202 245 229 235
173 75 240 214 205 176 234 187 194 228 207 198 247 225 199 236 213 216 197 201 200 191 243 180 239 237 188 248 230
174 67 221 192 206 207 244 242 182 245 179 218 238 183 208 204 195 176 249 212 231 247 193 203 175 202 194 243 223 224 217 190 226 177
175 49 205 190 234 221 244 187 191 226 240 184 209 223 218 228 210 250 196 245 213 202 182 208 241 249 178 197 181 201 214 193 237
176 23 206 242 178 186 247 185 212 187 233 198 249 205 203 248 209 239 196 215 213 182 219 199 189 181 241 207 236
177 39 243 230 213 237 203 198 197 212 232 185 207 244 236 183 202 189 215 246 186 190 223 205 193 249 241 228 191 234 188 238 206 204
178 73 203 243 213 208 200 206 193 220 224 225 233 235 245 185 183 244 247 184 214 212 199 196 241 207 205
179 52 207 184 186 191 245 246 199 244 225 215 231 188 219 182 201 212 190 214 192 239 230 221 181 213 233
180 86 247 206 220 245 185 243 246 205 212 186 207 187 196 228 200 239 244 250 240 198 231 197 215 193 229
181 44 197 186 190 249 196 230 191 229 209 188 244 247 202 219 237 233 183 221 250 217 203 192 241 246 248 236 210 218 189
182 74 206 207 246 219 193 200 196 214 230 212 225 221 242 232 220 247 231 192 209 228 184 197 243 203 250
183 59 222 219 249 228 200 199 192 189 216 235 214 202 237 194 236 246 239 191 184 198 248 193 196 188 206 242 211 243
184 50 226 216 203 221 237 250 227 187 193 209 235 220 240 215 197 213 188 223
185 71 209 202 205 215 187 190 226 233 193 196 220 213 250 249 198 240 200 219 203 232 239 186 224 211 218 212 207 194 236 221
186 89 250 242 197 227 221 192 245 232 204 238 195 202 216 234 243 209 207 198 239 194 235 248 217 212 214 205
187 30 235 240 203 245 206 249 194 239 241 198 219 215 237 234 227 189 209 192 248 207 233 217
188 72 197 202 233 189 219 224 207 238 191 228 241 220 245 218 231 249 232 198 205 206 204 248 247 216 192 209 250 190
189 77 210 217 243 223 198 208 213 216 227 235 201 244 209 193 203 239 206 219 237 228 233 238 220 248 212
190 57 208 239 194 193 242 250 236 229 241 199 235 195 216 217 203 191 233
191 64 212 250 202 245 233 194 224 241 203 201 197 195 193 217 228 223 211 237 204 247 208 230 248 205 234 200
192 83 210 230 197 250 227 225 247 214 222 228 226 224 220 198 205 237 207 206 203 204 232 239 216 212 194 229 249 211 200
193 98 237 217 198 209 240 246 247 248 203 211 231 216 195 243 220 199 202 244 200 232
194 79 214 199 198 212 220 201 239 207 222 195 227 248 249 197 250 224 225 228 221 210 230 229 241 238 243
195 85 246 197 213 201 222 211 233 209 232 200 237 199 248 205 210 231 207 218 212 243 240
196 81 229 213 226 216 224 223 210 238 211 247 222 227 221 218 241 234 198 197 220 225 205 209
197 33 249 233 230 221 222 226 214 204 224 245 231 236 225 248 227 206
198 39 203 209 214 229 249 222 213 230 206 201 218 235 205 243 202 216 199
199 26 242 218 200 231 207 247 227 235 240 234 248 223 237 239 205 246 215 238 232 209 206
200 43 207 205 244 235 212 250 230 231 217 221 228 237 220 247 239 202 218 242
201 92 246 237 241 234 247 204 217 240 250 228 223 215 216 248 224 209 233 244 225
202 55 244 209 215 240 211 204 242 234 217 208 249 203 233 214 235 230 241 207 243 216
203 83 214 241 208 234 242 205 211 245 220 216 218 243
204 83 239 247 237 244 217 228 215 248 209 246 250 214 207 233 208 238 245 232
205 37 232 240 244 206 215 250 229 248 212 218 222 235 224 246 221 247 217 242 223 241
206 31 242 217 232 226 250 213 216 238 231 210 215 229 244 245 209 235 219 236
207 86 221 242 241 250 240 237 208 223 220 228 244 224 239 249 246 216 238 231 219 233 243 209 211
208 73 236 210 214 244 230 218 211 219 247 232 229 241 234 239 224 221
209 100 233 249 246 240 229 223 217 234 210 237 241 245 235 214 213 224 236 227
210 37 223 222 213 215 234 220 239 214 230 217 227 219 246 228 240 235 241 248 243 236 226
211 58 227 221 225 212 214 224 243 220 248 242 219 245 241 249 236
212 60 229 241 218 228 244 240 214 242 234 233 223
213 27 246 245 233 232 214 243 229 231 238 234 242 236 248 222 216 241
214 32 228 237 219 235 245 216 233 234 230 243 224 225 236 242 226 232 229 220 249
215 90 219 218 227 249 236 243 233 229 232 224
216 78 238 249 223 247 234 219 241 233 243 231 225 224
217 20 249 222 240 244 225 250 233 236 239 234 238 242 248 223 224
218 100 227 244 223 219 228 240 243 229 238 239 230 220 236 248 245 242
219 66 220 235 237 221 223 248 232 244 227 236 231 245 247
220 94 221 226 244 240 230 239 237 247 224 241 223 227 246 249 225 228
221 57 238 245 240 227 223 244 233 229 241 230 246 237
222 29 246 231 234 240 236 233 243 245 229 227 238
223 76 241 243 250 240 228 224 242 237 246 225 230
224 70 229 248 241 242 231 228 239 246 230 227
225 23 229 246 250 241 239 242 244 233 232 245
226 76 238 235 247 230 243 228 246 233 229 231 250 249
227 50 236 249 238 241 229 234 232 242 235 246 239
228 36 240 233 237 239 229 234 250 238 231 232 236 241
229 96 238 231 233 239 244 248 236 245
230 73 232 241 231 237 250 240 249
231 59 232 234 249 248 247 243 240
232 22 233 241 242 244 235 246
233 27 246 241 240 248 236 247 244 250 234 237
234 41 246 247 244 242 239 250 238 237
235 85 245 247 242 237 239 236
236 60 241 249 245 240 248 238 237 239
237 68 239 247 244 248
238 70 242 250 249 246 245
239 48 247 242 241 244 243 246 248 250 240
240 84 246 243 248 249 242
241 23 242 244 245 248 249
242 21
243 43 244 248 249 247
244 30 247 250 248 245 249
245 50 246 247
246 32 247 250
247 23 248
248 66 250
249 47
250 69
