250 150
1 65 169 151 112 185 14 70 22 35 118 3 52 64 57 192 32 143 220 132 198 194 100 87 107 2 65 144 188 28 135 244 246 196 102 218 25 170 49 234 31 156 8 242 222 74 95 96 125 161 193 217 147 7 29 238 248 136 123 146 139 134 172 138 226 37 92 44 97 81 56 162 18 24 160 140 21 210 15 93 235 45 68 82 213 163 221 76 51 237 84 216 83 167 66 197 101 115 128 177 38 78 158 230 195 62 94 241 187 111 153 207 211 73 233 53 20 145 174 120 236 46 148 209 71 50 129 40 58 59 108 190 165 77 121 103 43 228 229 4 171 127 179 10 85 155 17 55 243 182 63 13 67 150 183 54 225 98 41 33 173 203 39 178 110 142 239 79 88 16 152 249 113 19 89
2 28 86 172 216 165 37 173 132 4 88 151 98 215 193 192 75 189 113 205 184 27 107 127 18 115 24 43 201 52 77 69 135 72 246 146 212 62 97 109 250 67 29 170 91 39 203 47 83 157 129 80 243 105 225 226 167 142 227 158 124 159 89 186 57 66 125 70 218 245 235 209 187 55 44 104 5 221 145 22 46 45 214 40 176 12 7 85 106 76 231 190 166 154 102 95 204 199 136 87 100 20 51 133 139 156 101 84 121 74 71 137 195 6 247 183 153 8 236 63 82 119 3 116 179 220 14 185 244 9 208 122 42 19 233 48 23 237 163 155 144 169 134 59 240 181 108 147 50 200 17 120 206 36 210 228 28 140 211 65 241 94 222 234 130 103 178 197 191 213 21 111 188 162 160 114 202 41 38 232 174 96 58 32 194 196 223 171
3 99 220 16 92 36 134 19 224 87 182 34 219 204 52 102 229 98 20 240 89 142 43 223 222 233 133 82 169 81 137 132 75 14 162 208 178 124 167 33 221 54 237 69 154 119 139 7 246 211 26 42 141 112 39 11 198 99 143 27 249 186 58 61 88 117 185 131 125 168 111 50 201 80 150 24 181 226 149 231 51 163 194 45 121 4 106 113 21 15 85 8 96 65 17 22 217 127 101 157 109 83 107 62 187 31 175 135 103 97 115 18 129 202 244 126 179 60 37 180 151 94 239 138 177 146 193 176 41 165 230 46 248 188 214 55 35 216 242 160 213 79 66 44 128 159 140 191 212 225 6 29 59 13 78 170 86 76 57 215 114 192 90 105 228 189 12 77 209 207 196
4 72 74 55 140 142 191 174 226 230 21 138 160 204 120 33 141 134 212 159 249 108 19 78 28 16 10 224 29 200 86 118 209 102 213 244 172 44 123 192 158 39 173 219 82 22 250 133 147 243 136 81 72 37 235 115 126 152 201 206 139 59 23 14 98 6 25 30 121 103 50 240 222 216 84 205 113 210 13 107 5 93 128 162 211 217 40 131 144 43 242 95 185 184 167 100 215 170 105 18 218 237 41 207 101 64 231 54 104 36 164 68 80 83 179 27 124 38 122 129 225 8 79 117 168 32 65 94 49 149 154 34 156 125 196 99 245 198 199 137 232 193 132 165 47 143 12 163 71 178 56 112 248 62 109 181 195 63 53 183 175 15 60 180 236 9 220 61 75 52 203 31 188 70 89
5 25 154 189 244 54 44 196 7 58 191 18 225 94 136 195 221 101 83 25 61 233 238 220 95 69 228 140 204 103 243 125 161 234 128 29 187 137 41 182 17 213 34 216 47 176 119 246 68 11 190 153 74 179 66 85 135 13 27 79 32 167 71 143 120 115 89 20 40 72 50 192 147 159 162 23 51 15 248 185 77 117 82 6 158 107 109 122 217 132 160 197 126 63 64 38 146 242 157 183 48 36 156 59 87 76 188 65 16 105 35 232 93 169 14 208 166 110 202 84 184 148 22 56 207 96 33 200 173 206 214 211 92 237 142 123 67 133 172 9 30 113 139 121 57 19 174 227 62 245 37 194 70 26 127 97 129 102 116 78 98 130
6 95 191 71 99 103 128 231 80 17 196 168 18 66 150 136 16 167 127 131 155 145 107 213 217 218 195 205 76 60 188 64 152 199 157 210 26 21 244 236 194 134 125 94 106 86 124 39 87 243 182 201 248 223 228 72 36 104 54 111 98 200 241 206 133 73 237 28 30 52 113 185 110 61 246 130 141 202 144 197 184 65 187 45 63 95 42 102 242 70 11 43 219 230 247 32 77 69 154 149 68 135 151 22 38 169 44 177 56 240 96 35 170 19 227 25 122 37 143 51 190 89 234 74 175 193 129 34 7 97 20 216 82 172 204 118 27 46 121 8 220 192 49 232 83 67 31 29 50 147 153 78 15 120 178 47 126 58 212 100 92 250 208 215 226 79 48 162 156 84 245 179 189 165 88 10 207 225 55
7 46 66 74 210 10 35 245 70 147 233 13 149 203 226 45 159 132 107 201 250 166 25 133 152 224 116 32 122 106 92 103 98 239 211 121 108 22 157 99 120 52 162 54 215 184 240 223 55 222 174 179 165 94 125 109 204 68 75 155 42 117 206 78 51 115 129 249 21 19 44 221 81 64 102 139 38 100 105 79 71 58 248 235 169 199 110 84 83 230 164 148 202 142 196 137 237 123 48 56 145 113 154 112 208 91 24 82 146 111 77 17 89 170 144 57 65 101 163 128 242 188 12 46 180 135 153 93 130 213 36 124 172 14 138 118 182 243 63 127 87 114 205 218 183 34 232 238 192 8 86 194 171 228 197 20 62 200 18
8 55 110 238 194 177 108 222 129 179 191 230 155 246 19 185 31 116 25 66 51 57 128 205 176 11 169 43 126 233 132 232 93 83 80 111 202 63 227 181 249 107 114 197 97 241 166 210 163 173 95 68 130 245 12 184 72 29 55 15 92 100 231 199 198 13 16 224 81 235 242 228 139 79 147 149 23 148 145 85 78 10 188 160 187 220 47 248 120 45 239 186 182 98 140 24 40 215 89 171 151 193 86 67 99 131 37 172 118 96 54 28 216 112 32 133 119 88 50 234 203 164 225 167 214 46 143 189 48 156 192 150 244 105 91 135 190 153 26 207 44 183 115 247 69 161 117 87 138 21 243 152 9 17 208 35 144 201 206 104 213 59 136 60 200 58 41 36 146 94 42 113 121 218
9 87 81 238 234 114 117 139 23 107 204 247 141 97 179 143 151 195 43 115 34 171 44 178 184 58 240 215 113 15 124 33 53 233 177 17 145 71 131 168 49 10 133 206 193 242 96 214 209 32 14 140 42 173 91 142 235 132 67 175 170 157 38 166 100 189 216 70 182 185 40 27 106 149 228 20 87 231 154 130 156 99 84 110 54 18 109 144 37 90 172 101 176 244 246 77 146 217 236 119 180 16 137 152 66 241 92 22 225 162 250 24 160 222 63 104 59 112 219 243 62 148 25 80 41 226 213 93 72 76 11 74 65 165 245 13 75 126 197 127 147 56 83 198 89 227 199 122 60 202 155 28 68 164 203 26 69 200 237 116 230 73 85 161 94 29 79 103 61 46 218
10 87 102 12 120 132 107 136 240 205 70 141 121 178 199 165 209 146 149 95 128 228 35 249 248 237 192 206 135 142 222 39 185 69 74 92 140 126 231 87 164 66 47 232 15 86 133 235 22 233 51 214 50 208 230 59 73 186 204 60 217 234 138 166 46 174 31 67 33 11 159 239 93 13 151 76 194 155 64 82 20 72 115 98 27 114 156 213 78 85 170 221 181 29 150 23 184 242 55 246 173 154 84 110 161 210 89 34 202 119 43 123 229 52 122 19 175 90 190 130 187 117 238 109 41 219 220 103 71 197 18 183 218 182 65 226 96 113 48 180 158 143 134 26 247 137 42 30 207 131 177 129 227 163 37 62 172 250 124 127 215 88 176 111 112 193 105
11 72 35 175 79 215 233 187 125 184 19 132 110 71 146 50 228 138 147 104 191 136 217 17 93 188 83 119 77 212 30 205 194 140 26 96 103 127 224 249 106 152 144 99 98 203 95 97 76 246 105 72 65 134 24 219 36 60 179 195 56 245 115 182 172 201 85 74 62 18 102 13 64 185 186 130 114 46 161 189 177 111 91 107 118 193 181 68 14 66 82 40 198 15 63 86 160 84 88 178 164 100 149 80 42 213 204 227 166 162 78 139 210 176 94 234 57 33 116 192 47 250 200 131 69 157 165 54 53 81 52 137 214 231 38 159 241 126 153 48 109 145 236 122 208 196 113 167 222 61 90 12 73 34 230 197 55 32 123 225 135 218 128
12 88 130 93 150 112 120 56 166 143 70 200 96 169 165 17 210 53 67 184 87 240 223 193 178 239 179 167 168 28 145 43 110 109 206 94 135 246 151 244 92 103 243 185 225 197 195 38 37 104 118 20 71 141 63 114 233 72 209 62 18 23 172 214 91 21 245 163 115 50 146 180 208 131 55 76 49 158 187 126 234 26 156 217 32 75 27 83 41 230 101 111 215 160 52 14 30 66 125 132 138 229 77 124 198 116 216 31 85 221 194 47 106 228 136 74 108 204 211 65 149 148 80 227 220 15 78 44 16 119 79 19 73 237 13 127 129 186 82 89 213 58 35 99 68 155 140 162 182 57 152 188 117 170 247 201 105 174 48 192 205 199 33 191 161 95 34 134
13 63 205 185 54 81 27 177 15 50 221 155 99 117 43 232 37 68 95 235 73 206 202 103 16 210 21 245 116 216 120 239 24 242 143 113 83 126 22 47 20 250 82 23 34 175 112 133 97 57 223 125 94 139 233 102 152 156 220 182 147 237 189 71 214 28 145 157 141 127 45 124 55 93 63 194 40 104 89 58 44 180 197 25 229 19 42 142 107 163 88 241 218 154 137 111 49 225 209 130 87 98 170 240 128 86 84 228 105 100 59 144 196 201 161 110 31 92 164 91 48 80 247 123 178 90 101 64 243 72 226 186 166 36 198 195 149 148 212 244 183 108 66 236 213 169 173 26 203 115 168 79 159 222 56 65 153 190 46 106 174 119 14 96 138 200 69 129 32
14 69 115 97 246 174 245 168 234 199 106 92 98 51 117 215 139 65 122 126 178 27 167 176 66 49 200 207 21 76 164 159 94 153 80 90 156 211 70 129 99 93 132 222 20 240 162 187 22 108 181 91 163 188 32 171 37 141 238 220 103 216 191 75 109 142 212 56 114 36 204 52 210 149 239 87 236 225 18 224 209 78 23 29 173 44 118 130 195 190 116 201 179 172 155 192 35 110 202 111 197 125 41 193 38 89 50 237 85 59 227 221 54 69 119 152 62 127 241 107 180 136 169 53 158 232 205 81 86 250 213 247 228 230 185 28 105 151 15 140 217 243 39 189 165 134 68 206 26 100 43 235 131 218 135 58 33 57 170 248 40 124 138
15 45 174 125 18 188 248 136 127 243 31 77 135 57 65 236 124 240 179 134 193 121 137 185 166 138 177 217 226 220 184 103 222 41 76 219 189 71 89 101 239 153 49 47 223 27 22 116 66 43 107 224 58 151 119 203 39 56 156 104 97 144 172 198 201 81 109 228 209 230 36 131 202 215 139 108 60 205 45 171 126 40 192 145 250 159 85 35 204 213 95 61 178 181 99 55 52 111 142 173 110 94 106 128 206 98 152 34 176 225 241 50 170 113 84 92 210 148 123 88 133 83 183 59 100 26 86 20 102 146 29 249 30 120 237 141 187 229 114 216 140 195 221 72 32 200 112 78 67 244 197 190 118 214 235 37 234 162 150 51 79 196 23 164 245 186 74 46
16 99 93 120 122 47 53 103 27 44 160 132 24 192 110 76 113 154 180 159 225 21 71 215 246 70 199 32 124 161 224 69 183 201 230 150 67 23 229 178 219 249 236 207 48 137 90 234 91 152 233 228 36 175 189 73 241 29 109 145 49 216 89 75 101 136 58 143 50 98 115 84 79 140 217 111 227 96 72 151 33 87 31 45 139 198 202 163 226 116 197 42 174 97 125 65 30 80 129 34 133 171 106 38 74 191 19 20 187 77 144 155 146 114 95 240 63 177 170 46 193 28 60 147 135 223 247 100 206 158 166 134 153 127 196 57 88 250 186 117 128 37 184 168 195 232 185 208 121 181 173 179 148
17 66 182 192 132 228 79 103 198 236 32 206 200 88 148 162 35 34 67 61 60 84 63 170 201 214 59 197 173 209 248 130 43 101 118 243 239 141 213 235 37 240 189 202 218 66 24 78 156 75 154 108 241 70 106 143 28 46 223 92 172 245 249 125 91 68 190 175 222 160 168 247 150 21 242 119 167 137 93 47 131 122 39 229 176 48 231 136 117 100 71 219 114 180 144 97 110 20 50 246 220 221 135 127 105 146 116 194 157 126 41 179 81 193 123 85 238 90 186 138 212 113 215 250 80 62 171 52 115 210 226 177 153 184 27 139 140 98 109 224 53 145 76 65 44 72 234 152 112 244 211 82 195 99 25 208 29 69 161 95 58 57 107 33 18 124 36 54 56 185 225
18 30 115 135 24 185 69 186 118 39 92 171 86 190 245 23 124 214 184 219 201 76 47 199 235 123 65 129 149 94 34 233 33 249 237 142 247 93 113 27 68 196 49 146 58 133 63 168 38 55 236 223 169 215 120 70 107 232 60 40 119 162 170 66 29 87 99 172 96 152 148 102 80 62 175 241 177 158 248 90 167 42 194 98 213 132 164 53 207 31 30 97 227 59 88 189 41 116 112 54 224 200 67 153 160 242 117 46 173 131 101 206 218 81 28 25 50 126 103 163 239 75 155 143 48 174 79 243 141 100 109 159 91 105 197 89 202 231 229 137 151 44 128 136 84 73 166 61 57 36 165 210 108 154 222 121 37 187 180
19 86 33 172 112 39 175 226 120 234 161 67 41 151 93 97 105 71 246 101 184 83 217 157 64 171 142 128 122 84 152 54 78 59 247 47 37 196 92 146 231 114 250 232 25 191 116 159 73 27 163 147 187 237 63 58 86 31 137 198 141 126 111 135 202 244 108 132 91 167 176 180 153 155 238 192 82 124 113 177 69 51 144 138 229 136 218 149 85 36 219 28 106 158 239 50 216 186 74 44 185 225 21 224 90 23 241 183 109 80 134 20 115 207 131 29 193 130 145 127 61 133 123 154 173 81 68 89 201 87 35 168 223 102 233 203 104 189 228 79 40 164 160 208 211 48 214 190 169 156 52 96 55 139
20 20 112 119 234 160 144 148 151 74 118 241 138 72 105 215 75 210 202 218 207 230 38 145 23 57 48 246 248 124 231 223 128 60 116 31 88 176 65 36 98 240 174 171 214 146 173 147 121 177 99 169 233 159 120 205 67 49 113 204 224 61 228 101 196 143 91 110 71 66 58 190 95 235 175 34 243 39 133 226 93 162 96 134 232 186 76 109 180 135 35 198 32 54 239 244 103 219 42 183 155 150 30 236 97 178 192 77 208 182 217 137 195 185 179 89 227 216 82 70 26 64 168 45 21 85 83 166 242 37 47 153 73 203 211 212 238 142 201 222 106 161 84 139 184 206 87 149 157 136 86 132 33 200 249 104 51 127 209 102 114 111 130
21 77 158 38 54 89 23 46 74 100 186 224 192 111 66 62 157 48 60 118 170 237 187 194 117 30 223 122 42 160 105 217 166 228 108 209 159 79 169 172 37 113 45 182 80 116 173 102 146 197 247 41 91 195 87 243 86 225 24 189 241 129 221 33 50 22 162 184 205 227 73 176 131 183 70 44 31 168 29 216 81 78 199 233 151 77 141 185 142 232 101 35 132 193 56 148 47 190 93 53 177 107 99 85 144 248 88 133 206 212 90 218 235 171 244 234 230 163 34 191 52 84 32 188 174 179 121 125 152 164 120 98 109 128 112 213 249 165 61 204 67 145 219 214 126 222 136 236 226 245 115 143 139 75 138 43 231 181 26 92 238 178
22 48 70 94 47 196 227 86 247 138 166 239 136 121 57 167 36 35 50 123 132 65 128 250 26 172 204 174 245 206 242 246 73 53 213 38 164 144 28 151 112 51 199 176 32 178 108 127 238 158 207 83 79 185 161 205 69 218 52 99 48 202 67 141 124 131 169 77 76 135 191 117 214 41 142 163 46 162 85 43 229 133 232 109 97 241 228 143 31 56 54 236 198 42 95 225 24 82 102 89 92 219 148 156 208 152 60 240 222 84 140 186 195 45 100 122 184 110 209 146 154 34 33 220 177 235 106 63 147 103 197 183 49 62 233 155 55 71 234 74 189 165 93 118 44 223 139 203 27 211 157 230 249 159 243 215 80 217 96 72 30 200 231 237 66
23 93 64 195 73 33 224 87 146 122 118 94 160 149 74 232 125 214 165 91 123 111 209 40 38 142 93 194 116 95 130 104 173 35 181 186 163 107 72 191 67 120 140 203 172 27 97 47 234 68 75 154 197 56 198 113 77 178 119 217 26 200 144 139 86 158 168 62 105 76 133 37 49 110 102 159 90 24 153 78 89 66 225 233 85 208 96 187 241 148 157 41 227 55 247 202 237 29 48 44 39 32 134 235 101 169 60 98 82 25 79 179 103 204 218 46 228 58 167 88 210 70 150 84 65 177 127 117 59 212 63 196 128 136 81 248 220 171 221 213 201 121 52 249 28 31 245 152 114 69 155 205 108 129 222 170 162 161 180 188
24 27 180 241 224 99 217 63 49 123 161 191 51 121 209 156 186 199 84 165 160 31 181 112 42 57 246 96 171 169 239 149 128 200 240 97 212 231 220 88 203 104 102 248 27 47 82 221 162 150 214 137 167 154 197 133 230 116 58 39 124 250 232 98 68 109 25 43 77 85 126 62 170 111 208 146 140 73 155 65 139 29 141 119 48 234 244 247 211 242 188 56 101 130 178 236 179 54 34 66 127 193 94 71 61 118 81 110 173 100 106 210 235 72 69 91 75 70 113 33 50 226 194 204 59 45 41 243 213 151 90 145 143 176 183 32 245 108 192 125 225 206 190 36 76 164 237 198 79 64 144 74 115 189 229 117 134 228 152 114 132 182 168 185
25 33 52 69 236 174 85 220 239 101 214 215 183 120 209 109 171 90 172 154 26 162 68 141 92 84 247 233 213 169 39 151 159 164 121 95 188 203 81 74 133 108 200 72 63 94 82 119 241 44 57 55 128 130 167 64 140 75 227 80 221 67 192 125 191 194 116 211 153 102 124 143 100 73 161 37 245 244 199 148 182 190 157 77 238 250 230 126 107 146 224 118 58 56 248 115 99 123 235 139 207 149 110 173 206 87 53 103 104 223 33 111 38 97 156 158 185 145 48 137 138 165 71 208 42 117 27 218 225 28 96 178 240 79 196 242 229 50 60 231 142 150 152 66 155 246 105 129 131 29 219 170 132 78 147 144 237 210 249 204 98 217
26 53 86 227 141 58 33 186 231 223 70 74 175 101 242 105 238 156 104 59 94 176 179 249 192 170 207 98 240 203 39 233 157 136 216 158 128 209 172 67 37 76 53 91 46 50 99 65 243 155 134 115 162 236 116 95 119 154 82 112 63 43 66 250 230 28 111 237 196 31 124 106 113 118 107 131 213 57 80 205 174 161 114 88 64 55 90 92 71 167 169 150 178 235 38 225 85 214 173 211 87 210 68 217 201 168 226 224 228 190 245 52 180 81 140 35 120 184 200 204 229 27 147 93 69 103 51 102 109 145 130 143 108 248 72 97 194 127 171 188 232 34 218 159 198 187 45 83 193 160 163 148 183 29 54 215
27 97 100 190 171 157 119 29 160 215 194 81 191 216 198 175 104 225 89 235 125 182 127 180 166 79 28 66 165 123 186 245 30 250 181 134 47 242 109 58 55 161 200 45 51 148 34 214 138 158 241 52 124 43 93 137 139 72 187 103 230 42 70 236 211 195 147 205 48 33 135 232 233 101 154 201 56 62 243 172 102 239 80 46 50 203 63 67 212 222 152 231 246 150 38 163 248 237 61 69 99 60 188 204 84 132 117 121 82 73 98 213 118 162 185 184 234 167 37 31 130 86 36 146 44 220 75 229 197 114 41 95 77 141 219 206 133 112 85 91 177 65 189 35 94 179 221 74 193
28 20 195 37 131 113 75 105 101 128 226 178 54 171 36 224 210 110 193 66 130 207 211 81 82 144 142 100 185 223 186 234 78 137 162 225 68 120 208 43 107 67 29 52 170 160 74 222 214 129 135 217 34 156 136 245 172 248 64 154 164 155 159 191 176 32 106 145 166 116 71 177 95 206 61 50 102 109 87 215 197 133 65 183 231 134 99 51 198 38 60 216 174 167 59 189 190 123 243 104 39 139 58 140 153 149 199 48 117 188 124 46 212 202 108 187 93 158 94 219 119 30 237 196 69 203 70 151 141 165 241 31 62 235 192 209 152 244 249 121 247 85 168 63 115 118 73 213 157 227 246 180 218 125 242 40 250 150 112 236 229
29 21 91 51 61 34 246 92 30 196 203 177 237 118 52 73 219 187 233 248 64 194 82 33 164 83 41 133 126 189 37 99 114 138 141 207 127 46 81 103 94 90 179 98 231 245 145 152 159 158 112 60 104 149 181 182 176 55 238 125 84 161 201 184 230 89 54 87 228 139 135 250 85 151 77 75 178 110 35 236 96 168 157 216 221 65 58 167 198 240 66 119 214 105 156 199 122 242 113 171 116 247 210 186 169 232 49 215 153 42 111 147 173 163 50 107 192 185 165 40 115 63 69 31 130 212 174 121 170 47 132 235 202 183 195 43 95 217 124 101 68 226 150 56 32 123 136 71 193 142 131 241 188 62 44 108 109 45 234 38 120 88 224 191 218 134 175 172
30 84 135 211 199 47 207 38 232 75 205 147 90 151 230 74 127 168 189 59 77 143 162 215 66 145 98 110 209 55 227 104 51 63 117 97 192 50 141 156 115 166 160 120 111 234 31 113 163 226 200 175 219 118 60 171 203 240 131 222 197 158 185 146 42 79 87 220 236 208 139 235 165 198 53 80 137 148 58 154 100 81 187 92 89 68 96 180 188 218 101 178 119 213 129 49 69 57 176 173 54 216 150 212 83 241 107 130 249 122 225 136 193 228 157 248 184 86 142 78 134 132 64 71 138 191 182 124 217 194 153 52 73 106 201 144 67 238 46 121 229 72 224 43 214 233
31 42 90 237 191 188 55 212 83 250 186 119 192 138 48 203 207 197 239 114 79 96 233 37 189 185 33 211 180 224 122 59 86 202 88 120 32 153 245 247 220 223 47 217 123 108 127 71 198 151 109 154 142 144 81 51 62 105 141 160 148 226 246 126 77 183 165 139 115 161 159 182 149 136 58 94 67 132 242 170 84 99 135 113 38 190 145 228 155 179 173 234 128 40 177 235 169 44 63 92 174 104 164 157 176 222 171 229 200 72 209 49 175 210 76 130 106 107 74 156 244 196 225 143 64 137 100 39 97 89 60 221 70 172 213 133 118 46 54 215 194 112 147 73 50 110 158 87 214 167 162 181 187 85
32 82 93 36 101 183 187 248 192 175 162 130 113 244 72 232 115 150 186 241 200 194 85 229 122 154 197 174 142 156 157 209 35 189 164 131 129 159 34 177 249 239 94 179 172 151 227 211 47 147 61 125 109 140 213 228 153 70 208 171 215 54 207 167 39 247 173 245 103 81 133 203 53 170 134 220 188 195 97 71 49 141 65 176 66 67 108 58 89 184 181 231 242 182 243 42 160 45 90 218 169 95 145 38 74 86 132 139 212 206 144 226 40 83 143 196 56 102 69 91 238 111 50 138 55 224 136 230 37 217 149 121 223 110 57 84 79 123 98 214 68 161 43 106 116 199 246 33 100 87 146 137 126 152
33 27 63 113 143 189 158 36 199 37 165 100 79 235 175 200 169 52 234 212 183 218 215 118 44 80 65 177 168 127 42 194 138 246 191 76 211 105 202 236 238 178 144 62 86 53 244 139 85 217 39 117 231 41 197 128 56 216 121 35 132 226 159 150 97 47 195 54 207 151 155 204 51 208 181 228 84 206 124 102 106 119 38 129 83 46 250 229 69 172 78 185 123 186 223 179 233 149 90 219 103 77 190 131 153 242 114 57 227 220 43 98 160 95 48 94 232 93 111 58 237 247 137 136 81 225 45 110 167 104 66 61 173 176 224 205 130 198 146 40 74 82 147 88 55 64 67 240 120 116 115 49
34 56 248 133 118 207 224 250 108 113 165 170 210 164 127 215 103 196 129 158 117 187 166 125 219 239 175 112 89 244 186 197 66 205 67 148 61 122 184 179 139 35 233 53 162 131 45 41 87 208 229 146 43 159 195 69 218 181 153 209 126 49 217 221 140 95 110 76 115 176 72 232 157 227 98 249 182 152 84 136 200 194 128 119 177 39 48 246 68 124 121 56 96 130 47 172 147 173 36 144 132 160 156 142 190 100 240 155 62 71 105 134 167 201 116 106 242 241 141 94 178 137 231 85 77 154 88 245 81 174 109 143 243 145 80 51 54 74 193 86 55 235 203 65 180 111 220 151 189 223
35 53 90 192 91 205 101 204 41 213 177 221 111 59 88 140 128 56 73 194 179 60 150 242 181 136 133 37 57 189 165 85 137 46 55 249 148 40 156 237 168 200 203 138 118 94 169 147 76 109 215 224 158 227 244 155 64 222 186 99 195 62 107 217 82 236 86 235 243 164 61 77 218 228 117 239 145 146 120 141 190 95 175 184 232 124 122 108 54 149 238 216 106 154 212 226 210 58 69 183 129 162 220 104 188 201 248 83 173 126 180 42 45 157 93 36 139 51 225 171 152 74 47 234 209 167 202 143 67 97 110 44 159 130 78 87 231 245 144 211 105 132 52 89 84 198 63
36 32 226 87 95 249 194 106 230 169 223 63 91 121 229 53 153 137 96 69 168 75 190 59 50 120 238 39 119 89 102 231 228 240 104 114 112 155 213 146 97 144 208 66 156 100 90 206 211 177 77 82 161 138 225 219 221 160 192 130 88 139 117 210 187 163 116 93 195 51 48 222 217 72 83 125 105 191 38 80 115 110 214 127 44 242 40 204 184 142 86 233 164 37 182 188 84 108 70 98 78 147 227 128 166 185 101 149 107 234 71 133 56 92 118 129 165 170 60 235 79 49 103 248 209 62 175 193 52 42 113 143 136 174 200 150 54 244 132 181 85 173 183 232
37 50 189 201 226 59 178 162 165 161 235 142 215 151 104 249 240 127 76 54 84 195 122 233 126 192 131 128 103 224 105 231 137 159 100 91 206 70 173 202 93 166 38 49 183 43 68 133 218 41 210 149 123 245 81 111 40 188 114 236 101 75 44 187 129 241 39 130 223 230 175 213 85 92 179 138 217 118 125 69 117 246 106 220 181 115 194 250 67 228 190 47 90 177 140 193 86 208 144 184 222 203 56 124 51 107 83 180 243 225 57 148 135 53 147 160 155 89 239 119 167 157 146 219 156 87 145 141 158 98 132 50 48 60 97 58 232 198 242 66 65 74 171 168 154 229
38 80 193 102 52 233 156 181 87 209 79 138 58 99 63 101 124 82 68 240 249 107 207 173 159 78 132 139 172 150 113 234 203 144 248 182 201 114 95 200 57 167 225 250 199 55 239 238 47 51 168 147 44 119 131 195 171 189 46 241 145 128 39 212 61 90 96 126 88 143 72 170 163 204 110 64 129 185 130 80 103 122 116 69 121 140 197 127 236 48 190 220 75 98 216 59 67 60 162 219 175 179 74 229 164 71 62 223 89 153 155 86 177 43 202 205 141 226 242 149 115 243 217 81 183 137 83 232 70 66 50 56 100 109 45 142 85 157 228 105 196 158 134 117
39 84 108 93 97 87 54 103 120 100 136 182 55 224 102 155 70 143 209 56 109 50 202 43 133 94 159 75 235 165 107 210 228 206 135 99 72 208 193 62 241 164 52 204 116 231 184 187 220 101 246 96 53 216 170 213 90 177 123 83 196 221 138 226 240 158 200 150 218 79 131 205 58 84 76 232 104 185 179 242 119 42 113 188 245 156 154 142 73 145 106 71 85 203 77 115 65 175 181 121 95 201 126 127 172 61 49 132 149 68 174 190 124 82 137 91 74 195 219 152 169 40 128 244 167 237 197 176 247 44 160 236 98 151 212 118 41 47 139 233 69 66 105 78 112 111 173 183 57
40 36 175 97 130 185 101 243 79 88 131 145 102 184 83 210 250 146 117 156 201 197 103 189 203 93 133 249 214 171 247 65 104 180 172 179 248 76 169 59 98 198 54 211 225 116 141 58 64 219 235 45 187 118 90 55 186 215 218 154 188 183 213 129 229 80 239 71 224 161 202 113 50 48 238 52 108 212 70 152 46 120 138 162 51 208 106 84 110 232 151 115 132 206 61 159 57 111 53 41 174 223 222 221 95 149 66 62 125 209 56 82 100 47 226 207 231 67 148 49 245 244 68 176 191 77 75 228 182 107 99 246 73 216 134 119 164 81 217 158 192 178 170 144 105
41 82 186 176 224 114 194 137 248 62 192 93 247 110 250 78 153 217 99 190 119 218 133 50 82 66 142 59 185 61 170 214 136 174 211 104 48 89 129 148 225 74 128 43 240 87 226 124 115 77 68 69 166 96 105 71 150 52 246 134 80 149 55 70 56 179 103 108 131 58 73 122 151 169 204 191 94 135 223 141 101 126 116 209 167 199 181 172 130 106 85 203 175 157 72 159 146 164 83 156 239 184 232 229 100 53 127 51 188 193 81 154 212 123 65 45 195 132 121 182 219 162 187 221 196 84 243 180 210 125 111 75 158 200 95 233 163 63 152 230 228 244 161 145 213 189 64
42 55 181 223 104 187 232 110 133 113 142 200 161 54 211 114 87 148 234 66 138 88 163 119 76 246 93 149 185 249 81 217 206 77 53 242 190 69 173 159 117 244 203 51 198 152 235 64 202 188 186 193 215 122 168 210 157 177 201 143 131 65 184 233 103 101 129 180 116 169 140 47 155 68 209 70 127 175 96 238 194 219 224 179 60 78 241 218 240 121 151 141 207 111 61 55 144 79 172 108 139 220 58 123 153 171 237 99 225 136 106 174 71 90 92 128 95 146 156 165 222 48 208 75 167 83 250 230 245 189 183 56 213 80 226 73 212 89 216 229 132 125 197 85 236 44 57 150 170 204 137 120 74 82 162 195
43 39 119 246 80 234 68 191 64 190 171 140 243 110 143 194 188 62 192 235 159 88 57 250 206 87 161 55 164 169 183 66 137 123 241 109 116 225 203 177 154 213 178 181 200 102 216 106 97 73 153 107 156 248 157 142 174 173 93 151 141 218 185 69 189 101 85 98 45 187 60 198 59 105 158 44 74 167 223 240 247 230 76 95 238 103 144 134 150 180 217 176 212 170 186 233 232 114 121 227 237 175 148 172 128 163 83 124 72 130 214 129 165 48 249 245 231 127 208 49 179 84 226 51 53 149 54 202 92 125 77 90 112 138 75 86 81 133 155 89 195 104 207 120 47 193
44 61 184 140 240 84 231 160 111 180 146 204 232 121 66 196 74 52 119 51 175 86 247 102 238 243 227 72 76 105 242 122 239 158 83 98 229 147 207 235 241 141 135 55 192 194 157 61 185 71 103 224 63 47 188 214 73 150 211 107 202 120 193 176 109 136 79 219 221 62 54 99 151 177 108 152 226 68 212 50 57 49 112 96 216 228 197 153 198 233 236 171 128 91 133 154 137 101 164 179 149 190 124 82 139 118 97 127 181 70 230 165 53 65 132 58 166 191 78 125 173 159 116 248 48 92 162 138 115 201 250 183 163 131 113 80 117 46 169 195 210 170 209 134 67
45 40 90 131 67 134 216 234 93 116 201 180 71 210 92 230 108 188 186 209 114 242 113 47 154 127 178 126 81 187 115 89 119 212 241 102 181 77 192 91 174 136 80 110 56 247 204 163 129 85 74 244 124 150 52 46 83 84 104 183 53 173 227 59 185 128 95 175 211 217 214 140 107 171 75 229 130 208 86 70 57 48 94 100 105 177 222 148 64 66 165 51 72 197 138 202 97 156 123 50 135 221 55 149 147 237 98 170 117 101 228 118 164 158 176 184 125 172 199 96 141 166 79 88 198 213 193 167 205 78 248 219 200 87 122 61
46 80 204 104 66 152 137 246 168 54 249 182 47 147 58 230 248 145 67 170 99 212 139 215 214 163 102 189 101 134 161 191 232 177 175 107 116 74 219 71 171 138 69 180 188 131 238 76 158 240 70 178 148 183 97 129 181 202 96 135 225 192 205 79 143 120 85 165 210 244 80 196 82 245 88 203 221 119 162 222 64 176 159 207 201 94 194 140 93 236 103 63 166 229 55 48 136 154 81 122 142 84 83 108 247 155 250 49 106 100 146 172 174 209 226 169 235 213 105 89 197 59 115 133 224 95 239 190 199 72 57 117 200 87 124 78 237 160 125 193 73 114 231 112 187 151 141 184 234 157 60 91 65 68 228 218 128 242
47 59 190 250 186 192 163 183 248 121 180 195 171 159 97 74 85 93 207 133 181 132 99 89 185 65 235 103 172 214 240 52 73 80 69 67 124 123 212 193 101 53 140 198 227 78 210 220 75 245 216 51 79 141 222 233 230 156 226 71 187 175 91 218 206 90 118 234 139 231 221 109 153 57 137 63 138 143 92 135 236 176 213 64 242 68 122 56 160 145 72 167 117 108 127 237 238 224 189 59 201 217 152 225 116 77 177 54 161 84 113 244 95 114 157 131 164 88 106 170 87 241 125 166 155 209 119 228 94 154 104 243 83 182 168 162 194 55 184 62 86 197 130 246 48 196 82 107 66 61 219 112 200
48 21 248 188 51 228 214 111 122 250 179 128 50 164 93 226 99 60 199 158 201 115 112 186 59 75 85 203 177 211 123 72 144 160 156 183 165 71 240 168 79 61 163 63 209 210 159 204 76 196 87 219 65 149 220 197 171 131 229 174 130 98 105 74 108 145 139 225 236 83 91 231 249 124 223 86 173 155 96 190 245 157 161 232 56 92 172 227 147 133 215 216 49 222 143 95 97 217 136 167 67 194 134 103 192 90 88 151 140 170 206 120 153 127 141 237 118 154 185 52 180 202 129 241 243 121 218 104 178 244 80 107 224 142 230 148 233 175 191 109 176 187 195 132 189 238 62 152 89 198 58 162 138
49 90 208 218 124 171 178 226 220 149 219 160 185 189 207 81 56 51 75 211 173 129 204 55 175 133 107 202 89 94 181 80 73 246 150 196 122 131 62 228 199 179 53 136 215 117 247 105 166 206 60 66 119 224 239 180 216 174 101 59 182 87 197 127 222 184 93 118 64 138 155 169 108 164 186 140 134 147 126 162 177 77 63 148 201 236 114 188 52 58 193 237 97 146 165 209 54 163 79 198 141 139 130 88 91 111 57 235 212 83 245 145 190 99 161 82 143 76 168 128 120 210 123 70 157 238 153 104 229 172 248 213 151 132 244
50 61 79 162 199 57 186 62 73 94 143 167 179 58 231 64 54 205 244 53 96 124 115 141 215 144 226 218 161 163 180 104 198 105 93 209 208 132 111 59 90 188 166 109 195 92 77 119 127 189 85 230 149 123 55 97 117 147 126 118 204 131 249 154 200 65 211 176 159 52 170 246 223 63 114 103 67 84 236 113 75 160 88 158 247 178 140 135 207 174 91 60 89 80 136 129 72 120 71 98 214 108 148 227 74 152 128 86 194 82 183 206 197 157 217 78 181 172 112 156 220 193 229 151 99 56 250 234 153 139 164 235 138 101 51 191 202 130 243 145 116 76 107 142 238
51 22 116 217 160 65 60 98 61 112 248 227 163 62 73 199 137 124 57 114 221 81 191 74 127 100 125 67 192 96 92 153 169 85 150 218 107 148 95 86 99 108 237 207 215 90 142 188 222 232 167 158 130 71 132 113 52 133 101 168 78 55 181 239 156 94 229 209 196 173 143 149 117 180 219 122 185 202 53 224 170 68 115 106 172 174 97 77 159 176 182 231 126 179 240 121 157 93 175 147 144 193 161 138 56 194 183 225 244 216 171 206 136 184 128 220 72 177 203 249 80 190 166 111 87 104 141
52 66 209 193 60 231 149 227 158 57 201 59 106 152 206 214 115 132 240 96 69 89 156 171 85 220 117 120 226 133 112 205 241 246 145 139 113 236 126 233 95 176 232 170 157 87 159 105 53 191 230 184 208 124 130 245 65 72 172 86 211 135 66 218 134 160 155 242 222 138 129 75 198 119 154 100 167 61 131 56 84 102 194 148 195 178 55 97 109 173 67 185 104 78 71 248 101 127 174 179 175 64 237 94 144 114 207 81 63 203 110 180 153 54 249 192 91 204 164 224 197 147 250 76 99 141 190 187 213 244 151 70 219 199 229 202 223 92 243 125 225 136 239 181 111 123 217 200 143 169 212
53 89 210 131 90 71 214 155 112 208 91 189 62 122 144 130 125 174 242 187 227 109 106 139 145 93 207 79 160 89 116 216 151 235 176 107 177 196 67 153 81 100 168 215 152 58 163 60 64 190 197 135 63 195 202 158 78 57 148 146 198 173 119 129 217 92 233 192 133 117 240 164 147 184 80 140 224 229 226 204 65 169 127 110 236 138 113 166 74 87 200 143 95 232 96 88 201 167 76 186 225 180 104 183 137 249 185 230 250 234 199 103 220 124 172 241 218 115 98 191 159 213 75 97 77 223 128 59 99 243 56 94 193 111 84 85 68 194 83 118 170
54 30 205 215 207 187 68 227 188 139 72 143 80 84 137 119 178 249 62 91 131 82 132 125 234 66 226 223 129 230 85 133 113 194 241 118 195 184 182 141 175 138 203 67 240 94 200 124 122 172 186 75 145 65 88 247 216 89 107 244 140 224 211 99 237 93 58 77 59 196 218 208 55 111 243 61 101 177 170 160 198 87 173 167 126 115 100 155 112 79 69 206 121 116 162 163 158 222 78 209 151 248 235 117 157 134 64 225 110 228 233 136 238 189 174 148 127 103 180 190 193 56 176 165 204 146 108 98 164 242 144 60 130 221 142
55 90 115 198 169 148 218 67 71 183 129 114 230 82 222 124 116 135 109 250 159 74 127 107 90 163 126 120 184 193 78 226 70 242 176 84 210 139 221 211 231 195 249 192 174 182 108 248 110 128 137 233 81 244 202 238 177 167 151 214 105 188 87 191 138 200 196 111 247 119 65 199 224 157 64 122 205 240 83 156 243 86 113 180 61 103 143 166 76 57 223 207 132 189 123 190 75 241 154 208 72 203 245 181 229 80 246 232 93 236 147 100 204 79 92 118 91 89 162 164 213 194 237 170 112 141 62 68 104 145 121 235 88 212 101 98 172 133 95
56 38 183 167 250 198 140 215 151 168 87 165 152 238 89 203 125 129 191 84 155 135 77 133 137 149 115 85 246 158 235 193 218 221 166 64 67 134 199 200 240 177 244 130 181 70 249 143 231 242 189 216 57 118 63 136 217 176 80 175 86 123 172 239 209 109 132 174 247 154 120 141 106 157 103 111 58 186 94 88 194 206 142 100 153 127 131 78 107 160 139 66 245 159 169 121 90 227 210 185 110 75 214 212 61 69 138 171 164 73 101 241 190 68 226 180 228 196 150 108 223 211 243 192 179 144 81 93 204 122 124 187 173 74 92 182 230 229 248 161 156
57 64 129 180 199 235 145 117 94 109 241 178 112 250 128 148 99 108 71 169 142 195 182 66 204 61 217 122 79 232 238 101 248 104 132 83 98 100 133 190 153 138 212 118 140 247 196 106 198 95 166 185 173 229 216 197 119 90 125 233 130 236 59 89 156 170 85 231 93 220 234 188 60 88 87 228 139 146 187 163 58 219 208 202 82 149 243 113 157 111 164 150 63 115 91 200 105 65 206 74 205 62 194 189 246 102 210 160 222 97 171 135 213 239 162 218 75 179 193 175 124 127 183 230 214 201 176 249 136 181 221 174 186 120 86 121 80 77 123 116 209 137 184
58 21 194 122 65 76 160 210 115 61 116 219 64 68 170 60 153 231 247 232 117 188 195 168 124 69 226 220 244 178 163 233 138 83 108 211 144 119 179 199 103 78 75 93 90 72 80 229 112 97 148 150 98 118 146 145 201 126 114 84 86 202 249 235 215 209 71 197 186 125 96 147 62 243 59 139 185 234 184 152 182 230 176 187 159 222 134 142 165 74 223 217 89 250 183 113 135 193 180 133 154 181 191 246 204 190 174 104 107 149 164 79 218 99 212 63 81 130 85 198 207 175 128 205 157 129 239 189 137 70 241 228
59 54 203 122 228 99 118 75 235 236 135 180 176 250 68 134 196 201 147 137 158 162 79 155 172 238 126 121 213 101 112 217 185 87 107 204 140 108 93 138 94 184 240 237 233 127 173 218 191 113 206 146 103 86 89 171 246 149 100 144 223 193 219 166 189 151 80 230 154 88 183 229 169 81 215 152 182 221 165 163 123 194 157 71 168 247 114 102 244 78 97 224 82 188 95 91 65 61 222 83 164 226 209 160 117 195 119 136 141 200 62 231 130 241 245 143 153 167 74 208 148 177 111 115 232 125 175 90 239 205 109 106 124 77 186
60 81 225 141 136 188 115 196 130 151 185 101 181 162 169 184 190 126 118 74 149 197 125 102 90 223 66 124 154 220 150 213 249 128 205 230 123 157 129 178 158 93 247 207 97 122 68 105 134 99 65 248 226 193 206 94 92 204 137 187 113 76 120 239 222 189 132 214 116 244 156 138 250 183 145 160 245 62 240 232 85 121 216 84 182 159 82 191 72 91 139 163 177 186 100 78 75 86 203 81 152 112 199 172 180 73 168 110 229 114 127 170 166 236 171 200 161 215 202 234 237 148 231 192 153 176 131 165 198 208 194 119 106 109 80 147 174
61 85 227 241 181 83 102 107 249 201 96 217 175 207 104 247 116 224 131 106 91 95 154 146 69 214 87 171 128 168 148 122 218 248 245 142 232 161 76 179 75 113 174 182 197 210 223 230 94 187 157 226 62 155 244 130 164 100 140 153 233 190 78 68 208 165 85 246 216 180 123 144 92 169 141 105 158 98 196 239 173 74 129 97 194 70 178 114 145 71 204 103 188 64 110 73 115 86 93 236 199 189 63 242 167 127 99 240 176 185 151 119 108 124 209 235 156 184 202 186 139 72 120 222 101 234 137 66 136 238 192 211 67 195 219 121 143 88 237 111 206 84 172 81 229 198 213 118
62 76 85 126 220 222 173 91 105 217 191 75 104 95 90 241 143 74 176 245 213 230 132 106 67 171 84 137 177 145 238 109 243 181 244 219 178 212 150 89 225 179 116 215 233 113 185 201 93 130 237 134 154 124 169 148 199 114 123 247 99 198 184 100 214 197 69 140 80 208 102 162 101 239 165 64 115 221 193 131 228 111 155 94 78 66 232 120 182 205 157 226 194 242 133 70 231 248 151 210 166 122 174 82 118 207 149 138 65 167 71 246 146 152 250 86 164 170 125 196 72 139 175 180 206 88 98 189 204 216 188
63 63 194 198 214 179 236 94 165 175 190 239 117 152 116 122 136 100 223 243 111 105 110 156 158 159 135 242 177 215 234 183 90 221 99 250 140 185 201 103 172 217 89 211 85 126 131 83 208 137 219 192 166 186 108 235 114 70 78 168 145 248 244 130 79 146 128 149 119 203 151 68 109 96 133 112 176 220 118 171 66 188 102 69 143 101 97 213 139 153 87 107 95 155 210 206 127 73 115 226 246 147 80 209 222 76 75 225 187 218 249 182 125 67 199 98 92 240 129 72 237 121 141 241
64 28 101 96 245 219 100 199 120 217 214 248 83 213 216 235 246 129 233 118 210 160 94 122 138 66 193 87 224 250 241 142 119 234 103 177 77 76 131 230 194 247 154 89 109 183 157 78 244 175 156 150 127 148 229 81 139 196 88 132 215 201 152 68 72 212 158 135 207 211 192 170 104 180 107 167 209 149 162 67 225 79 73 166 182 70 195 169 65 198 187 243 90 231 110 168 236 222 111 186 172 185 226 93 123 143 133 184 174 128 220 191 114 145 113 163 137 97 115 202 176 102 197 155 74 151 221 239 130 75 171 84 203 181
65 47 105 121 217 231 166 130 67 234 172 111 145 115 168 139 228 160 210 158 164 238 153 83 78 161 211 75 245 196 110 81 84 128 141 195 154 112 219 218 213 246 214 169 155 94 99 96 101 208 167 235 197 122 157 249 91 240 171 201 237 176 79 241 117 88 137 181 82 73 95 150 125 85 162 118 113 200 90 173 92 182 204 188 244 93 127 133 120 224 152 236 192 199 143 233 203 202 123 146 140 242 68 129 89 77 102 223 148 178 221 186 103 107 190 170 134 239 159 250 114 194 174 98 177 163 193 151 212 222 104 175 136 149 116 86 69 180
66 31 118 224 234 243 143 106 164 112 246 100 245 70 93 99 242 237 179 231 165 71 153 119 73 72 195 244 155 79 209 141 201 204 115 167 226 140 159 101 142 197 117 215 124 203 133 222 232 208 229 171 193 152 181 137 157 216 67 147 187 77 249 248 168 211 75 196 126 235 89 122 114 230 97 131 150 139 177 194 239 158 156 95 199 74 69 145 160 228 247 125 107 188 130 250 98 68 185 184 80 182 104 129 83 198 191 85 186 148 86 128 149 174 88 76 103 233 190 102 169 116 212 120 151 108 213 192 217
67 40 164 160 235 229 120 155 243 107 186 162 157 195 238 147 226 181 111 236 227 102 176 136 239 88 110 247 214 165 204 173 118 174 183 244 169 211 94 218 166 182 249 189 124 199 180 127 91 223 245 90 179 133 123 128 234 96 216 163 184 208 146 152 109 167 87 187 192 246 241 140 143 121 132 97 114 137 74 170 209 78 113 103 225 150 105 85 130 99 212 190 129 68 168 240 220 117 141 196 86 135 100 144 217 134 207 145 205 104 224 230 219 112 161 185 101 221 191 138 158 95 79 222 159 83 250 81 115 89 153 201 194 210 84 76 80 108
68 77 89 95 102 242 113 222 129 214 210 99 209 106 181 149 233 167 226 83 220 187 174 92 239 180 97 78 136 229 121 218 110 250 203 154 192 196 178 200 80 152 205 216 225 146 185 88 160 101 193 223 175 241 100 105 184 93 69 217 135 195 140 119 117 201 133 132 81 109 147 227 170 245 176 98 114 249 137 231 240 235 177 72 206 153 182 85 103 150 124 128 219 123 143 194 120 111 159 173 183 90 186 164 169 108 141 139 221 107 126 191 224 247 243 189 172 156 94 91 213 246
69 26 133 107 103 234 171 100 233 90 89 127 151 250 246 167 202 80 238 101 106 102 115 110 84 237 123 189 200 91 215 88 143 92 125 126 236 185 199 94 196 248 160 184 114 155 124 71 99 135 193 226 188 187 144 170 204 216 211 240 162 120 132 79 186 195 73 153 70 96 169 172 207 190 146 214 192 121 235 208 222 219 230 178 93 154 247 173 220 82 245 113 159 168 142 158 165 72 243 206 205 176 229 225 87 217 134 77 203 213 244 109 122 118 112 183 223
70 39 189 234 78 148 247 233 237 106 73 72 182 121 108 249 194 235 97 250 212 95 216 101 200 112 75 109 90 125 152 84 91 186 93 141 142 177 231 159 115 199 151 184 188 229 239 172 137 113 225 155 201 117 138 103 215 191 246 98 207 129 110 190 132 169 214 116 87 131 160 86 127 176 158 185 248 156 197 222 154 204 206 238 175 243 133 174 139 134 122 94 192 227 173 161 166 96 114 107 181 74 140 170 120 196 126 165 153 202 102 100 105 89 146 163 220 128 118 217 203 213 71 218 179 124 99 183 240 226 143 187 81 221 193 171 130 219
71 29 123 215 228 181 129 201 194 149 136 195 148 247 126 199 245 232 135 206 100 238 85 86 227 131 171 154 165 92 213 141 191 111 159 91 161 140 242 166 246 120 236 179 76 145 112 250 220 223 198 89 153 94 97 132 107 77 186 93 113 221 142 134 233 208 176 180 138 87 222 174 224 81 121 150 106 90 137 122 104 72 95 144 189 96 164 177 188 212 239 83 160 205 118 117 114 127 184 237 82 210 214 172 116 74 190 109 202 240 167 196 146 103 182 110 207 235 105 231 244 139 170 229 84 249 241 101 128
72 89 89 90 83 97 169 183 152 243 108 203 207 248 163 176 91 151 80 238 126 114 201 184 216 144 225 237 77 85 92 246 96 98 213 159 223 106 149 236 170 185 112 229 174 136 135 161 116 111 195 168 228 204 84 242 124 78 220 139 227 158 209 247 167 162 230 235 94 81 150 147 198 221 197 226 194 165 156 130 138 160 173 188 117 208 113 73 88 157 129 134 119 206 87 100 75 137 104 109 244 210 141 233 99 224 199 74 155 178 121 131 146 120 132 249 215 222 164 175 145 186 231 193 214 218 107 140 172
73 75 80 167 223 83 158 179 117 137 214 134 190 115 192 222 213 200 172 99 130 147 233 112 121 170 185 77 104 149 96 217 113 199 152 161 210 151 224 198 227 176 248 218 209 78 79 128 89 114 178 226 160 144 155 109 225 146 246 123 250 183 243 105 189 141 145 142 174 196 94 120 193 245 110 194 127 143 238 103 92 242 95 153 230 111 98 88 84 157 133 163 235 241 221 166 164 204 180 184 159 125 102 107 135 203 173 100 90 82 118 240 126 91 247 101 211 165 206 85 228 220 197 132 119 208 116 187 237 140 93 108 188 169 216 195 231 229 87 106 122
74 48 113 82 92 79 153 119 154 97 167 125 188 176 218 136 95 225 124 146 203 96 190 77 180 85 142 171 175 207 215 139 104 131 236 118 245 162 184 132 196 183 224 137 105 150 121 194 222 197 235 165 120 174 199 103 155 209 94 214 134 157 238 229 237 202 228 173 111 100 201 198 151 110 220 208 244 240 181 187 122 216 80 160 247 189 116 117 78 158 239 133 219 75 81 114 241 234 168 144 76 123 166 172 138 233 147 140 230 226 242 211 161 90 200 101 99 93 148 128 107 249 152 84
75 49 113 139 178 156 134 231 243 179 155 160 211 96 95 90 174 165 128 87 153 91 147 224 242 148 176 182 186 107 172 230 109 223 76 166 195 212 133 163 235 100 216 239 196 92 199 180 175 248 114 214 193 169 167 237 124 246 118 202 102 85 185 78 206 190 244 234 162 232 222 219 94 93 217 191 98 138 137 103 142 164 197 151 149 152 83 161 218 181 111 84 106 250 228 247 120 99 207 123 77 131 150 184 226 136 143 122 127 79 140 82 241 221 158 213 81 233 249 192 229 209 201 110 88 126
76 30 244 223 94 240 206 101 84 107 194 132 209 77 126 171 117 250 231 249 237 148 155 115 232 196 86 150 193 112 228 81 227 230 96 226 123 165 201 225 149 95 205 116 164 220 156 233 211 213 202 142 85 82 197 173 93 154 188 178 159 216 99 140 157 243 190 153 192 218 143 128 108 162 137 161 200 180 221 78 130 83 175 238 168 102 214 118 105 204 170 163 184 152 136 177 247 79 114 207 113 222 133 172 186 98 219 144 138 182 111 131 179 129 236 245 183
77 28 128 156 159 121 118 173 182 183 93 127 208 209 134 201 107 117 177 146 92 172 150 132 164 124 160 210 222 158 136 87 137 240 228 192 169 174 205 185 86 116 207 212 151 138 200 206 145 250 176 98 108 111 129 88 194 120 202 190 199 220 237 171 248 109 125 96 115 113 99 79 226 148 223 188 130 144 106 149 216 247 95 219 105 101 143 140 236 83 230 241 191 153 103 186 195 80 229 187 155 180 97 213 211 238 244 167 82 131 123 152 218
78 23 95 88 166 212 85 105 235 195 189 91 81 200 115 205 238 163 234 90 188 137 152 197 217 150 127 87 154 242 226 243 144 93 180 128 112 223 102 158 104 203 239 79 146 201 153 240 193 129 101 151 165 208 162 192 219 182 99 118 228 190 244 218 139 222 176 173 233 140 135 236 136 134 113 149 207 160 198 157 155 123 194 114 215 98 148 229 132 119 131 210 107 94 248 130 178 196 227 186 202 250 82 125 170 159 224 247 174 83 204 97 216 241 249 167 225 147 199 213 103 177 175 143 145
79 31 100 214 196 113 145 224 154 182 141 114 178 206 167 191 93 185 158 210 174 133 244 119 101 232 143 169 229 193 81 129 216 176 194 230 108 89 162 170 226 131 152 128 237 213 205 115 175 130 166 82 235 120 164 240 155 215 92 85 211 219 247 222 203 159 173 231 161 195 124 188 102 236 177 234 140 99 221 225 86 149 246 209 126 217 189 223 95 127 243 116 139 134 220 238 183 80 250 192 241 249 218 105 111 135 107 137 201 103 242 138 180 87 144 122 190 125 150 163
80 33 139 187 240 94 203 221 164 109 226 235 189 99 111 155 206 178 89 146 157 163 210 160 130 85 199 154 250 116 166 142 220 176 162 173 234 213 161 147 105 196 129 247 159 244 117 201 174 171 102 190 172 182 131 81 148 249 207 151 237 245 145 88 185 238 113 215 217 93 127 224 219 134 208 198 197 106 104 170 243 202 100 98 180 90 143 114 188 128 103 236 186 96 193 223 183 248 177 87 122 212 167 192 181 132 97 149 110 140 239 229 222 204 123 137 200
81 64 177 166 248 223 87 217 191 243 208 245 137 134 203 188 171 176 237 115 250 202 117 113 179 194 219 200 170 218 226 244 228 98 138 184 174 91 164 145 238 227 180 225 211 242 123 178 187 143 199 144 133 135 136 175 207 84 141 94 101 213 150 224 127 125 210 82 109 96 154 114 183 236 147 221 182 215 116 167 139 128 155 195 142 189 206 181 107 161 230 108 124 186 249 104 120 112 197 146 131 247 185 241 222 196 86 205 240 103 152 233 149 156 99 168 235 122 102 106 83 246 148 220
82 33 140 145 162 84 124 175 146 89 209 189 103 105 117 112 155 174 204 109 153 113 180 97 144 86 83 197 169 119 231 192 98 201 165 120 168 99 166 249 248 234 202 187 156 216 135 195 228 126 123 110 226 244 185 114 90 104 100 230 92 208 134 229 214 127 191 159 107 115 118 190 236 203 160 225 95 219 193 200 88 130 122 250 247 171 194 217 154 186 151 183 131 224 210 172 240 199 233 167 242 141 179 243 87 178 102 143 205 150 173 176 93 206 138 152 227 147 128 245
83 80 109 121 176 119 246 167 199 84 190 137 154 90 155 198 142 101 125 191 171 115 183 94 112 221 156 210 218 149 91 214 158 165 108 244 88 180 247 86 181 228 161 204 145 233 200 160 186 237 128 212 209 147 104 89 177 229 249 151 208 134 138 235 184 216 232 170 148 120 127 203 185 202 197 230 105 159 98 207 241 130 182 192 220 194 97 113 196 133 193 174 157 106 234 146 188 242 136 238 173 111 129 143 172 162 139 135 152 226 205 107 240 114 102 131 164 225 189
84 69 205 107 115 176 92 166 170 124 203 238 237 120 129 187 209 210 185 156 158 179 112 106 188 241 244 103 154 121 89 189 91 222 110 178 247 219 174 211 164 122 127 151 240 133 94 243 123 207 141 194 128 235 250 168 208 139 125 199 233 118 152 96 186 160 180 230 183 192 93 101 88 155 144 202 220 248 117 177 200 108 216 215 143 100 130 149 104 98 227 86 190 105 232 90 171 138 242 231 167 236 134 140 165 218 95 239 111 119 245 234 182 184 109 193 142 246 201 113 181 197
85 44 227 188 207 250 125 176 127 180 232 206 198 97 128 202 203 178 163 141 193 184 181 217 213 158 186 245 225 244 138 146 219 233 210 88 94 238 166 150 196 161 169 92 205 187 230 130 170 148 90 226 215 185 249 189 164 102 155 154 221 147 194 117 107 91 134 211 246 153 131 239 165 223 100 214 231 111 197 106 248 145 89 195 175 243 191 172 119 173 86 108 87 144 124 136 235 167 132 121 143 237 103 229 224 209 168 200 151 122 96 190 98 177 99 179 160
86 85 151 177 169 109 179 159 123 207 164 240 104 201 222 208 190 98 214 160 111 115 221 248 213 95 209 114 210 162 193 163 194 92 143 187 93 154 186 196 157 191 216 233 158 175 220 230 142 138 108 206 219 130 107 183 241 224 173 152 137 103 244 122 232 182 161 235 139 250 231 118 195 202 97 148 90 129 238 199 87 124 174 192 180 99 172 110 239 140 212 215 203 228 153 112 155 135 141 121 149 226 91 150 132 166 236 200
87 22 103 165 157 113 234 134 122 215 150 111 109 174 178 120 196 185 240 180 164 192 146 148 92 211 97 119 235 135 169 153 175 208 123 202 115 124 112 199 95 129 102 189 206 182 96 213 130 191 118 221 200 204 114 194 243 209 159 143 108 176 99 242 105 88 152 162 177 142 91 244 172 238 136 132 201 139 168 222 110 247 236 248 228 198 184 125 245 225 233 188 250 170 100 147 98 106 183 163 220 232 167 144 218 249 223 94 127 237 229
88 23 244 239 104 153 231 115 230 250 135 108 116 205 198 119 195 189 199 138 154 134 118 225 173 209 179 212 139 207 99 177 200 160 240 211 208 121 162 246 192 222 117 136 132 206 158 165 92 194 93 190 236 141 157 107 233 125 171 147 178 143 105 127 126 183 149 146 234 241 181 156 237 133 220 217 202 191 114 174 129 235 185 172 145 243 203 242 161 89 249 100 103 123 216 164 223 148 238 130 111 163 186 101 170 197
89 86 161 177 147 190 162 174 148 170 241 186 175 230 110 121 146 216 118 206 180 189 132 221 219 140 212 128 159 224 136 222 160 201 91 112 155 200 202 227 243 188 242 135 113 179 171 249 122 150 144 239 120 101 114 172 94 139 236 123 228 100 195 167 209 235 181 115 99 134 237 208 223 176 220 157 218 231 96 105 247 184 166 229 145 137 238 127 129 95 245 142 232 213 158 143 246 163 205 165 194 248 214 196 244 106 197 92 156 93 169 117 198 124 149 116 187 185 104 133 141 97 233
90 56 243 140 100 212 241 136 144 246 93 145 192 159 125 115 234 155 193 210 206 238 247 191 112 104 148 174 162 244 214 129 180 194 139 102 138 196 239 156 202 176 169 229 173 116 141 201 181 135 217 157 248 95 103 124 132 163 142 133 171 94 197 203 160 117 216 188 231 179 164 109 245 121 209 177 119 236 182 186 237 232 146 172 249 184 242 207 227 118 225 122 134 147 222 150 170 114 154 107 99 204 230 208 143 111 187 240 213 228 113 130 137 105 235 224 96 226 205
91 84 108 249 139 109 193 244 233 165 207 146 198 97 167 99 180 250 152 134 219 241 186 169 209 225 142 112 236 96 224 181 114 232 205 239 206 185 118 117 230 178 214 116 143 160 174 173 202 136 245 100 248 129 184 161 179 144 123 119 132 93 124 166 183 163 231 195 201 128 145 149 148 189 217 106 133 157 140 104 151 222 158 190 102 177 125 137 196 191 170 95 246 168 105 175 208 94 182 92 150 138 98 154 221 203 229 218 211 103 213 199 127 234 242 176
92 86 241 117 248 164 172 236 228 214 175 171 210 209 107 193 125 199 213 147 185 204 126 121 198 222 163 151 135 133 225 131 153 110 145 205 203 183 137 237 115 159 160 101 181 118 235 227 140 243 246 166 155 139 132 206 123 108 216 158 122 184 231 223 211 154 180 190 170 202 182 215 136 149 232 97 201 99 200 229 167 239 104 174 219 146 116 194 196 148 103 150 242 128 178 143 119 244 152 192 138 113 162 109 124 247 191 218 176 105
93 48 217 97 117 98 214 233 121 169 227 162 222 203 148 198 220 216 177 111 123 159 109 158 243 161 219 153 125 126 237 208 188 248 115 204 173 105 152 194 142 240 170 236 137 218 225 178 209 96 102 224 139 128 187 95 168 164 215 229 210 180 132 223 195 99 116 150 107 135 242 127 104 149 165 221 234 211 101 207 228 131 171 206 146 212 156 191 118 231 200 129 100 247 196 160 230 183 155 189 141 176 103 120 238 136 185 167 138 134 241 184 179 182 157 145 154 124 192 144 201 205 226 193 114 112 147 239
94 62 97 151 223 125 111 221 113 144 105 104 110 147 178 226 243 136 96 173 220 129 193 216 154 99 116 245 101 155 213 198 219 140 188 142 139 217 174 212 209 149 175 249 126 156 214 231 206 186 180 200 190 143 187 227 127 131 218 158 177 167 242 170 208 121 98 241 228 250 232 171 132 145 225 134 183 247 192 163 224 130 138 207 161 107 119 160 235 248 95 100 203 199 165 137 117 201 230 246 204 148 128 181 240 122 222 168 184 157 244 124
95 94 169 171 224 111 97 153 217 164 154 136 218 237 155 120 131 174 165 234 100 127 110 103 219 202 122 221 112 151 106 140 223 216 211 170 176 167 156 244 96 143 250 123 98 114 189 239 235 105 177 213 102 108 191 231 126 197 115 107 157 212 168 247 113 198 182 159 210 161 130 183 125 101 248 116 186 225 138 162 149 206 139 245 158 147 109 238 117 118 173 201 184 181 243 150 241 232 192 215 226 242 196 135 240 180 193
96 75 138 152 107 228 193 186 164 178 184 156 203 242 165 160 103 196 145 227 179 204 231 234 207 200 222 148 190 191 172 120 214 128 225 173 220 168 139 118 134 169 175 162 202 223 185 155 97 192 213 119 129 219 163 210 127 132 149 147 237 171 211 109 177 116 189 206 243 195 158 209 126 99 215 157 142 121 161 125 141 150 197 194 114 205 212 131 216 153 137 111 112 113 115 135 238 151 166 124 174 217 170 98 123 199 130 218 159 236 104
97 74 180 128 117 116 211 241 212 125 206 119 123 120 139 179 121 204 141 238 227 162 209 210 166 164 195 140 222 236 148 167 99 245 105 151 149 137 200 175 136 184 208 173 169 198 177 158 225 113 171 219 216 203 109 153 182 146 114 221 160 207 138 215 240 186 168 154 106 202 223 244 104 132 187 112 111 161 101 103 145 130 156 243 224 246 152 134 170 100 126 102 213 135 178 249 247 231 129 127 131 107 218 220 147 118 196 181 133 98 155 190
98 50 133 249 155 112 204 250 150 240 110 188 166 212 174 198 208 218 248 247 175 241 143 216 186 107 121 148 200 113 184 221 111 127 201 104 102 217 119 239 246 197 122 144 207 205 167 230 223 226 99 180 163 199 209 206 100 195 169 196 190 171 132 215 114 124 134 152 232 151 118 159 225 182 157 227 236 120 156 189 138 147 129 203 128 224 177 235 179 168 136 191 231 193 158 146 109 222 139 149 183 181 237 220 140 194 161 108 214 145 137 245 210 153
99 52 183 156 191 240 231 193 160 228 239 123 184 175 234 189 107 177 247 235 244 186 181 217 220 157 126 209 165 140 200 124 179 128 114 210 103 148 131 102 122 232 146 132 223 226 134 101 121 176 230 129 180 182 163 133 174 218 192 138 204 201 208 250 190 233 118 125 130 151 236 139 159 172 202 212 199 158 224 111 214 109 161 222 162 229 178 249 150 169 237 215 142 154 216 143 170 238 120 171 166
100 80 193 114 187 229 157 113 143 178 151 249 128 155 153 174 141 172 102 129 194 212 232 245 217 167 125 205 210 234 101 195 106 108 242 120 154 204 146 239 248 184 137 233 209 236 214 183 130 182 238 240 105 138 166 179 206 244 199 189 132 176 127 144 225 150 103 196 121 201 118 131 222 177 188 221 149 175 213 237 145 163 207 126 208 243 190 173 104 111 160 116 198 133 135 226 123 203 215 230
101 69 130 102 144 224 187 184 226 214 199 244 118 181 109 208 127 205 103 162 156 216 222 166 142 165 138 233 241 157 202 200 183 238 132 149 107 195 120 125 178 193 194 210 113 243 112 207 146 140 198 223 174 237 191 160 104 139 154 119 201 246 116 228 247 137 167 159 192 106 152 135 133 171 197 248 212 217 219 151 218 148 108 190 186 129 185 115 176 220 143 163 188 221 232 141 234 172 136 206 211 128
102 77 149 121 175 221 120 211 119 218 138 169 198 136 127 103 135 204 202 246 160 247 131 216 244 230 212 250 205 193 190 187 146 177 208 200 134 195 191 181 223 242 219 144 249 137 164 116 201 197 170 143 178 158 214 237 194 176 130 115 234 132 174 148 210 248 236 238 192 228 161 141 217 150 157 207 180 232 109 203 220 125 124 209 165 154 147 105 243 140 126 222 231 108 183 159
103 84 234 111 158 120 134 182 199 162 122 141 231 128 238 190 248 195 178 216 109 237 175 185 118 106 166 194 173 230 108 137 144 241 131 110 187 204 240 188 151 142 207 192 155 172 148 210 143 177 250 139 206 105 217 160 224 245 200 107 133 121 174 169 146 233 229 243 181 164 115 176 152 202 198 114 225 203 135 113 223 220 168 244 138 156 193 165 147 183 213 246 140 214 212 249 227 161 159 186 239
104 59 204 178 231 202 125 117 130 120 147 248 185 135 152 128 109 155 232 171 146 221 236 162 229 196 214 175 215 249 112 198 149 165 122 192 241 158 187 164 210 223 172 233 145 200 199 142 245 209 191 205 212 143 121 230 154 159 217 180 186 116 228 183 163 119 240 213 237 105 156 176 244 137 141 167 132 222 157 182 211 250 150 107 235 195 243 131 188 111 238 129 220 174 170 106 216 247 126 203 227 224 138 124 219 201 184
105 24 173 124 136 197 125 152 200 171 227 229 198 159 185 187 131 213 176 192 117 180 196 210 243 106 116 232 233 217 208 158 128 249 107 119 209 214 181 216 144 155 167 123 239 194 121 127 138 248 145 221 224 199 188 223 147 157 151 211 122 184 175 170 246 218 133 204 220 135 182 203 166 146 206 148 114 118 108 156 154 126 168 241 186 235 172 212 140 174 228 234 222 160 111 219 240 201 143 109 189 153 238 236 191 134 161 237 141
106 48 244 183 123 214 181 124 172 245 147 138 195 229 227 171 196 186 240 197 237 232 224 175 121 192 170 145 156 187 131 236 155 133 129 246 158 206 182 250 184 169 217 218 228 209 213 221 136 168 109 179 178 203 202 185 165 193 212 120 141 144 177 127 234 189 125 190 154 191 173 137 241 130 149 134 247 200 119 215 201 205 142 220 108 208 152 243 110 163 161 230 113 199 223 216
107 69 238 212 202 145 114 217 183 180 148 211 131 188 147 146 133 249 179 143 122 174 135 130 160 150 234 194 227 218 128 127 132 219 197 142 239 167 117 140 172 192 157 154 109 113 126 153 220 139 223 199 178 248 170 158 196 247 224 193 221 240 190 213 155 181 208 108 182 125 231 144 136 209 129 177 204 149 229 225 201 112 175 168 116 118 187 246 200 176 162 186 156 205 250 237 115 185 235 195 242 163
108 48 195 249 208 192 158 139 198 159 118 121 214 152 221 194 149 199 250 178 227 240 179 135 197 216 217 119 209 224 173 144 189 223 130 113 131 186 127 112 237 157 163 116 190 145 246 140 228 245 235 215 218 141 241 177 129 147 233 124 242 207 248 220 196 202 182 150 122 136 211 212 133 155 243 171 244 205 185 239 174 247 128 137 125 165 110 132 184 193 187 120 183 143 219 210 111 168 231 161 123 142 201 176 213 229 126
109 52 233 147 183 177 184 133 154 222 137 242 223 248 196 169 134 228 229 153 164 115 113 203 227 136 152 170 146 241 244 111 232 217 144 234 118 176 189 142 161 194 199 224 246 114 219 181 172 192 216 210 191 213 121 245 135 120 145 247 139 112 237 182 129 167 202 151 123 174 195 162 148 212 158 236 173 117 197 163 119 198 180 143 128 215 239 187 122 204 131 207 220 141 206 179 160 218 156 209 238
110 81 124 157 236 215 202 155 222 174 191 172 232 240 193 244 189 221 237 187 196 154 213 122 238 159 214 144 150 192 183 180 152 212 132 145 169 134 113 115 199 163 121 250 249 125 137 205 234 208 120 185 135 118 176 133 178 197 219 241 127 211 161 153 112 228 114 242 190 217 140 156 147 179 146 248 175 182 136 143 247 225 151 166 188 226 207 206 223 158 235 209 128 141 184 117 233
111 62 151 248 196 188 187 220 238 227 122 125 134 139 215 198 228 165 161 216 177 241 160 176 178 138 249 120 143 233 244 173 157 128 156 222 240 229 148 235 119 186 212 169 218 237 140 147 116 185 141 174 204 206 225 203 159 182 118 131 239 136 155 164 129 152 126 208 121 146 184 133 213 162 115 234 137 221 168 117 144 226 167 199 172 243 158 200 127 183 163 246 205 170 166 124 207 150 193 247 113 245 181 211 210
112 31 185 226 250 234 181 139 225 232 222 166 211 203 118 177 174 157 163 210 120 148 238 123 144 208 246 122 213 178 116 119 191 149 241 202 127 161 217 134 131 158 186 140 145 220 183 170 205 179 182 197 135 227 138 219 209 195 180 242 239 150 214 173 130 190 198 193 240 201 206 137 136 215 129 115 169 142 218 159 244 229 176 221 216 155 164 141 231 184 143 243 121 223 128 230 133 245 236 248 126 117 247 132
113 94 184 182 235 140 171 209 213 129 146 154 212 199 250 168 173 161 228 165 139 239 202 246 196 125 176 214 157 130 152 158 175 191 197 142 242 233 116 195 216 211 138 137 198 225 208 151 117 223 241 231 183 230 115 245 118 247 240 249 122 207 148 127 236 227 206 210 218 163 187 193 203 128 156 221 180 170 194 181 190 179 174 132 229 126 200 121 120 131 189 167 192 119 155 224 226
114 57 192 133 129 195 185 123 127 124 235 170 204 128 198 240 215 247 189 149 211 223 242 227 147 131 201 171 196 168 143 150 176 219 180 188 200 236 209 152 161 156 238 244 207 165 212 145 208 248 220 121 153 182 162 117 119 144 179 177 164 237 197 210 250 141 230 222 213 186 142 146 218 126 120 187 135 228 233 239 140 246 229 206 194 148 115 137 191 234 221 159 175 243 205 151 125 169 132 172 249
115 96 245 173 194 181 206 160 204 190 238 162 167 128 219 178 130 154 134 132 250 213 207 242 136 247 183 196 223 214 243 172 119 224 233 157 148 165 188 152 156 230 129 229 131 124 117 159 135 151 122 191 174 221 210 177 147 150 232 193 211 139 184 218 228 195 164 237 239 153 168 140 143 175 226 241 126 170 220 163 127 142 161 227 240 186 203 187 176 133 166 138 209
116 53 141 212 245 117 201 171 129 156 231 130 247 224 119 178 221 205 214 181 232 172 142 199 146 220 179 176 222 133 183 213 174 127 184 235 151 160 192 187 147 188 134 217 241 128 120 173 122 168 206 225 240 161 148 195 145 197 121 132 204 118 200 163 227 230 244 207 153 185 203 198 169 202 158 170 143 242 237 152 155 216 193 135 167 191 218 234 124 238 210 196 189 246 165 131 186
117 57 181 134 177 123 196 175 202 184 160 244 122 146 145 210 243 227 127 235 212 144 168 191 219 248 193 199 214 192 232 222 119 223 194 240 137 233 229 200 180 228 236 150 140 158 201 170 185 149 142 173 209 198 159 205 188 182 130 225 183 246 206 167 135 220 211 121 250 186 242 221 204 197 217 189 139 136 237 154 162 141 224 208 176 231 156 164 153 148 245 126 131 247 125
118 98 230 167 158 233 161 155 130 119 172 166 131 144 211 250 192 132 137 221 168 139 213 244 154 238 157 179 146 205 218 225 231 135 210 240 249 197 212 165 142 120 182 160 232 196 143 193 176 220 127 122 195 247 148 237 129 200 175 164 123 219 188 199 126 170 235 208 243 138 171 206 180 190 169 133 153 125 222 136 147 128 156 228 152 149 209 189 229 242 246 145 162 201 184 207 216 173 214 159 217 121
119 56 120 232 201 221 132 226 153 200 129 124 147 125 164 185 151 154 181 213 183 136 139 163 170 223 127 214 121 157 135 176 243 131 166 172 144 235 193 126 156 155 162 240 225 174 128 211 215 145 133 206 242 234 212 220 241 192 122 171 204 202 134 248 233 173 246 236 138 227 161 229 230 237 197 194 182 239 203 159 175 209 123 146 142 148 244 178 218 198 169
120 42 128 172 141 213 207 134 144 246 241 238 245 178 197 203 206 231 190 226 221 209 150 176 192 122 210 131 132 165 149 140 133 195 126 232 169 187 167 155 233 148 170 250 212 227 240 127 180 156 239 138 208 214 161 125 136 191 152 189 225 162 201 174 163 215 147 137 220 166 218 164 135 219 186 196 217 184 248 157 229 244 204 124 173 249 193 224 198 242 194 185
121 54 226 123 246 136 190 234 204 218 213 202 222 135 245 199 238 122 192 242 146 179 196 225 166 165 124 186 147 185 240 232 191 144 211 157 206 249 139 138 178 150 143 141 137 132 126 221 227 219 230 187 155 145 247 207 197 174 175 220 164 148 250 223 153 194 168 201 142 127 131 176 205 162 167 229 154 233 244 130 160 216 129 149 125 128 210 237
122 56 209 134 128 150 174 141 131 220 188 168 142 143 195 210 190 185 247 135 132 158 179 234 155 203 176 182 244 133 152 138 144 214 241 160 149 157 186 226 223 206 216 249 237 140 248 124 127 172 167 181 222 163 189 169 126 197 146 242 170 177 246 173 180 225 129 238 166 250 231 199 211 130 198 239 230 194 156 159 232 235 205 224 193 151 202 183 245 162 229 178 147 200 165
123 27 220 239 234 162 217 242 188 176 131 205 179 137 198 192 161 230 152 184 204 181 164 169 226 138 172 229 200 194 193 241 219 185 208 189 215 159 231 227 224 237 186 182 250 178 183 156 139 165 175 147 140 153 174 151 144 196 155 128 206 160 166 124 202 209 210 211 228 168 148 171 232 199 173 238 240 158 244 136 216 248 133 141 157 154 213 142 170
124 98 219 216 146 206 204 229 169 226 131 233 194 177 243 130 147 217 168 161 190 126 155 222 238 128 129 224 134 176 227 164 242 149 163 203 140 235 137 240 175 241 184 213 230 197 152 225 212 133 174 187 239 249 158 138 189 172 200 193 127 180 154 151 198 186 237 185 148 188 201 214 208 192 232 236 234 167 182 144 132 156 143 139 178 244 183 171 228 199 209 170 207 202
125 33 248 142 171 179 238 200 152 197 195 207 228 147 232 193 249 222 227 242 212 162 243 184 205 247 130 204 245 155 233 154 221 209 174 173 234 188 244 201 161 131 156 160 177 236 129 146 235 126 149 198 241 165 133 137 208 139 166 191 230 148 194 183 231 216 217 157 175 158 127 138 202 136 151 172 164 153 250 150 169 187 167 220 180 135 211 178 143 168 196 132
126 37 169 181 239 138 226 225 210 202 217 219 185 233 155 220 228 222 199 172 249 166 204 250 194 174 150 152 127 208 177 141 156 178 186 231 159 230 247 153 176 188 218 191 246 207 183 203 133 193 175 229 165 214 158 227 134 129 245 184 190 146 201 173 248 187 235 170 198 142 163 192 145 189 167 143 132 180 195 241 240 137 149 147 136 224 215 244 234 157 243 168 148 130
127 88 151 218 132 165 171 153 138 162 233 236 164 179 228 143 226 224 172 197 213 182 239 202 163 169 187 203 190 227 185 154 133 135 230 173 244 168 180 235 225 220 193 249 191 181 157 209 241 186 147 237 240 128 215 247 183 144 206 194 184 205 200 145 222 152 208 130 142 146 158 140 175 201 148 221 137 159 161 245 131 217 149 160 150 188 189 178 155 248 176 196 216 250
128 87 188 164 176 222 155 168 219 221 211 172 153 230 190 149 234 175 206 167 187 140 250 207 146 224 159 132 196 179 191 215 158 244 141 173 192 194 181 235 177 201 228 166 174 147 245 249 145 134 193 238 220 178 225 216 151 171 203 183 212 227 223 209 169 186 185 156 243 148 197 129 130 138 213 144 231 246 182 160 232 184 205 202
129 67 220 236 170 174 141 219 211 163 223 196 146 215 180 240 136 234 137 154 242 179 250 195 168 153 206 239 204 147 217 165 197 208 229 238 144 138 203 225 145 140 224 226 177 132 161 245 150 213 131 167 249 243 247 139 142 134 192 191 198 232 209 248 160 230 181 152 182 171 172 246 235 233 200 169 184 183 207 190
130 39 169 240 161 166 140 210 219 168 241 182 151 212 154 193 214 201 133 190 135 136 137 244 131 236 157 147 223 208 207 171 164 184 149 174 153 170 134 221 245 196 159 163 228 155 217 192 156 205 233 179 162 145 218 178 186 188 176 194 222 226 200 165 216 167 239 158 209 203 189 152 242 227 235 132 199 246 231 187 206 183
131 83 160 248 144 192 237 204 213 161 170 139 143 162 207 185 190 203 145 142 189 227 146 242 176 179 177 155 206 153 151 240 183 135 228 245 193 230 167 158 199 188 159 147 174 196 205 232 201 209 210 164 229 140 225 156 236 222 178 187 198 134 168 148 149 211 219 247 214 233 132 220 173 157 217 191 194 180 212 163 154 141 133
132 35 213 147 193 232 137 161 222 172 190 243 200 149 244 194 134 245 215 150 235 226 178 154 247 227 189 136 174 186 191 197 238 156 208 179 171 176 199 158 239 159 169 160 188 224 214 141 223 231 211 181 212 225 177 140 145 237 210 228 217 173 142 207 230 144 143 170 242 167 153 229 157 138 184 203 182 166 185 246
133 31 182 212 219 218 154 236 220 165 224 166 139 208 140 191 158 141 199 135 163 242 179 209 171 204 223 138 244 156 234 144 230 240 202 186 239 245 175 197 228 231 248 201 200 183 198 221 217 145 153 238 193 241 172 184 195 207 243 213 225 174 192 235 246 181 173 155 194 233 177 159 160 214 169 178 168 152
134 82 143 173 161 167 221 208 206 249 238 198 200 189 136 153 162 150 225 243 166 184 146 159 141 248 154 158 186 217 241 224 137 203 172 191 226 201 195 178 145 246 144 139 239 218 160 222 250 170 205 215 211 181 192 147 175 155 135 164 156 169 151 219 140 236 199 213 182 196 202 240 244 148 232 171 220 187 229 234 223 174 163 152 235 176 138 245
135 91 144 183 187 152 198 179 208 202 215 137 146 160 177 180 138 250 232 237 223 224 173 157 248 246 153 199 231 218 226 184 229 244 221 155 143 142 185 182 164 197 216 206 220 222 233 139 136 150 156 149 191 186 242 170 203 211 204 166 172 175 168 174 195 196 176 200 239 249 217 190 162 154 209 238 163 243 210 219 171 188 147 192 205 159
136 52 173 176 174 198 203 236 229 153 175 225 220 157 188 233 204 222 234 180 144 244 148 237 214 183 189 217 165 213 232 142 235 186 245 154 151 177 206 149 240 194 205 166 162 168 226 172 197 191 164 147 215 146 247 160 219 201 187 200 156 185 249 190 223 182 178 196 192 209 202 184 248 167 140 199 243 145 208 152 155 228 193 150
137 30 151 241 145 174 178 242 239 230 223 169 192 194 172 143 188 234 217 153 181 159 183 180 244 173 203 144 156 176 198 150 165 228 158 226 190 240 162 177 220 170 215 168 205 196 245 236 154 216 206 161 171 237 235 139 199 142 140 197 210 186 189 221 160 147 164 146 225 195 248 218 148 211 247 250 213 238 222 157
138 59 166 225 170 238 216 163 222 191 148 188 162 169 232 180 178 224 218 140 143 168 172 179 160 202 246 223 157 147 187 173 146 227 150 209 183 139 186 167 145 151 153 229 250 233 177 230 235 248 192 203 240 149 154 242 199 197 208 200 158 171 161 234 185 219 189 207 193 244 217 152 243 190 212 245 226 165 236
139 80 142 246 213 153 224 205 243 219 176 250 172 186 217 146 183 238 209 140 229 226 194 143 211 160 158 242 221 145 163 170 192 214 218 248 182 154 249 240 177 232 156 206 159 210 151 228 167 212 171 203 244 188 236 245 202 157 161 241 237 199 233 208 148 187 180 149 225 189 169 191 204 197 184 247 196 193 152 215 235 200 234
140 62 221 237 196 236 187 157 227 188 244 146 213 143 250 248 192 149 171 151 181 158 186 200 177 195 147 246 210 154 212 163 211 228 159 197 142 249 165 214 155 224 179 242 233 183 247 182 175 189 217 245 239 205 164 203 199 160 167 169 193 202 194 161 218 148 172 240 238 232 209 204 174 223 226 144 156 152 206 198 176 208 191 170
141 39 169 164 185 162 176 209 212 196 236 238 172 225 246 178 170 208 228 199 237 151 211 160 206 202 224 173 167 198 148 226 166 181 245 219 188 144 184 190 221 163 177 235 205 229 223 244 182 186 243 203 234 218 154 217 171 165 174 153 227 149 248 220 183 180 142 242 143 150 175 193 156 230 215 187 159 207 200 216 241 201 239 189 157 249 194 222 155 146 233 179 210 247 213 197
142 57 175 231 230 201 205 219 184 210 150 227 190 246 203 179 148 193 214 228 206 173 163 167 240 162 204 198 221 235 196 168 208 232 242 161 245 226 178 174 157 197 220 244 147 239 146 216 192 207 238 171 223 249 225 154 199 145 159 164 243 160 236 172 195 185 215 194 209 143 182 181 156 155 218 180 211 177 217 153 188
143 89 238 170 206 158 144 227 236 177 169 162 166 248 212 181 168 165 242 215 173 171 208 192 229 239 195 249 228 184 201 197 159 214 183 157 234 175 160 186 226 191 219 241 216 146 224 221 176 156 185 211 150 174 235 196 161 202 218 240 205 182 207 204 199 179 147 233 231 220 151 149 180 194 230 244 172 237
144 49 181 239 175 197 174 211 155 146 156 177 145 154 228 191 202 236 176 165 200 178 218 219 245 185 183 216 204 241 246 188 160 151 213 242 187 212 224 222 223 194 210 206 171 161 207 193 162 180 227 237 217 235 244 150 152 166 243 195 153 240 233 172 179 249 163 173 170 220 208 198 226 167 189
145 29 180 204 198 171 247 185 221 162 164 175 192 224 148 152 210 222 159 186 216 167 191 163 226 157 184 250 165 199 172 232 236 183 169 235 200 242 146 160 214 195 170 187 220 176 166 215 181 150 234 245 227 154 218 151 230 190 229 161 153 168 208 193 182 246 158 178 219 194 179 174 243 209 244 155
146 85 200 154 243 149 174 179 202 167 238 231 189 236 237 230 211 226 193 203 162 223 150 227 240 180 190 213 158 164 199 181 242 148 249 160 229 205 208 171 169 168 175 201 163 233 215 147 182 172 234 216 241 194 184 220 210 247 152 192 173 153 157 188 156 159 204 239 198 222 166 219 176 245 206 212 196 177 246 228 195
147 98 245 160 225 212 148 243 248 227 198 191 164 208 242 235 150 236 238 219 170 216 246 187 229 181 162 180 223 197 195 154 207 209 177 178 176 217 192 222 161 233 159 204 206 247 211 167 184 173 234 213 250 153 158 232 171 230 240 185 201 228 188 174 220 205 221 155 200 214 183 193
148 66 203 243 149 209 222 170 213 249 200 233 225 247 240 174 162 189 160 168 226 192 229 206 216 161 248 218 242 236 183 250 201 199 215 190 152 166 158 163 208 159 178 224 235 196 179 246 175 211 165 173 219 237 234 184 176 205 198 231 181 164 245 151 180 214 228 154 186 210 169 191 244 239 153
149 82 219 181 229 170 227 175 171 191 206 222 164 226 165 211 208 234 177 248 179 151 192 244 196 225 216 172 185 193 174 217 240 184 200 152 247 161 231 163 150 250 190 201 220 176 159 178 186 223 239 204 212 205 188 168 158 209 215 195 249 167 162 180 228 169 173 230 187 203 246 153
150 70 161 218 192 162 235 181 180 198 233 209 213 207 153 215 186 211 227 190 224 232 191 220 168 174 228 166 210 178 164 208 184 237 231 245 165 212 187 216 173 185 223 205 197 234 154 172 240 239 222 163 249 238 193 159 201 158 156 157 206 250 225 246 244 171 188 217 219 248 243 236 199 179 189 160 241
151 23 232 165 208 244 199 163 153 250 162 197 195 203 230 235 164 156 196 193 226 173 206 172 240 186 238 222 202 245 158 246 221 233 187 181 214 212 180 154 200 174 176 228 177 223 234 160 209 217 248 218 211 167 241 201 188 249 247 182 169 204 224 155 189 171 185 210
152 51 206 241 198 238 180 187 153 201 174 247 250 184 205 185 239 200 210 166 194 158 216 172 156 157 204 223 211 170 175 164 212 237 233 191 199 249 208 167 202 168 162 182 235 220 245 171 188 230 155 160 234 248 181 190 224 192 186 159 244 189 232 196 226 207 222 195 218 165 215 229 209 236
153 25 154 235 218 185 246 232 215 174 238 206 172 186 198 200 180 196 207 228 201 220 221 191 243 203 233 211 163 176 167 194 162 217 225 231 168 177 241 161 213 195 193 209 244 219 210 165 157 156 170 230 171 234 208 175 173 240 197 250 227 192 183 187 181 237 184 236 190 226 245 248 229
154 31 165 196 218 248 194 199 180 221 214 169 178 224 212 223 243 159 185 190 188 233 157 205 177 235 183 198 197 239 213 206 201 228 170 184 172 220 171 238 229 246 244 227 175 156 161 168 202 226 191 189 234 245 232 204 209 230 158 217 240 179 222 247 210 174 200 215 166
155 64 187 207 198 250 202 212 183 161 164 240 241 246 194 182 166 168 195 224 169 165 215 226 184 211 193 232 217 203 200 233 181 189 249 157 230 223 239 205 238 231 222 210 247 175 162 234 204 236 244 167 206 248 197 218 188 156 208 237 179 177 158 171 196 190 172 160 192 159 242 180 229 176 219 199 221
156 38 204 243 198 161 162 235 225 171 184 158 207 187 170 217 212 186 190 188 157 197 200 249 168 181 180 172 163 202 239 160 218 234 223 238 166 203 196 214 236 242 222 175 250 226 164 177 213 248 228 205 194 191 189 206 165 220 221 233 219 178 245 201 247 231 240 210 199 192
157 48 188 201 178 233 158 202 246 191 205 160 212 168 227 248 211 220 187 182 228 247 209 231 215 162 240 199 198 242 230 183 172 241 195 219 245 179 175 243 218 167 196 192 208 226 239 249 189 190 185 237 207 235 170 206 225 210 236 186 213 204 234 197 224 180 250 244 181 174 238
158 52 207 163 203 221 197 213 209 169 217 245 200 238 172 166 206 250 205 246 227 214 234 222 190 177 241 188 240 195 160 196 231 237 184 220 248 162 175 210 202 212 230 186 198 216 218 187 204 179 161 170 180 211 242 159 192 199 226 171 167 232 183 247 236 208 168 229
159 41 235 162 189 210 175 184 194 240 209 222 211 229 171 207 239 195 181 176 204 183 219 223 226 163 165 215 216 196 170 167 192 201 172 250 231 221 193 174 224 218 245 191 243 177 234 241 182 233 186 247 198 180 205 238 160 185 244 197 188 202 166 249
160 30 167 203 212 186 240 174 249 192 175 176 200 210 182 181 245 222 185 234 178 211 241 235 201 172 244 204 199 190 239 223 196 202 248 226 189 213 250 232 243 187 183 188 237 233 164 225 180 224 173 209 229 206 247 170 165 230 171 207 231 168 177 218 195 236 163 242 214 220 184 197 215
161 87 227 192 247 250 173 222 171 218 219 213 185 234 168 179 230 223 221 216 239 233 182 207 197 196 232 238 245 209 178 194 190 235 201 172 174 180 203 181 162 212 175 229 237 215 243 187 165 191 164 183 242 226 248 206 210 217 240 167 199 163
162 39 249 219 207 232 236 239 208 184 193 163 169 241 221 187 205 181 168 211 209 189 233 177 201 243 200 228 173 224 202 171 198 172 179 214 192 178 245 218 206 194 210 170 216 165 175 231 199 185 217 244 234 222 197 227 167 220 204 190 248 215 230
163 61 204 216 189 176 232 222 246 229 197 178 236 172 241 239 230 214 183 220 231 184 226 198 168 199 179 167 177 209 200 234 221 206 171 235 173 217 165 180 205 245 218 202 174 242 175 201 203 219 212 228 240 182 210 186 193 211 247 169 170 207 238 248
164 99 199 185 207 231 166 202 245 208 233 174 186 187 213 219 240 247 232 192 243 188 234 171 201 215 228 217 222 180 216 179 212 196 184 209 249 218 246 177 229 205 172 248 230 203 183 168 194 197 210 224 225 190 221 237 223 226 241 193 214 178
165 20 201 173 177 195 175 241 185 174 239 186 237 208 194 226 191 217 242 171 233 244 178 214 182 206 179 203 247 204 243 170 188 199 245 224 218 209 180 225 234 238 250 172 222 219 216 215 168 193 166 249 227 230 202 176 210 240 229 184
166 51 203 249 167 169 236 206 218 247 202 201 244 239 226 192 248 194 171 193 182 221 205 209 243 179 181 242 240 195 228 176 197 207 170 245 246 235 220 241 232 200 180 177 230 175 233 186 222 198 215 204 174 231 196 212 172 227 173 223 184 238 185
167 50 248 236 204 169 249 196 174 214 240 245 233 223 191 215 178 213 172 230 192 234 199 203 250 193 201 194 187 208 176 222 198 195 220 186 202 182 227 170 241 175 173 224 239 205 177 171 221 180 184 244 243 229 246 189 185 247 190 242
168 30 171 233 238 247 225 179 246 199 213 175 222 196 209 219 193 214 242 244 172 204 182 245 212 240 206 197 236 215 248 243 218 202 188 207 192 227 228 203 186 176 208 185 181 239 173 180 230 200 249 189 191 201 194 224 216 229 169 210 237 195 190 221 211
169 91 247 246 211 224 245 241 170 176 228 215 201 239 227 206 210 207 237 243 226 191 218 190 209 221 223 182 172 197 250 229 195 192 238 181 198 171 242 214 189 222 188 212 179 216 202 244 194 173 234 183 199 208 175 225 203 193 174 220
170 45 211 178 216 233 173 217 199 208 179 191 187 219 190 230 174 210 196 207 205 226 245 250 181 175 172 197 193 209 224 246 180 239 184 223 228 234 247 213 231 188 229 225 182 238 200 202 204 232 240 206 221 203 192
171 88 232 188 185 215 189 241 212 217 194 237 197 202 175 246 225 195 231 172 186 203 239 191 236 234 178 201 176 174 238 187 240 220 182 242 209 184 228 210 208 214 249 211 196 229 206 193 198 224 190 221 250 213 222 245 243 248 200
172 45 248 249 213 223 177 243 173 227 234 191 215 208 179 176 228 245 225 196 232 182 202 240 244 238 229 206 181 190 220 217 199 193 205 239 207 231 195 237 197 203 218 201 184 189 242 178 235 186 204 180 192 241 247 174
173 99 179 248 191 193 176 230 186 232 220 192 217 246 238 215 210 223 214 182 195 239 199 225 234 211 207 196 187 212 221 175 216 224 189 237 247 208 250 244 219 180 218 206 249 209 185 233 229 198
174 93 229 182 218 217 221 190 191 243 235 196 226 245 177 203 201 242 239 223 212 207 206 193 181 220 222 233 205 241 232 234 250 195 178 236 188 208 228 213 211 185 204 214 209 225 175 238 186 200 192 180 215 246 176 240 194 184 227
175 90 221 226 201 233 238 248 247 208 217 181 206 243 242 239 191 235 193 218 207 228 212 250 232 236 189 185 195 190 249 224 209 231 184 214 182 219 204 200 245 227 179 186 205 199 202 210 234 220
176 27 212 213 206 190 218 183 220 239 237 244 227 228 207 203 181 245 193 191 229 201 247 196 215 226 235 177 232 200 243 186 234 208 225 185 222 223 197 205 188 187 248 202 233 210
177 77 222 205 178 227 216 225 194 202 244 209 217 201 212 231 242 224 249 245 207 198 233 221 238 235 218 226 246 241 200 243 229 230 206 237 215 250 219 187 182 220 181 189 204 247 236 191 228 183 210 180
178 88 190 204 199 207 232 228 248 247 223 235 193 217 249 243 244 182 229 198 242 231 206 240 237 183 196 236 222 230 180 187 216 202 203 224 226 220 219 238 192 191 225 239 184 211 234 200 218 205
179 90 242 224 184 239 216 229 183 189 200 222 193 180 244 191 185 206 237 214 225 199 201 205 194 247 246 204 215 230 248 187 207 238 240 234 190 188 203 227 223 228 192 197
180 74 193 187 235 233 202 184 195 203 201 242 237 212 245 189 204 219 191 225 192 183 222 216 207 228 220 230 218 250 234 182 186 199 232 247 249 198 194 206 241 188 215 209 197 248 224 231
181 57 187 216 210 211 233 190 232 182 239 221 201 184 196 195 226 236 213 199 242 249 212 234 247 243 230 224 245 206 202 191 240 229 192 219 185 222 215 209 227 220 188 218 197 237 244 193 198 207
182 93 239 237 183 249 208 217 233 240 193 209 222 201 210 191 246 220 230 216 225 215 213 238 228 227 241 234 248 250 244 202 192 231 206 211 196 205 203 226 232 223 195 194 189 198 200 219 235
183 41 234 243 215 216 217 219 186 227 230 244 208 237 247 242 250 226 198 245 199 203 241 211 248 207 222 229 189 213 193 221 220 224 190 231 233 246 200 188 191 225 192 238 240 202 249 187 232 214 235
184 78 187 201 223 231 239 247 205 199 229 213 248 232 238 250 197 224 222 207 243 203 242 206 217 226 235 185 233 194 211 221 236 240 246 249 190 208 230 220 186 234 214 218 198 212 189 209 244 241 216 195 196
185 39 243 216 229 240 203 248 215 232 211 236 246 192 213 190 235 249 220 187 197 237 189 198 217 221 205 242 201 204 218 222 206 188 231 228 196 244 202 193 225 200 226 210 223 247 234 195
186 85 231 216 211 250 238 191 244 227 192 235 230 222 233 248 189 241 206 198 236 221 200 243 225 249 219 215 212 207 202 220 213 232 201 196 217 218 187 224 234 204 210 195 190 229 188 242 226 205 245 237 209 203 208
187 31 234 210 246 195 188 233 199 209 243 207 235 219 213 212 194 204 231 203 244 222 190 227 237 228 208 232 226 197 249 238 205 200 225 198 196 245 214 189 240 241 247 191 250 242 215 193 202
188 67 216 231 202 204 199 213 228 197 227 221 207 217 235 211 244 212 219 191 236 210 203 218 192 194 208 215 241 238 225 237 242 220 214 233 209
189 52 208 226 233 246 206 241 190 218 235 239 220 243 232 227 249 219 225 223 234 213 238 248 207 216 221 193 237 224 199 242 198 197 245 229 230 212 204 195 210 217 196 202 201 203 250 231 244 215 236 211 240
190 52 230 202 222 234 224 208 227 238 249 216 250 199 239 201 198 221 232 197 244 218 204 195 229 191 246 210 200 215 231 203 214 206 247 217 212 242 209 194 233 223 205 236 245 192 207
191 93 247 213 198 215 248 237 224 196 226 227 249 211 233 241 225 194 229 195 235 228 250 234 193 245 212 232 206 218 208 216 207 221 200 223 203 219 214 205 230 210
192 39 239 248 237 219 224 197 209 226 210 196 238 216 228 235 200 244 240 223 225 217 193 242 249 232 227 247 233 205 214 202 208 231 212 222 243 194 220 201 218 203 230 229 198 204 221 234
193 71 224 221 226 196 204 247 249 218 206 230 245 222 214 219 200 207 229 239 225 232 220 236 242 211 215 250 244 234 208 201 238 198 240 217 199 210 205 194 202 233 235 248
194 54 226 210 201 218 221 240 200 206 234 213 208 250 225 197 196 214 237 215 238 235 220 239 198 217 223 230 246 244 249 216 202 219 209 224 241 199 247
195 53 225 242 211 204 247 243 202 203 228 209 200 227 222 201 198 205 196 232 219 215 236 235 244 234 197 239 199 238 249 248 220
196 88 242 202 235 230 200 241 211 205 250 208 245 236 204 214 225 224 207 215 234 228 220 209 206 238 244 240 246 223 222 217 233 216 213
197 85 206 243 242 215 247 226 204 241 240 199 200 213 244 217 230 214 238 209 234 219 211 221 220 205 202 216 218 250 222 245 249 233 231 212 228 229 236 201 225 248
198 83 239 214 229 222 227 220 233 215 228 244 210 234 236 241 248 206 226 213 235 221 216 250 242 218 237 217 207 209 232 212 225 202 201 203 200
199 33 211 231 212 218 229 232 243 235 208 244 213 239 215 216 206 219 234 245 201 224 204 238 225 203 223 210 247 214 207 241 205 233 249 222 221 237 202 227
200 91 215 240 248 244 237 221 227 211 217 247 205 243 212 246 235 250 236 239 229 208 203 226 223 230 209 222 224 219 207 225 231 201 249
201 43 216 232 237 231 210 202 225 207 239 223 222 247 243 211 233 238 246 227 219 224 236 212 230 229 208 203 213 245 235 217 244
202 37 206 205 228 208 229 230 226 236 243 238 209 239 234 240 249 223 231 227 222 250 225 212 245 207 204 224 219 211 218 232 214 246 241 237 247 203 217
203 52 213 210 233 236 227 229 221 214 230 211 228 247 232 239 224 235 216 226 241 248 250 205 219 217 249 237 246 245 204 206 220 242 231 234 238
204 41 207 229 220 231 246 243 236 249 221 228 206 237 247 209 219 238 205 245 224 218 214 225 234 208 223 213 239 248
205 29 246 219 227 247 207 222 212 230 243 209 213 228 248 232 226 206 249 208 214 225 250 238 235 224 233 218 210 220 240 237 231
206 41 233 225 238 247 239 244 234 212 250 223 246 242 236 230 218 221 241 229 232 237 213 208 249 245 207 243
207 65 225 245 239 249 230 248 227 233 211 220 241 244 228 222 238 240 234 232 208 223 213 209 246 250 212 215 236 237 224 214 235
208 21 242 215 228 220 224 211 235 218 214 212 230 213 245 250 232 219 244 233 227 229 226 209 247 240 223 217 249 243 216 248 239
209 28 223 235 227 243 211 238 210 247 242 233 216 230 240 219 226 215 220 231 245 229 232 248 236 221 241 244 217 249 213 234 225
210 54 249 236 230 223 248 239 214 246 232 244 221 238 224 235 218 231 241 213 212 211 233 215 217 243 250 247 216
211 75 236 238 217 233 247 214 222 242 226 234 213 228 237 232 249 240 225 235 245 224 221 216 241 219 248 243 215
212 81 220 213 250 226 242 224 227 239 247 215 240 236 234 245 219 248 238 237 233 214 241 217 232 246 231 235 244
213 46 228 230 234 226 229 243 214 231 239 240 244 247 219 238 232 221 250 242 224 233 245 225 220 223 217 235 216
214 31 223 225 231 248 220 219 236 238 234 239 216 215 230 218 235 245 249 241 237 250 222
215 58 239 229 247 232 226 217 221 216 250 219 236 224 238 243 234 248 246 230 220 227 249 218 231
216 66 237 220 247 232 226 231 227 233 229 241 249 235 248 219 218 221 225 240 238 224 243 230 228
217 32 220 224 246 240 235 248 250 221 238 233 218 241 222 243 232 239 226 229 244 242 230 219 249
218 70 237 225 249 227 235 243 230 223 219 239 242 222 221 240 232 220 231 247 234 244 224 233
219 48 241 250 226 237 235 223 238 227 232 236 222 225 229 244 243 224 247 234 249 220 242 233 248
220 64 238 228 249 226 233 225 231 232 242 237 246 247 227 221 240 235 243 230 241 223 229
221 37 225 223 246 240 238 241 250 248 243 231 222 228 224 232 229 230 235 245
222 57 237 245 225 241 244 233 249 223 248 230 247 227 242 239 243 240
223 99 239 231 248 245 242 226 233 236 224 237 228 227 243 232 240 225 250 244 238 246 234 241
224 24 237 233 246 241 230 226 243 236 242 240 231 244 249 229 250
225 91 228 232 249 231 236 245 244 250 237 226 233 247 230 235 234 242
226 51 249 234 228 242 246 250 243 248 232 229 244 238 231 241 233 240 227
227 92 240 241 244 248 233 231 250 237 249 228 247 236 232
228 91 248 235 233 244 250 245 247 236 238 232 241 246 239 243
229 33 235 248 250 241 233 242 237 230 236 240 238 246 244 231 239 232
230 40 247 248 242 231 250 234 237 240 233 243 235 241 246 238 232 239
231 98 250 242 247 235 238 233 234 236 232 244 243 239 240 241 246 237
232 57 238 235 247 233 243 242 245 244 248 246 237
233 57 239 236 243 250 245 241 249 240 235 234 246 237 242 244
234 49 236 237 241 245 242 243 240 246 239 238 248 244 250 247
235 94 248 238 243 242 237 239 249 247 236 244
236 66 242 238 250 239 246 249 247 248 245
237 70 243 239 250 249 241 238 248 244 246
238 58 248 240 242 246 245 243 250 239 241
239 83 249 246 240 248 244 247 241
240 95 242 241 244 249 243 248
241 92 250 242 245 249 247 246
242 58 243 245 250
243 75 244 250 245 249 248
244 54 249 247 246 248 245 250
245 85 249 248 247 246
246 49 249 250 247 248
247 35 250 248 249
248 97
249 34 250
250 79
