120 150
1 23 110 102 114 106 39 70 61 91 83 46 56 47 103 40 71 85 20 68 89 115 118 48 18 77 53 95 21 76 72 32 13 75 6 97 19 120 58 8 100 52 99 36 51 104 79 101 80 23 65 30 41 28 109 34 96 84 64 17 5 24 112 107 117 59 3 63 37 33 16 55 22 10 74 26 111 92 29 57 66 27 50 98 87 43 67 25 54 7 49 2 81 44
2 83 120 71 107 103 104 14 23 39 35 50 32 42 57 81 73 36 15 115 60 58 118 38 66 78 56 31 5 95 111 21 67 22 46 61 20 16 94 85 28 87 75 51 74 116 8 34 29 64 110 119 83 19 72 13 114 77 117 88 90 93 108 9 10 30 47 89 17 106 7 48 27 98 45 54 70 80 44 59 40 109 3 97 68 26 113 53 63 33 55 76 100 62
3 90 81 85 116 66 24 49 60 86 38 63 75 74 71 79 50 96 68 111 57 13 94 14 51 119 18 117 17 23 33 15 80 9 12 110 47 29 87 22 62 73 99 67 114 112 65 103 42 25 83 106 30 46 59 78 27 39 104 93 98 118 19 55 5 102 120 44 43 89 92 100 56 113 72 77 82 4 61 6 45 11 91 7 64 84 58 53 37 108 36 90 48 115 32 28 20
4 97 43 17 73 115 112 5 114 23 107 13 94 27 64 88 33 68 69 78 29 45 97 90 48 14 120 50 49 89 52 53 77 8 56 22 67 42 80 105 98 101 63 62 95 12 24 119 40 46 38 102 117 84 100 37 44 81 108 39 21 87 96 54 113 74 85 58 92 20 15 91 51 109 75 110 104 41 93 36 79 76 30 86 82 9 83 70 18 99 35 28 106 19 55 10
5 30 23 45 91 44 8 84 107 31 102 64 69 28 54 95 113 37 42 49 26 56 47 6 82 61 111 15 119 89 104 39 75 46 24 53 18 108 50 35 21 81 117 36 60 92 115 10 79 32 97 66 96 99 11 112 38 114 109 9 16 55 22 12 62 118 29 80 58 77 73 14 90 78 40 120 59 48 88 85 74 52 27 17 105 72 71 93 34 86 100 25 103 57 13
6 33 101 49 119 45 12 80 100 7 67 42 112 47 94 93 113 48 77 15 26 20 8 61 57 9 109 78 18 24 55 30 64 111 97 81 35 23 85 54 27 73 90 120 91 105 71 40 46 69 66 74 107 31 17 86 16 70 59 98 19 52 25 63 44 58 116 76 118 117 50 56 96 89 104 88 22 28 34 14 95 11 37 41 83 108 29 39
7 52 57 73 31 103 80 100 86 21 68 84 74 44 53 72 36 15 46 75 58 48 93 91 118 56 71 26 23 16 87 66 76 55 96 60 33 43 28 39 92 29 113 18 110 81 67 79 95 27 106 24 40 25 62 89 41 97 49 117 101 119 50 51 90 104 9 52 120 98 115 12 65 32 54 69 85 20 35 59 94 8 22 102 108 109 13 105 83 78
8 37 33 89 42 57 73 35 53 93 45 68 9 17 102 24 92 69 88 28 95 16 13 27 84 107 117 59 94 87 104 37 31 56 67 49 41 30 25 36 21 62 64 105 50 111 99 12 113 23 26 120 74 39 72 60 78 46 75 20 106 18 90 32 51 81 38 79 10 86 66 103 76 15 97 29 116 101 96 110 44 112 19 100 65 22 61 52 85 114
9 99 66 106 21 42 69 30 12 99 111 55 67 71 103 25 22 48 110 112 102 109 104 11 115 91 44 95 72 87 14 100 10 90 62 46 45 38 117 31 40 28 70 49 16 74 116 83 27 81 73 68 77 65 58 47 97 19 52 101 32 63 36 18 88 86 119 20 35 56 92 75 29 17 94 84 78 82 80 43 23 108 51 120 57 64 24 39 93
10 60 17 89 112 20 90 28 55 86 33 35 43 78 57 77 109 113 73 30 32 103 80 18 96 95 22 69 98 99 70 100 52 56 61 79 76 40 64 29 92 47 25 75 34 107 13 84 72 26 49 68 27 54 116 66 105 50 21 74 101 88 87 53 120 46 67 115 114 117 83 102 60 65 106 81 42 110 45 11 41 38 15 93 118 36 39 62 44 111 12
11 89 97 54 65 30 102 40 59 84 92 107 37 23 94 99 14 19 82 18 22 33 101 85 25 46 104 49 52 115 77 79 48 51 70 110 16 35 120 27 66 42 62 73 100 80 55 53 68 117 119 60 93 90 17 39 20 44 69 63 24 13 64 113 88 96 86 75 32 103 109 34 41 74 67 36 28 56 61 21 118 38 87 12 116 43 83 45 47
12 92 28 65 75 24 26 17 39 115 101 87 96 73 110 22 27 78 88 81 83 105 30 64 59 40 62 61 80 91 57 55 15 98 52 108 41 20 69 34 86 116 118 14 16 104 44 92 35 36 25 23 82 50 93 102 94 109 45 56 21 112 42 100 119 43 90 111 120 106 113 72 114 48 95 51 38 46 29 37 54 32 68 71 70 58 31 76 19 84 63 85 66
13 100 17 100 76 27 35 38 111 91 48 20 23 80 84 61 104 110 19 31 22 79 114 21 63 85 18 109 49 120 96 58 41 82 94 24 54 71 29 66 59 36 86 73 45 117 101 78 70 105 39 115 65 72 47 113 52 88 99 69 67 28 57 16 93 116 87 37 15 40 103 42 119 25 83 64 60 56 30 118 90 50 92 89 62 97 77 26 98
14 85 94 65 73 117 21 109 89 48 31 105 42 39 57 58 92 59 34 66 25 54 60 85 28 97 22 76 16 84 64 55 83 49 67 103 114 91 46 93 75 74 78 70 51 52 44 81 88 33 41 47 71 80 40 26 79 98 43 30 63 38 113 50 37 104 119 45 24 101 15 23 82 96 106 68 115 27 111 53
15 96 73 96 23 22 94 66 69 91 100 61 40 105 36 63 26 75 102 109 117 43 51 113 64 57 84 93 62 120 90 19 72 71 38 27 110 16 98 85 53 55 97 42 47 59 45 33 34 74 28 65 60 41 95 77 54 17 78 99 18 107 50 37 106 87 112 67 104 58 32 92 79 116 101 83 68 39 56 35 31 30 115 88 48 89 20 108 86 70 81 111
16 78 69 92 70 115 60 63 21 59 84 57 109 112 25 51 108 77 73 91 76 72 94 88 119 110 85 118 102 100 38 68 116 48 66 53 49 61 96 31 45 22 19 105 44 67 39 89 71 56 103 81 47 29 114 27 24 36 41 117 28 78 40 23 86 33 107 43 75 106 93 80 26 65 52 18 87 30 79 46 20 32 64 95
17 40 66 109 108 65 37 92 84 24 102 76 99 48 67 74 63 52 51 38 26 46 25 100 50 73 83 32 27 114 115 94 95 112 70 53 78 64 90 59 111 57 82 113 75 21 56 39 88 104 43 116 80 45 79 118 33 119 77 62 96 86 120 54 105 58 29 107 98 19 18 31 106 69 101 47 85 117 110 71 22 91 81 34
18 89 30 71 97 90 61 21 40 110 70 52 20 105 82 91 114 83 72 22 36 98 104 93 81 107 29 64 100 74 39 50 49 45 75 43 85 56 60 63 87 23 106 92 48 28 24 44 77 69 117 80 76 31 19 53 33 38 51 112 84 96 67 88 37 109 35 62 120 54 27 68 79 113 66 94 65 73 46 101 103 86 102 57 119 58
19 44 81 58 62 44 90 53 65 120 45 71 118 114 59 102 89 38 74 109 48 84 87 76 96 103 24 25 57 41 21 55 73 80 28 92 115 72 75 27 88 117 105 42 70 100 63 113 46 98 67 22 35 95 43 107 93 33 99 66 78 85 86 112 51 69 49 30 97 119 83 34 29 54 31 110 68 47 60 36 64 82 56 52 61 20 108 26 40 106 79
20 37 111 87 36 78 106 44 35 61 57 92 34 119 39 85 68 46 107 117 24 66 79 26 100 104 53 93 70 48 112 120 47 88 29 118 116 67 72 103 105 37 89 101 22 28 54 97 81 32 83 31 69 23 99 90 52 80 73 59 45 41 27 30 95 94 63 75 50 96 110 40 51 102 60 74 76 91 114 109 71 49 115 56 43 98
21 80 117 92 60 41 101 40 89 38 77 107 35 46 91 73 44 52 90 31 30 24 94 32 70 106 109 93 71 62 69 58 118 37 86 104 48 112 23 81 64 61 43 110 76 103 82 113 65 55 79 57 99 96 87 50 68 33 119 114 120 111 25 66 84 100 49 115 74 27 54 42 36 95 26 75 80
22 53 112 60 98 52 61 56 103 76 40 101 71 97 35 43 24 48 99 104 63 66 75 58 83 67 78 38 87 95 91 88 73 80 79 41 57 106 74 23 107 28 96 31 69 53 72 25 110 82 120 119 44 105 34 111 93 62 70 26 54 59 49 117 113 90 27 30 108 114 118 89 39 77 55 47 42 84 32 36 51 94 46 86 64 33 116
23 38 108 71 33 52 46 24 86 39 72 91 38 84 88 115 113 78 40 117 48 64 29 96 104 34 74 37 63 67 102 69 114 111 103 43 65 92 42 58 112 109 107 97 95 75 62 32 94 59 120 73 99 80 90 68 41 45 30 76 89 98 49 44 119 93 60 70 53 36 116 105 54 81 101 110 77 87 57 31 100 118 26 79 83 85 27 56
24 63 72 48 35 61 32 28 46 59 78 66 43 99 104 53 40 39 90 64 42 71 56 30 108 36 80 76 84 93 69 70 118 98 114 44 83 68 87 92 106 103 115 57 60 41 33 37 94 47 62 26 63 85 97 91 67 74 120 49 79 101 82 54 38 117 75 100 27 110 51 29 105 50 88 96 89 45 95 34 109
25 92 74 36 70 96 103 72 45 44 110 29 100 28 57 48 91 92 58 33 31 54 82 77 116 67 53 26 109 76 90 94 66 87 30 88 107 71 41 47 84 106 86 118 50 119 112 93 42 104 117 63 62 46 81 68 52 105 34 73 98 56 102 55 113 51 120 40 95 115 32 69 43 37 114 59 61 79 39 80 83 89 108
26 52 39 41 111 75 63 52 102 92 68 119 95 104 29 87 110 79 58 88 43 54 45 55 77 56 57 98 109 89 103 118 60 78 81 90 34 72 94 40 105 97 107 47 96 82 62 53 64 112 66 70 76 91 36 84 113 115 32 65 61 99 108 48 35 117 27 37 44 50 80 59 85 69 30 74 114 100 67 71 38 31
27 25 58 88 99 114 44 37 92 29 105 57 46 55 112 115 73 75 78 106 68 120 90 113 70 60 97 36 84 117 66 98 47 77 54 71 109 91 103 104 119 107 43 52 28 101 51 63 118 53 100 48 80 49 56 83 38 108 69 59 116 45 94 76 89 40 96 32 30 93 41 33 81
28 98 81 119 72 85 43 48 93 100 49 34 29 92 60 87 50 54 38 97 53 82 98 86 91 55 110 108 61 74 116 102 56 94 78 114 35 39 44 76 105 75 96 33 46 71 63 40 57 109 83 68 41 79 52 59 106 111 107 37 120 32 58 89 112 113 90 62 104 88 36
29 75 107 44 93 117 110 102 51 73 109 114 92 106 35 52 56 39 33 64 108 119 34 49 57 48 82 91 84 71 65 115 66 89 45 78 74 36 77 42 68 40 37 81 50 75 67 54 95 58 38 55 53 101 118 120 72 85 105 112 70 60 97 31 41 99 86 79 100 47 62 30 63 59 83 96 111 90 61
30 87 65 89 79 101 106 60 44 33 103 71 68 49 114 116 43 75 97 46 64 112 80 115 70 113 56 118 67 110 66 48 58 85 63 86 98 74 39 32 84 36 41 37 99 94 96 42 90 111 61 109 92 108 93 78 100 35 59 38 105 54 102 87 107 120 52 81 117 72 91 34 45 73 55 40 57 47 62 104 50
31 45 106 105 70 117 97 32 38 93 73 42 100 115 81 62 99 51 45 88 110 101 50 37 92 56 102 58 64 104 36 109 76 111 108 86 48 46 34 41 82 44 80 65 84 40 90 61 35 114 68 87 55 47 67 43 95 49 78 107 72 75 79 91 39 96 83 120 113 59 116 69 63 53
32 78 84 83 100 78 76 55 94 120 47 58 107 36 102 119 57 116 33 50 96 93 117 40 44 87 103 80 79 72 37 110 59 68 54 85 38 34 35 73 64 99 98 115 67 51 42 105 75 111 71 69 108 114 74 52 92 95 112 77 53 90 109 118 48
33 85 62 94 68 74 46 115 93 102 41 65 73 48 91 97 58 98 36 112 43 66 108 63 78 100 70 80 54 109 82 38 118 85 72 53 119 117 61 87 101 81 77 84 96 71 104 92 111 37 113 67 110 99 76 83 89 50 49 86 39 120 59 51 56 45 90 64 116 47
34 50 85 74 105 109 98 96 49 103 35 37 87 100 57 113 65 107 36 92 88 108 117 52 60 81 63 50 110 78 99 68 46 54 83 79 93 97 91 82 106 56 95 62 102 41 71 114 47 76 86 59 66 120 89 80 111 84 101 48 116 119 112 75 69 118 42 64 43 104 67 58
35 90 56 41 86 73 113 40 118 114 95 65 84 76 102 104 100 78 67 93 70 54 39 87 53 48 89 105 50 55 109 111 71 81 72 44 79 66 45 97 62 85 116 110 74 37 82 91 49 68 61 106 120 47 92 60 90 43 83 119 69 59 75 80 101
36 31 82 53 97 80 109 90 119 68 39 67 38 83 100 42 115 105 77 110 99 52 47 48 70 64 113 72 103 40 117 49 107 57 76 89 50 106 79 60 87 45 41 44 78 75 56 81 71 43 63 96 108 61 58 74 93 91 37 114 102 86 94 95 88 51 46 66 112
37 79 93 117 43 66 52 90 95 92 44 84 49 46 68 109 96 63 94 72 77 105 57 79 78 73 108 115 53 70 91 50 101 76 61 65 116 102 42 47 58 81 39 85 51 106 56 104 75 100 48 86 69 118 119 38 45 103 67 99 110 54
38 57 114 118 72 109 120 119 117 52 104 81 69 101 40 115 91 107 53 68 55 43 64 79 105 74 83 99 87 73 86 88 47 75 70 48 66 100 54 45 76 95 46 97 44 67 92 39 51 58 78 85 56 96 106 93 98 77 116 41 113
39 64 65 57 44 48 61 120 89 50 79 85 103 110 102 52 55 82 116 113 41 75 117 62 45 56 106 95 59 64 114 49 98 90 78 47 54 107 73 58 71 70 94 101 111 84 105 40 83 81 72 77 68 80 104 93 86 118 67 60 100
40 78 57 117 85 72 61 93 45 111 97 105 43 48 109 99 56 118 79 52 54 69 92 47 88 65 107 62 89 84 94 110 66 86 53 115 51 83 68 81 41 120 77 73 87 116 59 50 67 70 76 102 103 75 60 49 82 100 104 96 106 55 44 74 98 91 112 108 78 119 58 63
41 33 65 94 96 99 97 120 58 118 63 69 66 45 56 54 81 83 112 92 55 89 50 111 84 114 98 104 77 80 74 75 73 82 119 110 48 61 85 109 43 91 62 76 70 42 44 113 86 108 101 57 72 107 46 47 68 79 67 51 117 106
42 68 101 59 111 68 46 70 44 100 65 58 82 96 69 115 57 87 94 67 119 62 120 73 47 79 106 75 93 90 117 54 86 72 74 76 102 43 61 116 108 63 78 99 113 91 81 50 112 51 53 89 66 98 97 95 77 56 48 60 103 88 118 85 55 80 84 49
43 69 107 98 83 90 119 53 59 84 109 85 75 99 116 49 61 72 108 87 55 112 50 80 56 82 115 77 51 92 114 79 113 118 71 62 73 105 44 88 93 66 97 120 60 106 69 64 117 110 58 101 47 111 45 86 104 65 68 54 52
44 32 102 91 63 60 100 79 61 72 118 77 74 56 82 83 112 57 87 92 47 96 101 111 93 95 50 109 88 49 48 55 76 69 81 84 104 117 64 86 51 65 58 52 46 115 89 90 78 99 67 107 98 106 85 97 80 75 94
45 53 116 50 54 67 68 70 86 103 91 79 61 109 72 76 95 65 85 108 111 104 105 96 51 75 62 92 80 69 106 99 49 101 107 84 89 100 56 102 87 46 64 53 57 55 98 83 120 110 71 112 117 119 114 81 47 66 88 60 94
46 80 90 49 82 93 74 106 88 116 92 85 57 53 62 66 107 120 101 50 113 83 102 51 91 60 79 54 99 73 70 58 94 52 63 76 112 111 109 118 86 104 89 96 64 81 59 47 48 110 84 67 69 98 87 75 97 114 55 80 108 95 117 105
47 91 71 103 57 74 91 72 51 101 98 85 92 77 52 65 76 63 58 88 90 119 73 84 106 79 105 78 102 89 94 69 67 96 114 100 80 68 118 75 109 61 49 97 53 56 93 86 82 55 108 112 115 64 50 83
48 73 81 85 57 76 110 79 82 84 112 56 86 80 70 99 65 113 115 102 78 72 97 74 52 71 75 96 100 64 66 101 88 119 61 94 54 58 106 60 89 73 114 62 98 77 63 116 49 67 95 109 103 104
49 68 100 116 86 67 102 85 75 72 94 114 117 101 91 56 95 60 118 106 73 92 79 107 89 111 59 71 66 120 87 88 53 82 103 57 93 80 51 77 112 61 76 52 63 115 65 119 74 58 99 98 97 54 81 70 83 105
50 50 62 80 56 79 105 73 108 120 63 78 114 57 94 76 107 106 68 88 95 100 75 119 103 74 101 69 85 65 72 60 66 90 61 109 70 58 77 96 102 55 99 118 84 92 91 81 97 52 112 64 54 59 104 71 113 110 51
51 25 84 55 86 85 69 54 65 74 109 89 64 72 56 113 79 115 103 111 102 119 67 63 77 106 104 61 120 118 99 108 90 52 117 116 101 82 110 83 98 112 100 73 80 107 57 81 105 93 53 71 66 59 76 78 70 88 95 114 92 60
52 64 102 94 116 59 54 60 80 53 110 81 56 75 115 67 57 95 113 70 108 104 117 107 103 58 92 73 64 69 62 90 89 87 93 96 114 118 61 85 109 82 120 66 111 65 79 88 74 112 68 106 91 105 83 119 86 99 78 97
53 99 74 103 115 110 65 80 95 91 76 99 84 68 89 106 112 79 69 70 57 119 117 58 60 98 109 102 96 93 120 81 111 105 118 101 64 67 54 88 100 97 86 116 78 85 92 59 75 66 56 94 55 82
54 43 117 111 66 88 65 105 104 58 110 57 76 74 100 59 113 56 79 116 95 69 84 119 86 68 72 87 67 70 96 93 75 114 78 60 101 92 108 94 103 77 99 73 89 83 106 107 61 90 109 82 55 85 98 71 97 102
55 42 112 101 110 89 87 103 79 120 68 88 78 84 104 85 118 98 72 62 93 59 76 86 94 80 117 82 115 90 57 71 91 109 119 69 66 116 106 114 73 63 81 107 77 92 60 65 95 83 96 75 100 102 99 56 61 70 113
56 90 89 105 93 110 63 88 107 106 87 91 120 61 117 97 99 86 67 70 119 101 76 111 100 66 84 92 112 114 82 58 78 113 73 59 62 95 116 60 115 103 57 109 74 98 69 68 94 90 104 118 64 80 75 81
57 91 100 114 99 91 117 87 67 120 75 76 85 73 62 83 94 71 118 74 78 107 88 106 97 111 95 105 60 80 58 96 81 115 68 104 108 79 98 77 69 72 86 119 64 90 65 116 101 110 70
58 47 97 59 89 113 79 84 119 60 106 96 108 62 112 64 103 114 65 117 95 100 88 83 92 70 87 63 74 66 81 94 77 85 73 69 75 110 102 76 82 99 115 107 78 80 71 61 120 90 105 116
59 22 94 113 112 69 81 109 100 115 66 107 108 96 63 103 79 90 93 80 105 64 72 82 91 88 106 97 116 67 114 74 60 78 95 119 111 68 89 84 85 87 104 70 75 120 71 65 98
60 81 98 76 75 90 64 70 78 103 68 62 69 71 111 101 74 114 109 100 113 67 96 116 117 79 66 63 65 89 110 118 97 77 106 108 105 107 84 120 80 93 83 85
61 49 69 111 106 115 118 101 117 107 64 94 96 73 95 105 112 63 98 81 93 109 84 110 70 114 80 90 83 120 103 68 79 74 97 92 91 75 113 77 71 119 78 87 62 102 66 72 85 88 82 67 76
62 63 65 102 118 77 94 72 83 81 113 98 63 101 76 93 91 85 88 79 96 68 99 106 80 87 95 108 117 67 70 110 66 74 75 111 120 114 89 78 119 107 115 71 112 104 97
63 74 73 119 114 90 64 120 116 118 81 115 103 84 85 70 91 106 77 86 67 117 92 66 78 83 105 98 97 71 65 76 75 93 94 109 100 89 87 68 80 95 69 72 104 107 99 79 112 113 82
64 34 119 105 104 111 83 114 76 86 106 93 97 115 71 116 100 73 78 90 98 70 108 77 89 101 84 75 82 81 69 85 80 120 96 65 91 67 102 68 87 112 74 110 72 113 109 94 117 66 118
65 28 117 118 97 90 79 95 84 113 119 112 91 70 69 107 76 98 120 108 92 103 111 75 81 116 115 77 96 99 109 104 94 87 78 74 114 101 102 89
66 63 103 111 120 78 95 99 100 86 72 79 113 77 98 101 88 75 70 105 117 104 83 67 90 97 89 94 112 82 68 80 106 93 102 73 114 81 115 87 85 74 116
67 61 87 98 84 71 100 108 105 85 117 75 72 110 94 103 74 83 77 118 68 119 86 104 95 114 78 69 91 112 106 93 101 92 81 70 80 113 111 82 89 109 79 115
68 88 107 77 99 100 70 118 101 95 109 74 93 96 87 80 111 73 106 116 71 86 114 108 98 90 92 102 83 117 72 115 75 88 105 82 119 69 78 91 89 104 120 113 97 85 84
69 36 77 99 98 118 75 82 95 101 100 97 72 85 80 74 78 103 73 92 113 84 109 83 120 96 106 93 91 115 102 117 89 110 108 94 116 81 119 112 114 71 90
70 24 115 77 95 85 100 90 79 76 91 119 87 81 99 84 113 94 102 108 105 104 96 73 74 103 98 88 118 71 72 82 97 93 75 83 110 106 107 92 78 117 109 80
71 81 76 73 116 92 93 77 78 97 95 84 96 120 105 106 119 82 81 111 94 103 72 74 90 100 89 115 83 80 112 75 108 91 117 88 85 114 107 86 98
72 49 77 100 91 102 87 90 103 75 83 98 111 93 94 107 88 105 85 86 117 97 116 109 106 78 110 108 101 74 120 113 82 115 95 80 84 79 96 119 118 73 81 114 76 104
73 88 79 101 102 118 91 94 104 92 100 89 80 90 84 77 106 108 96 86 83 107 110 76 111 85 97 119 103 114 115 98 116 75 113 74 87 78 105 81 95
74 65 110 78 95 99 120 109 115 104 117 86 102 83 85 87 84 107 88 76 106 98 118 82 94 92 114 101 100 113 112 79 105 81 116 80 108
75 77 114 104 84 91 107 82 110 95 85 101 116 79 120 98 115 93 92 113 111 112 119 86 94 83 88 109 108 105 100 117 118 96 97 106 77 103 80 90 87 81 99
76 40 114 113 78 95 91 105 88 102 109 107 92 93 100 119 87 86 112 101 115 79 106 85 80 81 98 89 83 118 99 117 90 116 103 84 104
77 45 103 113 118 81 95 108 114 111 79 93 102 78 104 101 92 119 82 109 87 94 90 117 97 88 91 112 106 100 98 120 115 116 99 89
78 83 88 102 97 96 99 94 117 103 95 112 114 104 118 80 98 92 100 90 116 105 87 107 119 106 86 89 91 108 81 101 109 85
79 29 118 96 110 88 112 81 87 111 84 83 103 105 80 85 98 91 107 120 86 94 95 90 104 113 100 109 117 93 119 97 101 108 102 116 115
80 28 101 96 93 107 98 102 110 100 116 91 87 92 105 99 84 117 95 88 120 85 83 108 81 94 119 104 114 111 113 118 86 112 115 106
81 32 105 84 101 86 104 89 100 82 110 95 114 91 83 88 117 120 118 87 116 113 85 99 93 98 103 115 94 90 112
82 50 104 99 110 109 94 92 116 105 113 84 112 100 120 111 95 106 96 102 90 118 85 97 115 87 101
83 72 114 91 96 120 110 95 113 102 116 87 101 100 84 111 115 119 99 98 112 104 103 90 93 109 107 106 118 86 94
84 30 102 116 110 94 109 93 119 98 105 112 104 101 107 108 87 100 114 96 95 97 99 85 117 118 115 92 103 113 89 90
85 90 110 89 107 99 114 86 102 95 118 120 96 97 87 106 98 111 113 108 117 105 112 100 92 119 94
86 94 106 117 120 104 112 100 113 111 110 105 92 93 96 119 95 115 99 89 87 90 107 103 116 118 98 91 94 97
87 36 114 90 120 88 104 95 110 118 109 94 99 92 107 105 103 113 96 97 119 93 116 98 111 101 100 102 108
88 80 92 104 98 90 106 95 116 93 102 110 111 97 120 105 101 99 91 109 117 89 113 94 107 112 119 118 114 108
89 40 109 98 94 103 90 102 110 115 107 113 93 100 120 106 108 101 119 104 111 112 99 92 114
90 38 102 118 107 101 109 92 114 111 113 95 103 99 119 105 112 116 100 104 96 108 115 93
91 77 102 117 120 118 101 97 95 110 98 112 96 119 94 109 107 92 100 108 106 104 116 93 105 103 115
92 70 109 115 105 95 113 106 103 99 110 97 120 96 102 117 119 104 116 107 114 101 100 98 118
93 98 111 97 108 110 96 117 107 98 100 106 119 118 94 115 99 113 109 114 116 120
94 50 119 116 106 104 108 112 101 115 95 102 99 103 100 117 109 96 113 110 111 107 105 114 118 120
95 100 112 113 100 115 105 108 103 98 104 106 117 116 120 114 110 102 111 107 101
96 25 107 114 109 106 115 112 104 105 113 101 100 120 99 102 117 108 111 118 97
97 29 109 103 118 110 120 108 101 117 113 114 112 115 107 119 102
98 76 119 112 111 110 113 117 118 114 99 100 105 101 120 116 109 102 107 106
99 93 111 107 120 112 100 117 104 102 116 118 114 119 101 110
100 45 119 111 108 102 104 101 110 114 112 113 118 115 116 105 107 120 106 109
101 96 102 104 114 119 118 117 103 108 112 110 113 111 116 120 106 115
102 73 111 115 113 117 103 120 112 104 106 107 114 105 116 110 119
103 90 112 105 115 118 113 120 107 108 117 109 111
104 83 116 115 105 111 110 119 118 120 106 117 114 108
105 54 108 113 116 111 107 106 115 110 109 117 120 114
106 82 118 109 107 114 112 120 110 119 117 116 111
107 23 119 118 108 112 110 109 120 114 111 116
108 79 113 114 110 111 116 115 109 112 120
109 65 112 111 116 113 110 115 118 119
110 48 111 115 114 119 112 118 113
111 87 113 116 112 120 117 119 114
112 77 115 119 118 114 113
113 78 119 117 114 115 118 116
114 59 119 120 116 117
115 23 120 118 116
116 67 119 120
117 68 119 118 120
118 39
119 63 120
120 24
