250 150
1 58 66 52 72 188 173 119 59 219 109 88 207 30 45 239 84
2 40 209 81 113 37 214 223 246 237 196 160 230 32 48 193 65 185 102 93 6 208 22 228 44 97 82
3 40 14 201 17 149 121 176 194 184 233 89 8 40 49 23
4 90 171 156 93 197 82 126 201 148 36 219 170 122 39 144 27 205 125 43 209 57 247 49 12 242
5 92 182 236 93 178 114 198 223 84 115 180 100 32 124 145 11 126 211 212 207 122 19 103 154 149 177 237
6 21 51 143 37 107 119 108 109 74 67 208 73 198 122 98 112 91
7 69 173 243 179 20 99 143 151 124 102 233 83 109 238 226 217 77 30 90 114 177 35 58 112 181 48 49 21
8 86 181 150 166 176 199 175 102 51 101 172 151 106 250 185 179 117 64 248 37 47 130 210
9 42 243 170 79 223 188 168 172 246 36 39 179 114 65 143 18 45 166 54 139 84 105 72 119 241
10 99 148 53 240 155 232 41 59 195 36 129 211 235 223 187 85 181 245 142 56 248 188 103 25 221 91
11 87 183 91 39 189 73 242 167 155 65 228 110 151 182 84 196 95 118 25 237 79 190 243 138 234 116 154 140 28
12 97 108 177 144 214 67 26 86 18 249 109 162 195 37 126 212 91 19 81 69 172 80 122 58 146 107 152 170 148 246 178
13 43 157 239 32 125 250 79 15 94 229 107 45 67 227 27 56 134 119 47 92 160 86 136 179
14 84 250 48 25 74 125 122 197 142 112 204 61 107 193 211 18 219 40 155 163 240 76 178 82 196 233
15 47 240 239 36 29 232 161 26 133 74 37 16 35 58 209 56 215 217 49 229 99 214
16 22 115 53 142 230 176 121 219 111 169 117 92 125 64 29 52 102 159 116 32 138 23 181 84 143 88
17 49 47 228 106 97 44 214 136 158 37 226 49 152 205 188 195 232 70 78 96 241 192 94 23 239 63 110 222 187
18 47 178 228 164 144 245 68 132 161 113 123 218 80 110 122 119 250 210 235 45 58 231 206
19 60 89 175 22 198 49 85 79 67 248 213 225 140 53 24 93 241 55 134 45 70 199 73 229 71 138 115
20 93 35 81 70 25 211 66 72 186 104 218 199 250 74 203 24 132 162 53 207 94 226 60 202 131 175 75 215 216 67
21 50 222 169 110 192 158 245 111 164 41 127 144 153 56 156 189 203 125 25 33 59 63 149 145 34
22 54 132 238 26 135 182 47 158 107 120 154 143 94 250 111 230 167
23 26 208 99 223 250 199 130 66 206 124 134 116 104 89 108 211 162 56 244
24 50 156 70 157 54 147 125 111 78 105 122 241 66 117 220 174 139
25 95 141 215 220 193 127 156 61 175 150 102 138 30 226 222 45 79 158 100 75 140 28
26 51 115 220 174 44 35 175 70 130 158 156 91 178 124 157 213 42 45 48 129 240 66 245 125 104
27 37 32 143 208 84 44 99 169 184 194 242 42 178 69 203 173 113 158 192 81 183 121 46 132 85 228
28 22 202 57 162 197 127 143 90 55 63 43 134 156 104 44 122 114 69 186
29 72 194 223 56 57 107 182 125 90 35 41 205 233 84 229 160 101 144 102 65 168 96 148 237
30 65 50 154 188 231 165 217 226 73 143 72 116 62 133 79 139 89 80 52
31 60 106 92 246 168 54 32 51 68 231 163 149 136 80 145 85 131 87 148 128 200 90 112 91 146
32 45 166 64 43 182 36 221 171 162 234 217 65 133 112 172 67 96 54 148 215 167 211 58 161
33 20 190 117 173 231 160 192 109 139 159 222 59 43 104 118 203 113 121 131 61 249 215
34 97 63 249 114 171 227 69 89 193 191 40 90 165 208 91 181 140 230 197 67 65 55 160 147 240
35 34 153 43 141 135 218 195 231 77 100 219 143 198 230 149 226 54
36 27 147 118 211 68 77 223 196 113 181 133 71 43 224 115 172 219 245 225 117 123 159 104 152 151
37 98 142 63 48 99 108 66 197 122 194 81 212 218 43 237 249
38 99 179 221 83 49 207 167 56 90 45 130 131 229 180 72 181 143 166 137 203 208 88 175 157 85
39 94 89 96 74 176 49 55 213 215 200 130 196 217 99 237 243 173 183 113 182 76 105 242 97 72 194 83 148 103
40 39 212 241 176 116 127 235 246 174 150 141 72 78 133 234 169 129 102 45 42 111 61
41 98 55 203 92 192 206 191 242 174 243 111 217 222 58 91 235 64 161 223 160 105 114
42 80 104 85 144 156 59 250 161 153 62 192 224 231 150 47 184 177 75
43 51 213 178 144 212 69 124 236 122 163 110 206 200 132 215 146 148 68 187 106 229
44 40 101 214 155 104 159 186 178 171 45 80 238 163 189 53 218 160 225
45 79 171 106 237 197 86 119 192 113 139 160 172 52 148 185 124 169 242 225 147 98 194 76 108 55 205 222 97 149 234 105 211 178 59 239 71
46 78 82 103 157 250 53 194 127 197 137 226 130 225 75 87 141 111 212 222 205 160 54
47 58 211 188 128 148 87 90 53 208 142 174 236 140 161 101 110 204 109 155 136 89 131 141
48 28 54 199 62 58 186 189 101 171 235 100 192 215 53 150 123 122 93 126 80 76 198 218 115 224 203
49 41 77 179 148 248 117 209 216 218 86 180 121 197 68 165 189 204 143 98
50 99 118 137 175 135 220 104 234 65 153 188 187
51 36 83 213 166 246 73 53 144 74 69 225 150 179 195 71 149 229 143 185 120 124 177 153 125 182 159 233 163 190 199
52 71 81 137 202 138 244 113 124 238 67 105 117 232 100 235 240 84 61 241 210
53 52 147 230 195 172 199 153 217 116 55 133 121 54 194 112 182 244 143 216 138
54 43 79 55 235 172 196 204 146 134 111 171 213 136 98 75 141 65 157 128 202 185 225 133 231
55 37 213 75 74 66 151 111 130 104 61 123 187 164 89 165 245 225 117
56 62 196 199 246 161 108 134 68 224 131 186 156 191 216 227 70 223
57 90 183 100 128 122 88 177 87 167 98 213 75 230 111 240 176 250 117 118 61 134 242
58 54 237 194 102 77 97 172 81 162 80 109 131 159 145 192 244 213
59 80 168 180 196 80 169 207 182 163 176 173 110 76 228 138 177
60 77 223 206 99 249 194 248 250 102 164 109 204 171 227 71 72
61 34 215 235 93 134 90 85 106 128 100 243 137 221 189 65 156
62 56 105 129 65 126 78 79 202 86 138 175 212 163 124 117
63 21 171 65 168 220 90 67 214 201 219 244 114 204 146 69 229 79
64 50 129 221 87 210 180 79 235 217 124 234 231 236 149 109 107 77
65 52 217 79 78 152 85 240 130 71 192 121 113 200 209 185 243
66 35 171 97 210 165 118 141 235 128 177 95 135 120 166 194 172 163 78 96 84 116 226 245
67 57 163 193 142 210 97 119 247 126 112 120 227 155 175 146 68 204 184 80 226
68 49 169 118 176 229 145 164 98 112 206 161 191 184 141 69 134 167 83 128 126
69 50 228 237 82 214 141 185 145 203 205 247 164 71 189 146 209 150 230 184 158 220
70 50 71 161 229 118 167 214 86 133 150 200 125 113 185 99 173
71 68 183 214 188 236 95 137 202 207 158 106 159 200 177 103 224 89 154 115 222 223 97
72 47 217 176 202 208 135 229 157 90 241 197 246 140 154 210 238 122
73 46 160 77 145 144 106 169 177 115 214 246 100 88 130 153 211 201 110 140
74 34 85 109 237 94 151 92 136 235 164 184 198 225 189 113 150 239 82 204 83 127
75 67 179 217 107 209 229 207 220 168 132 198 182 206 164 221 153 115 160
76 24 191 200 151 250 163 225 221 123 177 167 234 96 150 182 179 126
77 92 212 157 120 90 166 141 174 156 127 168 78 115 214 176 122 106 137 198 229 240 116
78 24 198 224 210 227 144 233 220 122 178 131 138 91 148 171
79 48 236 221 144 109 184 137 84 215 143 130 173 105 106 192 249 113 216 227 246 194 88 141 81
80 48 122 95 177 172 223 135 243 245 216 178 86 146 144
81 22 83 222 176 190 132 128 223 139 161 214 88 191 100 120 82 155 212
82 65 156 100 223 107 195 170 99 144 114 152 135 83 214 171 91 169 103
83 100 236 244 237 103 140 104 147 109 102 246 233 86 181 228 206 112 207 154 158
84 71 98 185 104 111 207 235 127 243 112 191 138 139 247 213 151 199 234 209 245 131
85 23 245 193 125 204 205 184
86 36 147 217 103 156 203 175 248 154 224 139 120 236 158 192
87 32 139 187 101 180 129 149 120 166 172 154 151 247 137 173
88 28 104 143 148 138 133 202 96 210 114 107 230 217 163 100 123 162 244 120
89 86 246 151 240 166 207 198 187 247 120 226 181 94 185 99 98 179 250 220
90 28 217 230 236 130 170 219 196 100 157 126 156 160 154 155 243 125 206 247 234
91 85 218 230 182 161 233 228 113 152 125 99 117 128 133 203 240
92 100 149 179 228 235 166 131 167 145 214 250 157 111 238 239 215 221 158 230 143 108
93 64 225 240 182 116 162 139 168 122 157 224 190 118 150 169 204 195 237 160
94 21 108 156 152 172 219 218 207 178 208 234 210
95 49 187 116 189 188 250 220 161 129 190 137 105 215 107
96 96 156 199 120 167 191 117 140 100 153 134 217 240 173 224 128
97 52 176 156 145 232 140 227 182 247 186 217 230 159 246 241 165 242
98 21 199 177 118 99 169 236 173 217 122 148 186 104 125 123 207 224 182 201 154 116 159 230 235
99 44 125 205 222 156 153 122 215 149 161 218 191 173 171 158 110 194 172 167 246 128 208 102
100 82 197 138 152 224 127 113 234 148 241 149 128 179 126
101 52 116 135 203 209 132 237 217 147 183 216 213 245 190 151 157
102 27 224 171 201 168 160 124 243 161 106 131 182 198 195 147 208
103 28 192 106 104 241 198 143 214
104 78 172 204 123 142 134 215 195 157 214 182
105 41 230 210 203 109 226 118 138 169 170 144 188 186 178 236 136
106 91 108 177 149 194 193 207 165 109 122
107 98 133 208 127 223 212 244 119 120
108 48 173 181 222 196 250 188 143 122 224 162 245 199 249
109 96 121 213 230 188 183 172 193 246 237 122 129 249 247 135 145
110 46 150 247 224 178 197 250 209 121 119 116 171 236 170 136 165 156 227
111 77 120 228 185 175 210 168 129 124 133 193
112 33 210 219 123 172 225 228 125 176 232
113 26 219 139 144 148 245 236 155 221 119 163 142 208 243 203 242 240 247 216
114 76 151 163 237 197 158 228 121 236 170 210 126 246 166 176 179 186 159 243 215
115 100 231 117 152 187 188 161 204 241 210 171 224 174 237
116 45 231 178 137 173
117 27 190 219 247 161 168 220 160 211 203 164 124
118 32 205 242 187 180 199 164 181 236 218 228 132 233 130 185
119 69 218 187 128 223 170 213 160 174 214 144 129 167
120 93 236 149 193 220 204 203 152 173 146 174 241 194 137 134
121 56 173 144 174 157 216 231 150 124 161 191 220 239 137 151 244
122 53 204 162 209 241 245 226 176 131 228 238 174 199 132 180 124 187 234 229
123 92 214 125 142 139 232 174 146 202 158 152 206 154
124 100 166 187 148 159 127 184 147 151 152 188 136 178 243 205 213 164 172
125 54 210 220 170 205 250 169 230 232 244 165 191 164 182 134 138 247 248 129 242 243 185 236 189 130
126 56 160 144 183 250 134 132 138 186 157
127 30 201 149 246 137 148 183 153 245 209 151
128 21 152 210 207 135 165 176 247 182 166 157
129 57 207 159 237 226 165 167 208 142 203 239 205 152
130 54 196 143 178 185 158 226 194 215 210 212 159 180
131 84 192 221 178 143 181 229 233 210 197 199 242
132 24 201 156 173 226 148 135 169 149 133 211 189 172 216 250
133 77 231 226 223 166 158 186 229 171 155 227 145 185 232 152 148
134 92 193 236 158 230 231 179 228 167
135 98 199 212 165 184 196 228 235 146 243 149 218 152 164 206 227 225
136 98 231 224 154 214 227 210 229 217 161 174
137 99 207 168 237 146 205 171 153 209 246 177 161 233 214 223 230 147 220 194 232
138 96 198 241 148 179 233 160 243
139 61 218 197 225 181 229 142 222 249 232
140 94 246 205 244 173 181 237 231 227 208 146
141 57 227 249 153 168 206 205 164 231 201
142 37 203 238 212 190 218 173 187 144 146
143 42 202 180 222 226 150 154 239 201 158 247
144 79 214 188 180 242 241 228 238 151 164
145 28 245 172 151 223 217 248 149 212 195 171 206
146 42 159 171 233 163 227 177 249 181 219 154
147 23 154 207 162 192 209 249 218 187 243 191 244 173
148 35 151 234 232 213 170 204 225 195 230 227 211
149 70 197 158 244 174 199 231 228
150 72 183 163 214 220 178 249 217 198 177 158
151 27 182 162 196 180 230 212 179 207 158 170
152 25 217 164 167 210 236 160 243 188
153 40 194 199 169 170 213 245 221 215 184 203 205 250 228 163 209
154 34 174 233 223 189 178 224 240 190 225 237
155 40 191 206 202 194 207 197 241 158 182 205 168 208 234 244 215
156 90 197 167 200 172 170
157 86 160 216 168 230 200 233 249 247 228 237
158 50 175 192 166 176 204 162 194 168 183 214 237 225 240
159 91 207 215 196 178 200
160 59 249 176 191 236 198 167 168 231 201 164 235 243
161 100 222 165 237 238 224
162 74 226 192 181 177 184 235 249 196 199 178
163 63 228 174 220 183 169 241 233 214 199 232 172 195
164 76 249 233 200 168 227 246 179 209 174
165 82 221 169 232 227 210 225 199
166 77 178 193 249 237 226 208 180 187 243 215 191
167 89 173 230 176
168 80 236 238 203 240 184 170 237 223 200
169 88 240 200 236 172 178 229 250 215
170 49 181 224 188 205 173 210 196 171 218 200 243 186 203 230
171 89 191 192 226 249 224 211 221 207 228 229 183
172 44 235 186 178 184 226 250 211 216 236 240 174 198 199 218
173 83 249 224 210 233 235 184
174 46 227 236 230 179 213 233 231 228
175 38 219 180 206 224 228 202 207 182
176 91 226 211 221 208 214 195 182 212 197 191
177 68 228 179 233 215 192 231
178 41 186 188 237 205 224 228 204 212 231 248
179 42 197 217 236 202 185 221 227 195 187 186 188
180 53 218 229 186 238
181 28 238 226 183 239 245 210 219 220 247 214 232 185 231 206 197
182 65 241 185 222 203 184 213
183 74 194 190 195 239 236 191 207 208 192 232
184 64 233 197 241 238 208 242
185 80 197 198 242 241 204 189 195 248 230 212
186 94 200 239 229 214 202 190 235 250
187 53 233 222 244 229 209 192 239 225
188 65 239 225 237 241 197 246
189 43 244 205 223 222 207 239 198 249
190 59 230 236 224
191 23 195 197 193 235 237 198
192 58 233 231 248 194
193 49 228 233 227 203 207 212
194 83 225 200 226 218 230
195 33 231 199 229 205 218 224
196 46 216 210 202 240 204 239
197 59 229 236 225
198 37 246 202 206 222 213 247
199 41 230 222 244 206 211
200 46 234 237 250 225 240 207
201 67 248 210 237 216 217 206 224 218 205
202 29 241 229 238 212 210
203 86 234 239 246 226 228 206 224 213
204 65 238 246 242 229
205 71 224 241
206 23 233 230 225
207 71 236 221 215 224
208 39 219 214 239 247 228 210 250
209 60 222 229
210 93 220 233 237 223 228 250 211 248
211 88 229 245
212 84 248 230 220 244 223
213 58 230 224 245 228 214
214 62 224 238 225
215 47 239 245 243 247
216 53 232 245
217 55 236 225 240 234
218 96 228 233 225
219 33 229 232 237
220 95 231
221 70 234 239 223 242 233
222 53 239 237 248
223 52 239
224 99 229
225 35 245
226 82 249 232
227 60 237
228 90 247 233
229 99 243 234 233
230 81 249 232
231 51 250
232 81 248
233 25 243 234
234 36
235 45 244 242 241
236 77 245
237 55
238 97 241
239 31 250 245
240 95 241
241 89 244
242 99 244
243 94 245
244 62
245 60
246 40
247 95 248
248 31 249 250
249 51
250 44
