120 1000
1 471 2 3 4 8 10 11 12 13 14 15 16 18 19 20 22 23 24 25 26 27 30 31 32 33 34 35 36 38 39 42 43 44 45 46 47 49 50 51 52 53 54 56 57 58 61 63 65 68 69 70 71 72 73 74 76 77 78 79 82 83 84 87 88 89 90 91 94 95 96 97 98 100 101 102 103 104 105 106 107 109 110 111 113 114 115 118 119 120
2 257 3 4 7 8 10 11 12 13 14 15 16 18 19 20 22 23 24 25 26 27 28 29 30 31 32 33 34 35 36 37 38 39 41 42 43 44 45 46 47 49 50 51 52 53 54 55 56 57 58 61 63 65 67 68 69 70 71 72 73 74 76 77 78 79 82 83 84 87 88 89 90 91 94 95 96 97 98 100 101 102 103 104 105 106 107 108 109 110 111 113 114 115 118 119 120
3 272 4 8 10 11 12 13 14 15 16 18 19 20 22 23 24 25 26 27 30 32 33 34 35 39 42 43 44 45 49 50 51 53 54 56 57 58 61 63 65 68 69 70 71 72 73 76 77 78 79 82 88 89 90 91 94 95 96 97 100 101 102 104 105 107 109 110 114 115 118 119 120
4 459 5 6 7 8 9 10 11 12 13 14 15 16 17 18 19 20 22 23 24 25 26 27 28 29 30 31 32 33 66 34 35 36 37 38 39 40 41 42 43 44 45 46 47 48 49 50 51 52 53 54 55 56 57 58 59 61 62 63 64 65 67 68 69 70 71 72 73 74 75 76 77 78 79 80 81 82 83 84 85 86 87 88 89 90 91 92 93 94 95 96 97 98 99 100 101 102 103 104 105 106 107 108 109 110 111 112 113 114 115 116 117 118 119 120
5 269 12 14 23 24 30 34 53 56 57 58 71 73 95 101
6 272 8 12 14 22 23 24 26 30 34 39 53 56 57 58 71 73 82 94 95 101 102
7 442 8 11 12 14 16 22 23 24 26 30 33 34 39 53 56 57 58 69 71 72 73 79 82 94 95 101 102 105 118
8 266 10 11 12 13 14 15 16 18 19 20 22 23 24 25 26 27 28 29 30 31 32 33 34 35 36 37 38 39 40 41 42 43 44 45 46 47 49 50 51 52 53 54 55 56 57 58 61 63 65 67 68 69 70 71 72 73 74 75 76 77 78 79 82 83 84 85 86 87 88 89 90 91 93 94 95 96 97 98 99 100 101 102 103 104 105 106 107 108 109 110 111 112 113 114 115 116 117 118 119 120
9 292 12 14 23 30 34 53 56 57 58 71 73 95 101
10 421 11 12 13 14 15 16 18 19 20 22 23 24 25 26 30 32 33 34 39 42 43 44 45 49 50 53 54 56 57 58 61 63 69 70 71 72 73 77 78 79 82 88 89 91 94 95 96 97 101 102 104 105 109 110 114 115 118 119 120
11 279 12 13 14 15 16 18 19 20 22 23 24 25 26 27 28 29 30 31 32 33 34 35 36 38 39 41 42 43 44 45 46 47 49 50 51 52 53 54 55 56 57 58 61 63 65 68 69 70 71 72 73 74 76 77 78 79 82 83 84 87 88 89 90 91 94 95 96 97 98 100 101 102 103 104 105 106 107 108 109 110 111 113 114 115 118 119 120
12 300 13 14 15 16 17 18 19 20 22 23 24 25 26 27 28 29 30 31 32 33 66 34 35 36 37 38 39 40 41 42 43 44 45 46 47 48 49 50 51 52 53 54 55 56 57 58 59 61 63 64 65 67 68 69 70 71 72 73 74 75 76 77 78 79 80 81 82 83 84 85 86 87 88 89 90 91 92 93 94 95 96 97 98 99 100 101 102 103 104 105 106 107 108 109 110 111 112 113 114 115 116 117 118 119 120
13 426 14 15 16 18 19 20 22 23 24 25 26 30 32 33 34 39 42 43 44 45 49 50 51 53 54 56 57 58 61 63 69 70 71 72 73 77 78 79 82 88 89 91 94 95 96 97 101 102 104 105 109 110 114 115 118 119 120
14 250 15 16 17 18 19 20 22 23 24 25 26 27 28 29 30 31 32 33 66 34 35 36 37 38 39 40 41 42 43 44 45 46 47 48 49 50 51 52 53 54 55 56 57 58 59 61 62 63 64 65 67 68 69 70 71 72 73 74 75 76 77 78 79 80 81 82 83 84 85 86 87 88 89 90 91 92 93 94 95 96 97 98 99 100 101 102 103 104 105 106 107 108 109 110 111 112 113 114 115 116 117 118 119 120
15 324 16 18 19 20 22 23 24 25 26 30 32 33 34 35 39 42 43 44 45 49 50 51 53 54 56 57 58 61 63 65 68 69 70 71 72 73 76 77 78 79 82 88 89 91 94 95 96 97 101 102 104 105 109 110 114 115 118 119 120
16 383 18 19 20 22 23 24 25 26 27 28 29 30 31 32 33 34 35 36 37 38 39 41 42 43 44 45 46 47 49 50 51 52 53 54 55 56 57 58 61 63 65 67 68 69 70 71 72 73 74 75 76 77 78 79 82 83 84 85 87 88 89 90 91 93 94 95 96 97 98 100 101 102 103 104 105 106 107 108 109 110 111 113 114 115 118 119 120
17 305 23 24 30 34 53 56 57 58 71 73 94 95 101
18 312 19 20 22 23 24 25 26 27 30 31 32 33 34 35 36 38 39 42 43 44 45 46 47 49 50 51 53 54 56 57 58 61 63 65 68 69 70 71 72 73 76 77 78 79 82 83 87 88 89 90 91 94 95 96 97 98 100 101 102 103 104 105 107 109 110 111 113 114 115 118 119 120
19 492 22 23 24 25 26 30 32 33 34 39 42 43 44 45 49 50 53 54 56 57 58 61 63 69 70 71 72 73 77 79 82 88 89 91 94 95 96 97 101 102 105 109 110 114 118 119
20 253 22 23 24 25 26 30 32 33 34 39 42 43 44 45 49 50 53 54 56 57 58 61 63 69 70 71 72 73 77 79 82 88 89 91 94 95 96 97 101 102 105 109 110 118
21 255 34 57 73
22 377 23 24 25 26 27 28 29 30 31 32 33 34 35 36 37 38 39 40 41 42 43 44 45 46 47 49 50 51 52 53 54 55 56 57 58 61 63 65 67 68 69 70 71 72 73 74 75 76 77 78 79 82 83 84 85 86 87 88 89 90 91 93 94 95 96 97 98 99 100 101 102 103 104 105 106 107 108 109 110 111 113 114 115 116 117 118 119 120
23 284 24 25 26 27 28 29 30 31 32 33 66 34 35 36 37 38 39 40 41 42 43 44 45 46 47 48 49 50 51 52 53 54 55 56 57 58 59 61 62 63 64 65 67 68 69 70 71 72 73 74 75 76 77 78 79 80 81 82 83 84 85 86 87 88 89 90 91 92 93 94 95 96 97 98 99 100 101 102 103 104 105 106 107 108 109 110 111 112 113 114 115 116 117 118 119 120
24 339 25 26 27 28 29 30 31 32 33 34 35 36 37 38 39 40 41 42 43 44 45 46 47 49 50 51 52 53 54 55 56 57 58 59 61 63 65 67 68 69 70 71 72 73 74 75 76 77 78 79 80 81 82 83 84 85 86 87 88 89 90 91 92 93 94 95 96 97 98 99 100 101 102 103 104 105 106 107 108 109 110 111 112 113 114 115 116 117 118 119 120
25 479 26 27 30 31 32 33 34 35 38 39 42 43 44 45 46 47 49 50 51 53 54 56 57 58 61 63 65 68 69 70 71 72 73 76 77 78 79 82 83 87 88 89 90 91 94 95 96 97 100 101 102 104 105 107 109 110 111 113 114 115 118 119 120
26 257 27 28 29 30 31 32 33 34 35 36 37 38 39 40 41 42 43 44 45 46 47 49 50 51 52 53 54 55 56 57 58 61 63 65 67 68 69 70 71 72 73 74 75 76 77 78 79 80 82 83 84 85 86 87 88 89 90 91 93 94 95 96 97 98 99 100 101 102 103 104 105 106 107 108 109 110 111 112 113 114 115 116 117 118 119 120
27 264 30 33 34 39 42 43 44 45 49 50 53 54 56 57 58 61 63 69 71 72 73 77 79 82 94 95 96 97 101 102 105 109 118
28 421 30 34 39 53 56 57 58 69 71 72 73 79 82 94 95 101 102 105 118
29 282 30 33 34 39 49 53 56 57 58 63 69 71 72 73 79 82 94 95 101 102 105 118
30 297 31 32 33 66 34 35 36 37 38 39 40 41 42 43 44 45 46 47 48 49 50 51 52 53 54 55 56 57 58 59 61 63 64 65 67 68 69 70 71 72 73 74 75 76 77 78 79 80 81 82 83 84 85 86 87 88 89 90 91 92 93 94 95 96 97 98 99 100 101 102 103 104 105 106 107 108 109 110 111 112 113 114 115 116 117 118 119 120
31 425 33 34 39 42 43 44 49 50 53 56 57 58 63 69 71 72 73 79 82 94 95 101 102 105 118
32 255 33 34 39 42 43 44 45 49 50 51 53 54 56 57 58 61 63 65 68 69 70 71 72 73 77 78 79 82 88 89 91 94 95 96 97 101 102 104 105 109 110 114 115 118 119 120
33 320 34 35 36 38 39 41 42 43 44 45 46 47 49 50 51 52 53 54 56 57 58 61 63 65 68 69 70 71 72 73 74 76 77 78 79 82 83 84 87 88 89 90 91 94 95 96 97 98 100 101 102 103 104 105 106 107 109 110 111 113 114 115 118 119 120
34 362 66 35 36 37 38 39 40 41 42 43 44 45 46 47 48 49 50 51 52 53 54 55 56 57 58 59 61 62 63 64 65 67 68 69 70 71 72 73 74 75 76 77 78 79 80 81 82 83 84 85 86 87 88 89 90 91 92 93 94 95 96 97 98 99 100 101 102 103 104 105 106 107 108 109 110 111 112 113 114 115 116 117 118 119 120
35 270 39 42 43 44 45 49 50 53 54 56 57 58 61 63 69 71 72 73 77 79 82 94 95 96 97 101 102 105 109 118
36 368 39 42 49 50 53 56 57 58 63 69 71 72 73 79 82 94 95 101 102 105 118
37 378 39 53 56 57 58 69 71 72 73 79 82 94 95 101 102 105 118
38 277 39 42 43 44 45 49 50 53 54 56 57 58 61 63 69 71 72 73 77 79 82 94 95 96 97 101 102 105 109 118
39 345 40 41 42 43 44 45 46 47 49 50 51 52 53 54 55 56 57 58 61 63 65 67 68 69 70 71 72 73 74 75 76 77 78 79 80 82 83 84 85 86 87 88 89 90 91 93 94 95 96 97 98 99 100 101 102 103 104 105 106 107 108 109 110 111 112 113 114 115 116 117 118 119 120
40 478 53 56 57 58 71 73 82 94 95 101 102
41 257 53 56 57 58 69 71 72 73 79 82 94 95 101 102 105 118
42 265 43 44 45 46 47 49 50 51 53 54 56 57 58 61 63 65 68 69 70 71 72 73 76 77 78 79 82 83 87 88 89 90 91 94 95 96 97 98 100 101 102 103 104 105 106 107 109 110 111 113 114 115 118 119 120
43 356 44 45 46 47 49 50 51 53 54 56 57 58 61 63 65 68 69 70 71 72 73 76 77 78 79 82 83 87 88 89 90 91 94 95 96 97 100 101 102 104 105 107 109 110 111 113 114 115 118 119 120
44 298 45 46 47 49 50 51 53 54 56 57 58 61 63 65 68 69 70 71 72 73 76 77 78 79 82 83 87 88 89 90 91 94 95 96 97 100 101 102 104 105 107 109 110 111 113 114 115 118 119 120
45 346 46 47 49 50 51 53 54 56 57 58 61 63 65 68 69 70 71 72 73 76 77 78 79 82 88 89 90 91 94 95 96 97 100 101 102 104 105 107 109 110 111 113 114 115 118 119 120
46 436 49 50 53 54 56 57 58 61 63 69 71 72 73 77 79 82 94 95 96 97 101 102 105 109 118
47 266 49 50 53 54 56 57 58 61 63 69 71 72 73 77 79 82 94 95 96 97 101 102 105 109 118
48 298 53 56 57 58 71 73 95 101
49 407 50 51 52 53 54 56 57 58 61 63 65 68 69 70 71 72 73 74 76 77 78 79 82 83 84 87 88 89 90 91 94 95 96 97 98 100 101 102 103 104 105 106 107 109 110 111 113 114 115 118 119 120
50 287 51 52 53 54 56 57 58 61 63 65 68 69 70 71 72 73 74 76 77 78 79 82 83 84 87 88 89 90 91 94 95 96 97 98 100 101 102 103 104 105 106 107 109 110 111 113 114 115 118 119 120
51 306 53 54 56 57 58 61 63 69 70 71 72 73 77 79 82 88 89 91 94 95 96 97 101 102 105 109 110 118
52 415 53 56 57 58 63 69 71 72 73 79 82 94 95 101 102 105 118
53 282 66 54 55 56 57 58 59 61 62 63 64 65 67 68 69 70 71 72 73 74 75 76 77 78 79 80 81 82 83 84 85 86 87 88 89 90 91 92 93 94 95 96 97 98 99 100 101 102 103 104 105 106 107 108 109 110 111 112 113 114 115 116 117 118 119 120
54 303 56 57 58 61 63 65 68 69 70 71 72 73 76 77 78 79 82 83 87 88 89 90 91 94 95 96 97 100 101 102 104 105 107 109 110 111 113 114 115 118 119 120
55 452 56 57 58 69 71 72 73 79 82 94 95 101 102 105 118
56 263 66 57 58 59 61 63 64 65 67 68 69 70 71 72 73 74 75 76 77 78 79 80 81 82 83 84 85 86 87 88 89 90 91 92 93 94 95 96 97 98 99 100 101 102 103 104 105 106 107 108 109 110 111 112 113 114 115 116 117 118 119 120
57 285 66 58 59 60 61 62 63 64 65 67 68 69 70 71 72 73 74 75 76 77 78 79 80 81 82 83 84 85 86 87 88 89 90 91 92 93 94 95 96 97 98 99 100 101 102 103 104 105 106 107 108 109 110 111 112 113 114 115 116 117 118 119 120
58 385 66 59 61 62 63 64 65 67 68 69 70 71 72 73 74 75 76 77 78 79 80 81 82 83 84 85 86 87 88 89 90 91 92 93 94 95 96 97 98 99 100 101 102 103 104 105 106 107 108 109 110 111 112 113 114 115 116 117 118 119 120
59 269 71 73 95 101
60 346 73
61 355 63 65 68 69 70 71 72 73 76 77 78 79 82 88 89 90 91 94 95 96 97 100 101 102 104 105 107 109 110 111 113 114 115 118 119 120
62 306 71 73 95 101
63 339 65 68 69 70 71 72 73 74 76 77 78 79 82 83 84 87 88 89 90 91 94 95 96 97 98 100 101 102 103 104 105 106 107 109 110 111 113 114 115 118 119 120
64 402 71 73 95 101
65 297 69 71 72 73 77 79 82 91 94 95 96 97 101 102 105 109 118
66 301 71 73 95 101
67 438 69 71 73 79 82 94 95 101 102 105 118
68 265 69 71 72 73 77 79 82 91 94 95 96 97 101 102 105 109 118
69 297 70 71 72 73 74 75 76 77 78 79 82 83 84 85 86 87 88 89 90 91 93 94 95 96 97 98 100 101 102 103 104 105 106 107 108 109 110 111 113 114 115 118 119 120
70 408 71 72 73 77 78 79 82 88 89 91 94 95 96 97 101 102 104 105 109 110 114 115 118 119 120
71 287 72 73 74 75 76 77 78 79 80 81 82 83 84 85 86 87 88 89 90 91 92 93 94 95 96 97 98 99 100 101 102 103 104 105 106 107 108 109 110 111 112 113 114 115 116 117 118 119 120
72 305 73 74 76 77 78 79 82 83 84 87 88 89 90 91 94 95 96 97 98 100 101 102 103 104 105 106 107 108 109 110 111 113 114 115 118 119 120
73 495 74 75 76 77 78 79 80 81 82 83 84 85 86 87 88 89 90 91 92 93 94 95 96 97 98 99 100 101 102 103 104 105 106 107 108 109 110 111 112 113 114 115 116 117 118 119 120
74 251 79 82 94 95 101 102 105 118
75 254 79 82 94 95 101 102 118
76 488 77 79 82 91 94 95 96 97 101 102 105 109 118
77 255 78 79 82 88 89 90 91 94 95 96 97 100 101 102 104 105 107 109 110 111 113 114 115 118 119 120
78 257 79 82 88 89 91 94 95 96 97 101 102 105 109 110 118
79 421 82 83 84 85 87 88 89 90 91 93 94 95 96 97 98 100 101 102 103 104 105 106 107 108 109 110 111 113 114 115 118 119 120
80 250 82 94 95 101 102
81 329 82 94 95 101
82 427 83 84 85 86 87 88 89 90 91 92 93 94 95 96 97 98 99 100 101 102 103 104 105 106 107 108 109 110 111 112 113 114 115 116 117 118 119 120
83 281 94 95 97 101 102 105 118
84 292 94 95 101 102 105 118
85 495 94 95 101 102 118
86 251 94 95 101 102 118
87 254 94 95 97 101 102 105 118
88 390 89 91 94 95 96 97 101 102 104 105 109 110 114 115 118 119 120
89 294 91 94 95 96 97 101 102 104 105 109 110 114 115 118 119 120
90 316 94 95 96 97 101 102 105 109 118
91 352 94 95 96 97 101 102 104 105 109 110 114 115 118 119 120
92 287 94 95 101
93 361 94 95 101 102 118
94 441 95 96 97 98 99 100 101 102 103 104 105 106 107 108 109 110 111 112 113 114 115 116 117 118 119 120
95 251 96 97 98 99 100 101 102 103 104 105 106 107 108 109 110 111 112 113 114 115 116 117 118 119 120
96 308 97 100 101 102 104 105 107 109 110 111 113 114 115 118 119 120
97 376 100 101 102 104 105 107 109 110 111 113 114 115 118 119 120
98 269 101 102 105 118
99 355 101 102
100 385 101 102 105 109 118
101 273 102 103 104 105 106 107 108 109 110 111 112 113 114 115 116 117 118 119 120
102 342 103 104 105 106 107 108 109 110 111 112 113 114 115 116 117 118 119 120
103 390 105 118
104 258 105 109 110 118 119
105 352 106 107 108 109 110 111 113 114 115 118 119 120
106 462 118
107 262 109 118
108 276 118
109 491 110 114 115 118 119 120
110 251 114 115 118 119 120
111 258 118
112 355
113 315 118
114 330 115 118 119
115 407 118 119
116 274
117 319
118 474 119 120
119 258
120 268
