249 1000
1 444
2 264
3 292
4 397
5 294
6 309
7 363
8 303
9 334 41 45 54 68 72 81 93 94 96 109 112 115 116 120 125 134 144 158 159 195 204 212 213 214 224 227
10 414
11 278
12 308
13 387
14 289
15 324
16 454
17 270
18 276 45 93 112 213 227
19 491
20 253
21 256
22 420
23 276
24 304
25 495
26 251
27 254
28 442
29 276
30 282
31 374 45 112 227
32 260
33 366
34 489
35 250 41 45 68 93 94 112 213 214 227
36 261
37 494 41 45 68 93 94 96 112 158 213 214 224 227
38 251
39 255
40 484
41 251 45 50 54 59 67 68 72 81 93 94 96 109 112 115 116 120 124 125 127 134 135 144 158 159 163 195 203 204 207 212 213 214 224 225 227
42 265
43 466
44 251
45 283 50 54 59 67 68 72 81 93 94 96 109 112 115 116 120 121 124 125 127 134 135 144 148 158 159 163 195 203 204 207 212 213 214 224 225 227
46 499
47 250
48 251
49 418
50 270 68 93 94 96 112 158 213 214 224 227
51 312
52 419
53 270
54 311 68 72 81 93 94 96 112 116 120 158 159 195 213 214 224 227
55 380
56 281
57 339
58 482
59 251 68 93 94 112 158 213 214 224 227
60 267
61 489
62 251
63 260
64 407
65 272
66 321
67 367 68 93 94 112 213 214 227
68 303 72 81 93 94 96 109 112 115 116 120 124 125 127 134 144 158 159 163 195 204 207 212 213 214 224 225 227
69 330
70 356
71 289
72 355 81 93 94 96 109 112 115 116 120 125 134 144 158 159 195 204 212 213 214 224 227
73 368
74 265
75 367
76 492
77 252
78 256
79 448
80 257
81 295 93 94 96 109 112 115 116 120 125 134 144 158 159 163 195 204 212 213 214 224 227
82 474
83 254
84 272
85 412
86 286
87 302
88 458
89 270
90 272
91 476
92 254
93 270 94 96 109 112 115 116 120 121 124 125 127 134 135 144 148 158 159 163 195 203 204 207 212 213 214 224 225 227
94 488 96 109 112 115 116 120 124 125 127 134 144 158 159 163 195 204 207 212 213 214 224 225 227
95 255
96 257 109 112 115 116 120 125 134 144 158 159 163 195 204 207 212 213 214 224 225 227
97 489
98 254
99 257
100 381
101 272
102 347
103 430
104 259
105 311
106 373
107 298
108 329
109 472 112 116 120 125 158 159 195 212 213 214 224 227
110 255
111 273
112 463 115 116 120 121 124 125 127 134 135 144 148 158 159 163 195 203 204 207 212 213 214 224 225 227
113 259
114 278
115 425 116 120 158 159 195 213 214 224 227
116 270 120 125 134 144 158 159 195 204 212 213 214 224 227
117 305
118 482
119 253
120 265 125 134 144 158 159 195 204 212 213 214 224 227
121 420 227
122 263
123 317
124 477 158 213 214 224 227
125 253 158 159 195 212 213 214 224 227
126 270
127 431 158 213 214 227
128 256
129 313
130 385
131 253
132 362
133 442
134 278 158 159 195 213 214 224 227
135 280 213 214 227
136 363
137 313
138 324
139 391
140 269
141 340
142 435
143 260
144 305 158 159 195 213 214 224 227
145 395
146 264
147 341
148 385 227
149 288
150 327
151 443
152 258
153 299
154 451
155 270
156 279
157 486
158 250 159 163 195 204 207 212 213 214 224 225 227
159 264 195 204 212 213 214 224 227
160 424
161 281
162 295
163 371 195 213 214 224 227
164 282
165 347
166 424
167 273
168 303
169 364
170 258
171 378
172 400
173 252
174 348
175 427
176 275
177 298
178 398
179 263
180 339
181 458
182 266
183 276
184 414
185 282
186 304
187 392
188 275
189 333
190 461
191 257
192 282
193 393
194 282
195 325 204 212 213 214 224 227
196 441
197 269
198 290
199 405
200 259
201 336
202 396
203 295 213 214 227
204 309 213 214 224 227
205 487
206 255
207 258 213 214 224 227
208 373
209 265
210 362
211 459
212 256 213 214 224 227
213 285 214 224 225 227
214 438 224 225 227
215 277
216 285
217 405
218 272
219 323
220 473
221 250
222 277
223 451
224 263 225 227
225 286 227
226 391
227 272
228 337
229 444
230 264
231 292
232 396
233 283
234 321
235 354
236 285
237 361
238 393
239 289
240 318
241 493
242 250
243 257
244 369
245 296
246 335
247 359
248 284
249 357
