60 1000
1 480 3 4 13 20 22 27 28 33 35 41 42 44 45 47 49 51 54 55 59
2 256
3 264 4 7 8 10 13 15 16 18 19 20 22 23 24 27 28 32 33 34 35 40 41 42 43 44 45 46 47 48 49 51 52 54 55 57 58 59
4 373 5 6 7 8 10 11 12 13 14 15 16 18 19 20 22 23 24 25 27 28 30 31 32 33 34 35 36 37 39 40 41 42 43 44 45 46 47 48 49 51 52 54 55 57 58 59
5 297 13 22 28 47 49 55 59
6 330 13 22 28 49 55 59
7 412 13 16 19 20 22 27 28 33 35 40 41 42 43 44 45 46 47 49 51 52 54 55 59
8 281 13 22 28 41 44 45 47 49 55 59
9 307
10 392 13 22 28 33 41 44 45 47 49 55 59
11 286 22
12 322
13 432 14 15 16 18 19 20 22 23 24 25 27 28 30 31 32 33 34 35 36 39 40 41 42 43 44 45 46 47 48 49 51 52 54 55 57 58 59
14 265 22 28 47 49 55 59
15 303 22 28 41 44 45 47 49 55 59
16 478 19 20 22 27 28 33 35 40 41 42 43 44 45 46 47 48 49 51 52 54 55 59
17 255
18 267 22 28 33 41 44 45 47 49 55 59
19 406 20 22 27 28 33 35 40 41 42 44 45 46 47 49 51 52 54 55 59
20 268 22 27 28 33 35 40 41 42 43 44 45 46 47 48 49 51 52 54 55 57 59
21 326
22 365 23 24 25 27 28 30 31 32 33 34 35 36 37 39 40 41 42 43 44 45 46 47 48 49 51 52 54 55 57 58 59
23 255 28 33 41 44 45 47 49 55 59
24 380 28 33 41 44 45 47 49 55 59
25 407 28 49 59
26 279
27 314 28 33 35 40 41 42 43 44 45 46 47 48 49 51 52 54 55 57 59
28 378 30 31 32 33 34 35 36 40 41 42 43 44 45 46 47 48 49 51 52 54 55 57 58 59
29 293
30 329 41 44 45 47 49 55 59
31 362 49 59
32 273 41 44 45 47 49 55 59
33 365 34 35 40 41 42 43 44 45 46 47 48 49 51 52 54 55 57 58 59
34 487 41 44 45 47 49 55 59
35 252 40 41 42 43 44 45 46 47 48 49 51 52 54 55 57 59
36 261 49 59
37 422
38 260
39 318 59
40 410 41 42 43 44 45 46 47 48 49 51 52 54 55 57 59
41 266 42 43 44 45 46 47 48 49 51 52 54 55 57 58 59
42 324 43 44 45 46 47 48 49 51 52 54 55 57 59
43 410 44 45 46 47 49 51 52 54 55 59
44 263 45 46 47 48 49 51 52 54 55 57 58 59
45 327 46 47 48 49 51 52 54 55 57 58 59
46 370 47 49 51 52 54 55 59
47 260 48 49 51 52 54 55 57 58 59
48 370 49 51 52 54 55 59
49 454 51 52 54 55 57 58 59
50 250
51 296 52 54 55 57 59
52 366 54 55 57 59
53 281
54 353 55 57 59
55 476 57 58 59
56 260
57 264 59
58 465 59
59 256
60 279
