249 1000
1 489
2 253
3 258 4 5 17 32 58 60 76 82 89 95 111 115 123 135 137 164 187 188 199 211 213 215 220
4 489 5 7 9 10 11 13 15 17 23 24 25 26 27 28 29 30 31 32 33 66 34 35 36 37 38 47 58 60 61 62 64 65 130 131 69 70 71 72 73 75 76 77 79 80 81 82 83 84 85 86 89 91 92 94 95 98 99 100 101 102 105 107 110 111 115 116 118 120 121 122 123 125 127 128 133 135 137 140 141 143 145 146 147 149 155 158 159 160 163 164 165 166 167 168 170 171 174 179 180 181 182 183 184 185 187 188 189 190 191 192 195 199 201 204 205 206 208 210 211 213 214 215 216 218 219 220 221 225 226 227 228 229 230 232 235 236 237 239 242 243 244 247 248 249
5 252 7 9 10 11 13 15 17 23 24 25 26 27 28 29 30 31 32 33 66 34 35 36 37 38 47 58 60 61 62 64 65 130 131 69 70 71 72 73 75 76 77 79 80 81 82 83 84 85 86 89 91 92 94 95 98 99 100 101 102 105 107 110 111 115 116 118 120 121 122 123 125 127 128 135 137 140 141 143 145 147 149 155 158 159 160 163 164 165 166 167 168 170 171 174 179 180 181 182 183 184 185 187 188 189 190 191 192 195 199 201 204 205 206 208 210 211 213 214 215 216 218 219 220 221 225 226 227 228 229 230 232 235 236 237 239 242 243 244 247 248 249
6 259
7 384 17 32 58 60 76 79 81 82 89 92 95 105 110 111 115 116 120 123 135 137 140 149 159 163 164 179 180 184 187 188 190 192 199 211 213 214 215 220 229 242
8 295
9 321 32 95 188
10 425 17 23 24 28 30 32 66 34 38 58 60 73 76 79 81 82 83 89 92 95 105 110 111 115 116 120 123 135 137 140 143 149 159 163 164 166 179 180 184 187 188 190 192 195 199 204 206 210 211 213 214 215 220 225 229 235 236 239 242 247 248 249
11 278 17 32 58 60 76 79 82 89 92 95 105 110 111 115 116 120 123 135 137 140 149 163 164 179 180 184 187 188 190 192 199 211 213 214 215 220 242
12 297
13 386 17 32 58 60 76 82 89 92 95 110 111 115 123 135 137 140 164 180 187 188 199 211 213 214 215 220 242
14 299 95
15 315 17 32 58 60 76 82 89 95 111 115 123 135 137 164 187 188 199 211 213 215 220
16 403
17 297 23 24 25 27 28 29 30 31 32 66 34 36 37 38 58 60 61 62 64 130 69 71 72 73 75 76 77 79 80 81 82 83 85 86 89 92 94 95 100 101 105 107 110 111 115 116 118 120 121 122 123 125 127 128 135 137 140 141 143 145 147 149 155 159 160 163 164 165 166 167 168 170 171 174 179 180 181 182 183 184 187 188 190 192 195 199 201 204 205 206 208 210 211 213 214 215 218 219 220 225 226 227 228 229 230 232 235 236 239 242 244 247 248 249
18 300 95
19 487
20 250
21 263
22 431
23 260 24 25 27 28 29 30 32 66 34 36 37 38 58 60 62 64 130 69 72 73 76 77 79 81 82 83 85 89 92 95 101 105 107 110 111 115 116 120 121 123 125 135 137 140 143 149 155 159 160 163 164 166 168 170 179 180 184 187 188 190 192 195 199 201 204 205 206 208 210 211 213 214 215 219 220 225 226 229 235 236 239 242 247 248 249
24 309 25 27 28 29 30 32 66 34 36 37 38 58 60 62 64 130 69 72 73 76 77 79 81 82 83 85 89 92 94 95 101 105 107 110 111 115 116 120 121 122 123 125 135 137 140 141 143 147 149 155 159 160 163 164 166 168 170 179 180 182 184 187 188 190 192 195 199 201 204 205 206 208 210 211 213 214 215 219 220 225 226 229 230 235 236 239 242 247 248 249
25 405 28 30 32 66 34 38 58 60 73 76 79 81 82 83 89 92 95 105 110 111 115 116 120 123 135 137 140 143 149 159 163 164 166 170 179 180 184 187 188 190 192 195 199 204 206 210 211 213 214 215 220 225 229 235 236 239 242 247 248 249
26 288 32 60 76 89 95 115 123 137 164 187 188 211 220
27 307 28 30 32 66 34 38 58 60 73 76 79 81 82 83 89 92 95 105 110 111 115 116 120 123 135 137 140 149 159 163 164 166 179 180 184 187 188 190 192 199 204 206 210 211 213 214 215 220 225 229 239 242 247 248 249
28 407 30 32 66 34 38 58 60 130 69 73 76 79 81 82 83 85 89 92 95 101 105 107 110 111 115 116 120 121 123 125 135 137 140 143 149 159 163 164 166 168 170 179 180 184 187 188 190 192 195 199 201 204 206 208 210 211 213 214 215 219 220 225 226 229 235 236 239 242 247 248 249
29 255 32 34 38 58 60 73 76 79 81 82 89 92 95 105 110 111 115 116 120 123 135 137 140 149 159 163 164 166 179 180 184 187 188 190 192 199 204 206 210 211 213 214 215 220 225 229 239 242 247 248 249
30 338 32 66 34 38 58 60 130 69 73 76 79 81 82 83 85 89 92 95 105 110 111 115 116 120 121 123 125 135 137 140 143 149 159 163 164 166 168 170 179 180 184 187 188 190 192 195 199 204 206 208 210 211 213 214 215 219 220 225 226 229 235 236 239 242 247 248 249
31 404 32 58 60 76 82 89 95 111 115 123 137 164 187 188 199 211 213 215 220
32 283 33 66 34 35 36 37 38 47 58 60 61 62 64 65 130 131 69 70 71 72 73 75 76 77 79 80 81 82 83 84 85 86 89 91 92 94 95 98 99 100 101 102 105 107 110 111 115 116 118 120 121 122 123 125 127 128 135 137 140 141 143 145 147 149 155 158 159 160 163 164 165 166 167 168 170 171 174 179 180 181 182 183 184 185 187 188 189 190 191 192 195 199 201 204 205 206 208 210 211 213 214 215 216 218 219 220 221 225 226 227 228 229 230 232 235 236 237 239 242 243 244 247 248 249
33 313 60 76 89 95 115 123 187 188 211
34 374 66 36 37 38 58 60 62 64 130 69 72 73 76 77 79 81 82 83 85 89 92 94 95 101 105 107 110 111 115 116 120 121 122 123 125 135 137 140 141 143 147 149 155 159 160 163 164 166 168 170 179 180 184 187 188 190 192 195 199 201 204 205 206 208 210 211 213 214 215 219 220 225 226 229 235 236 239 242 247 248 249
35 297 76 95 123 187 188 211
36 329 38 58 60 73 76 79 81 82 89 92 95 105 110 111 115 116 120 123 135 137 140 149 159 163 164 166 179 180 184 187 188 190 192 199 204 206 210 211 213 214 215 220 225 229 239 242 247 248 249
37 422 66 38 58 60 73 76 79 81 82 89 92 95 105 110 111 115 116 120 123 135 137 140 149 159 163 164 166 179 180 184 187 188 190 192 199 204 206 210 211 213 214 215 220 225 229 239 242 247 248 249
38 279 66 58 60 62 64 130 69 72 73 76 77 79 81 82 83 85 89 92 94 95 101 105 107 110 111 115 116 120 121 122 123 125 135 137 140 141 143 147 149 155 159 160 163 164 166 168 170 179 180 184 187 188 190 192 195 199 201 204 205 206 208 210 211 213 214 215 219 220 225 226 229 230 235 236 239 242 247 248 249
39 299
40 453
41 268 95
42 279
43 400
44 293
45 307
46 412
47 274 60 76 89 95 115 123 137 164 187 188 211 220
48 314
49 447
50 260
51 293
52 380
53 305
54 315
55 411
56 270
57 319
58 444 66 60 61 62 64 130 69 71 72 73 75 76 77 79 80 81 82 83 85 86 89 92 94 95 100 101 105 107 110 111 115 116 118 120 121 122 123 125 127 128 135 137 140 141 143 145 147 149 155 159 160 163 164 165 166 167 168 170 171 174 179 180 181 182 183 184 187 188 190 192 195 199 201 204 205 206 208 210 211 213 214 215 218 219 220 225 226 227 228 229 230 232 235 236 239 242 244 247 248 249
59 273
60 283 66 61 62 64 130 69 71 72 73 75 76 77 79 80 81 82 83 85 86 89 92 94 95 98 99 100 101 102 105 107 110 111 115 116 118 120 121 122 123 125 127 128 135 137 140 141 143 145 147 149 155 159 160 163 164 165 166 167 168 170 171 174 179 180 181 182 183 184 187 188 189 190 192 195 199 201 204 205 206 208 210 211 213 214 215 218 219 220 221 225 226 227 228 229 230 232 235 236 237 239 242 244 247 248 249
61 365 76 82 89 95 111 115 123 135 137 164 187 188 199 211 213 215 220
62 250 73 76 79 81 82 89 92 95 105 110 111 115 116 120 123 135 137 140 149 159 163 164 166 179 180 184 187 188 190 192 199 204 206 210 211 213 214 215 220 229 239 242 247 248 249
63 385
64 433 66 73 76 79 81 82 83 89 92 95 105 110 111 115 116 120 123 135 137 140 149 159 163 164 166 179 180 184 187 188 190 192 199 204 206 210 211 213 214 215 220 225 229 239 242 247 248 249
65 270 95 187 188 211
66 297 130 69 73 76 79 81 82 83 85 89 92 95 101 105 107 110 111 115 116 120 121 123 125 135 137 140 143 149 159 163 164 166 168 170 179 180 184 187 188 190 192 195 199 201 204 206 208 210 211 213 214 215 219 220 225 226 229 235 236 239 242 247 248 249
67 471
68 262
69 267 73 76 79 81 82 83 85 89 92 95 105 110 111 115 116 120 121 123 135 137 140 143 149 159 163 164 166 170 179 180 184 187 188 190 192 195 199 204 206 208 210 211 213 214 215 219 220 225 226 229 235 236 239 242 247 248 249
70 438 95 188
71 252 76 79 82 89 92 95 105 110 111 115 116 120 123 135 137 140 149 163 164 179 180 184 187 188 190 192 199 211 213 214 215 220 242
72 310 73 76 79 81 82 89 92 95 105 110 111 115 116 120 123 135 137 140 149 159 163 164 166 179 180 184 187 188 190 192 199 204 206 210 211 213 214 215 220 225 229 239 242 247 248 249
73 463 130 76 77 79 81 82 83 85 89 92 94 95 101 105 107 110 111 115 116 120 121 122 123 125 135 137 140 141 143 147 149 155 159 160 163 164 166 168 170 179 180 184 187 188 190 192 195 199 201 204 205 206 208 210 211 213 214 215 219 220 225 226 229 230 235 236 239 242 247 248 249
74 263
75 274 76 79 81 82 89 92 95 105 110 111 115 116 120 123 135 137 140 149 159 163 164 179 180 184 187 188 190 192 199 211 213 214 215 220 229 239 242
76 350 130 131 77 79 80 81 82 83 84 85 86 89 91 92 94 95 98 99 100 101 102 105 107 110 111 115 116 118 120 121 122 123 125 127 128 135 137 140 141 143 145 147 149 155 159 160 163 164 165 166 167 168 170 171 174 179 180 181 182 183 184 187 188 189 190 191 192 195 199 201 204 205 206 208 210 211 213 214 215 216 218 219 220 221 225 226 227 228 229 230 232 235 236 237 239 242 243 244 247 248 249
77 251 79 81 82 89 92 95 105 110 111 115 116 120 123 135 137 140 149 159 163 164 166 179 180 184 187 188 190 192 199 204 206 210 211 213 214 215 220 225 229 239 242 247 248 249
78 399
79 388 130 80 81 82 83 85 86 89 92 94 95 101 105 107 110 111 115 116 120 121 122 123 125 127 128 135 137 140 141 143 145 147 149 155 159 160 163 164 165 166 167 168 170 171 179 180 182 184 187 188 190 192 195 199 201 204 205 206 208 210 211 213 214 215 219 220 225 226 227 228 229 230 235 236 239 242 247 248 249
80 260 82 89 92 95 105 110 111 115 116 120 123 135 137 140 149 163 164 179 180 184 187 188 190 192 199 211 213 214 215 220 242
81 352 130 82 83 85 89 92 94 95 101 105 107 110 111 115 116 120 121 122 123 125 135 137 140 141 143 145 147 149 155 159 160 163 164 165 166 167 168 170 179 180 182 184 187 188 190 192 195 199 201 204 205 206 208 210 211 213 214 215 219 220 225 226 227 229 230 235 236 239 242 247 248 249
82 379 130 83 85 86 89 92 94 95 100 101 105 107 110 111 115 116 118 120 121 122 123 125 127 128 135 137 140 141 143 145 147 149 155 159 160 163 164 165 166 167 168 170 171 174 179 180 181 182 183 184 187 188 190 192 195 199 201 204 205 206 208 210 211 213 214 215 218 219 220 225 226 227 228 229 230 232 235 236 239 242 244 247 248 249
83 255 130 85 89 92 95 101 105 107 110 111 115 116 120 121 123 125 135 137 140 143 149 159 163 164 166 168 170 179 180 184 187 188 190 192 195 199 201 204 206 208 210 211 213 214 215 219 220 225 226 229 235 236 239 242 247 248 249
84 366 95 123 187 188 211
85 394 89 92 95 105 110 111 115 116 120 121 123 135 137 140 143 149 159 163 164 166 170 179 180 184 187 188 190 192 195 199 204 206 208 210 211 213 214 215 219 220 225 226 229 235 236 239 242 247 248 249
86 286 89 92 95 105 110 111 115 116 120 123 135 137 140 149 163 164 179 180 184 187 188 190 192 199 211 213 214 215 220 242
87 320
88 489
89 252 130 92 94 95 98 99 100 101 102 105 107 110 111 115 116 118 120 121 122 123 125 127 128 135 137 140 141 143 145 147 149 155 159 160 163 164 165 166 167 168 170 171 174 179 180 181 182 183 184 187 188 189 190 192 195 199 201 204 205 206 208 210 211 213 214 215 218 219 220 221 225 226 227 228 229 230 232 235 236 237 239 242 244 247 248 249
90 259
91 488 95 123 187 188 211
92 253 130 94 95 101 105 107 110 111 115 116 120 121 122 123 125 127 128 135 137 140 141 143 145 147 149 155 159 160 163 164 165 166 167 168 170 171 179 180 181 182 183 184 187 188 190 192 195 199 201 204 205 206 208 210 211 213 214 215 218 219 220 225 226 227 228 229 230 235 236 239 242 247 248 249
93 259
94 498 95 105 110 111 115 116 120 123 135 137 140 149 159 163 164 179 180 184 187 188 190 192 199 204 206 211 213 214 215 220 229 239 242 247
95 250 130 131 98 99 100 101 102 104 105 107 110 111 115 116 118 120 121 122 123 124 125 127 128 133 135 137 140 141 143 145 146 147 149 155 158 159 160 163 164 165 166 167 168 170 171 174 179 180 181 182 183 184 185 187 188 189 190 191 192 195 199 201 204 205 206 208 210 211 213 214 215 216 218 219 220 221 222 225 226 227 228 229 230 232 235 236 237 239 242 243 244 247 248 249
96 252
97 435
98 261 115 123 137 187 188 211
99 304 115 123 137 164 187 188 211 220
100 420 110 111 115 123 135 137 140 164 180 187 188 199 211 213 214 215 220 242
101 254 105 110 111 115 116 120 123 135 137 140 149 159 163 164 166 179 180 184 187 188 190 192 199 204 206 210 211 213 214 215 220 225 229 239 242 247 248 249
102 326 115 123 137 164 187 188 211 220
103 478
104 252
105 270 130 107 110 111 115 116 120 121 122 123 125 127 128 135 137 140 141 143 145 147 149 155 159 160 163 164 165 166 167 168 170 179 180 182 184 187 188 190 192 195 199 201 204 205 206 208 210 211 213 214 215 219 220 225 226 227 228 229 230 235 236 239 242 247 248 249
106 491
107 252 110 111 115 116 120 123 135 137 140 149 159 163 164 166 179 180 184 187 188 190 192 199 204 206 210 211 213 214 215 220 225 229 239 242 247 248 249
108 257
109 382
110 290 130 111 115 116 120 121 122 123 125 127 128 135 137 140 141 143 145 147 149 155 159 160 163 164 165 166 167 168 170 171 179 180 181 182 183 184 187 188 190 192 195 199 201 204 205 206 208 210 211 213 214 215 218 219 220 225 226 227 228 229 230 235 236 239 242 244 247 248 249
111 328 130 115 116 118 120 121 122 123 125 127 128 135 137 140 141 143 145 147 149 155 159 160 163 164 165 166 167 168 170 171 174 179 180 181 182 183 184 187 188 190 192 195 199 201 204 205 206 208 210 211 213 214 215 218 219 220 221 225 226 227 228 229 230 232 235 236 239 242 244 247 248 249
112 438
113 271
114 291
115 425 130 116 118 120 121 122 123 125 127 128 135 137 140 141 143 145 147 149 155 159 160 163 164 165 166 167 168 170 171 174 179 180 181 182 183 184 187 188 189 190 192 195 199 201 204 205 206 208 210 211 213 214 215 218 219 220 221 225 226 227 228 229 230 232 235 236 237 239 242 244 247 248 249
116 252 130 120 121 122 123 125 127 128 135 137 140 141 143 145 147 149 155 159 160 163 164 165 166 167 168 170 171 179 180 182 184 187 188 190 192 195 199 201 204 205 206 208 210 211 213 214 215 219 220 225 226 227 228 229 230 235 236 239 242 247 248 249
117 323
118 499 123 135 137 164 187 188 199 211 213 214 215 220
119 250
120 251 130 121 122 123 125 127 128 135 137 140 141 143 145 147 149 155 159 160 163 164 165 166 167 168 170 179 180 182 184 187 188 190 192 195 199 201 204 205 206 208 210 211 213 214 215 219 220 225 226 227 228 229 230 235 236 239 242 247 248 249
121 419 123 135 137 140 143 149 159 163 164 166 170 179 180 184 187 188 190 192 195 199 204 206 208 210 211 213 214 215 219 220 225 226 229 235 236 239 242 247 248 249
122 282 123 135 137 140 149 159 163 164 179 180 184 187 188 190 192 199 204 206 211 213 214 215 220 229 239 242 247
123 299 130 131 125 127 128 135 137 140 141 143 145 147 149 155 159 160 163 164 165 166 167 168 170 171 174 179 180 181 182 183 184 187 188 189 190 191 192 195 199 201 204 205 206 208 210 211 213 214 215 218 219 220 221 225 226 227 228 229 230 232 235 236 237 239 242 243 244 247 248 249
124 361
125 289 135 137 140 149 159 163 164 166 179 180 184 187 188 190 192 199 204 206 210 211 213 214 215 220 225 229 239 242 247 248 249
126 350
127 414 135 137 140 149 163 164 179 180 184 187 188 190 192 199 211 213 214 215 220 229 242
128 276 135 137 140 149 163 164 179 180 184 187 188 190 192 199 211 213 214 215 220 242
129 310
130 403 135 137 140 149 159 163 164 166 179 180 184 187 188 190 192 199 204 206 210 211 213 214 215 220 225 229 239 242 247 248 249
131 254 187 188 211
132 343
133 472 188
134 263
135 265 137 140 141 143 145 147 149 155 159 160 163 164 165 166 167 168 170 171 174 179 180 181 182 183 184 187 188 190 192 195 199 201 204 205 206 208 210 211 213 214 215 218 219 220 225 226 227 228 229 230 235 236 239 242 244 247 248 249
136 484
137 251 140 141 143 145 147 149 155 159 160 163 164 165 166 167 168 170 171 174 179 180 181 182 183 184 187 188 189 190 192 195 199 201 204 205 206 208 210 211 213 214 215 218 219 220 221 225 226 227 228 229 230 232 235 236 237 239 242 244 247 248 249
138 265
139 363
140 304 141 143 145 147 149 155 159 160 163 164 165 166 167 168 170 171 179 180 181 182 183 184 187 188 190 192 195 199 201 204 205 206 208 210 211 213 214 215 218 219 220 225 226 227 228 229 230 235 236 239 242 244 247 248 249
141 333 149 159 163 164 179 180 184 187 188 190 192 199 204 206 211 213 214 215 220 229 239 242 247 248
142 433
143 273 149 159 163 164 166 168 170 179 180 184 187 188 190 192 195 199 204 206 208 210 211 213 214 215 219 220 225 226 229 235 236 239 242 247 248 249
144 294
145 358 149 159 163 164 179 180 184 187 188 190 192 199 211 213 214 215 220 229 242
146 312
147 330 149 159 163 164 179 180 184 187 188 190 192 199 204 211 213 214 215 220 229 239 242 247
148 353
149 312 155 159 160 163 164 165 166 167 168 170 171 179 180 182 184 187 188 190 192 195 199 201 204 205 206 208 210 211 213 214 215 219 220 225 226 227 228 229 230 235 236 239 242 247 248 249
150 335
151 480
152 252
153 268
154 394
155 276 159 163 164 179 180 184 187 188 190 192 199 204 206 211 213 214 215 220 229 239 242 247 248
156 330
157 467
158 260 187 188 211
159 273 160 163 164 165 166 167 168 170 179 180 182 184 187 188 190 192 195 199 201 204 205 206 208 210 211 213 214 215 219 220 225 226 227 229 230 235 236 239 242 247 248 249
160 479 163 164 166 179 180 184 187 188 190 192 199 204 206 210 211 213 214 215 220 229 239 242 247 248 249
161 252
162 269
163 377 164 165 166 167 168 170 179 180 182 184 187 188 190 192 195 199 201 204 205 206 208 210 211 213 214 215 219 220 225 226 227 228 229 230 235 236 239 242 247 248 249
164 263 165 166 167 168 170 171 174 179 180 181 182 183 184 187 188 189 190 192 195 199 201 204 205 206 208 210 211 213 214 215 218 219 220 221 225 226 227 228 229 230 232 235 236 237 239 242 244 247 248 249
165 360 179 180 184 187 188 190 192 199 211 213 214 215 220 229 239 242
166 493 168 170 179 180 184 187 188 190 192 195 199 201 204 205 206 208 210 211 213 214 215 219 220 225 226 229 235 236 239 242 247 248 249
167 253 179 180 184 187 188 190 192 199 211 213 214 215 220 229 239 242
168 254 179 180 184 187 188 190 192 195 199 204 206 210 211 213 214 215 220 225 229 235 236 239 242 247 248 249
169 450
170 250 179 180 184 187 188 190 192 195 199 204 206 208 210 211 213 214 215 219 220 225 226 229 235 236 239 242 247 248 249
171 300 179 180 184 187 188 190 192 199 211 213 214 215 220 242
172 379
173 285
174 336 187 188 199 211 213 214 215 220
175 376
176 279
177 345
178 371
179 294 180 182 183 184 187 188 190 192 195 199 201 204 205 206 208 210 211 213 214 215 219 220 225 226 227 228 229 230 235 236 239 242 247 248 249
180 335 181 182 183 184 187 188 190 192 195 199 201 204 205 206 208 210 211 213 214 215 218 219 220 225 226 227 228 229 230 235 236 239 242 244 247 248 249
181 381 187 188 199 211 213 214 215 220 242
182 307 184 187 188 190 192 199 211 213 214 215 220 229 239 242
183 312 187 188 199 211 213 214 215 220 242
184 389 187 188 190 192 195 199 201 204 205 206 208 210 211 213 214 215 219 220 225 226 227 228 229 230 235 236 239 242 247 248 249
185 258 188
186 353
187 381 188 189 190 191 192 195 199 201 204 205 206 208 210 211 213 214 215 216 218 219 220 221 225 226 227 228 229 230 232 235 236 237 239 242 243 244 247 248 249
188 285 189 190 191 192 195 199 201 204 205 206 208 210 211 213 214 215 216 218 219 220 221 225 226 227 228 229 230 232 235 236 237 239 242 243 244 247 248 249
189 334 211 220
190 445 192 195 199 201 204 205 206 208 210 211 213 214 215 219 220 225 226 227 228 229 230 235 236 239 242 247 248 249
191 255 211
192 300 195 199 201 204 205 206 208 210 211 213 214 215 219 220 225 226 227 228 229 230 235 236 239 242 247 248 249
193 370
194 301
195 329 199 204 206 208 210 211 213 214 215 219 220 225 226 229 235 236 239 242 247 248 249
196 365
197 273
198 362
199 378 201 204 205 206 208 210 211 213 214 215 218 219 220 225 226 227 228 229 230 232 235 236 239 242 244 247 248 249
200 276
201 346 204 206 210 211 213 214 215 220 225 229 239 242 247 248 249
202 466
203 258
204 276 205 206 208 210 211 213 214 215 219 220 225 226 229 230 235 236 239 242 247 248 249
205 367 206 211 213 214 215 220 229 239 242 247 248
206 281 208 210 211 213 214 215 219 220 225 226 229 235 236 239 242 247 248 249
207 352
208 463 210 211 213 214 215 219 220 225 226 229 235 236 239 242 247 248 249
209 257
210 280 211 213 214 215 219 220 225 226 229 235 236 239 242 247 248 249
211 376 213 214 215 216 218 219 220 221 225 226 227 228 229 230 232 235 236 237 239 242 243 244 247 248 249
212 261
213 363 214 215 218 219 220 225 226 227 228 229 230 232 235 236 239 242 244 247 248 249
214 404 215 218 219 220 225 226 227 228 229 230 235 236 239 242 244 247 248 249
215 279 218 219 220 225 226 227 228 229 230 232 235 236 239 242 244 247 248 249
216 317
217 443
218 268 220 242
219 289 220 225 226 229 235 236 239 242 247 248 249
220 440 221 225 226 227 228 229 230 232 235 236 237 239 242 244 247 248 249
221 259
222 301
223 463
224 262
225 275 226 229 235 236 239 242 247 248 249
226 356 229 235 236 239 242 247 248 249
227 320 229 239 242
228 324 242
229 418 230 235 236 239 242 247 248 249
230 287 239 242 247
231 295
232 425
233 267
234 308
235 374 236 239 242 247 248 249
236 283 239 242 247 248 249
237 343
238 413
239 274 242 247 248 249
240 313
241 384
242 259 244 247 248 249
243 357
244 382
245 276
246 342
247 461 248 249
248 264 249
249 275
