249 1000
1 366 6 31 49 54 57 74 76 82 85 92 93 95 104 112 126 128 141 142 152 173 206 216 225 233 243
2 268
3 366
4 430
5 263 6 8 10 18 19 20 25 31 38 41 43 44 46 48 49 51 52 54 57 59 63 70 73 74 75 76 79 81 82 85 90 92 93 95 97 104 105 112 116 125 126 127 128 132 136 138 141 142 145 147 152 156 157 158 165 166 168 170 173 183 185 186 196 199 201 202 205 206 208 211 212 216 217 222 223 225 229 230 232 233 243 247 249
6 307 7 8 9 10 11 12 13 14 15 17 18 19 20 25 27 31 32 34 38 40 41 43 44 45 46 48 49 51 52 54 56 57 58 59 60 62 63 64 65 67 68 70 71 73 74 75 76 77 78 79 80 81 82 85 87 88 89 90 91 92 93 95 96 97 100 103 104 105 111 112 114 116 117 118 119 120 121 123 124 125 126 127 128 129 132 136 137 138 140 141 142 145 147 148 150 151 152 153 154 156 157 158 160 162 163 164 165 166 167 168 169 170 171 172 173 174 176 177 179 180 183 184 185 186 188 189 191 192 196 198 199 201 202 203 204 205 206 208 210 211 212 213 215 216 217 218 220 221 222 223 224 225 228 229 230 231 232 233 234 238 241 242 243 246 247 249
7 414 8 10 18 19 20 25 31 38 43 46 48 49 51 54 57 59 63 70 73 74 75 76 79 81 82 85 90 92 93 95 97 104 112 116 125 126 127 128 132 136 138 141 142 145 147 152 156 158 165 166 168 170 173 183 185 186 196 199 201 202 205 206 211 212 216 217 223 225 229 230 232 233 243 247 249
8 287 9 10 12 13 17 18 19 20 25 31 34 38 40 41 43 44 45 46 48 49 51 52 54 56 57 59 60 62 63 64 65 68 70 73 74 75 76 78 79 80 81 82 85 87 88 89 90 91 92 93 95 96 97 100 103 104 105 111 112 114 116 117 118 119 120 121 124 125 126 127 128 129 132 136 137 138 141 142 145 147 151 152 153 154 156 157 158 160 162 163 164 165 166 167 168 169 170 172 173 174 177 179 180 183 184 185 186 188 189 196 198 199 201 202 203 204 205 206 208 210 211 212 213 215 216 217 218 220 221 222 223 225 228 229 230 232 233 234 238 241 242 243 246 247 249
9 299 10 18 19 25 31 38 43 46 48 49 54 57 59 63 70 73 74 75 76 79 81 82 85 90 92 93 95 97 104 112 116 125 126 127 128 132 136 138 141 142 147 152 156 158 166 168 170 173 183 185 186 196 199 205 206 211 212 216 217 223 225 229 230 232 233 243 247 249
10 495 12 13 18 19 20 25 31 34 38 40 41 43 44 45 46 48 49 51 52 54 56 57 59 60 63 64 65 70 73 74 75 76 78 79 80 81 82 85 87 89 90 91 92 93 95 96 97 104 105 112 114 116 117 118 119 120 121 125 126 127 128 132 136 137 138 141 142 145 147 152 153 154 156 157 158 160 163 164 165 166 168 169 170 173 177 179 180 183 184 185 186 188 189 196 199 201 202 203 204 205 206 208 210 211 212 213 215 216 217 218 220 221 222 223 225 229 230 232 233 234 238 241 242 243 246 247 249
11 251 25 31 49 54 57 74 76 81 82 85 92 93 95 104 112 126 128 141 142 152 173 206 216 225 233 243
12 254 18 19 20 25 31 38 41 43 44 46 48 49 51 52 54 57 59 63 65 70 73 74 75 76 78 79 81 82 85 90 92 93 95 97 104 105 112 116 125 126 127 128 132 136 137 138 141 142 145 147 152 156 157 158 164 165 166 168 170 173 177 183 185 186 196 199 201 202 203 205 206 208 211 212 216 217 221 222 223 225 229 230 232 233 243 247 249
13 474 18 19 25 31 38 43 46 48 49 54 57 59 63 70 73 74 75 76 79 81 82 85 90 92 93 95 97 104 112 116 125 126 127 128 132 136 138 141 142 147 152 156 158 166 168 170 173 183 185 186 196 199 201 205 206 211 212 216 217 223 225 229 230 232 233 243 247 249
14 252 25 31 43 49 54 57 59 74 76 81 82 85 92 93 95 97 104 112 126 127 128 136 141 142 152 156 173 206 211 216 225 233 243
15 274 19 25 31 43 49 54 57 59 74 76 79 81 82 85 92 93 95 97 104 112 126 127 128 132 136 141 142 152 156 158 173 206 211 216 217 223 225 229 230 233 243
16 370
17 269 19 25 31 38 43 46 49 54 57 59 70 74 76 79 81 82 85 90 92 93 95 97 104 112 125 126 127 128 132 136 141 142 152 156 158 173 185 206 211 212 216 217 223 225 229 230 233 243 247 249
18 361 19 20 25 31 34 38 40 41 43 44 45 46 48 49 51 52 54 56 57 59 63 64 65 70 73 74 75 76 78 79 80 81 82 85 87 89 90 91 92 93 95 97 104 105 112 114 116 117 118 119 120 121 125 126 127 128 132 136 137 138 141 142 145 147 152 153 154 156 157 158 160 163 164 165 166 168 169 170 173 177 179 180 183 184 185 186 188 189 196 199 201 202 203 204 205 206 208 210 211 212 215 216 217 218 220 221 222 223 225 229 230 232 233 234 238 241 243 246 247 249
19 473 20 25 31 32 34 38 40 41 43 44 45 46 48 49 51 52 54 56 57 58 59 60 62 63 64 65 67 68 70 73 74 75 76 78 79 80 81 82 85 87 88 89 90 91 92 93 95 96 97 100 103 104 105 111 112 114 116 117 118 119 120 121 123 124 125 126 127 128 129 132 136 137 138 140 141 142 145 147 151 152 153 154 156 157 158 160 162 163 164 165 166 167 168 169 170 171 172 173 174 176 177 179 180 183 184 185 186 188 189 191 192 196 198 199 201 202 203 204 205 206 208 210 211 212 213 215 216 217 218 220 221 222 223 225 228 229 230 231 232 233 234 238 241 242 243 246 247 249
20 252 25 31 38 41 43 44 45 46 48 49 51 52 54 57 59 63 65 70 73 74 75 76 78 79 81 82 85 87 90 92 93 95 97 104 105 112 116 119 125 126 127 128 132 136 137 138 141 142 145 147 152 153 154 156 157 158 164 165 166 168 170 173 177 183 185 186 196 199 201 202 203 205 206 208 211 212 216 217 218 221 222 223 225 229 230 232 233 238 243 247 249
21 275
22 472
23 259
24 269
25 444 27 31 32 34 38 40 41 43 44 45 46 48 49 51 52 54 56 57 58 59 60 62 63 64 65 67 68 70 71 73 74 75 76 77 78 79 80 81 82 85 87 88 89 90 91 92 93 95 96 97 100 103 104 105 111 112 114 116 117 118 119 120 121 123 124 125 126 127 128 129 132 136 137 138 140 141 142 145 147 148 150 151 152 153 154 156 157 158 160 162 163 164 165 166 167 168 169 170 171 172 173 174 176 177 179 180 183 184 185 186 188 189 191 192 196 198 199 201 202 203 204 205 206 208 210 211 212 213 215 216 217 218 220 221 222 223 224 225 228 229 230 231 232 233 234 238 241 242 243 246 247 249
26 258 82 104 233 243
27 298 31 49 54 57 74 76 81 82 85 92 93 95 104 112 126 128 141 142 152 173 206 216 225 233 243
28 439
29 273
30 288 82 104 233 243
31 445 32 34 38 40 41 42 43 44 45 46 48 49 51 52 54 56 57 58 59 60 62 63 64 65 130 67 68 70 71 73 74 75 76 77 78 79 80 81 82 84 85 87 88 89 90 91 92 93 95 96 97 100 103 104 105 109 111 112 114 116 117 118 119 120 121 123 124 125 126 127 128 129 132 136 137 138 140 141 142 143 144 145 147 148 149 150 151 152 153 154 155 156 157 158 160 161 162 163 164 165 166 167 168 169 170 171 172 173 174 176 177 179 180 183 184 185 186 188 189 191 192 195 196 197 198 199 201 202 203 204 205 206 208 210 211 212 213 215 216 217 218 220 221 222 223 224 225 228 229 230 231 232 233 234 238 240 241 242 243 245 246 247 249
32 272 43 49 54 57 59 74 76 81 82 85 92 93 95 97 104 112 126 127 128 132 136 141 142 152 156 173 206 211 216 223 225 229 233 243
33 283
34 419 38 43 46 48 49 54 57 59 63 70 73 74 75 76 79 81 82 85 90 92 93 95 97 104 112 116 125 126 127 128 132 136 138 141 142 147 152 156 158 166 168 170 173 183 185 196 205 206 211 212 216 217 223 225 229 230 232 233 243 247 249
35 261
36 320
37 363
38 271 40 41 43 44 45 46 48 49 51 52 54 56 57 59 60 63 64 65 70 73 74 75 76 78 79 80 81 82 85 87 88 89 90 91 92 93 95 96 97 104 105 112 114 116 117 118 119 120 121 125 126 127 128 132 136 137 138 141 142 145 147 151 152 153 154 156 157 158 160 162 163 164 165 166 167 168 169 170 173 177 179 180 183 184 185 186 188 189 196 198 199 201 202 203 204 205 206 208 210 211 212 213 215 216 217 218 220 221 222 223 225 229 230 232 233 234 238 241 242 243 246 247 249
39 366
40 355 43 46 48 49 54 57 59 63 70 73 74 75 76 79 81 82 85 90 92 93 95 97 104 112 116 125 126 127 128 132 136 138 141 142 147 152 156 158 166 168 170 173 183 185 186 196 199 205 206 211 212 216 217 223 225 229 230 232 233 243 247 249
41 273 43 44 45 46 48 49 51 52 54 57 59 63 65 70 73 74 75 76 78 79 81 82 85 90 92 93 95 97 104 105 112 116 125 126 127 128 132 136 137 138 141 142 145 147 152 153 154 156 157 158 164 165 166 168 170 173 177 183 185 186 196 199 201 202 203 205 206 208 211 212 216 217 218 221 222 223 225 229 230 232 233 238 243 247 249
42 372 49 54 57 82 85 93 95 104 112 126 128 141 142 173 206 225 233 243
43 466 44 45 46 48 49 51 52 54 56 57 58 59 60 62 63 64 65 67 68 70 71 73 74 75 76 77 78 79 80 81 82 85 87 88 89 90 91 92 93 95 96 97 100 103 104 105 111 112 114 116 117 118 119 120 121 123 124 125 126 127 128 129 132 136 137 138 140 141 142 145 147 148 150 151 152 153 154 156 157 158 160 162 163 164 165 166 167 168 169 170 171 172 173 174 176 177 179 180 183 184 185 186 188 189 191 192 196 198 199 201 202 203 204 205 206 208 210 211 212 213 215 216 217 218 220 221 222 223 225 228 229 230 231 232 233 234 238 241 242 243 246 247 249
44 262 45 46 48 49 51 52 54 57 59 63 65 70 73 74 75 76 78 79 81 82 85 87 90 92 93 95 97 104 105 112 116 125 126 127 128 132 136 137 138 141 142 145 147 152 153 154 156 157 158 164 165 166 168 170 173 177 183 185 186 196 199 201 202 203 205 206 208 211 212 216 217 218 221 222 223 225 229 230 232 233 238 243 247 249
45 272 46 48 49 51 52 54 57 59 63 65 70 73 74 75 76 79 81 82 85 90 92 93 95 97 104 105 112 116 125 126 127 128 132 136 138 141 142 145 147 152 156 157 158 164 165 166 168 170 173 183 185 186 196 199 201 202 203 205 206 208 211 212 216 217 222 223 225 229 230 232 233 243 247 249
46 357 48 49 51 52 54 56 57 59 60 63 64 65 70 73 74 75 76 78 79 80 81 82 85 87 88 89 90 91 92 93 95 96 97 100 104 105 111 112 114 116 117 118 119 120 121 125 126 127 128 132 136 137 138 141 142 145 147 151 152 153 154 156 157 158 160 162 163 164 165 166 167 168 169 170 173 177 179 180 183 184 185 186 188 189 196 198 199 201 202 203 204 205 206 208 210 211 212 213 215 216 217 218 220 221 222 223 225 229 230 232 233 234 238 241 242 243 246 247 249
47 292 82 104 233
48 351 49 51 52 54 56 57 59 63 64 65 70 73 74 75 76 78 79 80 81 82 85 87 89 90 91 92 93 95 97 104 105 112 114 116 117 118 119 120 121 125 126 127 128 132 136 137 138 141 142 145 147 152 153 154 156 157 158 160 163 164 165 166 168 169 170 173 177 179 180 183 184 185 186 188 189 196 199 201 202 203 204 205 206 208 210 211 212 216 217 218 221 222 223 225 229 230 232 233 234 238 241 243 246 247 249
49 395 51 52 54 56 57 58 59 60 62 63 64 65 130 67 68 70 71 73 74 75 76 77 78 79 80 81 82 84 85 87 88 89 90 91 92 93 95 96 97 100 103 104 105 109 111 112 114 116 117 118 119 120 121 123 124 125 126 127 128 129 132 136 137 138 140 141 142 143 144 145 147 148 149 150 151 152 153 154 155 156 157 158 160 161 162 163 164 165 166 167 168 169 170 171 172 173 174 176 177 179 180 183 184 185 186 188 189 191 192 195 196 197 198 199 201 202 203 204 205 206 208 210 211 212 213 215 216 217 218 220 221 222 223 224 225 228 229 230 231 232 233 234 238 240 241 242 243 245 246 247 248 249
50 255 104
51 350 52 54 57 59 63 65 70 73 74 75 76 78 79 81 82 85 87 90 92 93 95 97 104 105 112 116 119 125 126 127 128 132 136 137 138 141 142 145 147 152 153 154 156 157 158 164 165 166 168 170 173 177 183 185 186 196 199 201 202 203 205 206 208 211 212 216 217 218 221 222 223 225 229 230 232 233 234 238 243 247 249
52 350 54 57 59 63 65 70 73 74 75 76 78 79 81 82 85 90 92 93 95 97 104 105 112 116 125 126 127 128 132 136 137 138 141 142 145 147 152 153 154 156 157 158 164 165 166 168 170 173 177 183 185 186 196 199 201 202 203 205 206 208 211 212 216 217 218 221 222 223 225 229 230 232 233 238 243 247 249
53 303
54 347 56 57 58 59 60 62 63 64 65 130 67 68 70 71 73 74 75 76 77 78 79 80 81 82 84 85 87 88 89 90 91 92 93 95 96 97 100 103 104 105 109 111 112 114 116 117 118 119 120 121 123 124 125 126 127 128 129 132 136 137 138 140 141 142 143 144 145 147 148 149 150 151 152 153 154 155 156 157 158 160 161 162 163 164 165 166 167 168 169 170 171 172 173 174 176 177 179 180 183 184 185 186 188 189 191 192 195 196 197 198 199 201 202 203 204 205 206 208 209 210 211 212 213 215 216 217 218 220 221 222 223 224 225 228 229 230 231 232 233 234 238 240 241 242 243 245 246 247 248 249
55 450
56 252 57 59 63 70 73 74 75 76 79 81 82 85 90 92 93 95 97 104 112 116 125 126 127 128 132 136 138 141 142 147 152 156 158 166 168 170 173 183 185 196 205 206 211 212 216 217 223 225 229 230 232 233 243 247 249
57 298 58 59 60 62 63 64 65 130 67 68 70 71 73 74 75 76 77 78 79 80 81 82 84 85 87 88 89 90 91 92 93 95 96 97 100 103 104 105 109 111 112 114 116 117 118 119 120 121 123 124 125 126 127 128 129 132 136 137 138 140 141 142 143 144 145 147 148 149 150 151 152 153 154 155 156 157 158 160 161 162 163 164 165 166 167 168 169 170 171 172 173 174 176 177 179 180 183 184 185 186 188 189 191 192 195 196 197 198 199 201 202 203 204 205 206 208 209 210 211 212 213 215 216 217 218 220 221 222 223 224 225 228 229 230 231 232 233 234 238 240 241 242 243 245 246 247 248 249
58 410 59 74 76 79 81 82 85 92 93 95 97 104 112 126 127 128 132 136 141 142 152 156 158 173 206 211 216 217 223 225 229 230 233 243
59 275 60 62 63 64 65 67 68 70 71 73 74 75 76 77 78 79 80 81 82 85 87 88 89 90 91 92 93 95 96 97 100 103 104 105 111 112 114 116 117 118 119 120 121 123 124 125 126 127 128 129 132 136 137 138 140 141 142 145 147 148 150 151 152 153 154 156 157 158 160 162 163 164 165 166 167 168 169 170 171 172 173 174 176 177 179 180 183 184 185 186 188 189 191 192 196 198 199 201 202 203 204 205 206 208 210 211 212 213 215 216 217 218 220 221 222 223 225 228 229 230 231 232 233 234 238 241 242 243 246 247 249
60 315 70 74 76 79 81 82 85 90 92 93 95 97 104 112 125 126 127 128 132 136 141 142 152 156 158 170 173 185 206 211 212 216 217 223 225 229 230 233 243 247 249
61 407
62 260 74 76 79 81 82 85 92 93 95 97 104 112 126 127 128 132 136 141 142 152 156 158 173 206 211 216 217 223 225 229 230 233 243
63 333 64 65 70 73 74 75 76 78 79 80 81 82 85 87 89 90 91 92 93 95 97 104 105 112 114 116 117 118 119 120 121 125 126 127 128 132 136 137 138 141 142 145 147 152 153 154 156 157 158 160 163 164 165 166 168 169 170 173 177 179 180 183 184 185 186 189 196 199 201 202 203 204 205 206 208 210 211 212 216 217 218 221 222 223 225 229 230 232 233 234 238 241 243 247 249
64 366 70 73 74 75 76 79 81 82 85 90 92 93 95 97 104 112 116 125 126 127 128 132 136 138 141 142 147 152 156 158 166 168 170 173 183 185 186 196 205 206 211 212 216 217 223 225 229 230 232 233 243 247 249
65 271 70 73 74 75 76 78 79 81 82 85 90 92 93 95 97 104 105 112 116 125 126 127 128 132 136 137 138 141 142 145 147 152 153 154 156 157 158 164 165 166 168 170 173 177 183 185 186 196 199 201 202 203 205 206 208 211 212 216 217 221 222 223 225 229 230 232 233 238 243 247 249
66 363
67 350 74 76 79 81 82 85 92 93 95 97 104 112 126 127 128 132 136 141 142 152 156 173 206 211 216 223 225 229 230 233 243
68 294 70 74 76 79 81 82 85 90 92 93 95 97 104 112 126 127 128 132 136 141 142 152 156 158 173 185 206 211 212 216 217 223 225 229 230 233 243
69 356
70 480 73 74 75 76 78 79 80 81 82 85 87 88 89 90 91 92 93 95 96 97 100 103 104 105 111 112 114 116 117 118 119 120 121 124 125 126 127 128 129 132 136 137 138 141 142 145 147 151 152 153 154 156 157 158 160 162 163 164 165 166 167 168 169 170 172 173 174 177 179 180 183 184 185 186 188 189 196 198 199 201 202 203 204 205 206 208 210 211 212 213 215 216 217 218 220 221 222 223 225 228 229 230 232 233 234 238 241 242 243 246 247 249
71 253 74 76 81 82 85 92 93 95 104 112 126 128 136 141 142 152 156 173 206 211 216 225 233 243
72 267
73 446 74 75 76 78 79 80 81 82 85 87 89 90 91 92 93 95 97 104 105 112 114 116 117 118 119 120 121 125 126 127 128 132 136 137 138 141 142 145 147 152 153 154 156 157 158 160 163 164 165 166 168 169 170 173 177 179 180 183 184 185 186 188 189 196 199 201 202 203 204 205 206 208 210 211 212 216 217 218 221 222 223 225 229 230 232 233 234 238 241 243 246 247 249
74 259 75 76 77 78 79 80 81 82 85 87 88 89 90 91 92 93 95 96 97 100 103 104 105 111 112 114 116 117 118 119 120 121 123 124 125 126 127 128 129 132 136 137 138 140 141 142 145 147 148 150 151 152 153 154 156 157 158 160 162 163 164 165 166 167 168 169 170 171 172 173 174 176 177 179 180 183 184 185 186 188 189 191 192 196 198 199 201 202 203 204 205 206 208 210 211 212 213 215 216 217 218 220 221 222 223 224 225 228 229 230 231 232 233 234 238 241 242 243 246 247 249
75 295 76 78 79 80 81 82 85 87 89 90 91 92 93 95 97 104 105 112 114 116 117 118 119 120 121 125 126 127 128 132 136 137 138 141 142 145 147 152 153 154 156 157 158 160 163 164 165 166 168 169 170 173 177 179 180 183 184 185 186 188 189 196 199 201 202 203 204 205 206 208 210 211 212 216 217 218 221 222 223 225 229 230 232 233 234 238 241 243 246 247 249
76 376 130 77 78 79 80 81 82 84 85 87 88 89 90 91 92 93 95 96 97 100 103 104 105 109 111 112 114 116 117 118 119 120 121 123 124 125 126 127 128 129 132 136 137 138 140 141 142 143 144 145 147 148 149 150 151 152 153 154 155 156 157 158 160 162 163 164 165 166 167 168 169 170 171 172 173 174 176 177 179 180 183 184 185 186 188 189 191 192 195 196 197 198 199 201 202 203 204 205 206 208 210 211 212 213 215 216 217 218 220 221 222 223 224 225 228 229 230 231 232 233 234 238 240 241 242 243 245 246 247 249
77 267 81 82 85 92 93 95 97 104 112 126 127 128 136 141 142 152 156 173 206 211 216 225 233 243
78 357 79 81 82 85 90 92 93 95 97 104 105 112 116 125 126 127 128 132 136 137 138 141 142 145 147 152 156 157 158 164 165 166 168 170 173 183 185 186 196 199 201 202 203 205 206 208 211 212 216 217 221 222 223 225 229 230 232 233 243 247 249
79 366 80 81 82 85 87 88 89 90 91 92 93 95 96 97 100 103 104 105 111 112 114 116 117 118 119 120 121 124 125 126 127 128 129 132 136 137 138 141 142 145 147 151 152 153 154 156 157 158 160 162 163 164 165 166 167 168 169 170 171 172 173 174 177 179 180 183 184 185 186 188 189 191 192 196 198 199 201 202 203 204 205 206 208 210 211 212 213 215 216 217 218 220 221 222 223 225 228 229 230 231 232 233 234 238 241 242 243 246 247 249
80 282 81 82 85 90 92 93 95 97 104 112 116 125 126 127 128 132 136 138 141 142 147 152 156 158 166 168 170 173 183 185 196 205 206 211 212 216 217 223 225 229 230 232 233 243 247 249
81 352 82 85 87 88 89 90 91 92 93 95 96 97 100 103 104 105 111 112 114 116 117 118 119 120 121 123 124 125 126 127 128 129 132 136 137 138 140 141 142 145 147 148 150 151 152 153 154 156 157 158 160 162 163 164 165 166 167 168 169 170 171 172 173 174 176 177 179 180 183 184 185 186 188 189 191 192 196 198 199 201 202 203 204 205 206 208 210 211 212 213 215 216 217 218 220 221 222 223 224 225 228 229 230 231 232 233 234 238 241 242 243 246 247 249
82 478 130 84 85 87 88 89 90 91 92 93 95 96 97 99 100 103 104 105 106 109 111 112 114 116 117 118 119 120 121 123 124 125 126 127 128 129 132 136 137 138 140 141 142 143 144 145 147 148 149 150 151 152 153 154 155 156 157 158 160 161 162 163 164 165 166 167 168 169 170 171 172 173 174 176 177 179 180 183 184 185 186 188 189 191 192 195 196 197 198 199 200 201 202 203 204 205 206 208 209 210 211 212 213 215 216 217 218 220 221 222 223 224 225 227 228 229 230 231 232 233 234 235 238 239 240 241 242 243 245 246 247 248 249
83 256
84 266 85 93 95 104 112 126 128 141 142 173 206 216 225 233 243
85 420 130 87 88 89 90 91 92 93 95 96 97 100 103 104 105 109 111 112 114 116 117 118 119 120 121 123 124 125 126 127 128 129 132 136 137 138 140 141 142 143 144 145 147 148 149 150 151 152 153 154 155 156 157 158 160 161 162 163 164 165 166 167 168 169 170 171 172 173 174 176 177 179 180 183 184 185 186 188 189 191 192 195 196 197 198 199 201 202 203 204 205 206 208 209 210 211 212 213 215 216 217 218 220 221 222 223 224 225 228 229 230 231 232 233 234 238 240 241 242 243 245 246 247 248 249
86 251
87 329 90 92 93 95 97 104 112 116 125 126 127 128 132 136 138 141 142 145 147 152 156 158 165 166 168 170 173 183 185 186 196 199 201 202 205 206 211 212 216 217 223 225 229 230 232 233 243 247 249
88 434 90 92 93 95 97 104 112 125 126 127 128 132 136 141 142 152 156 158 170 173 185 206 211 212 216 217 223 225 229 230 233 243 247 249
89 252 90 92 93 95 97 104 112 116 125 126 127 128 132 136 138 141 142 147 152 156 158 166 168 170 173 183 185 196 205 206 211 212 216 217 223 225 229 230 232 233 243 247 249
90 314 91 92 93 95 96 97 100 103 104 105 111 112 114 116 117 118 119 120 121 124 125 126 127 128 129 132 136 137 138 141 142 145 147 151 152 153 154 156 157 158 160 162 163 164 165 166 167 168 169 170 172 173 174 177 179 180 183 184 185 186 188 189 196 198 199 201 202 203 204 205 206 208 210 211 212 213 215 216 217 218 220 221 222 223 225 228 229 230 232 233 234 238 241 242 243 246 247 249
91 470 92 93 95 97 104 112 116 125 126 127 128 132 136 138 141 142 147 152 156 158 166 168 170 173 183 185 196 205 206 211 212 216 217 223 225 229 230 232 233 243 247 249
92 254 93 95 96 97 100 103 104 105 111 112 114 116 117 118 119 120 121 123 124 125 126 127 128 129 132 136 137 138 140 141 142 145 147 148 150 151 152 153 154 156 157 158 160 162 163 164 165 166 167 168 169 170 171 172 173 174 176 177 179 180 183 184 185 186 188 189 191 192 196 198 199 201 202 203 204 205 206 208 210 211 212 213 215 216 217 218 220 221 222 223 224 225 228 229 230 231 232 233 234 238 241 242 243 246 247 249
93 276 130 95 96 97 100 103 104 105 109 111 112 114 116 117 118 119 120 121 123 124 125 126 127 128 129 132 136 137 138 140 141 142 143 144 145 147 148 149 150 151 152 153 154 155 156 157 158 160 162 163 164 165 166 167 168 169 170 171 172 173 174 176 177 179 180 183 184 185 186 188 189 191 192 195 196 197 198 199 201 202 203 204 205 206 208 210 211 212 213 215 216 217 218 220 221 222 223 224 225 228 229 230 231 232 233 234 238 240 241 242 243 245 246 247 249
94 497
95 250 130 96 97 100 103 104 105 109 111 112 114 116 117 118 119 120 121 123 124 125 126 127 128 129 132 136 137 138 140 141 142 143 144 145 147 148 149 150 151 152 153 154 155 156 157 158 160 162 163 164 165 166 167 168 169 170 171 172 173 174 176 177 179 180 183 184 185 186 188 189 191 192 195 196 197 198 199 201 202 203 204 205 206 208 210 211 212 213 215 216 217 218 220 221 222 223 224 225 228 229 230 231 232 233 234 238 240 241 242 243 245 246 247 249
96 253 97 104 112 125 126 127 128 132 136 141 142 147 152 156 158 170 173 185 206 211 212 216 217 223 225 229 230 233 243 247 249
97 497 100 103 104 105 111 112 114 116 117 118 119 120 121 123 124 125 126 127 128 129 132 136 137 138 140 141 142 145 147 148 151 152 153 154 156 157 158 160 162 163 164 165 166 167 168 169 170 171 172 173 174 176 177 179 180 183 184 185 186 188 189 191 192 196 198 199 201 202 203 204 205 206 208 210 211 212 213 215 216 217 218 220 221 222 223 225 228 229 230 231 232 233 234 238 241 242 243 246 247 249
98 250
99 253 104 233
100 445 104 112 126 127 128 132 136 141 142 152 156 158 173 185 206 211 212 216 217 223 225 229 230 233 243
101 254
102 301
103 412 104 112 126 127 128 132 136 141 142 152 156 158 173 185 206 211 216 217 223 225 229 230 233 243
104 263 130 105 106 108 109 111 112 114 116 117 118 119 120 121 123 124 125 126 127 128 129 132 136 137 138 140 141 142 143 144 145 147 148 149 150 151 152 153 154 155 156 157 158 160 161 162 163 164 165 166 167 168 169 170 171 172 173 174 176 177 179 180 183 184 185 186 188 189 191 192 195 196 197 198 199 200 201 202 203 204 205 206 208 209 210 211 212 213 215 216 217 218 220 221 222 223 224 225 227 228 229 230 231 232 233 234 235 238 239 240 241 242 243 245 246 247 248 249
105 325 112 116 125 126 127 128 132 136 137 138 141 142 145 147 152 153 154 156 157 158 164 165 166 168 170 173 177 183 185 186 196 199 201 202 203 205 206 208 211 212 216 217 218 221 222 223 225 229 230 232 233 238 243 247 249
106 400 141 233 243
107 298
108 302 233
109 362 112 126 128 141 142 173 206 216 225 233 243
110 282
111 356 112 126 127 128 132 136 141 142 152 156 158 173 185 206 211 212 216 217 223 225 229 230 233 243
112 405 130 114 116 117 118 119 120 121 123 124 125 126 127 128 129 132 136 137 138 140 141 142 143 144 145 147 148 149 150 151 152 153 154 155 156 157 158 160 161 162 163 164 165 166 167 168 169 170 171 172 173 174 176 177 179 180 183 184 185 186 188 189 191 192 195 196 197 198 199 201 202 203 204 205 206 208 210 211 212 213 215 216 217 218 220 221 222 223 224 225 228 229 230 231 232 233 234 238 240 241 242 243 245 246 247 249
113 259
114 336 116 125 126 127 128 132 136 138 141 142 147 152 156 158 166 168 170 173 183 185 186 196 199 201 205 206 211 212 216 217 223 225 229 230 232 233 243 247 249
115 397
116 290 117 118 119 120 121 125 126 127 128 132 136 137 138 141 142 145 147 152 153 154 156 157 158 160 163 164 165 166 168 169 170 173 177 179 180 183 184 185 186 188 189 196 199 201 202 203 204 205 206 208 210 211 212 213 215 216 217 218 220 221 222 223 225 229 230 232 233 234 238 241 242 243 246 247 249
117 313 125 126 127 128 132 136 138 141 142 147 152 156 158 166 168 170 173 183 185 196 205 206 211 212 216 217 223 225 229 230 232 233 243 247 249
118 485 125 126 127 128 132 136 138 141 142 147 152 156 158 166 168 170 173 183 185 186 196 199 205 206 211 212 216 217 223 225 229 230 232 233 243 247 249
119 253 125 126 127 128 132 136 138 141 142 145 147 152 156 158 165 166 168 170 173 183 185 186 196 199 201 202 205 206 211 212 216 217 223 225 229 230 232 233 243 247 249
120 262 125 126 127 128 132 136 138 141 142 147 152 156 158 166 168 170 173 183 185 196 205 206 211 212 216 217 223 225 229 230 232 233 243 247 249
121 367 125 126 127 128 132 136 138 141 142 147 152 156 158 166 168 170 173 183 185 196 205 206 211 212 216 217 223 225 229 230 232 233 243 247 249
122 274
123 359 126 127 128 136 141 142 152 156 173 206 211 216 225 233 243
124 355 126 127 128 132 136 141 142 152 156 158 173 185 206 211 212 216 217 223 225 229 230 233 243
125 263 126 127 128 132 136 137 138 141 142 145 147 152 153 154 156 157 158 160 163 164 165 166 167 168 169 170 173 177 179 180 183 184 185 186 188 189 196 198 199 201 202 203 204 205 206 208 210 211 212 213 215 216 217 218 220 221 222 223 225 229 230 232 233 234 238 241 242 243 246 247 249
126 382 130 127 128 129 132 136 137 138 140 141 142 143 144 145 147 148 149 150 151 152 153 154 155 156 157 158 160 162 163 164 165 166 167 168 169 170 171 172 173 174 176 177 179 180 183 184 185 186 188 189 191 192 195 196 197 198 199 201 202 203 204 205 206 208 210 211 212 213 215 216 217 218 220 221 222 223 224 225 228 229 230 231 232 233 234 238 240 241 242 243 245 246 247 249
127 471 128 129 132 136 137 138 140 141 142 145 147 148 151 152 153 154 156 157 158 160 162 163 164 165 166 167 168 169 170 171 172 173 174 176 177 179 180 183 184 185 186 188 189 191 192 196 198 199 201 202 203 204 205 206 208 210 211 212 213 215 216 217 218 220 221 222 223 225 228 229 230 231 232 233 234 238 241 242 243 246 247 249
128 258 130 129 132 136 137 138 140 141 142 143 144 145 147 148 149 150 151 152 153 154 155 156 157 158 160 162 163 164 165 166 167 168 169 170 171 172 173 174 176 177 179 180 183 184 185 186 188 189 191 192 195 196 197 198 199 201 202 203 204 205 206 208 210 211 212 213 215 216 217 218 220 221 222 223 224 225 228 229 230 231 232 233 234 238 240 241 242 243 245 246 247 249
129 271 132 136 141 142 152 156 158 173 185 206 211 216 217 223 225 229 230 233 243
130 464 141 142 173 206 216 225 233 243
131 259
132 277 136 137 138 141 142 145 147 151 152 153 154 156 157 158 160 162 163 164 165 166 167 168 169 170 171 172 173 174 176 177 179 180 183 184 185 186 188 189 191 192 196 198 199 201 202 203 204 205 206 208 210 211 212 213 215 216 217 218 220 221 222 223 225 228 229 230 231 232 233 234 238 241 242 243 246 247 249
133 426
134 281
135 293
136 498 137 138 140 141 142 145 147 148 150 151 152 153 154 156 157 158 160 162 163 164 165 166 167 168 169 170 171 172 173 174 176 177 179 180 183 184 185 186 188 189 191 192 196 198 199 201 202 203 204 205 206 208 210 211 212 213 215 216 217 218 220 221 222 223 225 228 229 230 231 232 233 234 238 241 242 243 246 247 249
137 250 138 141 142 145 147 152 156 157 158 164 165 166 168 170 173 183 185 186 196 199 201 202 203 205 206 208 211 212 216 217 221 222 223 225 229 230 232 233 243 247 249
138 252 141 142 145 147 152 153 154 156 157 158 160 163 164 165 166 168 169 170 173 177 179 180 183 184 185 186 188 189 196 199 201 202 203 204 205 206 208 210 211 212 216 217 218 221 222 223 225 229 230 232 233 234 238 241 243 247 249
139 392
140 257 141 142 152 156 173 206 211 216 225 229 233 243
141 351 142 143 144 145 147 148 149 150 151 152 153 154 155 156 157 158 160 161 162 163 164 165 166 167 168 169 170 171 172 173 174 176 177 179 180 183 184 185 186 188 189 191 192 195 196 197 198 199 201 202 203 204 205 206 208 209 210 211 212 213 215 216 217 218 220 221 222 223 224 225 228 229 230 231 232 233 234 238 240 241 242 243 245 246 247 248 249
142 485 143 144 145 147 148 149 150 151 152 153 154 155 156 157 158 160 161 162 163 164 165 166 167 168 169 170 171 172 173 174 176 177 179 180 183 184 185 186 188 189 191 192 195 196 197 198 199 201 202 203 204 205 206 208 210 211 212 213 215 216 217 218 220 221 222 223 224 225 228 229 230 231 232 233 234 238 240 241 242 243 245 246 247 248 249
143 251 173 206 216 225 233 243
144 264 173 206 216 225 233 243
145 441 147 152 153 154 156 157 158 164 165 166 168 170 173 177 183 185 186 196 199 201 202 203 205 206 208 211 212 216 217 218 221 222 223 225 229 230 232 233 238 243 247 249
146 272
147 287 152 153 154 156 157 158 160 163 164 165 166 168 169 170 173 177 179 180 183 184 185 186 188 189 196 199 201 202 203 204 205 206 208 210 211 212 213 215 216 217 218 220 221 222 223 225 229 230 232 233 234 238 241 242 243 246 247 249
148 392 152 156 173 206 211 216 225 233 243
149 275 173 206 216 225 233 243
150 333 152 156 173 206 211 216 225 233 243
151 350 152 156 158 173 185 206 211 212 216 217 223 225 229 230 233 243
152 264 153 154 156 157 158 160 162 163 164 165 166 167 168 169 170 171 172 173 174 176 177 179 180 183 184 185 186 188 189 191 192 196 198 199 201 202 203 204 205 206 208 210 211 212 213 215 216 217 218 220 221 222 223 224 225 228 229 230 231 232 233 234 238 241 242 243 246 247 249
153 386 156 157 158 164 165 166 168 170 173 183 185 186 196 199 201 202 203 205 206 208 211 212 216 217 221 222 223 225 229 230 232 233 243 247 249
154 491 156 157 158 164 165 166 168 170 173 183 185 186 196 199 201 202 203 205 206 208 211 212 216 217 221 222 223 225 229 230 232 233 243 247 249
155 251 173 206 216 225 233 243
156 258 157 158 160 162 163 164 165 166 167 168 169 170 171 172 173 174 176 177 179 180 183 184 185 186 188 189 191 192 196 198 199 201 202 203 204 205 206 208 210 211 212 213 215 216 217 218 220 221 222 223 225 228 229 230 231 232 233 234 238 241 242 243 246 247 249
157 437 158 164 165 166 168 170 173 177 183 185 186 196 199 201 202 203 205 206 208 211 212 216 217 218 221 222 223 225 229 230 232 233 238 243 247 249
158 255 160 162 163 164 165 166 167 168 169 170 172 173 174 177 179 180 183 184 185 186 188 189 192 196 198 199 201 202 203 204 205 206 208 210 211 212 213 215 216 217 218 220 221 222 223 225 228 229 230 231 232 233 234 238 241 242 243 246 247 249
159 308
160 473 166 168 170 173 183 185 196 205 206 211 212 216 217 223 225 229 230 232 233 243 247 249
161 251 206 225 233 243
162 276 173 185 206 211 212 216 217 223 225 229 230 233 243
163 415 166 168 170 173 183 185 186 196 199 201 205 206 211 212 216 217 223 225 229 230 232 233 243 247 249
164 255 165 166 168 170 173 177 183 185 186 196 199 201 202 203 205 206 208 211 212 216 217 221 222 223 225 229 230 232 233 238 243 247 249
165 330 166 168 170 173 177 183 185 186 196 199 201 202 203 205 206 208 211 212 216 217 218 221 222 223 225 229 230 232 233 238 243 247 249
166 495 168 169 170 173 177 179 180 183 184 185 186 188 189 196 199 201 202 203 204 205 206 208 210 211 212 215 216 217 218 221 222 223 225 229 230 232 233 234 238 241 243 246 247 249
167 250 173 185 206 211 212 216 217 223 225 229 230 233 243 247 249
168 255 169 170 173 177 179 180 183 184 185 186 189 196 199 201 202 203 204 205 206 208 210 211 212 216 217 218 221 222 223 225 229 230 232 233 234 238 241 243 247 249
169 488 170 173 183 185 196 205 206 211 212 216 217 223 225 229 230 232 233 243 247 249
170 253 173 177 179 180 183 184 185 186 188 189 196 199 201 202 203 204 205 206 208 210 211 212 213 215 216 217 218 220 221 222 223 225 229 230 232 233 234 238 241 242 243 246 247 249
171 259 173 206 211 216 223 225 229 230 233 243
172 485 173 185 206 211 212 216 217 223 225 229 230 233 243
173 255 174 176 177 179 180 183 184 185 186 188 189 191 192 195 196 197 198 199 201 202 203 204 205 206 208 210 211 212 213 215 216 217 218 220 221 222 223 224 225 228 229 230 231 232 233 234 238 240 241 242 243 245 246 247 249
174 260 185 206 211 212 216 217 223 225 229 230 233 243
175 419
176 287 206 211 216 225 229 233 243
177 294 183 185 186 196 199 201 202 203 205 206 208 211 212 216 217 221 222 223 225 229 230 232 233 243 247 249
178 469
179 250 183 185 186 196 199 201 205 206 211 212 216 217 223 225 229 230 232 233 243 247 249
180 281 183 185 196 205 206 211 212 216 217 223 225 229 230 232 233 243 247 249
181 385
182 269
183 346 184 185 186 188 189 196 199 201 202 203 204 205 206 208 210 211 212 216 217 218 221 222 223 225 229 230 232 233 234 238 241 243 246 247 249
184 490 185 186 196 199 205 206 211 212 216 217 223 225 229 230 232 233 243 247 249
185 252 186 188 189 196 198 199 201 202 203 204 205 206 208 210 211 212 213 215 216 217 218 220 221 222 223 225 228 229 230 232 233 234 238 241 242 243 246 247 249
186 258 189 196 199 201 202 203 204 205 206 208 210 211 212 216 217 218 221 222 223 225 229 230 232 233 234 238 243 247 249
187 462
188 264 196 205 206 211 212 216 217 223 225 229 230 232 233 243 247 249
189 274 196 199 201 205 206 211 212 216 217 223 225 229 230 232 233 243 247 249
190 497
191 250 206 211 216 223 225 229 230 233 243
192 253 206 211 216 217 223 225 229 230 233 243
193 426
194 262
195 312 206 216 225 233 243
196 446 199 201 202 203 204 205 206 208 210 211 212 216 217 218 221 222 223 225 229 230 232 233 234 238 241 243 246 247 249
197 274 206 216 225 233 243
198 280 206 211 212 216 217 223 225 229 230 233 243 247 249
199 392 201 202 203 204 205 206 208 210 211 212 216 217 218 221 222 223 225 229 230 232 233 234 238 243 247 249
200 294 233 243
201 314 202 203 204 205 206 208 210 211 212 216 217 218 221 222 223 225 229 230 232 233 234 238 243 247 249
202 492 203 205 206 208 211 212 216 217 218 221 222 223 225 229 230 232 233 238 243 247 249
203 250 205 206 208 211 212 216 217 221 222 223 225 229 230 232 233 238 243 247 249
204 258 205 206 211 212 216 217 223 225 229 230 232 233 243 247 249
205 491 206 208 210 211 212 213 215 216 217 218 220 221 222 223 225 229 230 232 233 234 238 241 242 243 246 247 249
206 250 208 210 211 212 213 215 216 217 218 220 221 222 223 224 225 228 229 230 231 232 233 234 238 240 241 242 243 245 246 247 248 249
207 259
208 367 211 212 216 217 218 221 222 223 225 229 230 232 233 238 243 247 249
209 276 225 233 243
210 357 211 212 216 217 223 225 229 230 232 233 243 247 249
211 496 212 213 215 216 217 218 220 221 222 223 225 228 229 230 231 232 233 234 238 241 242 243 246 247 249
212 251 213 215 216 217 218 220 221 222 223 225 229 230 232 233 234 238 241 242 243 246 247 249
213 253 216 217 223 225 229 230 233 243 247 249
214 406
215 252 216 217 223 225 229 230 233 243 247 249
216 342 217 218 220 221 222 223 224 225 228 229 230 231 232 233 234 238 241 242 243 245 246 247 249
217 441 218 220 221 222 223 225 228 229 230 231 232 233 234 238 241 242 243 246 247 249
218 254 222 223 225 229 230 232 233 243 247 249
219 305
220 485 223 225 229 230 233 243 247 249
221 254 222 223 225 229 230 232 233 238 243 247 249
222 261 223 225 229 230 232 233 238 243 247 249
223 370 225 228 229 230 231 232 233 234 238 241 242 243 246 247 249
224 293 225 233 243
225 337 228 229 230 231 232 233 234 238 240 241 242 243 245 246 247 248 249
226 421
227 271 233 243
228 308 229 230 233 243
229 393 230 231 232 233 234 238 241 242 243 246 247 249
230 297 231 232 233 234 238 241 242 243 246 247 249
231 310 233 243
232 479 233 234 238 241 243 247 249
233 250 234 235 238 239 240 241 242 243 245 246 247 248 249
234 271 243 247 249
235 481
236 250
237 269
238 480 243 247 249
239 255 243
240 265 243
241 365 243 247 249
242 291 243 247 249
243 344 245 246 247 248 249
244 422
245 260
246 318 247 249
247 404 249
248 278
249 318
