249 1000
1 358
2 285
3 357
4 483 5 10 11 13 15 16 17 21 23 24 25 26 30 31 33 66 34 41 49 54 57 58 60 65 130 67 82 85 90 106 112 113 115 117 118 120 144 147 150 152 153 162 163 165 166 172 173 177 180 187 188 189 190 191 196 198 199 204 209 211 212 213 217 219 222 232 233 234 235 242 244 249
5 257 6 10 11 13 15 16 17 20 21 23 24 25 26 27 28 30 31 33 66 34 39 40 41 42 45 47 49 50 52 54 56 57 58 60 65 130 67 68 69 74 76 77 79 81 82 85 86 88 90 91 92 96 99 103 106 107 108 112 113 115 117 118 119 120 121 124 127 133 135 144 145 146 147 149 150 152 153 154 161 162 163 164 165 166 167 168 169 170 172 173 176 177 179 180 182 183 184 185 186 187 188 189 190 191 192 193 194 195 196 197 198 199 204 205 207 209 211 212 213 217 218 219 220 222 224 225 228 230 231 232 233 234 235 239 242 244 246 249
6 260 10 11 13 15 16 17 21 23 24 25 26 30 31 33 66 34 41 45 47 49 54 57 58 60 65 130 67 74 77 82 85 90 92 106 107 112 113 115 117 118 120 135 144 146 147 150 152 153 162 163 164 165 166 169 172 173 177 179 180 187 188 189 190 191 196 198 199 204 209 211 212 213 217 218 219 222 228 232 233 234 235 242 244 246 249
7 479 23 60 113 115
8 258 13 15 21 23 24 30 66 60 130 85 106 113 115 166 199 213 217 232 235 249
9 263
10 438 11 12 13 15 16 17 18 19 20 21 22 23 24 25 26 27 28 30 31 33 66 34 39 40 41 42 45 46 47 49 50 51 52 54 56 57 58 60 65 130 67 68 69 74 76 77 79 81 82 83 84 85 86 88 90 91 92 96 99 102 103 106 107 108 110 112 113 115 117 118 119 120 121 122 124 125 127 133 135 143 144 145 146 147 148 149 150 152 153 154 158 161 162 163 164 165 166 167 168 169 170 172 173 175 176 177 179 180 182 183 184 185 186 187 188 189 190 191 192 193 194 195 196 197 198 199 201 204 205 207 209 210 211 212 213 216 217 218 219 220 221 222 223 224 225 228 229 230 231 232 233 234 235 237 238 239 242 244 246 249
11 279 13 15 16 17 20 21 23 24 25 26 27 30 31 33 66 34 39 40 41 42 45 47 49 52 54 57 58 60 65 130 67 74 77 79 82 85 86 88 90 91 92 96 99 103 106 107 108 112 113 115 117 118 120 121 124 127 133 135 144 145 146 147 150 152 153 154 161 162 163 164 165 166 167 169 170 172 173 176 177 179 180 182 183 184 185 186 187 188 189 190 191 192 193 194 195 196 197 198 199 204 205 207 209 211 212 213 217 218 219 222 228 230 232 233 234 235 239 242 244 246 249
12 283 13 15 21 23 24 26 30 33 66 34 49 57 58 60 130 85 90 106 113 115 117 166 190 191 198 199 204 211 212 213 217 232 235 242 249
13 459 15 16 17 18 19 20 21 22 23 24 25 26 27 28 30 31 33 66 34 39 40 41 42 43 45 46 47 49 50 51 52 54 55 56 57 58 60 65 130 67 68 69 74 76 77 79 81 82 83 84 85 86 88 90 91 92 96 97 99 102 103 106 107 108 110 112 113 115 117 118 119 120 121 122 124 125 127 132 133 135 138 143 144 145 146 147 148 149 150 152 153 154 155 158 161 162 163 164 165 166 167 168 169 170 172 173 175 176 177 179 180 182 183 184 185 186 187 188 189 190 191 192 193 194 195 196 197 198 199 201 204 205 206 207 209 210 211 212 213 216 217 218 219 220 221 222 223 224 225 228 229 230 231 232 233 234 235 237 238 239 242 244 246 249
14 266
15 275 16 17 18 19 20 21 22 23 24 25 26 27 28 29 30 31 33 66 34 37 39 40 41 42 43 44 45 46 47 49 50 51 52 54 55 56 57 58 60 65 130 67 68 69 73 74 76 77 79 81 82 83 84 85 86 88 90 91 92 96 97 98 99 102 103 106 107 108 110 112 113 115 117 118 119 120 121 122 124 125 127 132 133 135 138 143 144 145 146 147 148 149 150 152 153 154 155 158 160 161 162 163 164 165 166 167 168 169 170 172 173 175 176 177 179 180 182 183 184 185 186 187 188 189 190 191 192 193 194 195 196 197 198 199 201 204 205 206 207 209 210 211 212 213 216 217 218 219 220 221 222 223 224 225 228 229 230 231 232 233 234 235 237 238 239 242 244 246 249
16 402 17 20 21 23 24 25 26 27 28 30 31 33 66 34 39 40 41 42 45 47 49 50 52 54 56 57 58 60 65 130 67 68 69 74 76 77 79 81 82 85 86 88 90 91 92 96 99 103 106 107 108 112 113 115 117 118 119 120 121 124 127 133 135 144 145 146 147 149 150 152 153 154 161 162 163 164 165 166 167 168 169 170 172 173 176 177 179 180 182 183 184 185 186 187 188 189 190 191 192 193 194 195 196 197 198 199 204 205 207 209 211 212 213 217 218 219 220 222 224 225 228 230 231 232 233 234 235 239 242 244 246 249
17 284 21 23 24 25 26 27 30 31 33 66 34 39 40 41 42 45 47 49 52 54 57 58 60 65 130 67 74 77 79 82 85 86 88 90 91 92 99 103 106 107 108 112 113 115 117 118 120 121 124 127 133 135 144 145 146 147 150 152 153 154 161 162 163 164 165 166 167 169 170 172 173 176 177 179 180 182 184 185 186 187 188 189 190 191 193 194 196 197 198 199 204 207 209 211 212 213 217 218 219 222 228 232 233 234 235 239 242 244 246 249
18 314 21 23 24 26 30 66 34 49 57 60 130 85 90 106 113 115 166 190 198 199 204 213 217 232 235 242 249
19 483 21 23 24 26 30 66 34 49 57 60 130 85 90 106 113 115 166 190 198 199 204 211 213 217 232 235 242 249
20 250 21 23 24 26 30 33 66 34 49 54 57 58 60 65 130 67 85 90 106 112 113 115 117 144 150 152 162 166 173 177 187 188 189 190 191 196 198 199 204 209 211 212 213 217 222 232 233 234 235 242 244 249
21 267 22 23 24 25 26 27 28 29 30 31 33 66 34 37 39 40 41 42 43 44 45 46 47 49 50 51 52 54 55 56 57 58 60 65 130 67 68 69 73 74 76 77 79 81 82 83 84 85 86 88 90 91 92 96 97 98 99 102 103 106 107 108 110 112 113 115 117 118 119 120 121 122 124 125 127 132 133 135 138 140 143 144 145 146 147 148 149 150 152 153 154 155 158 160 161 162 163 164 165 166 167 168 169 170 172 173 175 176 177 179 180 181 182 183 184 185 186 187 188 189 190 191 192 193 194 195 196 197 198 199 201 204 205 206 207 209 210 211 212 213 214 216 217 218 219 220 221 222 223 224 225 227 228 229 230 231 232 233 234 235 237 238 239 242 244 246 249
22 482 23 24 26 30 33 66 34 49 57 58 60 65 130 85 90 106 113 115 117 166 177 190 191 196 198 199 204 211 212 213 217 232 235 242 249
23 250 24 25 26 27 28 29 30 31 33 66 34 35 37 39 40 41 42 43 44 45 46 47 49 50 51 52 54 55 56 57 58 60 65 130 67 68 69 73 74 76 77 79 81 82 83 84 85 86 88 90 91 92 96 97 98 99 102 103 106 107 108 110 112 113 115 117 118 119 120 121 122 124 125 127 132 133 135 138 139 140 143 144 145 146 147 148 149 150 152 153 154 155 157 158 159 160 161 162 163 164 165 166 167 168 169 170 172 173 175 176 177 179 180 181 182 183 184 185 186 187 188 189 190 191 192 193 194 195 196 197 198 199 201 204 205 206 207 209 210 211 212 213 214 216 217 218 219 220 221 222 223 224 225 227 228 229 230 231 232 233 234 235 237 238 239 241 242 244 246 249
24 268 25 26 27 28 29 30 31 33 66 34 37 39 40 41 42 43 44 45 46 47 49 50 51 52 54 55 56 57 58 60 65 130 67 68 69 73 74 76 77 79 81 82 83 84 85 86 88 90 91 92 96 97 98 99 102 103 106 107 108 110 112 113 115 117 118 119 120 121 122 124 125 127 132 133 135 138 143 144 145 146 147 148 149 150 152 153 154 155 158 160 161 162 163 164 165 166 167 168 169 170 172 173 175 176 177 179 180 182 183 184 185 186 187 188 189 190 191 192 193 194 195 196 197 198 199 201 204 205 206 207 209 210 211 212 213 216 217 218 219 220 221 222 223 224 225 228 229 230 231 232 233 234 235 237 238 239 242 244 246 249
25 465 26 30 31 33 66 34 39 40 41 42 45 47 49 52 54 57 58 60 65 130 67 74 77 82 85 88 90 91 92 99 103 106 107 112 113 115 117 118 120 121 127 133 135 144 145 146 147 150 152 153 161 162 163 164 165 166 167 169 172 173 176 177 179 180 184 185 186 187 188 189 190 191 193 194 196 197 198 199 204 207 209 211 212 213 217 218 219 222 228 232 233 234 235 239 242 244 246 249
26 264 27 28 30 31 33 66 34 39 40 41 42 45 46 47 49 50 51 52 54 56 57 58 60 65 130 67 68 69 74 76 77 79 81 82 84 85 86 88 90 91 92 96 99 102 103 106 107 108 110 112 113 115 117 118 119 120 121 124 125 127 133 135 143 144 145 146 147 148 149 150 152 153 154 158 161 162 163 164 165 166 167 168 169 170 172 173 175 176 177 179 180 182 183 184 185 186 187 188 189 190 191 192 193 194 195 196 197 198 199 201 204 205 207 209 210 211 212 213 217 218 219 220 221 222 223 224 225 228 229 230 231 232 233 234 235 237 238 239 242 244 246 249
27 271 30 33 66 34 49 54 57 58 60 65 130 67 85 90 106 112 113 115 117 144 150 152 162 166 173 177 187 188 189 190 191 196 198 199 204 209 211 212 213 217 222 232 233 234 235 242 244 249
28 445 30 33 66 34 49 57 58 60 65 130 67 85 90 106 112 113 115 117 144 152 162 166 173 177 188 189 190 191 196 198 199 204 209 211 212 213 217 222 232 233 234 235 242 244 249
29 260 60 130 106 113 115 199 217
30 295 31 33 66 34 39 40 41 42 43 45 46 47 49 50 51 52 54 55 56 57 58 60 65 130 67 68 69 74 76 77 79 81 82 83 84 85 86 88 90 91 92 96 97 99 102 103 106 107 108 110 112 113 115 117 118 119 120 121 122 124 125 127 132 133 135 138 143 144 145 146 147 148 149 150 152 153 154 155 158 161 162 163 164 165 166 167 168 169 170 172 173 175 176 177 179 180 182 183 184 185 186 187 188 189 190 191 192 193 194 195 196 197 198 199 201 204 205 206 207 209 210 211 212 213 216 217 218 219 220 221 222 223 224 225 228 229 230 231 232 233 234 235 237 238 239 242 244 246 249
31 479 33 66 34 39 40 41 42 45 47 49 52 54 57 58 60 65 130 67 74 77 82 85 86 88 90 91 92 99 103 106 107 112 113 115 117 118 120 121 127 133 135 144 145 146 147 150 152 153 161 162 163 164 165 166 167 169 170 172 173 176 177 179 180 184 185 186 187 188 189 190 191 193 194 196 197 198 199 204 207 209 211 212 213 217 218 219 222 228 232 233 234 235 239 242 244 246 249
32 252
33 269 66 34 39 40 41 42 45 46 47 49 50 52 54 56 57 58 60 65 130 67 68 69 74 76 77 79 81 82 85 86 88 90 91 92 96 99 102 103 106 107 108 110 112 113 115 117 118 119 120 121 124 127 133 135 143 144 145 146 147 148 149 150 152 153 154 161 162 163 164 165 166 167 168 169 170 172 173 175 176 177 179 180 182 183 184 185 186 187 188 189 190 191 192 193 194 195 196 197 198 199 204 205 207 209 211 212 213 217 218 219 220 222 223 224 225 228 230 231 232 233 234 235 237 238 239 242 244 246 249
34 401 66 39 40 41 42 45 46 47 49 50 52 54 56 57 58 60 65 130 67 68 69 74 76 77 79 81 82 84 85 86 88 90 91 92 96 99 102 103 106 107 108 110 112 113 115 117 118 119 120 121 124 125 127 133 135 143 144 145 146 147 148 149 150 152 153 154 161 162 163 164 165 166 167 168 169 170 172 173 175 176 177 179 180 182 183 184 185 186 187 188 189 190 191 192 193 194 195 196 197 198 199 201 204 205 207 209 210 211 212 213 217 218 219 220 221 222 223 224 225 228 230 231 232 233 234 235 237 238 239 242 244 246 249
35 268 60 113 115
36 331
37 449 66 60 130 85 106 113 115 199 217 235 249
38 265
39 286 66 41 45 47 49 54 57 58 60 65 130 67 74 77 82 85 90 91 92 106 107 112 113 115 117 118 120 135 144 146 147 150 152 153 162 163 164 165 166 169 172 173 177 179 180 187 188 189 190 191 196 198 199 204 209 211 212 213 217 218 219 222 228 232 233 234 235 242 244 246 249
40 490 66 41 45 47 49 54 57 58 60 65 130 67 74 77 82 85 90 106 112 113 115 117 118 120 144 146 147 150 152 153 162 163 164 165 166 169 172 173 177 179 180 187 188 189 190 191 196 198 199 204 209 211 212 213 217 218 219 222 228 232 233 234 235 242 244 246 249
41 251 66 42 45 47 49 52 54 57 58 60 65 130 67 74 77 82 85 88 90 91 92 99 106 107 112 113 115 117 118 120 121 127 133 135 144 145 146 147 150 152 153 161 162 163 164 165 166 167 169 172 173 176 177 179 180 184 185 186 187 188 189 190 191 193 194 196 197 198 199 204 207 209 211 212 213 217 218 219 222 228 232 233 234 235 239 242 244 246 249
42 259 66 45 47 49 54 57 58 60 65 130 67 74 77 82 85 90 106 112 113 115 117 118 120 144 146 147 150 152 153 162 163 164 165 166 169 172 173 177 179 180 187 188 189 190 191 196 198 199 204 209 211 212 213 217 218 219 222 228 232 233 234 235 242 244 246 249
43 386 66 60 130 85 106 113 115 166 199 213 217 232 235 249
44 278 60 130 113 115 199 217
45 336 66 47 49 52 54 57 58 60 65 130 67 74 77 82 85 88 90 91 92 99 106 107 112 113 115 117 118 120 121 133 135 144 145 146 147 150 152 153 161 162 163 164 165 166 167 169 172 173 177 179 180 184 185 186 187 188 189 190 191 194 196 197 198 199 204 209 211 212 213 217 218 219 222 228 232 233 234 235 242 244 246 249
46 498 66 49 57 58 60 130 85 90 106 113 115 117 166 190 191 198 199 204 211 212 213 217 232 235 242 249
47 250 66 49 54 57 58 60 65 130 67 74 77 82 85 90 91 92 106 107 112 113 115 117 118 120 133 135 144 145 146 147 150 152 153 161 162 163 164 165 166 167 169 172 173 177 179 180 185 187 188 189 190 191 196 198 199 204 209 211 212 213 217 218 219 222 228 232 233 234 235 242 244 246 249
48 252
49 476 66 50 51 52 54 56 57 58 60 65 130 67 68 69 74 76 77 79 81 82 84 85 86 88 90 91 92 96 99 102 103 106 107 108 110 112 113 115 117 118 119 120 121 124 125 127 133 135 143 144 145 146 147 148 149 150 152 153 154 161 162 163 164 165 166 167 168 169 170 172 173 175 176 177 179 180 182 183 184 185 186 187 188 189 190 191 192 193 194 195 196 197 198 199 201 204 205 207 209 210 211 212 213 217 218 219 220 221 222 223 224 225 228 229 230 231 232 233 234 235 237 238 239 242 244 246 249
50 250 66 57 58 60 65 130 67 85 90 106 112 113 115 117 144 152 162 166 173 177 188 189 190 191 196 198 199 204 209 211 212 213 217 222 232 233 234 235 242 244 249
51 274 66 57 60 130 85 90 106 113 115 166 198 199 213 217 232 235 242 249
52 363 66 54 57 58 60 65 130 67 74 77 82 85 90 106 112 113 115 117 118 120 144 146 147 150 152 153 162 163 164 165 166 172 173 177 179 180 187 188 189 190 191 196 198 199 204 209 211 212 213 217 219 222 228 232 233 234 235 242 244 246 249
53 257
54 380 66 57 58 60 65 130 67 68 74 77 79 82 85 86 88 90 91 92 96 99 103 106 107 108 112 113 115 117 118 119 120 121 124 127 133 135 144 145 146 147 150 152 153 154 161 162 163 164 165 166 167 168 169 170 172 173 176 177 179 180 182 183 184 185 186 187 188 189 190 191 192 193 194 195 196 197 198 199 204 205 207 209 211 212 213 217 218 219 222 224 228 230 231 232 233 234 235 239 242 244 246 249
55 383 66 60 130 85 106 113 115 199 213 217 232 235 249
56 269 66 57 58 60 65 130 67 85 90 106 112 113 115 117 144 152 162 166 173 177 188 189 190 191 196 198 199 204 209 211 212 213 217 222 232 233 234 235 242 244 249
57 348 66 58 60 65 130 67 68 69 74 76 77 79 81 82 83 84 85 86 88 90 91 92 96 99 102 103 106 107 108 110 112 113 115 117 118 119 120 121 122 124 125 127 133 135 143 144 145 146 147 148 149 150 152 153 154 158 161 162 163 164 165 166 167 168 169 170 172 173 175 176 177 179 180 182 183 184 185 186 187 188 189 190 191 192 193 194 195 196 197 198 199 201 204 205 207 209 210 211 212 213 216 217 218 219 220 221 222 223 224 225 228 229 230 231 232 233 234 235 237 238 239 242 244 246 249
58 488 66 60 65 130 67 68 69 74 76 77 79 81 82 85 86 88 90 91 92 96 99 102 103 106 107 108 110 112 113 115 117 118 119 120 121 124 127 133 135 143 144 145 146 147 148 149 150 152 153 154 161 162 163 164 165 166 167 168 169 170 172 173 175 176 177 179 180 182 183 184 185 186 187 188 189 190 191 192 193 194 195 196 197 198 199 204 205 207 209 211 212 213 217 218 219 220 222 223 224 225 228 230 231 232 233 234 235 237 238 239 242 244 246 249
59 252
60 260 66 65 130 67 68 69 73 74 76 77 79 81 82 83 84 85 86 88 90 91 92 96 97 98 99 102 103 106 107 108 110 112 113 115 117 118 119 120 121 122 124 125 127 132 133 135 138 139 140 143 144 145 146 147 148 149 150 152 153 154 155 157 158 159 160 161 162 163 164 165 166 167 168 169 170 172 173 175 176 177 179 180 181 182 183 184 185 186 187 188 189 190 191 192 193 194 195 196 197 198 199 201 204 205 206 207 209 210 211 212 213 214 216 217 218 219 220 221 222 223 224 225 227 228 229 230 231 232 233 234 235 237 238 239 241 242 244 246 249
61 448
62 261
63 291
64 468
65 262 66 130 67 68 69 74 76 77 79 81 82 85 86 88 90 91 92 96 99 102 103 106 107 108 112 113 115 117 118 119 120 121 124 127 133 135 143 144 145 146 147 149 150 152 153 154 161 162 163 164 165 166 167 168 169 170 172 173 176 177 179 180 182 183 184 185 186 187 188 189 190 191 192 193 194 195 196 197 198 199 204 205 207 209 211 212 213 217 218 219 220 222 223 224 225 228 230 231 232 233 234 235 238 239 242 244 246 249
66 270 130 67 68 69 74 76 77 79 81 82 83 84 85 86 88 90 91 92 96 97 98 99 102 103 106 107 108 110 112 113 115 117 118 119 120 121 122 124 125 127 132 133 135 138 143 144 145 146 147 148 149 150 152 153 154 155 158 161 162 163 164 165 166 167 168 169 170 172 173 175 176 177 179 180 182 183 184 185 186 187 188 189 190 191 192 193 194 195 196 197 198 199 201 204 205 206 207 209 210 211 212 213 216 217 218 219 220 221 222 223 224 225 228 229 230 231 232 233 234 235 237 238 239 242 244 246 249
67 388 130 68 69 74 76 77 79 81 82 85 86 88 90 91 92 96 99 103 106 107 108 112 113 115 117 118 119 120 121 124 127 133 135 144 145 146 147 149 150 152 153 154 161 162 163 164 165 166 167 168 169 170 172 173 176 177 179 180 182 183 184 185 186 187 188 189 190 191 192 193 194 195 196 197 198 199 204 205 207 209 211 212 213 217 218 219 220 222 224 225 228 230 231 232 233 234 235 239 242 244 246 249
68 263 130 85 90 106 112 113 115 117 144 152 162 166 173 177 188 189 190 191 196 198 199 204 209 211 212 213 217 222 232 233 234 235 242 244 249
69 349 130 85 90 106 112 113 115 117 144 152 162 166 173 177 188 189 190 191 196 198 199 204 209 211 212 213 217 222 232 233 234 235 242 244 249
70 351
71 260
72 389
73 435 130 85 106 113 115 199 217 235
74 252 130 77 82 85 88 90 91 92 99 106 107 112 113 115 117 118 120 121 133 135 144 145 146 147 150 152 153 161 162 163 164 165 166 167 169 172 173 177 179 180 184 185 186 187 188 189 190 191 194 196 197 198 199 204 209 211 212 213 217 218 219 222 228 232 233 234 235 242 244 246 249
75 313
76 350 130 85 90 106 112 113 115 117 144 152 162 166 173 177 188 189 190 191 196 198 199 204 209 211 212 213 217 222 232 233 234 235 242 249
77 281 130 82 85 88 90 91 92 99 106 107 112 113 115 117 118 120 121 127 133 135 144 145 146 147 150 152 153 161 162 163 164 165 166 167 169 172 173 176 177 179 180 184 185 186 187 188 189 190 191 193 194 196 197 198 199 204 209 211 212 213 217 218 219 222 228 232 233 234 235 242 244 246 249
78 369
79 436 130 85 90 106 112 113 115 117 144 150 152 162 163 166 173 177 187 188 189 190 191 196 198 199 204 209 211 212 213 217 222 232 233 234 235 242 244 249
80 269
81 295 130 85 90 106 112 113 115 117 144 152 162 166 173 177 188 189 190 191 196 198 199 204 209 211 212 213 217 222 232 233 234 235 242 244 249
82 451 130 85 88 90 91 92 99 103 106 107 112 113 115 117 118 120 121 127 133 135 144 145 146 147 150 152 153 161 162 163 164 165 166 167 169 172 173 176 177 179 180 184 185 186 187 188 189 190 191 193 194 196 197 198 199 204 207 209 211 212 213 217 218 219 222 228 232 233 234 235 239 242 244 246 249
83 271 130 85 90 106 113 115 166 198 199 213 217 232 235 242 249
84 278 130 85 90 106 113 115 166 190 198 199 204 213 217 232 235 242 249
85 442 130 86 88 90 91 92 96 97 98 99 102 103 106 107 108 110 112 113 115 117 118 119 120 121 122 124 125 127 132 133 135 138 143 144 145 146 147 148 149 150 152 153 154 155 158 161 162 163 164 165 166 167 168 169 170 172 173 175 176 177 179 180 182 183 184 185 186 187 188 189 190 191 192 193 194 195 196 197 198 199 201 204 205 206 207 209 210 211 212 213 216 217 218 219 220 221 222 223 224 225 228 229 230 231 232 233 234 235 237 238 239 242 244 246 249
86 251 130 90 106 112 113 115 117 144 150 152 162 163 165 166 173 177 187 188 189 190 191 196 198 199 204 209 211 212 213 217 222 232 233 234 235 242 244 249
87 307
88 377 130 90 106 112 113 115 117 118 120 144 146 147 150 152 153 162 163 164 165 166 172 173 177 179 180 187 188 189 190 191 196 198 199 204 209 211 212 213 217 219 222 228 232 233 234 235 242 244 246 249
89 306
90 317 130 91 92 96 99 102 103 106 107 108 110 112 113 115 117 118 119 120 121 122 124 125 127 133 135 143 144 145 146 147 148 149 150 152 153 154 158 161 162 163 164 165 166 167 168 169 170 172 173 175 176 177 179 180 182 183 184 185 186 187 188 189 190 191 192 193 194 195 196 197 198 199 201 204 205 207 209 210 211 212 213 216 217 218 219 220 221 222 223 224 225 228 229 230 231 232 233 234 235 237 238 239 242 244 246 249
91 398 130 92 106 107 112 113 115 117 118 120 135 144 146 147 150 152 153 162 163 164 165 166 169 172 173 177 179 180 187 188 189 190 191 196 198 199 204 209 211 212 213 217 218 219 222 228 232 233 234 235 242 244 246 249
92 263 130 106 107 112 113 115 117 118 120 135 144 146 147 150 152 153 162 163 164 165 166 167 169 172 173 177 179 180 185 187 188 189 190 191 196 198 199 204 209 211 212 213 217 218 219 222 228 232 233 234 235 242 244 246 249
93 339
94 480
95 254
96 266 130 106 112 113 115 117 144 150 152 162 166 173 177 187 188 189 190 191 196 198 199 204 209 211 212 213 217 222 232 233 234 235 242 244 249
97 396 130 106 113 115 199 213 217 232 235 249
98 269 130 106 113 115 199 217 235
99 335 130 106 112 113 115 117 118 120 144 146 147 150 152 153 162 163 164 165 166 172 173 177 179 180 187 188 189 190 191 196 198 199 204 209 211 212 213 217 219 222 228 232 233 234 235 242 244 246 249
100 404
101 256
102 340 130 106 113 115 117 166 177 188 190 191 196 198 199 204 211 212 213 217 232 235 242 249
103 482 130 106 112 113 115 117 118 120 144 147 150 152 153 162 163 165 166 173 177 180 187 188 189 190 191 196 198 199 204 209 211 212 213 217 219 222 232 233 234 235 242 244 249
104 255
105 263
106 382 130 107 108 110 112 113 115 117 118 119 120 121 122 124 125 127 132 133 135 138 143 144 145 146 147 148 149 150 152 153 154 155 158 160 161 162 163 164 165 166 167 168 169 170 172 173 175 176 177 179 180 182 183 184 185 186 187 188 189 190 191 192 193 194 195 196 197 198 199 201 204 205 206 207 209 210 211 212 213 216 217 218 219 220 221 222 223 224 225 228 229 230 231 232 233 234 235 237 238 239 242 244 246 249
107 298 130 112 113 115 117 118 120 133 135 144 146 147 150 152 153 162 163 164 165 166 167 169 172 173 177 179 180 185 187 188 189 190 191 196 198 199 204 209 211 212 213 217 218 219 222 228 232 233 234 235 242 244 246 249
108 320 130 112 113 115 117 144 150 152 162 166 173 177 187 188 189 190 191 196 198 199 204 209 211 212 213 217 222 232 233 234 235 242 244 249
109 408
110 267 130 113 115 117 166 177 190 191 198 199 204 211 212 213 217 232 235 242 249
111 325
112 360 130 113 115 117 118 119 120 121 124 127 133 135 144 145 146 147 149 150 152 153 154 161 162 163 164 165 166 167 168 169 170 172 173 176 177 179 180 182 183 184 185 186 187 188 189 190 191 192 193 194 195 196 197 198 199 204 205 207 209 211 212 213 217 218 219 220 222 223 224 225 228 230 231 232 233 234 235 239 242 244 246 249
113 255 130 115 117 118 119 120 121 122 124 125 127 132 133 135 138 139 140 143 144 145 146 147 148 149 150 152 153 154 155 157 158 159 160 161 162 163 164 165 166 167 168 169 170 172 173 175 176 177 179 180 181 182 183 184 185 186 187 188 189 190 191 192 193 194 195 196 197 198 199 201 204 205 206 207 209 210 211 212 213 214 216 217 218 219 220 221 222 223 224 225 227 228 229 230 231 232 233 234 235 237 238 239 241 242 244 246 249
114 385
115 449 130 117 118 119 120 121 122 124 125 127 132 133 135 138 139 140 143 144 145 146 147 148 149 150 152 153 154 155 158 159 160 161 162 163 164 165 166 167 168 169 170 172 173 175 176 177 179 180 181 182 183 184 185 186 187 188 189 190 191 192 193 194 195 196 197 198 199 201 204 205 206 207 209 210 211 212 213 214 216 217 218 219 220 221 222 223 224 225 227 228 229 230 231 232 233 234 235 237 238 239 242 244 246 249
116 250
117 301 130 118 119 120 121 124 127 133 135 143 144 145 146 147 148 149 150 152 153 154 161 162 163 164 165 166 167 168 169 170 172 173 175 176 177 179 180 182 183 184 185 186 187 188 189 190 191 192 193 194 195 196 197 198 199 201 204 205 207 209 211 212 213 217 218 219 220 222 223 224 225 228 230 231 232 233 234 235 237 238 239 242 244 246 249
118 455 130 120 121 127 133 135 144 145 146 147 150 152 153 161 162 163 164 165 166 167 169 172 173 176 177 179 180 184 185 186 187 188 189 190 191 193 194 196 197 198 199 204 207 209 211 212 213 217 218 219 222 228 232 233 234 235 239 242 244 246 249
119 270 130 144 152 162 166 173 177 188 189 190 191 196 198 199 204 209 211 212 213 217 222 232 233 234 235 242 244 249
120 275 130 121 127 133 135 144 145 146 147 150 152 153 161 162 163 164 165 166 167 169 172 173 176 177 179 180 184 185 186 187 188 189 190 191 193 194 196 197 198 199 204 207 209 211 212 213 217 218 219 222 228 232 233 234 235 239 242 244 246 249
121 396 130 144 146 147 150 152 153 162 163 164 165 166 172 173 177 179 180 187 188 189 190 191 196 198 199 204 209 211 212 213 217 219 222 228 232 233 234 235 242 244 246 249
122 270 130 166 199 213 217 232 235 242 249
123 334
124 450 130 144 150 152 162 163 166 173 177 187 188 189 190 191 196 198 199 204 209 211 212 213 217 222 232 233 234 235 242 244 249
125 273 130 166 190 198 199 204 213 217 232 235 242 249
126 277
127 371 130 144 146 147 150 152 153 162 163 164 165 166 172 173 177 180 187 188 189 190 191 196 198 199 204 209 211 212 213 217 219 222 232 233 234 235 242 244 249
128 258
129 371
130 362 132 133 135 138 140 143 144 145 146 147 148 149 150 152 153 154 155 158 160 161 162 163 164 165 166 167 168 169 170 172 173 175 176 177 179 180 182 183 184 185 186 187 188 189 190 191 192 193 194 195 196 197 198 199 201 204 205 206 207 209 210 211 212 213 216 217 218 219 220 221 222 223 224 225 228 229 230 231 232 233 234 235 237 238 239 242 244 246 249
131 275
132 363 199 213 217 232 235 249
133 378 135 144 146 147 150 152 153 162 163 164 165 166 169 172 173 177 179 180 187 188 189 190 191 196 198 199 204 209 211 212 213 217 218 219 222 228 232 233 234 235 242 244 246 249
134 275
135 347 144 146 147 150 152 153 162 163 164 165 166 167 169 172 173 177 179 180 185 187 188 189 190 191 196 198 199 204 209 211 212 213 217 218 219 222 228 232 233 234 235 242 244 246 249
136 498
137 250
138 252 166 199 213 217 232 235 249
139 367
140 309 199 217
141 324
142 481
143 255 166 177 190 191 196 198 199 204 211 212 213 217 232 235 242 249
144 264 145 146 147 149 150 152 153 154 161 162 163 164 165 166 167 168 169 170 172 173 176 177 179 180 182 183 184 185 186 187 188 189 190 191 192 193 194 195 196 197 198 199 204 205 207 209 211 212 213 217 218 219 220 222 223 224 225 228 230 231 232 233 234 235 239 242 244 246 249
145 488 146 147 150 152 153 162 163 164 165 166 169 172 173 177 179 180 187 188 189 190 191 196 198 199 204 209 211 212 213 217 218 219 222 228 232 233 234 235 242 244 246 249
146 253 147 150 152 153 161 162 163 164 165 166 167 169 172 173 176 177 179 180 184 185 186 187 188 189 190 191 193 194 196 197 198 199 204 209 211 212 213 217 218 219 222 228 232 233 234 235 239 242 244 246 249
147 259 150 152 153 161 162 163 164 165 166 167 169 172 173 176 177 179 180 184 185 186 187 188 189 190 191 193 194 196 197 198 199 204 207 209 211 212 213 217 218 219 222 228 232 233 234 235 239 242 244 246 249
148 487 166 190 191 198 199 204 211 212 213 217 232 235 242 249
149 250 152 162 166 173 177 188 189 190 191 196 198 199 204 209 211 212 213 217 222 232 233 234 235 242 249
150 263 152 153 154 161 162 163 164 165 166 167 169 170 172 173 176 177 179 180 182 183 184 185 186 187 188 189 190 191 193 194 196 197 198 199 204 205 207 209 211 212 213 217 218 219 222 228 230 232 233 234 235 239 242 244 246 249
151 366
152 300 153 154 161 162 163 164 165 166 167 168 169 170 172 173 176 177 179 180 182 183 184 185 186 187 188 189 190 191 192 193 194 195 196 197 198 199 204 205 207 209 211 212 213 217 218 219 220 222 224 225 228 230 231 232 233 234 235 239 242 244 246 249
153 334 161 162 163 164 165 166 167 169 172 173 176 177 179 180 184 185 186 187 188 189 190 191 193 194 196 197 198 199 204 207 209 211 212 213 217 218 219 222 228 232 233 234 235 239 242 244 246 249
154 355 162 163 166 173 177 187 188 189 190 191 196 198 199 204 209 211 212 213 217 222 232 233 234 235 242 244 249
155 319 166 199 213 217 232 235 249
156 326
157 403
158 254 166 198 199 213 217 232 235 242 249
159 343
160 466 199 217
161 259 162 163 164 165 166 169 172 173 177 179 180 187 188 189 190 191 196 198 199 204 209 211 212 213 217 218 219 222 228 232 233 234 235 242 244 246 249
162 275 163 164 165 166 167 168 169 170 172 173 176 177 179 180 182 183 184 185 186 187 188 189 190 191 192 193 194 195 196 197 198 199 204 205 207 209 211 212 213 217 218 219 220 222 224 225 228 230 231 232 233 234 235 239 242 244 246 249
163 402 164 165 166 167 169 170 172 173 176 177 179 180 182 184 185 186 187 188 189 190 191 193 194 196 197 198 199 204 207 209 211 212 213 217 218 219 222 228 232 233 234 235 239 242 244 246 249
164 278 165 166 167 169 172 173 176 177 179 180 184 185 186 187 188 189 190 191 193 194 196 197 198 199 204 209 211 212 213 217 218 219 222 228 232 233 234 235 242 244 246 249
165 320 166 167 169 170 172 173 176 177 179 180 184 185 186 187 188 189 190 191 193 194 196 197 198 199 204 207 209 211 212 213 217 218 219 222 228 232 233 234 235 239 242 244 246 249
166 459 167 168 169 170 172 173 175 176 177 179 180 182 183 184 185 186 187 188 189 190 191 192 193 194 195 196 197 198 199 201 204 205 207 209 210 211 212 213 216 217 218 219 220 221 222 223 224 225 228 229 230 231 232 233 234 235 237 238 239 242 244 246 249
167 266 169 172 173 177 179 180 187 188 189 190 191 196 198 199 204 209 211 212 213 217 218 219 222 228 232 233 234 235 242 244 246 249
168 275 173 177 188 189 190 191 196 198 199 204 209 211 212 213 217 222 232 233 234 235 242 244 249
169 395 172 173 177 179 180 185 187 188 189 190 191 196 198 199 204 209 211 212 213 217 218 219 222 228 232 233 234 235 242 244 246 249
170 254 173 177 187 188 189 190 191 196 198 199 204 209 211 212 213 217 222 232 233 234 235 242 244 249
171 351
172 378 173 176 177 179 180 184 185 186 187 188 189 190 191 193 194 196 197 198 199 204 207 209 211 212 213 217 218 219 222 228 232 233 234 235 239 242 244 246 249
173 305 176 177 179 180 182 183 184 185 186 187 188 189 190 191 192 193 194 195 196 197 198 199 204 205 207 209 211 212 213 217 218 219 220 222 224 225 228 230 231 232 233 234 235 239 242 244 246 249
174 317
175 383 190 191 198 199 204 211 212 213 217 232 235 242 249
176 271 177 180 187 188 189 190 191 196 198 199 204 209 211 212 213 217 219 222 232 233 234 235 242 244 249
177 346 179 180 182 183 184 185 186 187 188 189 190 191 192 193 194 195 196 197 198 199 204 205 207 209 211 212 213 217 218 219 220 222 223 224 225 228 230 231 232 233 234 235 238 239 242 244 246 249
178 406
179 286 180 184 185 186 187 188 189 190 191 194 196 197 198 199 204 209 211 212 213 217 218 219 222 228 232 233 234 235 242 244 246 249
180 308 184 185 186 187 188 189 190 191 193 194 196 197 198 199 204 207 209 211 212 213 217 218 219 222 228 232 233 234 235 239 242 244 246 249
181 447 199
182 270 187 188 189 190 191 196 198 199 204 209 211 212 213 217 222 232 233 234 235 242 244 249
183 283 187 188 189 190 191 196 198 199 204 209 211 212 213 217 222 232 233 234 235 242 244 249
184 493 187 188 189 190 191 196 198 199 204 209 211 212 213 217 219 222 228 232 233 234 235 242 244 246 249
185 251 187 188 189 190 191 196 198 199 204 209 211 212 213 217 218 219 222 228 232 233 234 235 242 244 246 249
186 256 187 188 189 190 191 196 198 199 204 209 211 212 213 217 219 222 228 232 233 234 235 242 244 246 249
187 454 188 189 190 191 192 193 194 195 196 197 198 199 204 205 207 209 211 212 213 217 218 219 222 228 230 232 233 234 235 239 242 244 246 249
188 267 189 190 191 192 193 194 195 196 197 198 199 204 205 207 209 211 212 213 217 218 219 220 222 223 224 225 228 230 231 232 233 234 235 239 242 244 246 249
189 279 190 191 192 193 194 195 196 197 198 199 204 205 207 209 211 212 213 217 218 219 220 222 223 224 225 228 230 231 232 233 234 235 239 242 244 246 249
190 469 191 192 193 194 195 196 197 198 199 201 204 205 207 209 211 212 213 217 218 219 220 222 223 224 225 228 230 231 232 233 234 235 237 238 239 242 244 246 249
191 261 192 193 194 195 196 197 198 199 204 205 207 209 211 212 213 217 218 219 220 222 223 224 225 228 230 231 232 233 234 235 237 238 239 242 244 246 249
192 270 196 198 199 204 209 211 212 213 217 222 232 233 234 235 242 244 249
193 359 196 198 199 204 209 211 212 213 217 219 222 232 233 234 235 242 244 249
194 262 196 198 199 204 209 211 212 213 217 219 222 228 232 233 234 235 242 244 246 249
195 379 196 198 199 204 209 211 212 213 217 222 232 233 234 235 242 244 249
196 402 197 198 199 204 205 207 209 211 212 213 217 218 219 220 222 223 224 225 228 230 231 232 233 234 235 239 242 244 246 249
197 278 198 199 204 209 211 212 213 217 219 222 228 232 233 234 235 242 244 246 249
198 320 199 201 204 205 207 209 210 211 212 213 217 218 219 220 221 222 223 224 225 228 229 230 231 232 233 234 235 237 238 239 242 244 246 249
199 429 201 204 205 206 207 209 210 211 212 213 214 216 217 218 219 220 221 222 223 224 225 227 228 229 230 231 232 233 234 235 237 238 239 242 244 246 249
200 254
201 317 204 211 212 213 217 232 235 242 249
202 365
203 289
204 346 205 207 209 211 212 213 217 218 219 220 221 222 223 224 225 228 230 231 232 233 234 235 237 238 239 242 244 246 249
205 391 209 211 212 213 217 222 232 233 234 235 242 244 249
206 264 213 217 232 235 249
207 345 209 211 212 213 217 219 222 232 233 234 235 242 244 249
208 395
209 286 211 212 213 217 218 219 220 222 223 224 225 228 230 231 232 233 234 235 239 242 244 246 249
210 319 213 217 232 235 242 249
211 411 212 213 217 218 219 220 222 223 224 225 228 230 231 232 233 234 235 237 238 239 242 244 246 249
212 276 213 217 218 219 220 222 223 224 225 228 230 231 232 233 234 235 237 238 239 242 244 246 249
213 313 216 217 218 219 220 221 222 223 224 225 228 229 230 231 232 233 234 235 237 238 239 242 244 246 249
214 382
215 293
216 325 217 232 235 242 249
217 378 218 219 220 221 222 223 224 225 228 229 230 231 232 233 234 235 237 238 239 242 244 246 249
218 288 219 222 228 232 233 234 235 242 244 246 249
219 334 222 228 232 233 234 235 239 242 244 246 249
220 401 222 232 233 234 235 242 244 249
221 287 232 235 242 249
222 312 224 228 230 231 232 233 234 235 239 242 244 246 249
223 436 232 233 234 235 242 249
224 264 232 233 234 235 242 244 249
225 300 232 233 234 235 242 249
226 442
227 250
228 308 232 233 234 235 242 244 246 249
229 407 232 235 242 249
230 276 232 233 234 235 242 244 249
231 317 232 233 234 235 242 244 249
232 493 233 234 235 237 238 239 242 244 246 249
233 252 234 235 239 242 244 246 249
234 255 235 239 242 244 246 249
235 464 237 238 239 242 244 246 249
236 261
237 275 242 249
238 405 242 249
239 257 242 244 249
240 338
241 404
242 262 244 246 249
243 334
244 475 246 249
245 258
246 267 249
247 363
248 276
249 361
