120 1000
1 412 2 4 6 8 12 15 17 18 20 23 25 26 28 29 34 38 39 41 43 48 53 56 58 59 63 64 70 72 73 77 78 79 80 83 84 87 90 91 97 105 110 115 118
2 275 4 6 8 12 15 16 17 18 20 23 25 26 28 29 34 35 36 38 39 41 43 48 53 56 58 59 63 64 70 72 73 77 78 79 80 83 84 87 90 91 97 105 110 115 118
3 313 20 26 41 48 56 70 72 80 110
4 465 12 15 17 20 23 25 26 28 34 39 41 43 48 56 58 59 63 70 72 73 77 78 79 80 83 90 91 97 110 115 118
5 264
6 271 15 17 20 23 25 26 28 39 41 48 56 59 63 70 72 73 77 78 80 90 97 110 115 118
7 449
8 264 15 17 20 23 25 26 28 39 41 48 56 59 63 70 72 73 77 78 80 90 97 110 115 118
9 287
10 456
11 268
12 276 15 17 20 23 25 26 28 34 39 41 43 48 56 58 59 63 70 72 73 77 78 79 80 83 90 91 97 110 115 118
13 401 17 20 23 25 26 39 41 48 56 70 72 73 77 78 80 90 110
14 288
15 311 17 18 20 23 25 26 28 29 34 39 41 43 48 53 56 58 59 63 64 70 72 73 77 78 79 80 83 84 87 90 91 97 105 110 115 118
16 400 17 20 23 25 26 39 41 48 56 59 70 72 73 77 78 80 90 110
17 275 18 20 23 25 26 28 29 34 35 36 38 39 41 43 48 53 56 58 59 63 64 70 72 73 77 78 79 80 83 84 87 90 91 97 105 110 115 118 120
18 325 20 23 25 26 28 39 41 48 56 59 63 70 72 73 77 78 80 90 97 110 115 118
19 399
20 269 22 23 24 25 26 28 29 32 33 66 34 35 36 38 39 41 43 44 48 49 53 54 55 56 57 58 59 63 64 67 70 72 73 76 77 78 79 80 83 84 87 88 90 91 93 94 97 98 99 100 103 105 107 110 111 113 115 117 118 120
21 332
22 472 26 39 41 48 56 70 72 73 77 80 110
23 262 25 26 28 29 34 35 36 38 39 41 43 48 53 56 58 59 63 64 70 72 73 77 78 79 80 83 84 87 90 91 97 105 110 115 118 120
24 266 25 26 39 41 48 56 70 72 73 77 80 90 110
25 435 26 28 29 34 35 36 38 39 41 43 48 53 54 56 58 59 63 64 70 72 73 77 78 79 80 83 84 87 90 91 94 97 103 105 110 115 117 118 120
26 257 28 29 32 66 34 35 36 38 39 41 43 44 48 49 53 54 56 58 59 63 64 67 70 72 73 76 77 78 79 80 83 84 87 88 90 91 93 94 97 98 100 103 105 107 110 113 115 117 118 120
27 308
28 365 29 34 36 38 39 41 43 48 53 56 58 59 63 64 70 72 73 77 78 79 80 83 84 87 90 91 97 105 110 115 118
29 258 34 39 41 48 56 59 63 70 72 73 77 78 79 80 90 91 97 110 115 118
30 377
31 493
32 251 39 41 48 56 70 72 73 77 80 110
33 256 41 48 70 72
34 488 39 41 43 48 53 56 58 59 63 70 72 73 77 78 79 80 83 87 90 91 97 110 115 118
35 252 39 41 48 56 59 70 72 73 77 78 80 90 110
36 260 39 41 48 56 59 70 72 73 77 78 80 90 97 110
37 383
38 288 39 41 48 56 59 63 70 72 73 77 78 80 90 97 110
39 329 41 43 44 48 49 53 54 56 58 59 63 64 67 70 72 73 76 77 78 79 80 83 84 87 90 91 94 97 103 105 107 110 115 117 118 120
40 385
41 266 66 43 44 48 49 53 54 56 58 59 63 64 67 70 72 73 76 77 78 79 80 83 84 87 88 90 91 93 94 97 98 100 103 105 107 110 113 115 117 118 120
42 349
43 443 48 56 58 59 63 70 72 73 77 78 79 80 83 90 91 97 110 115 118
44 277 48 56 70 72 73 77 80 110
45 280
46 483
47 256
48 261 66 49 53 54 56 57 58 59 63 64 67 70 72 73 76 77 78 79 80 83 84 87 88 90 91 93 94 97 98 100 103 105 107 110 113 115 117 118 120
49 443 56 70 72 73 77 80 110
50 265
51 292
52 499
53 250 56 58 59 63 70 72 73 77 78 79 80 90 91 97 110 115 118
54 251 56 70 72 73 77 80 110
55 354 70
56 296 66 58 59 63 64 67 70 72 73 76 77 78 79 80 83 84 87 88 90 91 93 94 97 98 100 103 105 107 110 113 115 117 118 120
57 350 70 72
58 491 59 63 70 72 73 77 78 79 80 83 87 90 91 97 110 115 118
59 253 63 64 70 72 73 77 78 79 80 83 84 87 90 91 97 105 110 115 118
60 256
61 355
62 268
63 377 64 70 72 73 77 78 79 80 83 84 87 90 91 97 105 110 115 118
64 360 70 72 73 77 78 80 90 91 97 110 115 118
65 297
66 343 70 72 80 110
67 463 70 72 73 77 80 110
68 256
69 281
70 374 72 73 76 77 78 79 80 83 84 87 88 90 91 93 94 97 98 99 100 103 105 107 110 111 113 115 117 118 120
71 300
72 326 73 76 77 78 79 80 83 84 87 88 90 91 93 94 97 98 100 103 105 107 110 113 115 117 118 120
73 372 76 77 78 79 80 83 84 87 90 91 94 97 103 105 107 110 115 117 118 120
74 291
75 337
76 400 77 80 110
77 253 78 79 80 83 84 87 90 91 94 97 103 105 107 110 115 117 118 120
78 347 79 80 83 84 87 90 91 97 105 110 115 118 120
79 422 80 83 87 90 91 97 110 115 118
80 268 83 84 87 88 90 91 93 94 97 98 100 103 105 107 110 113 115 117 118 120
81 310
82 395
83 267 90 91 97 110 115 118
84 338 90 97 110 115 118
85 450
86 262
87 288 90 91 97 110 115 118
88 424 110
89 266
90 310 91 97 105 110 115 118 120
91 408 97 105 110 115 118
92 291
93 301 110
94 493 110
95 252
96 255
97 372 105 110 115 118
98 308 110
99 320
100 393 110
101 263
102 344
103 485 110
104 251
105 264 110 115 118
106 400
107 295 110
108 305
109 429
110 275 115 117 118 120
111 296
112 465
113 262
114 273
115 378 118
116 261
117 361
118 491
119 251
120 258
