120 1000
1 373 3 4 6 7 11 12 14 15 19 21 22 24 25 27 28 29 30 31 66 39 40 41 42 46 47 48 49 50 51 52 54 55 56 57 60 63 65 67 68 69 70 71 72 73 76 78 80 81 83 84 86 88 89 94 95 96 97 99 100 101 104 108 110 111 118 119 120
2 267
3 360 66 51 52 72 84 108
4 432 11 14 15 19 21 22 24 30 66 39 40 41 47 49 51 52 54 56 60 67 71 72 80 81 84 96 99 101 104 108 110 111 118 119 120
5 279
6 289 14 24 30 66 41 47 49 51 52 56 72 84 108 110 118
7 462 66 51 52 84 108
8 263
9 275
10 480
11 254 12 14 15 19 21 22 24 30 66 39 40 41 47 48 49 51 52 54 56 57 60 67 69 71 72 76 80 81 83 84 86 89 96 99 101 104 108 110 111 118 119 120
12 266 14 15 22 24 30 66 39 40 41 47 49 51 52 54 56 67 72 80 81 84 99 101 104 108 110 111 118 119
13 488
14 252 15 19 21 22 24 25 29 30 66 39 40 41 42 46 47 48 49 50 51 52 54 55 56 57 60 65 67 69 70 71 72 76 78 80 81 83 84 86 89 96 97 99 100 101 104 108 110 111 118 119 120
15 260 19 21 22 24 30 66 39 40 41 47 48 49 51 52 54 56 60 67 69 71 72 76 80 81 83 84 89 96 99 101 104 108 110 111 118 119 120
16 484
17 255
18 261
19 414 21 22 24 30 66 39 40 41 47 49 51 52 54 56 67 72 80 81 84 99 101 104 108 110 111 118 119
20 265
21 321 22 24 30 66 39 40 41 47 49 51 52 54 56 60 67 71 72 80 81 84 96 99 101 104 108 110 111 118 119 120
22 464 24 30 66 39 40 41 47 48 49 51 52 54 56 57 60 67 69 71 72 76 80 81 83 84 86 89 96 99 101 104 108 110 111 118 119 120
23 266
24 270 25 29 30 66 39 40 41 42 46 47 48 49 50 51 52 54 55 56 57 60 65 67 69 70 71 72 76 80 81 83 84 86 89 96 97 99 100 101 104 108 110 111 118 119 120
25 370 30 66 41 47 49 51 52 56 72 81 84 101 104 108 110 118
26 280
27 350 66 51 108
28 452 66 51 52 72 84 108
29 272 30 66 41 47 49 51 52 56 72 84 108 110 118
30 276 66 39 40 41 42 46 47 48 49 50 51 52 54 56 57 60 65 67 69 70 71 72 76 80 81 83 84 86 89 96 97 99 101 104 108 110 111 118 119 120
31 446 66 51 52 72 84 108
32 269
33 285
34 447
35 267
36 286
37 430
38 256
39 314 66 40 41 47 48 49 51 52 54 56 57 60 67 69 71 72 76 80 81 83 84 86 89 96 99 101 104 108 110 111 118 119 120
40 465 66 41 47 48 49 51 52 54 56 57 60 67 69 71 72 76 80 81 83 84 86 89 96 99 101 104 108 110 111 118 119 120
41 263 66 42 46 47 48 49 50 51 52 54 56 57 60 65 67 69 70 71 72 76 80 81 83 84 86 89 96 97 99 100 101 104 108 110 111 118 119 120
42 272 66 47 49 51 52 56 72 84 108 110 118
43 473
44 259
45 268
46 409 66 47 49 51 52 56 72 81 84 101 104 108 110 118
47 288 66 48 49 50 51 52 54 55 56 57 60 65 67 69 70 71 72 76 78 80 81 83 84 86 89 96 97 99 100 101 104 108 110 111 118 119 120
48 303 66 49 51 52 54 56 72 80 81 84 99 101 104 108 110 118 119
49 499 66 50 51 52 54 56 57 60 65 67 69 70 71 72 76 80 81 83 84 86 89 96 97 99 100 101 104 108 110 111 118 119 120
50 250 66 51 52 56 72 84 101 108 110 118
51 251 66 52 54 55 56 57 60 63 65 67 68 69 70 71 72 73 76 78 80 81 83 84 86 88 89 94 95 96 97 99 100 101 104 107 108 110 111 118 119 120
52 483 66 54 55 56 57 60 63 65 67 68 69 70 71 72 73 76 78 80 81 83 84 86 88 89 94 95 96 97 99 100 101 104 108 110 111 118 119 120
53 252
54 265 66 56 57 60 67 69 71 72 76 80 81 83 84 89 96 99 101 104 108 110 111 118 119 120
55 384 66 56 72 84 108 110 118
56 283 66 57 60 65 67 69 70 71 72 76 78 80 81 83 84 86 89 96 97 99 100 101 104 108 110 111 118 119 120
57 333 66 72 80 81 84 99 101 104 108 110 118 119
58 484
59 251
60 265 66 67 72 80 81 84 99 101 104 108 110 111 118 119
61 481
62 257
63 262 66 72 84 108 118
64 401
65 298 66 72 84 108 110 118
66 301 67 68 69 70 71 72 73 76 78 80 81 83 84 86 88 89 94 95 96 97 99 100 101 104 107 108 110 111 118 119 120
67 396 71 72 80 81 83 84 89 96 99 101 104 108 110 111 118 119 120
68 289 72 84 108 118
69 315 72 80 81 84 99 101 104 108 110 118 119
70 382 72 81 84 101 104 108 110 118
71 250 72 80 81 84 99 101 104 108 110 111 118 119
72 368 73 76 78 80 81 83 84 86 88 89 94 95 96 97 99 100 101 104 108 110 111 118 119 120
73 410 84 108
74 256
75 334
76 497 80 81 84 99 101 104 108 110 118 119
77 250
78 253 84 108 118
79 359
80 317 81 83 84 86 89 96 99 101 104 108 110 111 118 119 120
81 324 83 84 86 89 96 97 99 101 104 108 110 111 118 119 120
82 424
83 251 84 99 101 104 108 110 118 119
84 325 86 88 89 94 95 96 97 99 100 101 104 108 110 111 118 119 120
85 357
86 306 99 101 104 108 110 118 119
87 337
88 396 108
89 254 99 101 104 108 110 111 118 119
90 350
91 469
92 258
93 273
94 391 108 118
95 274 108
96 335 99 101 104 108 110 111 118 119
97 426 101 108 110 118
98 278
99 296 101 104 108 110 111 118 119 120
100 434 108 110 118
101 268 104 108 110 111 118 119 120
102 298
103 491
104 251 108 110 111 118 119 120
105 258
106 460
107 261 108
108 279 110 111 118 119 120
109 403
110 289 111 118 119 120
111 308 118 119 120
112 436
113 266
114 298
115 350
116 322
117 328
118 419 119 120
119 269 120
120 312
