120 1000
1 412
2 275 9 36 120
3 313
4 465 9 12 34 36 45 50 55 78 102 113 118 119 120
5 264
6 271 9 12 18 28 30 34 36 39 42 45 50 55 61 75 78 81 88 89 102 113 115 118 119 120
7 449 9 12 18 28 30 34 36 39 42 45 50 55 61 75 78 81 88 102 113 115 118 119 120
8 264
9 287 10 11 12 13 15 16 17 18 19 20 21 22 23 25 27 28 29 30 31 32 33 66 34 36 37 39 40 41 42 43 44 45 46 48 49 50 51 52 55 56 58 59 60 61 64 68 69 70 71 72 73 74 75 77 78 79 80 81 82 87 88 89 91 92 93 94 95 96 98 102 105 106 107 108 109 110 112 113 114 115 117 118 119 120
10 456 12 16 18 28 30 31 32 34 36 39 42 43 45 50 55 58 61 75 77 78 80 81 88 89 92 93 94 102 110 113 115 118 119 120
11 268 12 34 36 50 78 118 120
12 276 13 15 16 18 19 20 21 23 25 28 30 31 32 33 66 34 36 37 39 40 41 42 43 44 45 46 48 49 50 51 55 56 58 59 60 61 64 68 69 70 71 72 73 74 75 77 78 79 80 81 87 88 89 91 92 93 94 95 102 105 106 107 108 110 112 113 114 115 117 118 119 120
13 401 18 28 30 34 36 39 42 45 50 55 61 75 78 81 88 89 102 113 115 118 119 120
14 288
15 311 16 18 28 30 31 32 34 36 39 42 43 45 50 55 58 60 61 69 74 75 77 78 80 81 88 89 91 92 93 94 102 110 113 115 118 119 120
16 400 18 20 23 25 28 30 31 32 34 36 39 42 43 44 45 48 50 55 58 59 60 61 68 69 71 74 75 77 78 80 81 88 89 91 92 93 94 102 106 110 113 114 115 118 119 120
17 275 36 78 120
18 325 20 23 25 28 30 31 32 33 34 36 39 40 42 43 44 45 48 50 55 58 59 60 61 68 69 70 71 74 75 77 78 80 81 88 89 91 92 93 94 102 106 107 108 110 113 114 115 117 118 119 120
19 399 34 36 50 55 78 102 113 118 120
20 269 28 30 31 32 34 36 39 42 43 45 50 55 58 60 61 75 77 78 80 81 88 89 91 92 93 94 102 110 113 115 118 119 120
21 332 34 36 45 50 55 78 102 113 118 119 120
22 472 36 78 120
23 262 28 30 31 32 34 36 39 42 43 45 50 55 58 61 75 77 78 80 81 88 89 92 93 94 102 110 113 115 118 119 120
24 266
25 435 28 30 31 32 34 36 39 42 43 45 50 55 58 60 61 69 74 75 77 78 80 81 88 89 91 92 93 94 102 110 113 115 118 119 120
26 257
27 308 36 50 78 120
28 365 30 31 32 33 34 36 39 40 42 43 44 45 48 50 55 58 59 60 61 68 69 71 74 75 77 78 80 81 88 89 91 92 93 94 102 106 107 110 113 114 115 118 119 120
29 258 36 120
30 377 31 32 33 34 36 39 40 41 42 43 44 45 48 50 55 58 59 60 61 64 68 69 70 71 74 75 77 78 80 81 88 89 91 92 93 94 102 106 107 108 110 113 114 115 117 118 119 120
31 493 32 34 36 39 42 43 44 45 48 50 55 58 59 60 61 68 69 71 74 75 77 78 80 81 88 89 91 92 93 94 102 106 110 113 114 115 118 119 120
32 251 34 36 39 42 43 44 45 48 50 55 58 59 60 61 68 69 71 74 75 77 78 80 81 88 89 91 92 93 94 102 106 110 113 114 115 118 119 120
33 256 34 36 39 42 45 50 55 61 75 78 81 88 89 102 113 115 118 119 120
34 488 66 36 37 39 40 41 42 43 44 45 46 48 49 50 51 55 56 58 59 60 61 64 68 69 70 71 72 73 74 75 77 78 79 80 81 87 88 89 91 92 93 94 95 102 105 106 107 108 110 112 113 114 115 117 118 119 120
35 252
36 260 66 37 39 40 41 42 43 44 45 46 48 49 50 51 52 54 55 56 58 59 60 61 64 68 69 70 71 72 73 74 75 77 78 79 80 81 82 85 87 88 89 91 92 93 94 95 96 98 102 105 106 107 108 109 110 112 113 114 115 117 118 119 120
37 383 50 55 78 102 113 118 120
38 288
39 329 40 41 42 43 44 45 48 50 51 55 56 58 59 60 61 64 68 69 70 71 74 75 77 78 80 81 88 89 91 92 93 94 95 102 106 107 108 110 113 114 115 117 118 119 120
40 385 42 45 50 55 61 75 78 80 81 88 89 102 113 115 118 119 120
41 266 42 45 50 55 61 78 102 113 115 118 119 120
42 349 66 43 44 45 48 50 51 55 56 58 59 60 61 64 68 69 70 71 74 75 77 78 80 81 88 89 91 92 93 94 95 102 106 107 108 110 113 114 115 117 118 119 120
43 443 44 45 50 55 58 60 61 68 69 71 74 75 77 78 80 81 88 89 91 92 93 94 102 106 110 113 114 115 118 119 120
44 277 45 50 55 58 60 61 68 69 74 75 77 78 80 81 88 89 91 92 93 94 102 110 113 114 115 118 119 120
45 280 66 48 50 51 55 56 58 59 60 61 64 68 69 70 71 74 75 77 78 80 81 88 89 91 92 93 94 95 102 106 107 108 110 113 114 115 117 118 119 120
46 483 50 55 78 102 113 118 120
47 256
48 261 50 55 58 61 75 77 78 80 81 88 89 94 102 110 113 115 118 119 120
49 443 50 55 78 113 118 120
50 265 66 51 55 56 58 59 60 61 64 68 69 70 71 72 73 74 75 77 78 79 80 81 87 88 89 91 92 93 94 95 102 105 106 107 108 110 112 113 114 115 117 118 119 120
51 292 55 78 102 113 115 118 119 120
52 499 120
53 250
54 251 120
55 354 66 56 58 59 60 61 64 68 69 70 71 72 73 74 75 77 78 79 80 81 87 88 89 91 92 93 94 95 102 105 106 107 108 110 112 113 114 115 117 118 119 120
56 296 78 102 113 115 118 119 120
57 350
58 491 59 60 61 68 69 71 74 75 77 78 80 81 88 89 91 92 93 94 102 106 110 113 114 115 118 119 120
59 253 61 75 77 78 80 81 88 89 102 110 113 115 118 119 120
60 256 61 68 69 74 75 77 78 80 81 88 89 91 92 93 94 102 110 113 114 115 118 119 120
61 355 64 68 69 70 71 74 75 77 78 80 81 88 89 91 92 93 94 102 106 107 108 110 113 114 115 117 118 119 120
62 268
63 377
64 360 78 102 113 115 118 119 120
65 297
66 343 78 102 113 118 119 120
67 463
68 256 69 74 75 77 78 80 81 88 89 91 92 93 94 102 110 113 114 115 118 119 120
69 281 74 75 77 78 80 81 88 89 91 92 93 94 102 110 113 114 115 118 119 120
70 374 78 88 102 113 115 118 119 120
71 300 75 77 78 80 81 88 89 92 93 94 102 110 113 115 118 119 120
72 326 78 102 113 118 120
73 372 78 118 120
74 291 75 77 78 80 81 88 89 91 92 93 94 102 110 113 114 115 118 119 120
75 337 77 78 80 81 88 89 91 92 93 94 102 106 107 110 113 114 115 118 119 120
76 400
77 253 78 80 81 88 89 91 92 93 94 102 106 110 113 114 115 118 119 120
78 347 79 80 81 82 87 88 89 91 92 93 94 95 96 102 105 106 107 108 109 110 112 113 114 115 117 118 119 120
79 422 113 118 120
80 268 81 88 89 91 92 93 94 102 106 110 113 114 115 118 119 120
81 310 88 89 91 92 93 94 102 106 110 113 114 115 118 119 120
82 395 120
83 267
84 338
85 450 120
86 262
87 288 102 113 118 120
88 424 89 91 92 93 94 102 106 107 108 110 113 114 115 117 118 119 120
89 266 91 92 93 94 102 106 110 113 114 115 118 119 120
90 310
91 408 92 93 94 102 110 113 114 115 118 119 120
92 291 93 94 102 110 113 114 115 118 119 120
93 301 94 102 110 113 114 115 118 119 120
94 493 102 106 110 113 114 115 118 119 120
95 252 102 113 115 118 119 120
96 255 120
97 372
98 308 120
99 320
100 393
101 263
102 344 106 107 108 110 113 114 115 117 118 119 120
103 485
104 251
105 264 113 118 120
106 400 110 113 115 118 119 120
107 295 113 115 118 119 120
108 305 113 115 118 119 120
109 429 120
110 275 113 114 115 118 119 120
111 296
112 465 113 118 120
113 262 114 115 117 118 119 120
114 273 115 118 119 120
115 378 117 118 119 120
116 261
117 361 118 119 120
118 491 119 120
119 251 120
120 258
