249 1000
1 401 11 13 24 25 26 29 37 48 49 52 64 76 85 95 98 102 109 110 112 115 118 121 122 125 132 133 138 140 141 146 148 154 156 158 163 167 172 175 178 181 184 187 188 190 192 193 198 203 206 214 217 232 235 243 244 247 248 249
2 257 26 37 48 102 118 121 122 125 132 146 154 156 158 163 172 184 214 217 243 249
3 342
4 449
5 255
6 296
7 359
8 257
9 384
10 428
11 255 13 24 25 26 37 48 49 64 76 85 95 98 102 109 110 112 115 118 121 122 125 132 133 138 140 141 146 154 156 158 163 167 172 178 181 184 187 188 190 192 193 198 203 206 214 217 235 243 244 247 248 249
12 317
13 426 24 26 37 48 76 85 95 98 102 112 115 118 121 122 125 132 138 141 146 154 156 158 163 167 172 178 181 184 188 192 198 206 214 217 235 243 244 247 248 249
14 275
15 299
16 423
17 272 48 121 122 158
18 305
19 353
20 265
21 382
22 360
23 302 37 48 118 121 122 132 146 154 156 158 163 172 184 214 217 249
24 338 25 26 37 48 64 76 85 95 98 102 112 115 118 121 122 125 132 138 140 141 146 154 156 158 163 167 172 178 181 184 187 188 190 192 198 206 214 217 235 243 244 247 248 249
25 437 26 37 48 76 95 98 102 112 115 118 121 122 125 132 141 146 154 156 158 163 167 172 181 184 192 198 214 217 243 244 247 248 249
26 280 27 29 37 43 48 49 52 64 76 85 95 98 102 109 110 112 115 118 121 122 125 132 133 138 140 141 142 146 148 154 156 158 163 165 167 172 175 178 181 184 187 188 190 191 192 193 198 202 203 206 214 217 232 235 243 244 247 248 249
27 283 37 48 95 98 102 112 118 121 122 125 132 141 146 154 156 158 163 172 184 192 214 217 243 249
28 433
29 282 37 48 95 98 102 112 118 121 122 125 132 141 146 154 156 158 163 172 184 192 214 217 243 249
30 285
31 422
32 252
33 326
34 420 37 48 118 121 122 132 146 154 156 158 163 172 184 214 217 243 249
35 280
36 300 37 48 102 118 121 122 132 146 154 156 158 163 172 184 214 217 243 249
37 362 43 48 49 52 64 131 70 71 76 85 87 90 95 98 102 109 110 112 115 118 120 121 122 125 132 133 135 138 139 140 141 142 146 148 150 154 156 158 161 163 165 167 168 172 175 178 181 184 187 188 189 190 191 192 193 198 199 202 203 206 213 214 217 232 234 235 243 244 245 247 248 249
38 280
39 358
40 451
41 255
42 294
43 392 48 95 98 102 118 121 122 125 132 146 154 156 158 163 172 184 214 217 243 249
44 268 48 121 122 158 249
45 340
46 411
47 293
48 296 49 52 64 131 70 71 76 85 87 90 95 98 102 103 109 110 112 115 118 120 121 122 125 127 132 133 135 138 139 140 141 142 144 146 147 148 150 154 156 158 161 163 165 167 168 170 172 175 178 181 184 187 188 189 190 191 192 193 194 198 199 202 203 206 213 214 217 232 234 235 237 240 243 244 245 247 248 249
49 410 76 95 98 102 112 115 118 121 122 125 132 141 146 154 156 158 163 172 181 184 192 198 214 217 243 244 247 248 249
50 265
51 325
52 476 76 95 98 102 112 118 121 122 125 132 141 146 154 156 158 163 172 184 192 198 214 217 243 244 247 249
53 259
54 265
55 361
56 261
57 378
58 450
59 256
60 294
61 449
62 262
63 289
64 472 76 85 95 98 102 112 115 118 121 122 125 132 141 146 154 156 158 163 167 172 178 181 184 188 192 198 214 217 243 244 247 248 249
65 255
66 273
67 474
68 253
69 273
70 432 118 121 122 132 154 158 163 172 184 214 217 249
71 278 118 121 122 132 146 154 156 158 163 172 184 214 217 249
72 290
73 473
74 251
75 276
76 356 85 95 98 102 109 110 112 115 118 121 122 125 132 133 138 140 141 146 148 154 156 158 163 167 172 175 178 181 184 187 188 190 192 193 198 203 206 214 217 232 235 243 244 247 248 249
77 270
78 374
79 464
80 257
81 279
82 461
83 264
84 275
85 444 95 98 102 112 115 118 121 122 125 132 138 140 141 146 154 156 158 163 167 172 178 181 184 187 188 190 192 198 206 214 217 235 243 244 247 248 249
86 274
87 282 118 121 122 132 154 158 163 172 184 214 217 249
88 405
89 290
90 305 118 121 122 132 146 154 156 158 163 172 184 214 217 249
91 394
92 254
93 352
94 397
95 294 98 102 109 110 112 115 118 121 122 125 132 133 138 140 141 142 146 148 154 156 158 163 167 172 175 178 181 184 187 188 190 191 192 193 198 203 206 214 217 232 235 243 244 247 248 249
96 309
97 488
98 252 102 109 110 112 115 118 121 122 125 132 133 138 140 141 142 146 148 154 156 158 163 167 172 175 178 181 184 187 188 190 191 192 193 198 203 206 214 217 232 235 243 244 247 248 249
99 260
100 442
101 255
102 303 109 110 112 115 118 120 121 122 125 132 133 135 138 139 140 141 142 146 148 154 156 158 161 163 165 167 168 172 175 178 181 184 187 188 189 190 191 192 193 198 202 203 206 214 217 232 235 243 244 247 248 249
103 412 118 121 122 132 158 163 214 249
104 268
105 320
106 382
107 256
108 362
109 466 112 115 118 121 122 125 132 141 146 154 156 158 163 172 181 184 192 198 214 217 243 244 247 249
110 251 112 115 118 121 122 125 132 141 146 154 156 158 163 167 172 181 184 192 198 214 217 243 244 247 248 249
111 283
112 455 115 118 121 122 125 132 133 138 140 141 142 146 148 154 156 158 163 167 172 175 178 181 184 187 188 190 192 193 198 203 206 214 217 232 235 243 244 247 248 249
113 271
114 274
115 356 118 121 122 125 132 133 138 140 141 146 154 156 158 163 167 172 178 181 184 187 188 190 192 193 198 206 214 217 235 243 244 247 248 249
116 320
117 324
118 493 131 120 121 122 125 127 132 133 135 138 139 140 141 142 146 147 148 150 154 156 158 161 163 165 167 168 170 172 175 178 181 184 187 188 189 190 191 192 193 194 198 199 202 203 206 213 214 217 232 234 235 237 243 244 245 247 248 249
119 252
120 255 121 122 125 132 146 154 156 158 163 172 184 214 217 243 249
121 386 131 122 125 127 132 133 135 138 139 140 141 142 144 146 147 148 150 154 156 158 161 163 165 167 168 170 172 175 178 181 184 187 188 189 190 191 192 193 194 198 199 202 203 206 213 214 217 232 234 235 237 240 243 244 245 247 248 249
122 255 131 123 125 127 132 133 135 138 139 140 141 142 144 146 147 148 150 154 156 158 161 163 165 167 168 170 172 175 178 181 184 187 188 189 190 191 192 193 194 198 199 202 203 206 213 214 217 232 234 235 237 240 243 244 245 247 248 249
123 359 158
124 495
125 252 132 133 135 138 140 141 142 146 148 154 156 158 163 165 167 168 172 175 178 181 184 187 188 189 190 191 192 193 198 202 203 206 214 217 232 235 243 244 247 248 249
126 253
127 497 132 158 163 249
128 250
129 253
130 467
131 258 132 146 154 156 158 163 172 184 214 217 243 249
132 275 133 135 138 139 140 141 142 146 148 150 154 156 158 161 163 165 167 168 170 172 175 178 181 184 187 188 189 190 191 192 193 194 198 199 202 203 206 213 214 217 232 234 235 237 243 244 245 247 248 249
133 454 141 146 154 156 158 163 172 181 184 192 198 214 217 243 244 247 249
134 257
135 289 146 154 156 158 163 172 184 214 217 243 249
136 395
137 274
138 331 141 146 154 156 158 163 167 172 178 181 184 188 192 198 206 214 217 235 243 244 247 248 249
139 462 146 154 156 158 163 172 184 214 217 243 249
140 260 141 146 154 156 158 163 167 172 178 181 184 188 192 198 214 217 243 244 247 248 249
141 278 146 148 154 156 158 163 167 172 175 178 181 184 187 188 190 192 193 198 203 206 214 217 232 235 243 244 247 248 249
142 406 146 154 156 158 163 172 184 192 214 217 243 249
143 280
144 314 158
145 420
146 264 148 150 154 156 158 161 163 165 167 168 172 175 178 181 184 187 188 189 190 191 192 193 198 199 202 203 206 214 217 232 234 235 243 244 245 247 248 249
147 316 158 163 249
148 404 154 156 158 163 172 184 192 198 214 217 243 244 247 249
149 285
150 311 154 156 158 163 172 184 214 217 249
151 414
152 256
153 330
154 424 156 158 161 163 165 167 168 172 175 178 181 184 187 188 189 190 191 192 193 198 199 202 203 206 213 214 217 232 234 235 243 244 245 247 248 249
155 271
156 305 158 161 163 165 167 168 172 175 178 181 184 187 188 189 190 191 192 193 198 199 202 203 206 214 217 232 234 235 243 244 245 247 248 249
157 451
158 255 161 163 165 167 168 170 172 175 178 181 184 187 188 189 190 191 192 193 194 198 199 202 203 206 213 214 217 232 234 235 237 240 243 244 245 247 248 249
159 294
160 414
161 292 163 172 184 214 217 243 249
162 294
163 399 165 167 168 170 172 175 178 181 184 187 188 189 190 191 192 193 194 198 199 202 203 206 213 214 217 232 234 235 237 240 243 244 245 247 248 249
164 272
165 329 172 184 214 217 243 249
166 476
167 255 172 178 181 184 187 188 190 192 198 206 214 217 235 243 244 247 248 249
168 269 172 184 214 217 243 249
169 453
170 266 249
171 281
172 380 175 178 181 184 187 188 189 190 191 192 193 198 199 202 203 206 213 214 217 232 234 235 243 244 245 247 248 249
173 274
174 346
175 378 184 192 198 214 217 243 244 247 249
176 306
177 316
178 483 181 184 188 190 192 198 206 214 217 235 243 244 247 248 249
179 256
180 261
181 473 184 187 188 190 192 193 198 206 214 217 235 243 244 247 248 249
182 257
183 270
184 403 187 188 189 190 191 192 193 198 199 202 203 206 213 214 217 232 234 235 243 244 245 247 248 249
185 255
186 342
187 424 192 198 214 217 243 244 247 248 249
188 281 190 192 198 206 214 217 235 243 244 247 248 249
189 295 214 217 243 249
190 489 192 198 214 217 243 244 247 248 249
191 255 214 217 243 249
192 256 193 198 203 206 214 217 232 235 243 244 247 248 249
193 486 198 214 217 243 244 247 248 249
194 253 249
195 261
196 466
197 260
198 274 203 206 214 217 232 235 243 244 247 248 249
199 406 214 217 243 249
200 275
201 319
202 455 214 217 243 249
203 261 214 217 243 244 247 249
204 284
205 433
206 253 214 217 235 243 244 247 248 249
207 314
208 482
209 253
210 265
211 358
212 318
213 324 214 217 249
214 372 217 232 234 235 243 244 245 247 248 249
215 307
216 321
217 353 232 234 235 243 244 245 247 248 249
218 313
219 334
220 403
221 281
222 316
223 396
224 264
225 340
226 391
227 253
228 356
229 417
230 251
231 332
232 410 243 244 247 249
233 264
234 326 243 249
235 413 243 244 247 248 249
236 269
237 318 249
238 364
239 291
240 345 249
241 459
242 261
243 280 244 247 248 249
244 423 247 248 249
245 270 249
246 307
247 456 248 249
248 266 249
249 278
