60 1000
1 496 3 8 11 14 16 20 26 28 29 30 36 38 43 48 49 53 54 56
2 250
3 254 5 8 11 14 16 20 22 25 26 28 29 30 36 38 39 43 44 48 49 53 54 56
4 396
5 270 8 11 20 26 28 49 56
6 334
7 483
8 252 11 14 16 20 22 25 26 28 29 30 36 38 39 43 44 48 49 53 54 56
9 265
10 463
11 261 14 16 20 21 22 25 26 28 29 30 33 36 38 39 43 44 48 49 53 54 56
12 276
13 389
14 283 16 20 25 26 28 29 30 36 38 39 43 48 49 53 54 56
15 328
16 380 20 26 28 29 30 36 38 43 48 49 53 54 56
17 268
18 352
19 416
20 282 22 25 26 28 29 30 36 38 39 43 44 48 49 53 54 56
21 302 49
22 388 28 49
23 252
24 360
25 489 26 28 29 30 36 38 48 49 54 56
26 252 28 29 30 36 38 39 43 44 48 49 53 54 56
27 259
28 433 29 30 36 38 39 43 44 48 49 53 54 56
29 281 30 36 38 39 43 48 49 53 54 56
30 286 36 38 39 43 48 49 53 54 56
31 380
32 285
33 335 49
34 372
35 301
36 327 38 39 43 48 49 53 54 56
37 372
38 281 39 43 48 49 53 54 56
39 347 43 48 49 53 54 56
40 355
41 305
42 340
43 432 48 49 53 54 56
44 278 49 56
45 290
46 462
47 262
48 276 49 53 54 56
49 484 53 54 55 56 59
50 252
51 264
52 422
53 282 54 56
54 296 56
55 469
56 262
57 269
58 358
59 281
60 361
