120 1000
1 398 2 3 4 5 6 7 8 9 10 11 12 13 14 15 16 17 18 19 20 21 22 23 24 25 26 27 28 29 30 31 32 33 66 34 35 36 37 38 39 40 41 42 43 44 45 46 47 48 49 50 51 52 53 54 55 56 57 58 59 60 61 62 63 64 65 67 68 69 70 71 72 73 74 75 76 77 78 79 80 81 82 83 84 85 86 87 88 89 90 91 92 93 94 95 96 97 98 99 100 101 102 103 104 105 106 107 108 109 110 111 112 113 114 115 116 117 118 119 120
2 262 3 4 5 6 7 8 9 10 11 12 13 14 15 16 17 18 19 20 21 22 23 24 25 26 27 28 29 30 31 32 33 66 34 35 36 37 38 39 40 41 42 43 44 45 46 47 48 49 50 51 52 53 54 55 56 57 58 59 60 61 62 63 64 65 67 68 69 70 71 72 73 74 75 76 77 78 79 80 81 82 83 84 85 86 87 88 89 90 91 92 93 94 95 96 97 98 99 100 101 102 103 104 105 106 107 108 109 110 111 112 113 114 115 116 117 118 119 120
3 340 5 9 12 13 15 17 18 19 20 22 23 24 26 28 29 32 66 34 35 36 37 38 40 41 42 46 47 51 52 54 55 56 58 59 61 63 65 67 68 70 71 72 75 76 78 79 80 81 83 84 86 88 90 91 92 93 94 95 97 98 99 102 104 105 108 109 110 111 113 114 115 118 119 120
4 477 5 9 11 12 13 14 15 16 17 18 19 20 21 22 23 24 25 26 27 28 29 30 32 33 66 34 35 36 37 38 39 40 41 42 44 46 47 49 51 52 53 54 55 56 57 58 59 60 61 63 65 67 68 69 70 71 72 73 74 75 76 77 78 79 80 81 83 84 86 88 90 91 92 93 94 95 97 98 99 100 101 102 103 104 105 106 107 108 109 110 111 112 113 114 115 116 117 118 119 120
5 259 6 7 8 9 10 11 12 13 14 15 16 17 18 19 20 21 22 23 24 25 26 27 28 29 30 31 32 33 66 34 35 36 37 38 39 40 41 42 43 44 45 46 47 48 49 50 51 52 53 54 55 56 57 58 59 60 61 62 63 64 65 67 68 69 70 71 72 73 74 75 76 77 78 79 80 81 82 83 84 85 86 87 88 89 90 91 92 93 94 95 96 97 98 99 100 101 102 103 104 105 106 107 108 109 110 111 112 113 114 115 116 117 118 119 120
6 264 9 12 13 15 17 18 19 20 22 23 24 26 28 29 32 66 34 35 36 37 38 40 41 42 46 47 51 52 53 54 55 56 58 59 61 63 65 67 68 70 71 72 75 76 78 79 80 81 83 84 86 88 90 91 92 93 94 95 97 98 99 101 102 103 104 105 108 109 110 111 113 114 115 117 118 119 120
7 385 9 12 13 15 17 18 19 20 22 23 24 26 28 29 32 66 34 35 36 37 38 40 41 42 46 47 51 52 54 55 56 58 59 61 63 65 67 68 70 71 72 75 76 78 79 80 81 83 84 86 88 90 91 92 93 94 95 97 98 99 102 104 105 108 109 110 111 113 114 115 118 119 120
8 298 9 12 13 15 17 18 19 20 22 23 24 26 28 29 32 66 34 35 36 37 38 40 41 42 46 47 51 52 54 55 56 58 59 61 63 65 67 68 70 71 72 75 76 78 79 80 81 83 84 86 88 90 91 92 93 94 95 97 98 99 102 104 105 108 109 110 111 113 114 115 118 119 120
9 317 10 11 12 13 14 15 16 17 18 19 20 21 22 23 24 25 26 27 28 29 30 31 32 33 66 34 35 36 37 38 39 40 41 42 43 44 45 46 47 48 49 50 51 52 53 54 55 56 57 58 59 60 61 62 63 64 65 67 68 69 70 71 72 73 74 75 76 77 78 79 80 81 82 83 84 85 86 87 88 89 90 91 92 93 94 95 96 97 98 99 100 101 102 103 104 105 106 107 108 109 110 111 112 113 114 115 116 117 118 119 120
10 366 12 13 15 17 18 19 20 22 23 24 26 28 29 32 66 35 36 37 38 40 41 42 46 47 51 52 54 55 56 58 59 61 63 65 67 68 70 71 72 75 76 78 79 80 81 83 84 86 88 90 91 92 93 94 95 97 98 99 102 104 105 108 109 110 111 113 114 115 118 119 120
11 295 12 13 15 16 17 18 19 20 21 22 23 24 25 26 27 28 29 30 32 33 66 34 35 36 37 38 39 40 41 42 46 47 51 52 53 54 55 56 58 59 60 61 63 65 67 68 69 70 71 72 75 76 77 78 79 80 81 83 84 86 88 90 91 92 93 94 95 97 98 99 101 102 103 104 105 107 108 109 110 111 113 114 115 116 117 118 119 120
12 339 13 14 15 16 17 18 19 20 21 22 23 24 25 26 27 28 29 30 31 32 33 66 34 35 36 37 38 39 40 41 42 43 44 45 46 47 48 49 50 51 52 53 54 55 56 57 58 59 60 61 62 63 64 65 67 68 69 70 71 72 73 74 75 76 77 78 79 80 81 82 83 84 85 86 87 88 89 90 91 92 93 94 95 96 97 98 99 100 101 102 103 104 105 106 107 108 109 110 111 112 113 114 115 116 117 118 119 120
13 408 14 15 16 17 18 19 20 21 22 23 24 25 26 27 28 29 30 31 32 33 66 34 35 36 37 38 39 40 41 42 43 44 45 46 47 48 49 50 51 52 53 54 55 56 57 58 59 60 61 62 63 64 65 67 68 69 70 71 72 73 74 75 76 77 78 79 80 81 82 83 84 85 86 87 88 89 90 91 92 93 94 95 96 97 98 99 100 101 102 103 104 105 106 107 108 109 110 111 112 113 114 115 116 117 118 119 120
14 275 15 16 17 18 19 20 21 22 23 24 25 26 27 28 29 30 32 33 66 34 35 36 37 38 39 40 41 42 46 47 51 52 53 54 55 56 58 59 60 61 63 65 67 68 69 70 71 72 75 76 77 78 79 80 81 83 84 86 88 90 91 92 93 94 95 97 98 99 101 102 103 104 105 107 108 109 110 111 113 114 115 117 118 119 120
15 317 16 17 18 19 20 21 22 23 24 25 26 27 28 29 30 31 32 33 66 34 35 36 37 38 39 40 41 42 43 44 45 46 47 48 49 50 51 52 53 54 55 56 57 58 59 60 61 62 63 64 65 67 68 69 70 71 72 73 74 75 76 77 78 79 80 81 82 83 84 85 86 87 88 89 90 91 92 93 94 95 96 97 98 99 100 101 102 103 104 105 106 107 108 109 110 111 112 113 114 115 116 117 118 119 120
16 370 17 18 19 20 21 22 23 24 25 26 27 28 29 30 32 33 66 34 35 36 37 38 39 40 41 42 44 46 47 48 49 51 52 53 54 55 56 57 58 59 60 61 63 64 65 67 68 69 70 71 72 73 74 75 76 77 78 79 80 81 83 84 86 88 90 91 92 93 94 95 97 98 99 100 101 102 103 104 105 106 107 108 109 110 111 112 113 114 115 116 117 118 119 120
17 292 18 19 20 21 22 23 24 25 26 27 28 29 30 31 32 33 66 34 35 36 37 38 39 40 41 42 43 44 45 46 47 48 49 50 51 52 53 54 55 56 57 58 59 60 61 62 63 64 65 67 68 69 70 71 72 73 74 75 76 77 78 79 80 81 82 83 84 85 86 87 88 89 90 91 92 93 94 95 96 97 98 99 100 101 102 103 104 105 106 107 108 109 110 111 112 113 114 115 116 117 118 119 120
18 338 19 20 21 22 23 24 25 26 27 28 29 30 31 32 33 66 34 35 36 37 38 39 40 41 42 43 44 45 46 47 48 49 50 51 52 53 54 55 56 57 58 59 60 61 62 63 64 65 67 68 69 70 71 72 73 74 75 76 77 78 79 80 81 82 83 84 85 86 87 88 89 90 91 92 93 94 95 96 97 98 99 100 101 102 103 104 105 106 107 108 109 110 111 112 113 114 115 116 117 118 119 120
19 410 20 21 22 23 24 25 26 27 28 29 30 31 32 33 66 34 35 36 37 38 39 40 41 42 43 44 45 46 47 48 49 50 51 52 53 54 55 56 57 58 59 60 61 62 63 64 65 67 68 69 70 71 72 73 74 75 76 77 78 79 80 81 82 83 84 85 86 87 88 89 90 91 92 93 94 95 96 97 98 99 100 101 102 103 104 105 106 107 108 109 110 111 112 113 114 115 116 117 118 119 120
20 286 21 22 23 24 25 26 27 28 29 30 31 32 33 66 34 35 36 37 38 39 40 41 42 43 44 45 46 47 48 49 50 51 52 53 54 55 56 57 58 59 60 61 62 63 64 65 67 68 69 70 71 72 73 74 75 76 77 78 79 80 81 82 83 84 85 86 87 88 89 90 91 92 93 94 95 96 97 98 99 100 101 102 103 104 105 106 107 108 109 110 111 112 113 114 115 116 117 118 119 120
21 304 22 23 24 25 26 27 28 29 30 32 33 66 34 35 36 37 38 39 40 41 42 44 46 47 49 51 52 53 54 55 56 57 58 59 60 61 63 65 67 68 69 70 71 72 73 74 75 76 77 78 79 80 81 83 84 86 88 90 91 92 93 94 95 97 98 99 100 101 102 103 104 105 106 107 108 109 110 111 112 113 114 115 116 117 118 119 120
22 393 23 24 25 26 27 28 29 30 31 32 33 66 34 35 36 37 38 39 40 41 42 43 44 45 46 47 48 49 50 51 52 53 54 55 56 57 58 59 60 61 62 63 64 65 67 68 69 70 71 72 73 74 75 76 77 78 79 80 81 82 83 84 85 86 87 88 89 90 91 92 93 94 95 96 97 98 99 100 101 102 103 104 105 106 107 108 109 110 111 112 113 114 115 116 117 118 119 120
23 261 24 25 26 27 28 29 30 31 32 33 66 34 35 36 37 38 39 40 41 42 43 44 45 46 47 48 49 50 51 52 53 54 55 56 57 58 59 60 61 62 63 64 65 67 68 69 70 71 72 73 74 75 76 77 78 79 80 81 82 83 84 85 86 87 88 89 90 91 92 93 94 95 96 97 98 99 100 101 102 103 104 105 106 107 108 109 110 111 112 113 114 115 116 117 118 119 120
24 346 25 26 27 28 29 30 31 32 33 66 34 35 36 37 38 39 40 41 42 43 44 45 46 47 48 49 50 51 52 53 54 55 56 57 58 59 60 61 62 63 64 65 67 68 69 70 71 72 73 74 75 76 77 78 79 80 81 82 83 84 85 86 87 88 89 90 91 92 93 94 95 96 97 98 99 100 101 102 103 104 105 106 107 108 109 110 111 112 113 114 115 116 117 118 119 120
25 373 26 27 28 29 30 32 33 66 34 35 36 37 38 39 40 41 42 44 46 47 49 51 52 53 54 55 56 57 58 59 60 61 63 65 67 68 69 70 71 72 73 74 75 76 77 78 79 80 81 83 84 86 88 90 91 92 93 94 95 97 98 99 100 101 102 103 104 105 106 107 108 109 110 111 112 113 114 115 116 117 118 119 120
26 304 27 28 29 30 31 32 33 66 34 35 36 37 38 39 40 41 42 43 44 45 46 47 48 49 50 51 52 53 54 55 56 57 58 59 60 61 62 63 64 65 67 68 69 70 71 72 73 74 75 76 77 78 79 80 81 82 83 84 85 86 87 88 89 90 91 92 93 94 95 96 97 98 99 100 101 102 103 104 105 106 107 108 109 110 111 112 113 114 115 116 117 118 119 120
27 323 28 29 30 32 33 66 34 35 36 37 38 39 40 41 42 44 46 47 49 51 52 53 54 55 56 57 58 59 60 61 63 65 67 68 69 70 71 72 73 74 75 76 77 78 79 80 81 83 84 86 88 90 91 92 93 94 95 97 98 99 100 101 102 103 104 105 106 107 108 109 110 111 112 113 114 115 116 117 118 119 120
28 369 29 30 31 32 33 66 34 35 36 37 38 39 40 41 42 43 44 45 46 47 48 49 50 51 52 53 54 55 56 57 58 59 60 61 62 63 64 65 67 68 69 70 71 72 73 74 75 76 77 78 79 80 81 82 83 84 85 86 87 88 89 90 91 92 93 94 95 96 97 98 99 100 101 102 103 104 105 106 107 108 109 110 111 112 113 114 115 116 117 118 119 120
29 313 30 31 32 33 66 34 35 36 37 38 39 40 41 42 43 44 45 46 47 48 49 50 51 52 53 54 55 56 57 58 59 60 61 62 63 64 65 67 68 69 70 71 72 73 74 75 76 77 78 79 80 81 82 83 84 85 86 87 88 89 90 91 92 93 94 95 96 97 98 99 100 101 102 103 104 105 106 107 108 109 110 111 112 113 114 115 116 117 118 119 120
30 318 32 33 66 34 35 36 37 38 39 40 41 42 44 46 47 49 51 52 53 54 55 56 57 58 59 60 61 63 65 67 68 69 70 71 72 73 74 75 76 77 78 79 80 81 83 84 86 88 90 91 92 93 94 95 97 98 99 100 101 102 103 104 105 106 107 108 109 110 111 112 113 114 115 116 117 118 119 120
31 469 32 66 34 35 36 37 38 40 41 42 46 47 51 52 54 55 56 58 59 61 63 65 67 68 70 71 72 75 76 78 79 80 81 83 84 86 88 90 91 92 93 94 95 97 98 99 102 104 105 108 109 110 111 113 114 115 118 119 120
32 264 33 66 34 35 36 37 38 39 40 41 42 43 44 45 46 47 48 49 50 51 52 53 54 55 56 57 58 59 60 61 62 63 64 65 67 68 69 70 71 72 73 74 75 76 77 78 79 80 81 82 83 84 85 86 87 88 89 90 91 92 93 94 95 96 97 98 99 100 101 102 103 104 105 106 107 108 109 110 111 112 113 114 115 116 117 118 119 120
33 267 66 34 35 36 37 38 39 40 41 42 44 46 47 49 51 52 53 54 55 56 57 58 59 60 61 63 65 67 68 69 70 71 72 74 75 76 77 78 79 80 81 83 84 86 88 90 91 92 93 94 95 97 98 99 101 102 103 104 105 106 107 108 109 110 111 113 114 115 116 117 118 119 120
34 473 66 35 36 37 38 39 40 41 42 44 45 46 47 48 49 50 51 52 53 54 55 56 57 58 59 60 61 63 64 65 67 68 69 70 71 72 73 74 75 76 77 78 79 80 81 82 83 84 85 86 87 88 89 90 91 92 93 94 95 96 97 98 99 100 101 102 103 104 105 106 107 108 109 110 111 112 113 114 115 116 117 118 119 120
35 259 66 36 37 38 39 40 41 42 43 44 45 46 47 48 49 50 51 52 53 54 55 56 57 58 59 60 61 62 63 64 65 67 68 69 70 71 72 73 74 75 76 77 78 79 80 81 82 83 84 85 86 87 88 89 90 91 92 93 94 95 96 97 98 99 100 101 102 103 104 105 106 107 108 109 110 111 112 113 114 115 116 117 118 119 120
36 268 66 37 38 39 40 41 42 43 44 45 46 47 48 49 50 51 52 53 54 55 56 57 58 59 60 61 62 63 64 65 67 68 69 70 71 72 73 74 75 76 77 78 79 80 81 82 83 84 85 86 87 88 89 90 91 92 93 94 95 96 97 98 99 100 101 102 103 104 105 106 107 108 109 110 111 112 113 114 115 116 117 118 119 120
37 355 66 38 39 40 41 42 43 44 45 46 47 48 49 50 51 52 53 54 55 56 57 58 59 60 61 62 63 64 65 67 68 69 70 71 72 73 74 75 76 77 78 79 80 81 82 83 84 85 86 87 88 89 90 91 92 93 94 95 96 97 98 99 100 101 102 103 104 105 106 107 108 109 110 111 112 113 114 115 116 117 118 119 120
38 297 66 39 40 41 42 43 44 45 46 47 48 49 50 51 52 53 54 55 56 57 58 59 60 61 62 63 64 65 67 68 69 70 71 72 73 74 75 76 77 78 79 80 81 82 83 84 85 86 87 88 89 90 91 92 93 94 95 96 97 98 99 100 101 102 103 104 105 106 107 108 109 110 111 112 113 114 115 116 117 118 119 120
39 348 66 40 41 42 44 46 47 48 49 51 52 53 54 55 56 57 58 59 60 61 63 64 65 67 68 69 70 71 72 73 74 75 76 77 78 79 80 81 83 84 86 88 90 91 92 93 94 95 97 98 99 100 101 102 103 104 105 106 107 108 109 110 111 112 113 114 115 116 117 118 119 120
40 457 66 41 42 43 44 45 46 47 48 49 50 51 52 53 54 55 56 57 58 59 60 61 62 63 64 65 67 68 69 70 71 72 73 74 75 76 77 78 79 80 81 82 83 84 85 86 87 88 89 90 91 92 93 94 95 96 97 98 99 100 101 102 103 104 105 106 107 108 109 110 111 112 113 114 115 116 117 118 119 120
41 256 66 42 43 44 45 46 47 48 49 50 51 52 53 54 55 56 57 58 59 60 61 62 63 64 65 67 68 69 70 71 72 73 74 75 76 77 78 79 80 81 82 83 84 85 86 87 88 89 90 91 92 93 94 95 96 97 98 99 100 101 102 103 104 105 106 107 108 109 110 111 112 113 114 115 116 117 118 119 120
42 287 66 43 44 45 46 47 48 49 50 51 52 53 54 55 56 57 58 59 60 61 62 63 64 65 67 68 69 70 71 72 73 74 75 76 77 78 79 80 81 82 83 84 85 86 87 88 89 90 91 92 93 94 95 96 97 98 99 100 101 102 103 104 105 106 107 108 109 110 111 112 113 114 115 116 117 118 119 120
43 495 66 46 47 51 52 54 55 56 58 59 61 63 65 67 68 70 71 72 75 76 78 79 80 81 83 84 86 88 90 91 92 93 94 95 97 98 99 102 104 105 108 109 110 111 113 114 115 118 119 120
44 250 66 46 47 51 52 53 54 55 56 58 59 60 61 63 65 67 68 69 70 71 72 75 76 77 78 79 80 81 83 84 86 88 90 91 92 93 94 95 97 98 99 101 102 103 104 105 107 108 109 110 111 113 114 115 117 118 119 120
45 255 66 46 47 51 52 54 55 56 58 59 61 63 65 67 68 70 71 72 75 76 78 79 80 81 83 84 86 88 90 91 92 93 94 95 97 98 99 101 102 103 104 105 108 109 110 111 113 114 115 118 119 120
46 460 66 47 48 49 50 51 52 53 54 55 56 57 58 59 60 61 62 63 64 65 67 68 69 70 71 72 73 74 75 76 77 78 79 80 81 82 83 84 85 86 87 88 89 90 91 92 93 94 95 96 97 98 99 100 101 102 103 104 105 106 107 108 109 110 111 112 113 114 115 116 117 118 119 120
47 258 66 48 49 50 51 52 53 54 55 56 57 58 59 60 61 62 63 64 65 67 68 69 70 71 72 73 74 75 76 77 78 79 80 81 82 83 84 85 86 87 88 89 90 91 92 93 94 95 96 97 98 99 100 101 102 103 104 105 106 107 108 109 110 111 112 113 114 115 116 117 118 119 120
48 282 66 51 52 53 54 55 56 58 59 60 61 63 65 67 68 70 71 72 75 76 78 79 80 81 83 84 86 88 90 91 92 93 94 95 97 98 99 101 102 103 104 105 108 109 110 111 113 114 115 117 118 119 120
49 421 66 51 52 53 54 55 56 58 59 60 61 63 65 67 68 69 70 71 72 75 76 77 78 79 80 81 83 84 86 88 90 91 92 93 94 95 97 98 99 101 102 103 104 105 107 108 109 110 111 113 114 115 116 117 118 119 120
50 250 66 51 52 54 55 56 58 59 61 63 65 67 68 70 71 72 75 76 78 79 80 81 83 84 86 88 90 91 92 93 94 95 97 98 99 101 102 103 104 105 108 109 110 111 113 114 115 118 119 120
51 329 66 52 53 54 55 56 57 58 59 60 61 62 63 64 65 67 68 69 70 71 72 73 74 75 76 77 78 79 80 81 82 83 84 85 86 87 88 89 90 91 92 93 94 95 96 97 98 99 100 101 102 103 104 105 106 107 108 109 110 111 112 113 114 115 116 117 118 119 120
52 444 66 53 54 55 56 57 58 59 60 61 62 63 64 65 67 68 69 70 71 72 73 74 75 76 77 78 79 80 81 82 83 84 85 86 87 88 89 90 91 92 93 94 95 96 97 98 99 100 101 102 103 104 105 106 107 108 109 110 111 112 113 114 115 116 117 118 119 120
53 272 66 54 55 56 57 58 59 60 61 63 64 65 67 68 69 70 71 72 73 74 75 76 77 78 79 80 81 83 84 86 87 88 89 90 91 92 93 94 95 97 98 99 100 101 102 103 104 105 106 107 108 109 110 111 112 113 114 115 116 117 118 119 120
54 284 66 55 56 57 58 59 60 61 62 63 64 65 67 68 69 70 71 72 73 74 75 76 77 78 79 80 81 82 83 84 85 86 87 88 89 90 91 92 93 94 95 96 97 98 99 100 101 102 103 104 105 106 107 108 109 110 111 112 113 114 115 116 117 118 119 120
55 499 66 56 57 58 59 60 61 62 63 64 65 67 68 69 70 71 72 73 74 75 76 77 78 79 80 81 82 83 84 85 86 87 88 89 90 91 92 93 94 95 96 97 98 99 100 101 102 103 104 105 106 107 108 109 110 111 112 113 114 115 116 117 118 119 120
56 250 66 57 58 59 60 61 62 63 64 65 67 68 69 70 71 72 73 74 75 76 77 78 79 80 81 82 83 84 85 86 87 88 89 90 91 92 93 94 95 96 97 98 99 100 101 102 103 104 105 106 107 108 109 110 111 112 113 114 115 116 117 118 119 120
57 251 66 58 59 60 61 63 65 67 68 69 70 71 72 75 76 77 78 79 80 81 83 84 86 88 90 91 92 93 94 95 97 98 99 101 102 103 104 105 107 108 109 110 111 113 114 115 117 118 119 120
58 461 66 59 60 61 62 63 64 65 67 68 69 70 71 72 73 74 75 76 77 78 79 80 81 82 83 84 85 86 87 88 89 90 91 92 93 94 95 96 97 98 99 100 101 102 103 104 105 106 107 108 109 110 111 112 113 114 115 116 117 118 119 120
59 253 66 60 61 62 63 64 65 67 68 69 70 71 72 73 74 75 76 77 78 79 80 81 82 83 84 85 86 87 88 89 90 91 92 93 94 95 96 97 98 99 100 101 102 103 104 105 106 107 108 109 110 111 112 113 114 115 116 117 118 119 120
60 286 66 61 63 65 67 68 69 70 71 72 73 74 75 76 77 78 79 80 81 83 84 86 88 90 91 92 93 94 95 97 98 99 100 101 102 103 104 105 106 107 108 109 110 111 112 113 114 115 116 117 118 119 120
61 407 66 62 63 64 65 67 68 69 70 71 72 73 74 75 76 77 78 79 80 81 82 83 84 85 86 87 88 89 90 91 92 93 94 95 96 97 98 99 100 101 102 103 104 105 106 107 108 109 110 111 112 113 114 115 116 117 118 119 120
62 259 66 63 65 67 68 70 71 72 75 76 78 79 80 81 83 84 86 88 90 91 92 93 94 95 97 98 99 102 104 105 108 109 110 111 113 114 115 118 119 120
63 334 66 64 65 67 68 69 70 71 72 73 74 75 76 77 78 79 80 81 82 83 84 85 86 87 88 89 90 91 92 93 94 95 96 97 98 99 100 101 102 103 104 105 106 107 108 109 110 111 112 113 114 115 116 117 118 119 120
64 424 66 65 67 68 70 71 72 75 76 78 79 80 81 83 84 86 88 90 91 92 93 94 95 97 98 99 101 102 103 104 105 108 109 110 111 113 114 115 117 118 119 120
65 276 66 67 68 69 70 71 72 73 74 75 76 77 78 79 80 81 82 83 84 85 86 87 88 89 90 91 92 93 94 95 96 97 98 99 100 101 102 103 104 105 106 107 108 109 110 111 112 113 114 115 116 117 118 119 120
66 300 67 68 69 70 71 72 73 74 75 76 77 78 79 80 81 82 83 84 85 86 87 88 89 90 91 92 93 94 95 96 97 98 99 100 101 102 103 104 105 106 107 108 109 110 111 112 113 114 115 116 117 118 119 120
67 417 68 69 70 71 72 73 74 75 76 77 78 79 80 81 82 83 84 85 86 87 88 89 90 91 92 93 94 95 96 97 98 99 100 101 102 103 104 105 106 107 108 109 110 111 112 113 114 115 116 117 118 119 120
68 256 69 70 71 72 73 74 75 76 77 78 79 80 81 82 83 84 85 86 87 88 89 90 91 92 93 94 95 96 97 98 99 100 101 102 103 104 105 106 107 108 109 110 111 112 113 114 115 116 117 118 119 120
69 327 70 71 72 73 74 75 76 77 78 79 80 81 83 84 86 88 90 91 92 93 94 95 97 98 99 100 101 102 103 104 105 106 107 108 109 110 111 112 113 114 115 116 117 118 119 120
70 453 71 72 73 74 75 76 77 78 79 80 81 82 83 84 85 86 87 88 89 90 91 92 93 94 95 96 97 98 99 100 101 102 103 104 105 106 107 108 109 110 111 112 113 114 115 116 117 118 119 120
71 252 72 73 74 75 76 77 78 79 80 81 82 83 84 85 86 87 88 89 90 91 92 93 94 95 96 97 98 99 100 101 102 103 104 105 106 107 108 109 110 111 112 113 114 115 116 117 118 119 120
72 295 73 74 75 76 77 78 79 80 81 82 83 84 85 86 87 88 89 90 91 92 93 94 95 96 97 98 99 100 101 102 103 104 105 106 107 108 109 110 111 112 113 114 115 116 117 118 119 120
73 418 75 76 78 79 80 81 83 84 86 88 90 91 92 93 94 95 97 98 99 101 102 103 104 105 108 109 110 111 113 114 115 117 118 119 120
74 255 75 76 77 78 79 80 81 83 84 86 88 90 91 92 93 94 95 97 98 99 101 102 103 104 105 107 108 109 110 111 113 114 115 116 117 118 119 120
75 327 76 77 78 79 80 81 82 83 84 85 86 87 88 89 90 91 92 93 94 95 96 97 98 99 100 101 102 103 104 105 106 107 108 109 110 111 112 113 114 115 116 117 118 119 120
76 495 77 78 79 80 81 82 83 84 85 86 87 88 89 90 91 92 93 94 95 96 97 98 99 100 101 102 103 104 105 106 107 108 109 110 111 112 113 114 115 116 117 118 119 120
77 250 78 79 80 81 83 84 86 88 90 91 92 93 94 95 97 98 99 101 102 103 104 105 106 107 108 109 110 111 113 114 115 116 117 118 119 120
78 255 79 80 81 82 83 84 85 86 87 88 89 90 91 92 93 94 95 96 97 98 99 100 101 102 103 104 105 106 107 108 109 110 111 112 113 114 115 116 117 118 119 120
79 476 80 81 82 83 84 85 86 87 88 89 90 91 92 93 94 95 96 97 98 99 100 101 102 103 104 105 106 107 108 109 110 111 112 113 114 115 116 117 118 119 120
80 259 81 82 83 84 85 86 87 88 89 90 91 92 93 94 95 96 97 98 99 100 101 102 103 104 105 106 107 108 109 110 111 112 113 114 115 116 117 118 119 120
81 265 82 83 84 85 86 87 88 89 90 91 92 93 94 95 96 97 98 99 100 101 102 103 104 105 106 107 108 109 110 111 112 113 114 115 116 117 118 119 120
82 488 83 84 86 88 90 91 92 93 94 95 97 98 99 101 102 103 104 105 108 109 110 111 113 114 115 118 119 120
83 254 84 85 86 87 88 89 90 91 92 93 94 95 96 97 98 99 100 101 102 103 104 105 106 107 108 109 110 111 112 113 114 115 116 117 118 119 120
84 258 85 86 87 88 89 90 91 92 93 94 95 96 97 98 99 100 101 102 103 104 105 106 107 108 109 110 111 112 113 114 115 116 117 118 119 120
85 438 86 88 90 91 92 93 94 95 97 98 99 102 103 104 105 108 109 110 111 113 114 115 118 119 120
86 250 87 88 89 90 91 92 93 94 95 96 97 98 99 100 101 102 103 104 105 106 107 108 109 110 111 112 113 114 115 116 117 118 119 120
87 312 88 90 91 92 93 94 95 97 98 99 101 102 103 104 105 108 109 110 111 113 114 115 117 118 119 120
88 400 89 90 91 92 93 94 95 96 97 98 99 100 101 102 103 104 105 106 107 108 109 110 111 112 113 114 115 116 117 118 119 120
89 292 90 91 92 93 94 95 97 98 99 101 102 103 104 105 108 109 110 111 113 114 115 118 119 120
90 308 91 92 93 94 95 96 97 98 99 100 101 102 103 104 105 106 107 108 109 110 111 112 113 114 115 116 117 118 119 120
91 455 92 93 94 95 96 97 98 99 100 101 102 103 104 105 106 107 108 109 110 111 112 113 114 115 116 117 118 119 120
92 267 93 94 95 96 97 98 99 100 101 102 103 104 105 106 107 108 109 110 111 112 113 114 115 116 117 118 119 120
93 278 94 95 96 97 98 99 100 101 102 103 104 105 106 107 108 109 110 111 112 113 114 115 116 117 118 119 120
94 428 95 96 97 98 99 100 101 102 103 104 105 106 107 108 109 110 111 112 113 114 115 116 117 118 119 120
95 282 96 97 98 99 100 101 102 103 104 105 106 107 108 109 110 111 112 113 114 115 116 117 118 119 120
96 290 97 98 99 101 102 103 104 105 108 109 110 111 113 114 115 118 119 120
97 408 98 99 100 101 102 103 104 105 106 107 108 109 110 111 112 113 114 115 116 117 118 119 120
98 286 99 100 101 102 103 104 105 106 107 108 109 110 111 112 113 114 115 116 117 118 119 120
99 306 100 101 102 103 104 105 106 107 108 109 110 111 112 113 114 115 116 117 118 119 120
100 488 101 102 103 104 105 107 108 109 110 111 113 114 115 117 118 119 120
101 250 102 103 104 105 106 107 108 109 110 111 112 113 114 115 116 117 118 119 120
102 262 103 104 105 106 107 108 109 110 111 112 113 114 115 116 117 118 119 120
103 391 104 105 106 107 108 109 110 111 112 113 114 115 116 117 118 119 120
104 300 105 106 107 108 109 110 111 112 113 114 115 116 117 118 119 120
105 309 106 107 108 109 110 111 112 113 114 115 116 117 118 119 120
106 418 107 108 109 110 111 113 114 115 117 118 119 120
107 268 108 109 110 111 112 113 114 115 116 117 118 119 120
108 314 109 110 111 112 113 114 115 116 117 118 119 120
109 458 110 111 112 113 114 115 116 117 118 119 120
110 268 111 112 113 114 115 116 117 118 119 120
111 274 112 113 114 115 116 117 118 119 120
112 493 113 114 115 117 118 119 120
113 251 114 115 116 117 118 119 120
114 256 115 116 117 118 119 120
115 395 116 117 118 119 120
116 282 117 118 119 120
117 323 118 119 120
118 466 119 120
119 254 120
120 280
