249 1000
1 366 8 9 10 22 27 29 34 36 53 55 62 64 71 75 82 84 88 91 92 94 98 118 120 121 136 138 140 144 147 148 152 154 155 167 168 175 179 186 190 191 195 196 199 204 205 210 212 226 227 231 234 236 244 246 249
2 308
3 326 8 9 10 22 27 29 34 36 53 55 62 64 71 75 82 84 88 91 92 94 98 118 120 121 136 138 140 144 147 148 152 154 155 167 168 175 179 186 190 191 195 196 199 205 210 212 226 231 234 236 244 246 249
4 378
5 287
6 335 8 9 10 22 27 29 34 36 53 55 62 64 71 75 82 84 88 91 92 94 98 118 120 121 136 138 140 144 147 148 152 154 155 167 168 175 179 186 190 191 195 196 199 205 210 212 226 231 234 236 244 246 249
7 397
8 272 9 10 11 12 13 19 20 21 22 26 27 28 29 33 66 34 36 37 40 41 42 46 47 49 51 52 53 54 55 59 61 62 63 64 65 131 68 71 73 74 75 78 79 80 82 83 84 88 90 91 92 94 95 96 97 98 99 100 102 105 106 108 109 111 113 116 117 118 120 121 122 125 126 134 136 137 138 140 141 143 144 145 147 148 152 154 155 156 157 160 161 163 164 165 167 168 169 171 172 173 175 178 179 185 186 187 189 190 191 195 196 199 204 205 206 207 209 210 212 213 216 221 222 224 226 227 228 230 231 234 236 239 240 244 245 246 247 249
9 331 10 11 12 13 20 21 22 26 27 28 29 33 34 36 37 40 41 42 46 51 53 54 55 59 61 62 64 65 131 68 71 73 74 75 78 79 82 83 84 88 90 91 92 94 95 96 97 98 99 100 102 105 106 108 109 111 113 116 117 118 120 121 122 125 126 134 136 137 138 140 141 143 144 145 147 148 152 154 155 156 157 161 163 164 165 167 168 169 171 173 175 178 179 185 186 187 189 190 191 195 196 199 204 205 209 210 212 216 221 222 224 226 227 228 230 231 234 236 239 244 245 246 247 249
10 384 11 12 13 21 22 26 27 28 29 33 34 36 37 40 51 53 54 55 59 61 62 64 65 131 68 71 73 74 75 78 79 82 83 84 88 90 91 92 94 95 97 98 99 100 102 105 106 108 109 111 113 116 117 118 120 121 122 125 126 134 136 137 138 140 141 143 144 145 147 148 152 154 155 156 157 161 163 164 165 167 168 169 175 178 179 185 186 187 189 190 191 195 196 199 204 205 209 210 212 216 221 222 224 226 227 228 230 231 234 236 244 245 246 247 249
11 262 22 27 29 34 36 53 55 62 64 71 75 82 84 88 91 92 94 98 118 120 121 136 138 140 144 147 148 152 154 155 167 168 175 179 186 190 191 195 196 199 204 205 210 212 221 226 227 231 234 236 244 246 249
12 354 13 21 22 27 28 29 34 36 40 51 53 55 62 64 65 131 71 73 75 79 82 83 84 88 90 91 92 94 95 98 99 100 102 105 106 109 116 117 118 120 121 125 126 134 136 137 138 140 143 144 147 148 152 154 155 161 163 164 165 167 168 175 178 179 185 186 187 190 191 195 196 199 204 205 209 210 212 216 221 222 224 226 227 231 234 236 244 246 247 249
13 363 21 22 27 29 34 36 51 53 55 62 64 71 75 82 84 88 90 91 92 94 98 118 120 121 136 138 140 144 147 148 152 154 155 167 168 175 179 186 190 191 195 196 199 204 205 210 212 221 224 226 227 231 234 236 244 246 249
14 294
15 343
16 374
17 251
18 375
19 495 22 29 34 71 75 84 88 91 94 98 118 136 144 147 152 155 191 195 196 210 212 231 236 244 249
20 252 22 29 34 64 71 75 82 84 88 91 92 94 98 118 136 138 144 147 148 152 155 175 190 191 195 196 199 210 212 231 236 244 246 249
21 253 22 27 28 29 34 36 40 51 53 55 62 64 65 131 71 73 75 79 82 83 84 88 90 91 92 94 95 98 99 100 102 105 106 109 116 117 118 120 121 125 126 134 136 137 138 140 143 144 147 148 152 154 155 161 163 164 165 167 168 175 178 179 185 186 187 190 191 195 196 199 204 205 209 210 212 216 221 222 224 226 227 231 234 236 244 246 247 249
22 472 26 27 28 29 33 66 34 36 37 40 41 42 46 47 49 51 52 53 54 55 59 61 62 63 64 65 131 68 71 73 74 75 78 79 80 82 83 84 88 90 91 92 94 95 96 97 98 99 100 102 105 106 108 109 111 113 116 117 118 120 121 122 125 126 134 136 137 138 140 141 143 144 145 147 148 152 154 155 156 157 160 161 163 164 165 167 168 169 171 172 173 175 178 179 185 186 187 189 190 191 195 196 199 204 205 206 207 209 210 212 213 216 221 222 224 226 227 228 230 231 234 236 239 240 244 245 246 247 249
23 258
24 270
25 350
26 300 27 29 34 55 64 71 75 82 84 88 91 92 94 98 118 120 121 136 138 140 144 147 148 152 155 175 186 190 191 195 196 199 205 210 212 226 231 236 244 246 249
27 350 28 29 33 34 36 37 40 51 53 54 55 59 61 62 64 65 131 68 71 73 74 75 78 79 82 83 84 88 90 91 92 94 95 97 98 99 100 102 105 106 108 109 111 113 116 117 118 120 121 122 125 126 134 136 137 138 140 141 143 144 145 147 148 152 154 155 156 157 161 163 164 165 167 168 169 175 178 179 185 186 187 189 190 191 195 196 199 204 205 209 210 212 216 221 222 224 226 227 228 230 231 234 236 244 245 246 247 249
28 423 29 34 36 51 53 55 62 64 71 75 79 82 84 88 90 91 92 94 95 98 99 100 105 106 116 118 120 121 125 126 136 138 140 144 147 148 152 154 155 167 168 175 179 185 186 190 191 195 196 199 204 205 210 212 221 224 226 227 231 234 236 244 246 249
29 280 33 66 34 35 36 37 40 41 42 46 47 49 51 52 53 54 55 59 61 62 63 64 65 131 68 71 73 74 75 78 79 80 82 83 84 88 90 91 92 94 95 96 97 98 99 100 102 105 106 108 109 111 113 116 117 118 120 121 122 125 126 134 136 137 138 140 141 143 144 145 147 148 152 154 155 156 157 160 161 163 164 165 167 168 169 171 172 173 175 178 179 185 186 187 189 190 191 195 196 199 204 205 206 207 209 210 212 213 216 221 222 223 224 226 227 228 230 231 234 236 239 240 244 245 246 247 249
30 297
31 498
32 250
33 252 34 36 53 55 62 64 71 75 82 84 88 91 92 94 98 118 120 121 136 138 140 144 147 148 152 154 155 167 168 175 179 186 190 191 195 196 199 205 210 212 226 231 234 236 244 246 249
34 358 66 35 36 37 40 41 42 46 47 49 51 52 53 54 55 59 61 62 63 64 65 131 68 71 73 74 75 76 78 79 80 82 83 84 88 90 91 92 94 95 96 97 98 99 100 102 103 105 106 108 109 111 113 115 116 117 118 120 121 122 125 126 129 134 136 137 138 140 141 143 144 145 147 148 151 152 154 155 156 157 160 161 163 164 165 167 168 169 171 172 173 175 177 178 179 185 186 187 189 190 191 195 196 199 204 205 206 207 209 210 212 213 216 220 221 222 223 224 225 226 227 228 230 231 234 236 239 240 241 244 245 246 247 249
35 281 71 75 84 88 91 94 98 118 155 191 195 210 212 244 249
36 361 37 40 51 53 54 55 61 62 64 65 131 71 73 74 75 78 79 82 83 84 88 90 91 92 94 95 97 98 99 100 102 105 106 109 116 117 118 120 121 122 125 126 134 136 137 138 140 141 143 144 147 148 152 154 155 161 163 164 165 167 168 175 178 179 185 186 187 189 190 191 195 196 199 204 205 209 210 212 216 221 222 224 226 227 228 230 231 234 236 244 245 246 247 249
37 355 53 55 62 64 71 75 82 84 88 91 92 94 98 118 120 121 136 138 140 144 147 148 152 154 155 167 168 175 179 186 190 191 195 196 199 204 205 210 212 226 227 231 234 236 244 246 249
38 266
39 379
40 424 51 53 55 62 64 71 75 82 84 88 90 91 92 94 98 118 120 121 136 138 140 144 147 148 152 154 155 167 168 175 179 186 190 191 195 196 199 204 205 210 212 221 224 226 227 231 234 236 244 246 249
41 283 64 71 75 82 84 88 91 92 94 98 118 136 138 144 147 148 152 155 175 190 191 195 196 199 210 212 226 231 236 244 246 249
42 293 55 64 71 75 82 84 88 91 92 94 98 118 136 138 140 144 147 148 152 155 175 186 190 191 195 196 199 210 212 226 231 236 244 246 249
43 351
44 271
45 378
46 407 64 71 75 82 84 88 91 92 94 98 118 136 138 144 147 148 152 155 175 190 191 195 196 199 210 212 231 236 244 249
47 266 71 75 84 88 91 94 98 118 136 138 144 147 152 155 175 191 195 196 210 212 231 236 244 249
48 327
49 379 71 75 84 88 91 94 98 118 136 144 147 152 155 191 195 196 210 212 231 236 244 249
50 260
51 361 53 55 62 64 65 131 71 73 75 79 82 83 84 88 90 91 92 94 95 98 99 100 102 105 106 109 116 117 118 120 121 125 126 134 136 137 138 140 144 147 148 152 154 155 161 163 164 165 167 168 175 178 179 185 186 187 190 191 195 196 199 204 205 209 210 212 221 222 224 226 227 231 234 236 244 246 247 249
52 483 71 75 84 88 91 94 98 118 136 144 147 152 155 191 195 196 210 212 231 236 244 249
53 257 54 55 59 61 62 64 65 131 68 71 73 74 75 78 79 82 83 84 88 90 91 92 94 95 97 98 99 100 102 105 106 109 116 117 118 120 121 122 125 126 134 136 137 138 140 141 143 144 145 147 148 152 154 155 157 161 163 164 165 167 168 175 178 179 185 186 187 189 190 191 195 196 199 204 205 209 210 212 216 221 222 224 226 227 228 230 231 234 236 244 245 246 247 249
54 260 55 62 64 71 75 82 84 88 91 92 94 98 118 120 121 136 138 140 144 147 148 152 154 155 167 168 175 179 186 190 191 195 196 199 204 205 210 212 226 227 231 234 236 244 246 249
55 476 59 61 62 64 65 131 68 71 73 74 75 78 79 82 83 84 88 90 91 92 94 95 97 98 99 100 102 105 106 108 109 111 113 116 117 118 120 121 122 125 126 134 136 137 138 140 141 143 144 145 147 148 152 154 155 156 157 161 163 164 165 167 168 169 173 175 178 179 185 186 187 189 190 191 195 196 199 204 205 209 210 212 216 221 222 224 226 227 228 230 231 234 236 244 245 246 247 249
56 260
57 264
58 415
59 257 62 64 71 75 82 84 88 91 92 94 98 118 120 121 136 138 140 144 147 148 152 154 155 175 179 186 190 191 195 196 199 205 210 212 226 231 236 244 246 249
60 328
61 410 62 64 71 75 82 84 88 91 92 94 98 118 120 121 136 138 140 144 147 148 152 154 155 167 168 175 179 186 190 191 195 196 199 204 205 210 212 226 227 231 234 236 244 246 249
62 251 64 65 131 68 71 73 74 75 78 79 82 83 84 88 90 91 92 94 95 97 98 99 100 102 105 106 109 116 117 118 120 121 122 125 126 134 136 137 138 140 141 143 144 145 147 148 152 154 155 156 157 161 163 164 165 167 168 175 178 179 185 186 187 189 190 191 195 196 199 204 205 209 210 212 216 221 222 224 226 227 228 230 231 234 236 244 245 246 247 249
63 339 71 75 84 88 91 94 98 118 136 144 147 152 155 191 195 196 210 212 231 236 244 249
64 425 65 131 68 71 73 74 75 78 79 80 82 83 84 88 90 91 92 94 95 96 97 98 99 100 102 105 106 108 109 111 113 116 117 118 120 121 122 125 126 134 136 137 138 140 141 143 144 145 147 148 152 154 155 156 157 161 163 164 165 167 168 169 171 173 175 178 179 185 186 187 189 190 191 195 196 199 204 205 209 210 212 216 221 222 224 226 227 228 230 231 234 236 239 244 245 246 247 249
65 274 71 75 79 82 84 88 90 91 92 94 95 98 99 100 105 106 116 118 120 121 125 126 136 138 140 144 147 148 152 154 155 167 168 175 179 185 186 190 191 195 196 199 204 205 210 212 221 224 226 227 231 234 236 244 246 249
66 301 71 75 84 88 91 94 98 118 136 144 147 152 155 191 195 196 210 212 231 236 244 249
67 440
68 257 71 75 82 84 88 91 92 94 98 118 120 121 136 138 140 144 147 148 152 154 155 175 179 186 190 191 195 196 199 205 210 212 226 231 236 244 246 249
69 303
70 376
71 272 131 73 74 75 76 78 79 80 82 83 84 88 90 91 92 94 95 96 97 98 99 100 102 103 105 106 108 109 111 113 116 117 118 120 121 122 125 126 129 134 136 137 138 140 141 143 144 145 147 148 152 154 155 156 157 160 161 163 164 165 167 168 169 171 172 173 175 177 178 179 185 186 187 189 190 191 195 196 199 204 205 206 207 209 210 212 213 216 220 221 222 223 224 226 227 228 230 231 234 236 239 240 241 244 245 246 247 249
72 352
73 427 75 82 84 88 90 91 92 94 95 98 105 106 118 120 121 136 138 140 144 147 148 152 154 155 167 168 175 179 186 190 191 195 196 199 204 205 210 212 221 224 226 227 231 234 236 244 246 249
74 268 75 82 84 88 91 92 94 98 118 120 121 136 138 140 144 147 148 152 154 155 167 168 175 179 186 190 191 195 196 199 204 205 210 212 226 227 231 234 236 244 246 249
75 305 131 76 78 79 80 82 83 84 88 90 91 92 94 95 96 97 98 99 100 102 103 105 106 108 109 111 113 115 116 117 118 120 121 122 125 126 129 134 136 137 138 140 141 143 144 145 147 148 151 152 154 155 156 157 160 161 163 164 165 167 168 169 171 172 173 175 177 178 179 185 186 187 189 190 191 195 196 199 204 205 206 207 209 210 212 213 216 220 221 222 223 224 225 226 227 228 230 231 234 236 239 240 241 244 245 246 247 249
76 453 84 88 91 94 98 118 155 191 195 210 212 244
77 264
78 283 82 84 88 91 92 94 98 118 120 121 136 138 140 144 147 148 152 154 155 167 168 175 179 186 190 191 195 196 199 204 205 210 212 226 227 231 234 236 244 246 249
79 484 131 82 83 84 88 90 91 92 94 95 98 99 100 105 106 109 116 117 118 120 121 125 126 136 138 140 144 147 148 152 154 155 164 165 167 168 175 179 185 186 190 191 195 196 199 204 205 209 210 212 221 222 224 226 227 231 234 236 244 246 249
80 256 84 88 91 92 94 98 118 136 138 144 147 152 155 175 191 195 196 210 212 231 236 244 249
81 260
82 463 131 83 84 88 90 91 92 94 95 96 97 98 99 100 102 105 106 108 109 111 113 116 117 118 120 121 122 125 126 134 136 137 138 140 141 143 144 145 147 148 152 154 155 156 157 161 163 164 165 167 168 169 171 173 175 178 179 185 186 187 189 190 191 195 196 199 204 205 209 210 212 216 221 222 224 226 227 228 230 231 234 236 239 244 245 246 247 249
83 259 84 88 90 91 92 94 95 98 105 106 116 118 120 121 136 138 140 144 147 148 152 154 155 167 168 175 179 185 186 190 191 195 196 199 204 205 210 212 221 224 226 227 231 234 236 244 246 249
84 278 131 88 90 91 92 94 95 96 97 98 99 100 102 103 105 106 108 109 111 113 115 116 117 118 120 121 122 125 126 129 134 136 137 138 140 141 143 144 145 147 148 151 152 154 155 156 157 160 161 163 164 165 167 168 169 171 172 173 175 177 178 179 185 186 187 189 190 191 195 196 199 204 205 206 207 209 210 212 213 216 220 221 222 223 224 225 226 227 228 230 231 234 236 239 240 241 244 245 246 247 249
85 381
86 308
87 311
88 432 131 90 91 92 94 95 96 97 98 99 100 102 103 105 106 108 109 111 113 116 117 118 120 121 122 125 126 129 134 136 137 138 140 141 143 144 145 147 148 152 154 155 156 157 160 161 163 164 165 167 168 169 171 172 173 175 177 178 179 185 186 187 189 190 191 195 196 199 204 205 206 207 209 210 212 213 216 220 221 222 223 224 226 227 228 230 231 234 236 239 240 241 244 245 246 247 249
89 260
90 308 131 91 92 94 95 98 99 100 102 105 106 109 116 117 118 120 121 125 126 134 136 137 138 140 141 143 144 147 148 152 154 155 161 163 164 165 167 168 175 178 179 185 186 187 189 190 191 195 196 199 204 205 209 210 212 216 221 222 224 226 227 230 231 234 236 244 246 247 249
91 493 131 92 94 95 96 97 98 99 100 102 103 105 106 108 109 111 113 115 116 117 118 120 121 122 125 126 129 134 136 137 138 140 141 143 144 145 147 148 152 154 155 156 157 160 161 163 164 165 167 168 169 171 172 173 175 177 178 179 185 186 187 189 190 191 195 196 199 204 205 206 207 209 210 212 213 216 220 221 222 223 224 226 227 228 230 231 234 236 239 240 241 244 245 246 247 249
92 251 131 94 95 96 97 98 99 100 102 105 106 108 109 111 113 116 117 118 120 121 122 125 126 134 136 137 138 140 141 143 144 145 147 148 152 154 155 156 157 161 163 164 165 167 168 169 171 173 175 178 179 185 186 187 189 190 191 195 196 199 204 205 209 210 212 216 221 222 224 226 227 228 230 231 234 236 239 244 245 246 247 249
93 256
94 384 131 95 96 97 98 99 100 102 103 105 106 108 109 111 113 116 117 118 120 121 122 125 126 129 134 136 137 138 140 141 143 144 145 147 148 152 154 155 156 157 160 161 163 164 165 167 168 169 171 172 173 175 177 178 179 185 186 187 189 190 191 195 196 199 204 205 206 207 209 210 212 213 216 220 221 222 223 224 226 227 228 230 231 234 236 239 240 241 244 245 246 247 249
95 289 131 98 99 100 105 106 109 116 117 118 120 121 125 126 136 138 140 144 147 148 152 154 155 161 163 164 165 167 168 175 179 185 186 187 190 191 195 196 199 204 205 209 210 212 221 222 224 226 227 231 234 236 244 246 247 249
96 327 98 118 136 138 144 147 148 152 155 175 190 191 195 196 199 210 212 231 236 244 249
97 445 98 118 120 121 136 138 140 144 147 148 152 154 155 167 168 175 179 186 190 191 195 196 199 204 205 210 212 226 227 231 234 236 244 246 249
98 275 131 99 100 102 103 105 106 108 109 111 113 116 117 118 120 121 122 125 126 134 136 137 138 140 141 143 144 145 147 148 152 154 155 156 157 160 161 163 164 165 167 168 169 171 172 173 175 178 179 185 186 187 189 190 191 195 196 199 204 205 206 207 209 210 212 213 216 220 221 222 223 224 226 227 228 230 231 234 236 239 240 244 245 246 247 249
99 280 131 100 105 106 109 116 117 118 120 121 125 126 136 138 140 144 147 148 152 154 155 164 165 167 168 175 179 185 186 190 191 195 196 199 204 205 209 210 212 221 222 224 226 227 231 234 236 244 246 249
100 406 131 105 106 116 118 120 121 125 126 136 138 140 144 147 148 152 154 155 164 165 167 168 175 179 185 186 190 191 195 196 199 204 205 209 210 212 221 222 224 226 227 231 234 236 244 246 249
101 250
102 344 118 120 121 136 138 140 144 147 148 152 154 155 167 168 175 179 186 190 191 195 196 199 204 205 210 212 221 224 226 227 231 234 236 244 246 249
103 391 118 155 191 195 210 212 244
104 251
105 358 131 106 109 116 117 118 120 121 125 126 136 138 140 144 147 148 152 154 155 161 164 165 167 168 175 179 185 186 187 190 191 195 196 199 204 205 209 210 212 221 222 224 226 227 231 234 236 244 246 249
106 485 131 109 116 117 118 120 121 125 126 136 138 140 144 147 148 152 154 155 161 164 165 167 168 175 179 185 186 187 190 191 195 196 199 204 205 209 210 212 221 222 224 226 227 231 234 236 244 246 249
107 254
108 261 118 136 138 140 144 147 148 152 155 175 186 190 191 195 196 199 210 212 226 231 236 244 246 249
109 365 116 118 120 121 125 136 138 140 144 147 148 152 154 155 167 168 175 179 185 186 190 191 195 196 199 204 205 210 212 221 224 226 227 231 234 236 244 246 249
110 314
111 321 118 121 136 138 140 144 147 148 152 155 175 186 190 191 195 196 199 205 210 212 226 231 236 244 246 249
112 350
113 259 118 136 138 140 144 147 148 152 155 175 186 190 191 195 196 199 210 212 226 231 236 244 246 249
114 391
115 479 118 155 195 212
116 255 131 117 118 120 121 125 126 136 138 140 144 147 148 152 154 155 161 164 165 167 168 175 179 185 186 190 191 195 196 199 204 205 209 210 212 221 222 224 226 227 231 234 236 244 246 249
117 266 118 120 121 125 126 136 138 140 144 147 148 152 154 155 167 168 175 179 185 186 190 191 195 196 199 204 205 210 212 221 224 226 227 231 234 236 244 246 249
118 358 131 120 121 122 125 126 129 134 136 137 138 140 141 143 144 145 147 148 152 154 155 156 157 160 161 163 164 165 167 168 169 171 172 173 175 177 178 179 185 186 187 189 190 191 195 196 199 204 205 206 207 209 210 212 213 216 220 221 222 223 224 226 227 228 230 231 234 236 239 240 241 244 245 246 247 249
119 295
120 347 131 121 122 125 126 134 136 137 138 140 141 143 144 145 147 148 152 154 155 156 157 161 163 164 165 167 168 175 178 179 185 186 187 189 190 191 195 196 199 204 205 209 210 212 216 221 222 224 226 227 228 230 231 234 236 244 245 246 247 249
121 415 131 122 125 126 134 136 137 138 140 141 143 144 145 147 148 152 154 155 156 157 161 163 164 165 167 168 175 178 179 185 186 187 189 190 191 195 196 199 204 205 209 210 212 216 221 222 224 226 227 228 230 231 234 236 244 245 246 247 249
122 281 136 138 140 144 147 148 152 154 155 167 168 175 179 186 190 191 195 196 199 204 205 210 212 226 227 231 234 236 244 246 249
123 304
124 397
125 279 131 126 136 138 140 144 147 148 152 154 155 164 165 167 168 175 179 185 186 190 191 195 196 199 204 205 209 210 212 221 222 224 226 227 231 234 236 244 246 249
126 324 131 136 138 140 144 147 148 152 154 155 164 165 167 168 175 179 185 186 190 191 195 196 199 204 205 209 210 212 221 222 224 226 227 231 234 236 244 246 249
127 495
128 251
129 254 155 195 210 212
130 448
131 273 136 138 140 144 147 148 152 154 155 167 168 175 179 185 186 190 191 195 196 199 204 205 210 212 221 224 226 227 231 234 236 244 246 249
132 279
133 430
134 279 136 138 140 144 147 148 152 154 155 167 168 175 179 186 190 191 195 196 199 204 205 210 212 221 224 226 227 231 234 236 244 246 249
135 291
136 484 137 138 140 141 143 144 145 147 148 152 154 155 156 157 160 161 163 164 165 167 168 169 171 172 173 175 178 179 185 186 187 189 190 191 195 196 199 204 205 207 209 210 212 213 216 221 222 224 226 227 228 230 231 234 236 239 240 244 245 246 247 249
137 256 138 140 144 147 148 152 154 155 167 168 175 179 186 190 191 195 196 199 204 205 210 212 221 224 226 227 231 234 236 244 246 249
138 260 140 141 143 144 145 147 148 152 154 155 156 157 161 163 164 165 167 168 169 171 173 175 178 179 185 186 187 189 190 191 195 196 199 204 205 209 210 212 216 221 222 224 226 227 228 230 231 234 236 239 244 245 246 247 249
139 352
140 309 141 143 144 145 147 148 152 154 155 156 157 161 163 164 165 167 168 169 175 178 179 185 186 187 189 190 191 195 196 199 204 205 209 210 212 216 221 222 224 226 227 228 230 231 234 236 244 245 246 247 249
141 339 144 147 148 152 154 155 167 168 175 179 186 190 191 195 196 199 204 205 210 212 221 226 227 231 234 236 244 246 249
142 449
143 269 144 147 148 152 154 155 167 168 175 179 186 190 191 195 196 199 204 205 210 212 221 224 226 227 231 234 236 244 246 249
144 282 145 147 148 152 154 155 156 157 160 161 163 164 165 167 168 169 171 172 173 175 178 179 185 186 187 189 190 191 195 196 199 204 205 206 207 209 210 212 213 216 221 222 223 224 226 227 228 230 231 234 236 239 240 244 245 246 247 249
145 379 147 148 152 154 155 168 175 179 186 190 191 195 196 199 205 210 212 226 231 236 244 246 249
146 276
147 345 148 152 154 155 156 157 160 161 163 164 165 167 168 169 171 172 173 175 178 179 185 186 187 189 190 191 195 196 199 204 205 206 207 209 210 212 213 216 221 222 223 224 226 227 228 230 231 234 236 239 240 244 245 246 247 249
148 383 152 154 155 156 157 161 163 164 165 167 168 169 171 173 175 178 179 185 186 187 189 190 191 195 196 199 204 205 209 210 212 216 221 222 224 226 227 228 230 231 234 236 239 244 245 246 247 249
149 287
150 330
151 428 195
152 275 154 155 156 157 160 161 163 164 165 167 168 169 171 172 173 175 178 179 185 186 187 189 190 191 195 196 199 204 205 206 207 209 210 212 213 216 221 222 224 226 227 228 230 231 234 236 239 240 244 245 246 247 249
153 297
154 380 155 157 161 163 164 165 167 168 175 178 179 185 186 187 189 190 191 195 196 199 204 205 209 210 212 216 221 222 224 226 227 228 230 231 234 236 244 245 246 247 249
155 264 156 157 160 161 163 164 165 167 168 169 171 172 173 175 177 178 179 185 186 187 189 190 191 195 196 199 204 205 206 207 209 210 212 213 216 220 221 222 223 224 225 226 227 228 230 231 234 236 239 240 241 244 245 246 247 249
156 356 175 179 186 190 191 195 196 199 205 210 212 226 231 236 244 246 249
157 382 168 175 179 186 190 191 195 196 199 205 210 212 226 231 236 244 246 249
158 263
159 355
160 433 175 191 195 196 210 212 231 236 244 249
161 262 167 168 175 179 185 186 190 191 195 196 199 204 205 210 212 221 224 226 227 231 234 236 244 246 249
162 305
163 423 167 168 175 179 186 190 191 195 196 199 204 205 210 212 221 224 226 227 231 234 236 244 246 249
164 267 167 168 175 179 185 186 190 191 195 196 199 204 205 210 212 221 224 226 227 231 234 236 244 246 249
165 310 167 168 175 179 185 186 190 191 195 196 199 204 205 210 212 221 224 226 227 231 234 236 244 246 249
166 464
167 263 168 175 178 179 185 186 187 189 190 191 195 196 199 204 205 209 210 212 216 221 222 224 226 227 228 230 231 234 236 244 245 246 247 249
168 273 175 178 179 185 186 187 189 190 191 195 196 199 204 205 209 210 212 216 221 222 224 226 227 228 230 231 234 236 244 245 246 247 249
169 414 175 186 190 191 195 196 199 210 212 226 231 236 244 246 249
170 260
171 326 175 190 191 195 196 199 210 212 231 236 244 249
172 442 191 195 196 210 212 231 236 244 249
173 268 175 186 190 191 195 196 199 210 212 226 231 236 244 246 249
174 290
175 487 178 179 185 186 187 189 190 191 195 196 199 204 205 209 210 212 216 221 222 224 226 227 228 230 231 234 236 239 244 245 246 247 249
176 254
177 259 195 212
178 437 179 186 190 191 195 196 199 204 205 210 212 221 224 226 227 231 234 236 244 246 249
179 257 185 186 187 189 190 191 195 196 199 204 205 209 210 212 216 221 222 224 226 227 228 230 231 234 236 244 245 246 247 249
180 306
181 372
182 303
183 325
184 464
185 252 186 190 191 195 196 199 204 205 209 210 212 221 222 224 226 227 231 234 236 244 246 249
186 284 187 189 190 191 195 196 199 204 205 209 210 212 216 221 222 224 226 227 228 230 231 234 236 244 245 246 247 249
187 426 190 191 195 196 199 204 205 210 212 221 224 226 227 231 234 236 244 246 249
188 256
189 318 190 191 195 196 199 204 205 210 212 221 224 226 227 231 234 236 244 246 249
190 469 191 195 196 199 204 205 209 210 212 216 221 222 224 226 227 228 230 231 234 236 239 244 245 246 247 249
191 264 195 196 199 204 205 206 207 209 210 212 213 216 220 221 222 223 224 226 227 228 230 231 234 236 239 240 244 245 246 247 249
192 267
193 367
194 257
195 376 196 199 204 205 206 207 209 210 212 213 216 220 221 222 223 224 225 226 227 228 230 231 234 236 239 240 241 244 245 246 247 249
196 375 199 204 205 207 209 210 212 213 216 221 222 224 226 227 228 230 231 234 236 239 244 245 246 247 249
197 311
198 314
199 422 204 205 209 210 212 216 221 222 224 226 227 228 230 231 234 236 239 244 245 246 247 249
200 269
201 309
202 402
203 266
204 332 205 209 210 212 216 221 222 224 226 227 230 231 234 236 244 245 246 247 249
205 460 209 210 212 216 221 222 224 226 227 228 230 231 234 236 244 245 246 247 249
206 260 210 212 236 244 249
207 280 210 212 236 244 249
208 417
209 290 210 212 221 224 226 227 231 234 236 244 246 249
210 293 212 213 216 220 221 222 223 224 226 227 228 230 231 234 236 239 240 244 245 246 247 249
211 413
212 285 213 216 220 221 222 223 224 226 227 228 230 231 234 236 239 240 241 244 245 246 247 249
213 302 231 236 244 249
214 356
215 284
216 360 221 224 226 227 231 234 236 244 246 249
217 423
218 275
219 302
220 387 244
221 274 222 224 226 227 230 231 234 236 244 246 247 249
222 339 224 226 227 231 234 236 244 246 249
223 375 236 244 249
224 276 226 227 231 234 236 244 246 247 249
225 349
226 430 227 228 230 231 234 236 244 245 246 247 249
227 256 230 231 234 236 244 245 246 247 249
228 314 231 234 236 244 246 249
229 393
230 275 231 234 236 244 246 249
231 332 234 236 239 244 245 246 247 249
232 449
233 263
234 288 236 244 245 246 247 249
235 419
236 282 239 240 244 245 246 247 249
237 299
238 378
239 293 244 249
240 329 244 249
241 456
242 259
243 285
244 403 245 246 247 249
245 255 246 249
246 342 247 249
247 372 249
248 299
249 329
