120 1000
1 383 2 3 4 5 6 7 8 9 10 11 12 13 14 15 16 17 18 19 20 21 22 23 24 25 26 27 29 30 31 32 33 66 34 36 37 38 39 40 41 42 43 44 45 46 47 48 49 50 51 52 53 54 55 56 57 58 59 60 61 62 63 64 65 67 68 69 71 72 73 74 75 76 77 78 79 80 81 82 83 84 85 86 87 88 89 90 91 92 93 94 95 97 99 100 101 102 103 104 105 106 107 108 109 110 111 112 113 115 117 118 119 120
2 278 7 11 12 16 30 34 38 41 49 54 61 69 75 81 102 120
3 339 5 6 7 9 10 11 12 15 16 18 19 21 22 25 29 30 31 33 66 34 36 38 39 40 41 42 44 46 49 50 52 54 55 56 57 58 59 60 61 62 67 69 72 75 76 77 81 85 86 87 89 91 93 94 95 102 104 107 110 111 112 118 119 120
4 391 12 41 61 75 102 120
5 261 6 7 9 10 11 12 13 15 16 18 19 21 22 25 27 29 30 31 33 66 34 36 38 39 40 41 42 43 44 46 49 50 51 52 54 55 56 57 58 59 60 61 62 63 67 68 69 72 73 74 75 76 77 81 82 85 86 87 89 90 91 93 94 95 97 102 104 107 110 111 112 117 118 119 120
6 348 7 8 9 10 11 12 13 14 15 16 17 18 19 20 21 22 24 25 27 29 30 31 33 66 34 36 38 39 40 41 42 43 44 45 46 47 48 49 50 51 52 54 55 56 57 58 59 60 61 62 63 65 67 68 69 71 72 73 74 75 76 77 78 79 80 81 82 83 85 86 87 89 90 91 93 94 95 97 99 102 104 106 107 110 111 112 115 117 118 119 120
7 357 8 9 10 11 12 13 14 15 16 17 18 19 20 21 22 23 24 25 26 27 29 30 31 32 33 66 34 36 38 39 40 41 42 43 44 45 46 47 48 49 50 51 52 53 54 55 56 57 58 59 60 61 62 63 64 65 67 68 69 71 72 73 74 75 76 77 78 79 80 81 82 83 84 85 86 87 89 90 91 93 94 95 97 99 101 102 103 104 106 107 108 110 111 112 115 117 118 119 120
8 273 11 12 16 30 31 66 34 38 41 49 54 59 61 69 72 75 81 94 102 120
9 370 10 11 12 15 16 18 19 21 22 25 29 30 31 33 66 34 36 38 39 40 41 42 44 46 49 50 52 54 55 56 57 58 59 60 61 62 67 69 72 75 76 77 81 85 86 87 89 91 93 94 95 102 104 107 110 111 112 118 119 120
10 495 11 12 13 15 16 18 19 20 21 22 24 25 27 29 30 31 33 66 34 36 38 39 40 41 42 43 44 46 47 48 49 50 51 52 54 55 56 57 58 59 60 61 62 63 65 67 68 69 72 73 74 75 76 77 79 81 82 83 85 86 87 89 90 91 93 94 95 97 102 104 107 110 111 112 117 118 119 120
11 250 12 13 14 15 16 17 18 19 20 21 22 23 24 25 27 29 30 31 32 33 66 34 36 38 39 40 41 42 43 44 45 46 47 48 49 50 51 52 53 54 55 56 57 58 59 60 61 62 63 65 67 68 69 71 72 73 74 75 76 77 78 79 80 81 82 83 85 86 87 89 90 91 93 94 95 97 99 102 103 104 106 107 108 110 111 112 115 117 118 119 120
12 255 13 14 15 16 17 18 19 20 21 22 23 24 25 26 27 29 30 31 32 33 66 34 35 36 37 38 39 40 41 42 43 44 45 46 47 48 49 50 51 52 53 54 55 56 57 58 59 60 61 62 63 64 65 67 68 69 71 72 73 74 75 76 77 78 79 80 81 82 83 84 85 86 87 88 89 90 91 92 93 94 95 97 99 100 101 102 103 104 105 106 107 108 109 110 111 112 113 114 115 117 118 119 120
13 492 16 18 19 21 22 25 30 31 33 66 34 38 41 44 49 50 54 55 57 59 61 62 69 72 75 76 81 86 87 89 91 93 94 95 102 104 110 118 120
14 251 16 30 31 34 38 41 49 54 59 61 69 75 81 94 102 120
15 257 16 18 19 21 22 25 30 31 33 66 34 38 40 41 44 46 49 50 52 54 55 57 58 59 60 61 62 69 72 75 76 77 81 86 87 89 91 93 94 95 102 104 107 110 112 118 120
16 447 17 18 19 20 21 22 23 24 25 27 29 30 31 32 33 66 34 36 38 39 40 41 42 43 44 45 46 47 48 49 50 51 52 53 54 55 56 57 58 59 60 61 62 63 65 67 68 69 71 72 73 74 75 76 77 78 79 80 81 82 83 85 86 87 89 90 91 93 94 95 97 99 102 103 104 106 107 108 110 111 112 115 117 118 119 120
17 272 21 30 31 66 34 38 41 49 50 54 55 57 59 61 62 69 72 75 76 81 94 102 110 120
18 281 19 21 22 24 25 27 29 30 31 33 66 34 36 38 39 40 41 42 43 44 46 49 50 51 52 54 55 56 57 58 59 60 61 62 63 67 68 69 72 73 74 75 76 77 81 82 85 86 87 89 90 91 93 94 95 97 102 104 107 110 111 112 117 118 119 120
19 375 21 22 24 25 27 29 30 31 33 66 34 36 38 39 40 41 42 43 44 46 49 50 51 52 54 55 56 57 58 59 60 61 62 63 67 68 69 72 73 74 75 76 77 81 82 85 86 87 89 90 91 93 94 95 97 102 104 107 110 111 112 117 118 119 120
20 296 21 30 31 66 34 38 41 49 50 54 55 57 59 61 62 69 72 75 76 81 86 87 94 95 102 110 120
21 329 22 24 25 27 29 30 31 33 66 34 36 38 39 40 41 42 43 44 45 46 47 48 49 50 51 52 54 55 56 57 58 59 60 61 62 63 65 67 68 69 71 72 73 74 75 76 77 78 79 80 81 82 83 85 86 87 89 90 91 93 94 95 97 102 104 107 110 111 112 117 118 119 120
22 377 25 29 30 31 33 66 34 36 38 39 40 41 42 43 44 46 49 50 51 52 54 55 56 57 58 59 60 61 62 63 67 68 69 72 75 76 77 81 82 85 86 87 89 91 93 94 95 102 104 107 110 111 112 117 118 119 120
23 283 30 34 38 41 49 54 61 69 75 81 102 120
24 340 25 30 31 66 34 38 41 44 49 50 54 55 57 59 61 62 69 72 75 76 81 86 87 89 91 94 95 102 110 120
25 473 27 29 30 31 33 66 34 36 38 39 40 41 42 43 44 46 49 50 51 52 54 55 56 57 58 59 60 61 62 63 67 68 69 72 73 74 75 76 77 81 82 85 86 87 89 90 91 93 94 95 97 102 104 107 110 111 112 117 118 119 120
26 250 30 34 38 41 61 75 81 102 120
27 277 30 31 66 34 38 41 44 49 50 54 55 57 59 61 62 69 72 75 76 81 86 87 89 91 93 94 95 102 104 110 120
28 495 75
29 250 30 31 33 66 34 38 40 41 44 46 49 50 52 54 55 57 58 59 60 61 62 69 72 75 76 81 86 87 89 91 93 94 95 102 104 107 110 118 120
30 255 31 32 33 66 34 36 38 39 40 41 42 43 44 45 46 47 48 49 50 51 52 53 54 55 56 57 58 59 60 61 62 63 64 65 67 68 69 71 72 73 74 75 76 77 78 79 80 81 82 83 84 85 86 87 88 89 90 91 93 94 95 97 99 101 102 103 104 106 107 108 110 111 112 115 117 118 119 120
31 457 33 66 34 36 38 39 40 41 42 43 44 45 46 47 48 49 50 51 52 54 55 56 57 58 59 60 61 62 63 65 67 68 69 71 72 73 74 75 76 77 78 79 80 81 82 83 85 86 87 89 90 91 93 94 95 97 99 102 104 106 107 110 111 112 115 117 118 119 120
32 250 34 38 41 54 61 69 75 81 102 120
33 293 66 34 36 38 39 40 41 42 43 44 46 49 50 51 52 54 55 56 57 58 59 60 61 62 63 67 68 69 72 74 75 76 77 81 82 85 86 87 89 91 93 94 95 102 104 107 110 111 112 117 118 119 120
34 395 66 36 37 38 39 40 41 42 43 44 45 46 47 48 49 50 51 52 53 54 55 56 57 58 59 60 61 62 63 64 65 67 68 69 71 72 73 74 75 76 77 78 79 80 81 82 83 84 85 86 87 88 89 90 91 93 94 95 97 99 101 102 103 104 106 107 108 110 111 112 115 117 118 119 120
35 282 75
36 323 66 38 40 41 44 46 49 50 52 54 55 56 57 58 59 60 61 62 69 72 75 76 77 81 86 87 89 91 93 94 95 102 104 107 110 112 118 120
37 486 38 41 61 75 81 102 120
38 250 66 39 40 41 42 43 44 45 46 47 48 49 50 51 52 53 54 55 56 57 58 59 60 61 62 63 64 65 67 68 69 71 72 73 74 75 76 77 78 79 80 81 82 83 84 85 86 87 88 89 90 91 93 94 95 97 99 101 102 103 104 106 107 108 110 111 112 115 117 118 119 120
39 264 66 40 41 44 46 49 50 52 54 55 57 58 59 60 61 62 69 72 75 76 81 86 87 89 91 93 94 95 102 104 107 110 118 120
40 358 66 41 42 44 46 49 50 52 54 55 56 57 58 59 60 61 62 67 69 72 75 76 77 81 85 86 87 89 91 93 94 95 102 104 107 110 111 112 118 119 120
41 254 66 42 43 44 45 46 47 48 49 50 51 52 53 54 55 56 57 58 59 60 61 62 63 64 65 67 68 69 71 72 73 74 75 76 77 78 79 80 81 82 83 84 85 86 87 88 89 90 91 92 93 94 95 97 99 100 101 102 103 104 105 106 107 108 109 110 111 112 113 115 117 118 119 120
42 388 66 44 46 49 50 54 55 57 58 59 60 61 62 69 72 75 76 81 86 87 89 91 93 94 95 102 104 107 110 118 120
43 400 66 44 46 49 50 54 55 57 58 59 61 62 69 72 75 76 81 86 87 89 91 93 94 95 102 104 110 118 120
44 271 66 46 49 50 51 52 54 55 56 57 58 59 60 61 62 63 65 67 68 69 72 73 74 75 76 77 81 82 83 85 86 87 89 90 91 93 94 95 97 102 104 107 110 111 112 117 118 119 120
45 329 66 49 50 54 55 57 59 61 62 69 72 75 76 81 94 102 110 120
46 460 66 49 50 52 54 55 56 57 58 59 60 61 62 67 68 69 72 75 76 77 81 85 86 87 89 91 93 94 95 102 104 107 110 111 112 117 118 119 120
47 260 66 49 50 54 55 57 59 61 62 69 72 75 76 81 86 87 94 95 102 110 120
48 280 66 49 50 54 55 57 59 61 62 69 72 75 76 81 86 87 94 95 102 110 120
49 446 66 50 51 52 54 55 56 57 58 59 60 61 62 63 65 67 68 69 71 72 73 74 75 76 77 78 79 80 81 82 83 85 86 87 89 90 91 93 94 95 97 99 102 104 106 107 110 111 112 115 117 118 119 120
50 260 66 51 52 54 55 56 57 58 59 60 61 62 63 65 67 68 69 71 72 73 74 75 76 77 78 79 80 81 82 83 85 86 87 89 90 91 93 94 95 97 102 104 107 110 111 112 117 118 119 120
51 294 66 54 55 57 59 61 62 69 72 75 76 81 86 87 89 91 93 94 95 102 104 110 118 120
52 447 66 54 55 56 57 58 59 60 61 62 69 72 75 76 77 81 85 86 87 89 91 93 94 95 102 104 107 110 112 118 119 120
53 260 61 75 81 102 120
54 293 66 55 56 57 58 59 60 61 62 63 65 67 68 69 71 72 73 74 75 76 77 78 79 80 81 82 83 85 86 87 89 90 91 93 94 95 97 99 102 103 104 106 107 110 111 112 115 117 118 119 120
55 356 66 56 57 58 59 60 61 62 63 65 67 68 69 71 72 73 74 75 76 77 78 79 80 81 82 83 85 86 87 89 90 91 93 94 95 97 99 102 104 107 110 111 112 115 117 118 119 120
56 269 66 57 58 59 60 61 62 69 72 75 76 77 81 86 87 89 91 93 94 95 102 104 107 110 112 118 119 120
57 375 66 58 59 60 61 62 63 65 67 68 69 71 72 73 74 75 76 77 78 79 80 81 82 83 85 86 87 89 90 91 93 94 95 97 99 102 104 107 110 111 112 115 117 118 119 120
58 398 66 59 60 61 62 67 68 69 72 75 76 77 81 85 86 87 89 91 93 94 95 102 104 107 110 111 112 117 118 119 120
59 255 66 60 61 62 63 65 67 68 69 71 72 73 74 75 76 77 78 79 80 81 82 83 85 86 87 89 90 91 93 94 95 97 99 102 104 106 107 110 111 112 115 117 118 119 120
60 347 66 61 62 69 72 75 76 77 81 85 86 87 89 91 93 94 95 102 104 107 110 111 112 118 119 120
61 455 66 62 63 64 65 67 68 69 71 72 73 74 75 76 77 78 79 80 81 82 83 84 85 86 87 88 89 90 91 93 94 95 97 99 100 101 102 103 104 105 106 107 108 109 110 111 112 113 115 117 118 119 120
62 264 66 63 65 67 68 69 71 72 73 74 75 76 77 78 79 80 81 82 83 85 86 87 89 90 91 93 94 95 97 99 102 104 107 110 111 112 115 117 118 119 120
63 281 66 69 72 75 76 81 86 87 89 91 93 94 95 102 104 110 118 120
64 354 75 81 102 120
65 298 66 69 72 75 76 81 86 87 89 91 94 95 102 110 120
66 348 67 68 69 71 72 73 74 75 76 77 78 79 80 81 82 83 85 86 87 89 90 91 93 94 95 97 99 102 104 107 110 111 112 115 117 118 119 120
67 473 69 72 75 76 81 86 87 89 91 93 94 95 102 104 107 110 118 120
68 261 69 72 75 76 81 86 87 89 91 93 94 95 102 104 107 110 118 120
69 266 71 72 73 74 75 76 77 78 79 80 81 82 83 85 86 87 89 90 91 93 94 95 97 99 102 103 104 106 107 110 111 112 115 117 118 119 120
70 361 75
71 298 72 75 76 81 94 102 110 120
72 341 73 74 75 76 77 78 79 80 81 82 83 85 86 87 89 90 91 93 94 95 97 99 102 104 107 110 111 112 115 117 118 119 120
73 488 75 76 81 86 87 89 91 94 95 102 104 110 120
74 253 75 76 81 86 87 89 91 93 94 95 102 104 110 120
75 259 76 77 78 79 80 81 82 83 84 85 86 87 88 89 90 91 92 93 94 95 96 97 99 100 101 102 103 104 105 106 107 108 109 110 111 112 113 114 115 117 118 119 120
76 476 77 78 79 80 81 82 83 85 86 87 89 90 91 93 94 95 97 99 102 104 107 110 111 112 115 117 118 119 120
77 252 81 85 86 87 89 91 93 94 95 102 104 107 110 112 118 119 120
78 272 81 87 94 102 110 120
79 450 81 86 87 94 95 102 110 120
80 266 81 94 102 110 120
81 284 82 83 84 85 86 87 88 89 90 91 93 94 95 97 99 101 102 103 104 106 107 108 110 111 112 115 117 118 119 120
82 377 86 87 89 91 93 94 95 102 104 110 118 120
83 257 86 87 89 91 94 95 102 110 120
84 366 102 120
85 379 86 87 89 91 93 94 95 102 104 107 110 112 118 120
86 278 87 89 90 91 93 94 95 97 102 104 107 110 111 112 117 118 119 120
87 343 89 90 91 93 94 95 97 102 104 107 110 111 112 117 118 119 120
88 480 102 120
89 254 90 91 93 94 95 97 102 104 107 110 111 112 117 118 119 120
90 266 91 93 94 95 102 104 110 120
91 493 93 94 95 97 102 104 107 110 111 112 117 118 119 120
92 252 102 120
93 255 94 95 97 102 104 107 110 111 112 117 118 119 120
94 421 95 97 99 102 104 106 107 110 111 112 115 117 118 119 120
95 253 97 102 104 107 110 111 112 117 118 119 120
96 326
97 411 102 104 110 120
98 267
99 322 102 120
100 408 102 120
101 283 102 120
102 309 103 104 105 106 107 108 109 110 111 112 113 114 115 117 118 119 120
103 397 120
104 253 107 110 111 112 117 118 119 120
105 350 120
106 484 120
107 251 110 111 112 118 119 120
108 265 120
109 498 120
110 250 111 112 117 118 119 120
111 252 118 120
112 429 118 119 120
113 269 120
114 302
115 450 120
116 260
117 290 118 120
118 482 119 120
119 250 120
120 268
