249 1000
1 451 10 11 13 15 16 17 18 22 24 26 28 29 66 35 37 39 41 45 46 48 52 53 54 56 57 58 59 60 61 64 67 73 76 77 81 82 83 88 91 96 99 100 101 103 106 107 113 115 119 122 123 126 132 134 137 139 141 145 150 153 154 157 158 161 162 163 165 168 170 171 172 176 179 180 181 182 183 184 186 187 190 191 192 193 195 199 203 206 207 209 211 214 218 219 221 222 223 224 225 226 231 232 234 236 240 243 245 247
2 267 18 26 39 56 59 61 132 162 179 181 191 192 211 214 219 221 225
3 282 18 26 39 56 61 132 162 179 181 191 192 211 219 225
4 438 18 26 39 56 61 132 162 179 181 191 192 211 219 225
5 275 18 26 39 56 59 61 132 162 179 181 191 192 211 214 219 221 225
6 287 13 18 22 26 35 39 56 57 59 61 67 77 81 91 99 101 106 115 119 132 134 150 153 158 162 165 170 171 179 181 191 192 193 195 199 206 211 214 218 219 221 224 225 226 232 236 240 243
7 397 13 17 18 22 26 35 37 39 46 48 54 56 57 59 60 61 64 67 76 77 81 91 99 100 101 106 115 119 132 134 145 150 153 154 158 161 162 165 170 171 176 179 180 181 182 191 192 193 195 199 206 207 209 211 214 218 219 221 224 225 226 232 234 236 240 243
8 274 13 18 22 26 35 39 56 57 59 61 67 77 81 91 99 100 101 106 115 119 132 134 150 153 158 162 165 170 171 179 181 191 192 193 195 199 206 207 211 214 218 219 221 224 225 226 232 236 240 243
9 329 13 18 22 26 35 37 39 56 57 59 61 67 77 81 91 99 100 101 106 115 119 132 134 150 153 158 162 165 170 171 179 181 191 192 193 195 199 206 207 211 214 218 219 221 224 225 226 232 236 240 243
10 362 11 13 15 16 17 18 22 24 26 28 29 66 35 37 39 41 45 46 48 52 53 54 56 57 58 59 60 61 64 67 73 76 77 81 82 83 88 91 96 99 100 101 103 106 107 108 113 115 117 119 122 123 126 132 134 137 139 141 143 145 148 150 153 154 157 158 161 162 163 165 168 170 171 172 176 179 180 181 182 183 184 186 187 190 191 192 193 194 195 199 203 206 207 208 209 211 213 214 216 218 219 221 222 223 224 225 226 227 231 232 234 235 236 240 243 244 245 247
11 303 13 15 16 17 18 22 24 26 28 29 66 35 37 39 41 45 46 48 52 53 54 56 57 58 59 60 61 64 67 73 76 77 81 82 83 88 91 96 99 100 101 103 106 107 113 115 117 119 122 123 126 132 134 137 139 141 145 150 153 154 157 158 161 162 163 165 168 170 171 172 176 179 180 181 182 183 184 186 187 190 191 192 193 195 199 203 206 207 209 211 214 218 219 221 222 223 224 225 226 231 232 234 236 240 243 244 245 247
12 335 13 17 18 22 26 35 37 39 46 48 54 56 57 58 59 60 61 64 67 76 77 81 91 99 100 101 106 115 119 132 134 145 150 153 154 157 158 161 162 163 165 170 171 176 179 180 181 182 190 191 192 193 195 199 206 207 209 211 214 218 219 221 222 224 225 226 232 234 236 240 243 245
13 491 14 15 16 17 18 21 22 23 24 26 28 29 32 33 66 34 35 36 37 39 40 41 44 45 46 47 48 51 52 53 54 56 57 58 59 60 61 63 64 130 131 67 68 70 71 72 73 74 75 76 77 78 80 81 82 83 85 87 88 89 91 92 93 96 97 98 99 100 101 102 103 104 106 107 108 109 110 111 113 114 115 116 117 118 119 120 121 122 123 126 128 129 132 133 134 135 136 137 139 140 141 142 143 144 145 147 148 149 150 151 152 153 154 156 157 158 159 160 161 162 163 164 165 167 168 169 170 171 172 176 178 179 180 181 182 183 184 185 186 187 188 190 191 192 193 194 195 197 198 199 200 203 206 207 208 209 210 211 212 213 214 215 216 217 218 219 221 222 223 224 225 226 227 228 229 230 231 232 234 235 236 238 240 242 243 244 245 246 247
14 251 17 18 22 26 35 37 39 46 54 56 57 59 60 61 64 67 76 77 81 91 99 100 101 106 115 119 132 134 145 150 153 154 158 161 162 165 170 171 176 179 180 181 182 191 192 193 195 199 206 207 209 211 214 218 219 221 224 225 226 232 236 240 243
15 258 16 17 18 22 24 26 28 29 66 35 37 39 41 45 46 48 52 53 54 56 57 58 59 60 61 64 67 73 76 77 81 82 83 88 91 96 99 100 101 103 106 107 113 115 117 119 122 123 126 132 134 137 139 141 145 148 150 153 154 157 158 161 162 163 165 168 170 171 172 176 179 180 181 182 183 184 186 187 190 191 192 193 195 199 203 206 207 209 211 213 214 218 219 221 222 223 224 225 226 227 231 232 234 236 240 243 244 245 247
16 379 17 18 21 22 24 26 28 29 33 66 35 37 39 41 45 46 48 51 52 53 54 56 57 58 59 60 61 64 130 67 68 73 76 77 81 82 83 88 91 96 99 100 101 103 106 107 108 113 115 117 119 122 123 126 132 134 136 137 139 141 143 145 148 150 153 154 157 158 161 162 163 165 168 170 171 172 176 178 179 180 181 182 183 184 186 187 190 191 192 193 194 195 199 203 206 207 208 209 211 213 214 216 217 218 219 221 222 223 224 225 226 227 231 232 234 235 236 240 243 244 245 247
17 256 18 21 22 23 24 26 28 29 32 33 66 34 35 36 37 39 40 41 45 46 47 48 51 52 53 54 56 57 58 59 60 61 64 130 67 68 70 72 73 74 76 77 78 80 81 82 83 88 89 91 92 96 97 99 100 101 103 106 107 108 109 111 113 115 117 119 122 123 126 129 132 133 134 135 136 137 139 140 141 142 143 144 145 148 149 150 152 153 154 157 158 160 161 162 163 165 167 168 170 171 172 176 178 179 180 181 182 183 184 186 187 188 190 191 192 193 194 195 199 200 203 206 207 208 209 210 211 213 214 215 216 217 218 219 221 222 223 224 225 226 227 229 230 231 232 234 235 236 238 240 242 243 244 245 246 247
18 365 19 20 21 22 23 24 25 26 28 29 30 31 32 33 66 34 35 36 37 38 39 40 41 44 45 46 47 48 49 50 51 52 53 54 55 56 57 58 59 60 61 62 63 64 65 130 131 67 68 69 70 71 72 73 74 75 76 77 78 79 80 81 82 83 84 85 86 87 88 89 90 91 92 93 94 95 96 97 98 99 100 101 102 103 104 105 106 107 108 109 110 111 112 113 114 115 116 117 118 119 120 121 122 123 124 125 126 127 128 129 132 133 134 135 136 137 138 139 140 141 142 143 144 145 146 147 148 149 150 151 152 153 154 155 156 157 158 159 160 161 162 163 164 165 166 167 168 169 170 171 172 173 174 175 176 177 178 179 180 181 182 183 184 185 186 187 188 189 190 191 192 193 194 195 196 197 198 199 200 201 202 203 204 205 206 207 208 209 210 211 212 213 214 215 216 217 218 219 220 221 222 223 224 225 226 227 228 229 230 231 232 233 234 235 236 237 238 239 240 241 242 243 244 245 246 247 248 249
19 394 26 39 56 59 61 132 162 179 181 191 192 211 219 225
20 294 39 132 162 179 192 225
21 312 22 24 26 28 66 35 37 39 45 46 48 52 53 54 56 57 58 59 60 61 64 67 73 76 77 81 88 91 96 99 100 101 106 107 113 115 119 132 134 137 139 141 145 150 153 154 157 158 161 162 163 165 168 170 171 172 176 179 180 181 182 184 187 190 191 192 193 195 199 206 207 209 211 214 218 219 221 222 224 225 226 231 232 234 236 240 243 245 247
22 437 23 24 26 28 29 32 33 66 34 35 36 37 39 40 41 45 46 47 48 51 52 53 54 56 57 58 59 60 61 63 64 130 67 68 70 72 73 74 75 76 77 78 80 81 82 83 87 88 89 91 92 96 97 99 100 101 103 106 107 108 109 111 113 114 115 117 119 122 123 126 129 132 133 134 135 136 137 139 140 141 142 143 144 145 148 149 150 152 153 154 157 158 160 161 162 163 164 165 167 168 169 170 171 172 176 178 179 180 181 182 183 184 185 186 187 188 190 191 192 193 194 195 198 199 200 203 206 207 208 209 210 211 213 214 215 216 217 218 219 221 222 223 224 225 226 227 228 229 230 231 232 234 235 236 238 240 242 243 244 245 246 247
23 274 26 35 37 39 46 54 56 57 59 61 64 67 76 77 81 91 99 100 101 106 115 119 132 134 145 150 153 154 158 162 165 170 171 176 179 180 181 191 192 193 195 199 206 207 209 211 214 218 219 221 224 225 226 232 236 240 243
24 289 26 28 29 33 66 35 37 39 41 45 46 48 51 52 53 54 56 57 58 59 60 61 64 130 67 68 73 76 77 81 82 83 88 91 96 99 100 101 103 106 107 108 113 115 117 119 122 123 126 132 134 136 137 139 141 143 145 148 150 153 154 157 158 161 162 163 165 168 170 171 172 176 179 180 181 182 183 184 186 187 190 191 192 193 194 195 199 203 206 207 208 209 211 213 214 216 217 218 219 221 222 223 224 225 226 227 231 232 234 235 236 240 243 244 245 247
25 438 26 39 56 59 61 77 115 132 150 162 179 181 191 192 195 211 214 219 221 225 236
26 271 28 29 30 31 32 33 66 34 35 36 37 38 39 40 41 44 45 46 47 48 49 50 51 52 53 54 55 56 57 58 59 60 61 62 63 64 130 131 67 68 70 71 72 73 74 75 76 77 78 79 80 81 82 83 85 86 87 88 89 91 92 93 95 96 97 98 99 100 101 102 103 104 105 106 107 108 109 110 111 113 114 115 116 117 118 119 120 121 122 123 124 125 126 127 128 129 132 133 134 135 136 137 138 139 140 141 142 143 144 145 146 147 148 149 150 151 152 153 154 155 156 157 158 159 160 161 162 163 164 165 166 167 168 169 170 171 172 173 174 175 176 177 178 179 180 181 182 183 184 185 186 187 188 189 190 191 192 193 194 195 197 198 199 200 201 202 203 204 205 206 207 208 209 210 211 212 213 214 215 216 217 218 219 220 221 222 223 224 225 226 227 228 229 230 231 232 234 235 236 237 238 239 240 241 242 243 244 245 246 247 248 249
27 291 39 132
28 398 29 32 33 66 35 37 39 41 45 46 47 48 51 52 53 54 56 57 58 59 60 61 64 130 67 68 72 73 76 77 81 82 83 88 91 96 97 99 100 101 103 106 107 108 111 113 115 117 119 122 123 126 129 132 134 136 137 139 141 143 145 148 149 150 152 153 154 157 158 160 161 162 163 165 168 170 171 172 176 178 179 180 181 182 183 184 186 187 190 191 192 193 194 195 199 203 206 207 208 209 211 213 214 216 217 218 219 221 222 223 224 225 226 227 230 231 232 234 235 236 238 240 243 244 245 247
29 290 66 35 37 39 41 45 46 48 52 53 54 56 57 58 59 60 61 64 67 73 76 77 81 82 83 88 91 96 99 100 101 103 106 107 108 113 115 117 119 122 123 126 132 134 137 139 141 143 145 148 150 153 154 157 158 161 162 163 165 168 170 171 172 176 179 180 181 182 183 184 186 187 190 191 192 193 194 195 199 203 206 207 208 209 211 213 214 216 218 219 221 222 223 224 225 226 227 231 232 234 235 236 240 243 244 245 247
30 312 39 56 57 59 61 77 81 101 115 132 134 150 162 165 170 179 181 191 192 193 195 206 211 214 219 221 224 225 236
31 396 39 56 132 162 179 191 192 211 219 225
32 261 35 37 39 46 48 52 53 54 56 57 58 59 60 61 64 67 76 77 81 91 96 99 100 101 106 107 113 115 119 132 134 139 141 145 150 153 154 157 158 161 162 163 165 168 170 171 176 179 180 181 182 184 190 191 192 193 195 199 206 207 209 211 214 218 219 221 222 224 225 226 232 234 236 240 243 245
33 343 66 35 37 39 45 46 48 52 53 54 56 57 58 59 60 61 64 67 73 76 77 81 88 91 96 99 100 101 106 107 113 115 119 132 134 137 139 141 145 150 153 154 157 158 161 162 163 165 168 170 171 172 176 179 180 181 182 184 187 190 191 192 193 195 199 206 207 209 211 214 218 219 221 222 224 225 226 231 232 234 236 240 243 245 247
34 482 35 37 39 46 48 54 56 57 58 59 60 61 64 67 76 77 81 91 99 100 101 106 113 115 119 132 134 141 145 150 153 154 157 158 161 162 163 165 170 171 176 179 180 181 182 190 191 192 193 195 199 206 207 209 211 214 218 219 221 222 224 225 226 232 234 236 240 243 245
35 252 66 36 37 39 40 41 45 46 47 48 51 52 53 54 56 57 58 59 60 61 63 64 130 67 68 70 72 73 74 75 76 77 78 80 81 82 83 87 88 89 91 92 93 96 97 99 100 101 103 106 107 108 109 111 113 114 115 117 118 119 121 122 123 126 129 132 133 134 135 136 137 139 140 141 142 143 144 145 148 149 150 152 153 154 156 157 158 160 161 162 163 164 165 167 168 169 170 171 172 176 178 179 180 181 182 183 184 185 186 187 188 190 191 192 193 194 195 198 199 200 203 206 207 208 209 210 211 213 214 215 216 217 218 219 221 222 223 224 225 226 227 228 229 230 231 232 234 235 236 238 240 242 243 244 245 246 247
36 266 37 39 46 48 54 56 57 59 60 61 64 67 76 77 81 91 99 100 101 106 115 119 132 134 145 150 153 154 158 161 162 165 170 171 176 179 180 181 182 191 192 193 195 199 206 207 209 211 214 218 219 221 224 225 226 232 236 240 243
37 425 66 39 40 41 45 46 47 48 51 52 53 54 56 57 58 59 60 61 63 64 130 67 68 70 72 73 74 75 76 77 78 80 81 82 83 87 88 89 91 92 96 97 99 100 101 103 106 107 108 109 111 113 115 117 119 122 123 126 129 132 133 134 135 136 137 139 140 141 142 143 144 145 148 149 150 152 153 154 157 158 160 161 162 163 165 167 168 169 170 171 172 176 178 179 180 181 182 183 184 186 187 188 190 191 192 193 194 195 199 200 203 206 207 208 209 210 211 213 214 215 216 217 218 219 221 222 223 224 225 226 227 228 229 230 231 232 234 235 236 238 240 242 243 244 245 246 247
38 252 39 56 59 61 77 115 132 150 162 179 181 191 192 195 211 214 219 221 225
39 323 66 40 41 42 43 44 45 46 47 48 49 50 51 52 53 54 55 56 57 58 59 60 61 62 63 64 65 130 131 67 68 69 70 71 72 73 74 75 76 77 78 79 80 81 82 83 84 85 86 87 88 89 90 91 92 93 94 95 96 97 98 99 100 101 102 103 104 105 106 107 108 109 110 111 112 113 114 115 116 117 118 119 120 121 122 123 124 125 126 127 128 129 132 133 134 135 136 137 138 139 140 141 142 143 144 145 146 147 148 149 150 151 152 153 154 155 156 157 158 159 160 161 162 163 164 165 166 167 168 169 170 171 172 173 174 175 176 177 178 179 180 181 182 183 184 185 186 187 188 189 190 191 192 193 194 195 196 197 198 199 200 201 202 203 204 205 206 207 208 209 210 211 212 213 214 215 216 217 218 219 220 221 222 223 224 225 226 227 228 229 230 231 232 233 234 235 236 237 238 239 240 241 242 243 244 245 246 247 248 249
40 382 46 48 54 56 57 58 59 60 61 64 67 76 77 81 91 99 100 101 106 115 119 132 134 145 150 153 154 157 158 161 162 163 165 170 171 176 179 180 181 182 190 191 192 193 195 199 206 207 209 211 214 218 219 221 222 224 225 226 232 234 236 240 243 245
41 291 66 45 46 48 52 53 54 56 57 58 59 60 61 64 67 73 76 77 81 82 83 88 91 96 99 100 101 103 106 107 113 115 117 119 122 123 126 132 134 137 139 141 145 148 150 153 154 157 158 161 162 163 165 168 170 171 172 176 179 180 181 182 183 184 186 187 190 191 192 193 195 199 203 206 207 209 211 213 214 218 219 221 222 223 224 225 226 227 231 232 234 236 240 243 244 245 247
42 327
43 414 132 225
44 262 56 57 59 61 67 77 81 101 115 132 134 150 153 158 162 165 170 179 181 191 192 193 195 206 211 214 218 219 221 224 225 226 236 240
45 324 66 46 48 51 52 53 54 56 57 58 59 60 61 64 130 67 68 73 76 77 81 82 83 88 91 96 99 100 101 103 106 107 108 113 115 117 119 122 123 126 132 134 136 137 139 141 143 145 148 150 153 154 157 158 161 162 163 165 168 170 171 172 176 179 180 181 182 183 184 186 187 190 191 192 193 194 195 199 203 206 207 208 209 211 213 214 216 217 218 219 221 222 223 224 225 226 227 231 232 234 235 236 240 243 244 245 247
46 388 66 47 48 51 52 53 54 56 57 58 59 60 61 64 130 67 68 70 72 73 74 76 77 78 80 81 82 83 88 89 91 92 96 97 99 100 101 103 106 107 108 109 111 113 115 117 119 122 123 126 129 132 133 134 135 136 137 139 140 141 142 143 144 145 148 149 150 152 153 154 157 158 160 161 162 163 165 167 168 170 171 172 176 178 179 180 181 182 183 184 186 187 188 190 191 192 193 194 195 199 200 203 206 207 208 209 210 211 213 214 215 216 217 218 219 221 222 223 224 225 226 227 229 230 231 232 234 235 236 238 240 242 243 244 245 246 247
47 251 48 52 53 54 56 57 58 59 60 61 64 67 76 77 81 91 96 99 100 101 106 107 113 115 119 132 134 139 141 145 150 153 154 157 158 161 162 163 165 168 170 171 176 179 180 181 182 184 190 191 192 193 195 199 206 207 209 211 214 218 219 221 222 224 225 226 232 234 236 240 243 245
48 361 66 51 52 53 54 56 57 58 59 60 61 64 130 67 68 72 73 76 77 78 80 81 82 83 88 89 91 96 97 99 100 101 103 106 107 108 109 111 113 115 117 119 122 123 126 129 132 133 134 135 136 137 139 140 141 143 144 145 148 149 150 152 153 154 157 158 160 161 162 163 165 167 168 170 171 172 176 178 179 180 181 182 183 184 186 187 190 191 192 193 194 195 199 203 206 207 208 209 210 211 213 214 216 217 218 219 221 222 223 224 225 226 227 229 230 231 232 234 235 236 238 240 242 243 244 245 246 247
49 426 56 132 162 179 191 192 211 219 225
50 259 56 132 162 179 191 192 211 219 225
51 315 66 52 53 54 56 57 58 59 60 61 64 67 73 76 77 81 88 91 96 99 100 101 106 107 113 115 119 132 134 137 139 141 145 150 153 154 157 158 161 162 163 165 168 170 171 172 176 179 180 181 182 184 187 190 191 192 193 195 199 206 207 209 211 214 218 219 221 222 224 225 226 232 234 236 240 243 245 247
52 377 66 53 54 56 57 58 59 60 61 64 130 67 68 72 73 76 77 81 82 83 88 89 91 96 97 99 100 101 103 106 107 108 111 113 115 117 119 122 123 126 129 132 134 136 137 139 141 143 144 145 148 149 150 152 153 154 157 158 160 161 162 163 165 168 170 171 172 176 178 179 180 181 182 183 184 186 187 190 191 192 193 194 195 199 203 206 207 208 209 211 213 214 216 217 218 219 221 222 223 224 225 226 227 230 231 232 234 235 236 238 240 243 244 245 246 247
53 258 66 54 56 57 58 59 60 61 64 130 67 68 72 73 76 77 81 82 83 88 89 91 96 97 99 100 101 103 106 107 108 111 113 115 117 119 122 123 126 129 132 134 136 137 139 141 143 144 145 148 149 150 152 153 154 157 158 160 161 162 163 165 168 170 171 172 176 178 179 180 181 182 183 184 186 187 190 191 192 193 194 195 199 203 206 207 208 209 211 213 214 216 217 218 219 221 222 223 224 225 226 227 230 231 232 234 235 236 238 240 243 244 245 246 247
54 365 66 56 57 58 59 60 61 64 130 67 68 70 72 73 74 76 77 78 80 81 82 83 88 89 91 92 96 97 99 100 101 103 106 107 108 109 111 113 115 117 119 122 123 126 129 132 133 134 135 136 137 139 140 141 142 143 144 145 148 149 150 152 153 154 157 158 160 161 162 163 165 167 168 170 171 172 176 178 179 180 181 182 183 184 186 187 188 190 191 192 193 194 195 199 200 203 206 207 208 209 210 211 213 214 215 216 217 218 219 221 222 223 224 225 226 227 228 229 230 231 232 234 235 236 238 240 242 243 244 245 246 247
55 455 56 132 162 179 181 191 192 211 219 225
56 266 66 57 58 59 60 61 62 63 64 130 131 67 68 69 70 71 72 73 74 75 76 77 78 79 80 81 82 83 84 85 86 87 88 89 90 91 92 93 95 96 97 98 99 100 101 102 103 104 105 106 107 108 109 110 111 113 114 115 116 117 118 119 120 121 122 123 124 125 126 127 128 129 132 133 134 135 136 137 138 139 140 141 142 143 144 145 146 147 148 149 150 151 152 153 154 155 156 157 158 159 160 161 162 163 164 165 166 167 168 169 170 171 172 173 174 175 176 177 178 179 180 181 182 183 184 185 186 187 188 189 190 191 192 193 194 195 197 198 199 200 201 202 203 204 205 206 207 208 209 210 211 212 213 214 215 216 217 218 219 220 221 222 223 224 225 226 227 228 229 230 231 232 234 235 236 237 238 239 240 241 242 243 244 245 246 247 248 249
57 279 66 58 59 60 61 63 64 130 131 67 68 70 71 72 73 74 75 76 77 78 80 81 82 83 85 87 88 89 91 92 93 96 97 98 99 100 101 102 103 104 106 107 108 109 110 111 113 114 115 116 117 118 119 120 121 122 123 125 126 128 129 132 133 134 135 136 137 139 140 141 142 143 144 145 146 147 148 149 150 151 152 153 154 156 157 158 159 160 161 162 163 164 165 167 168 169 170 171 172 175 176 178 179 180 181 182 183 184 185 186 187 188 190 191 192 193 194 195 197 198 199 200 203 206 207 208 209 210 211 212 213 214 215 216 217 218 219 220 221 222 223 224 225 226 227 228 229 230 231 232 234 235 236 237 238 240 242 243 244 245 246 247
58 411 66 59 60 61 64 130 67 68 72 73 76 77 81 82 83 88 89 91 96 97 99 100 101 103 106 107 108 111 113 115 117 119 122 123 126 129 132 134 135 136 137 139 141 143 144 145 148 149 150 152 153 154 157 158 160 161 162 163 165 168 170 171 172 176 178 179 180 181 182 183 184 186 187 190 191 192 193 194 195 199 203 206 207 208 209 211 213 214 216 217 218 219 221 222 223 224 225 226 227 230 231 232 234 235 236 238 240 243 244 245 246 247
59 260 66 60 61 62 63 64 130 131 67 68 70 71 72 73 74 75 76 77 78 79 80 81 82 83 85 86 87 88 89 91 92 93 95 96 97 98 99 100 101 102 103 104 105 106 107 108 109 110 111 113 114 115 116 117 118 119 120 121 122 123 124 125 126 128 129 132 133 134 135 136 137 139 140 141 142 143 144 145 146 147 148 149 150 151 152 153 154 155 156 157 158 159 160 161 162 163 164 165 166 167 168 169 170 171 172 173 174 175 176 177 178 179 180 181 182 183 184 185 186 187 188 189 190 191 192 193 194 195 197 198 199 200 201 203 206 207 208 209 210 211 212 213 214 215 216 217 218 219 220 221 222 223 224 225 226 227 228 229 230 231 232 234 235 236 237 238 239 240 241 242 243 244 245 246 247 248 249
60 329 66 61 64 130 67 68 70 72 73 74 76 77 78 80 81 82 83 88 89 91 92 96 97 99 100 101 103 106 107 108 109 111 113 115 117 119 122 123 126 129 132 133 134 135 136 137 139 140 141 142 143 144 145 148 149 150 152 153 154 157 158 160 161 162 163 165 167 168 170 171 172 176 178 179 180 181 182 183 184 186 187 190 191 192 193 194 195 199 200 203 206 207 208 209 210 211 213 214 215 216 217 218 219 221 222 223 224 225 226 227 229 230 231 232 234 235 236 238 240 242 243 244 245 246 247
61 356 66 62 63 64 130 131 67 68 70 71 72 73 74 75 76 77 78 79 80 81 82 83 85 86 87 88 89 91 92 93 95 96 97 98 99 100 101 102 103 104 105 106 107 108 109 110 111 113 114 115 116 117 118 119 120 121 122 123 124 125 126 127 128 129 132 133 134 135 136 137 139 140 141 142 143 144 145 146 147 148 149 150 151 152 153 154 155 156 157 158 159 160 161 162 163 164 165 166 167 168 169 170 171 172 173 174 175 176 177 178 179 180 181 182 183 184 185 186 187 188 189 190 191 192 193 194 195 197 198 199 200 201 203 206 207 208 209 210 211 212 213 214 215 216 217 218 219 220 221 222 223 224 225 226 227 228 229 230 231 232 234 235 236 237 238 239 240 241 242 243 244 245 246 247 248 249
62 295 132 162 179 181 191 192 211 219 221 225
63 349 67 77 81 91 99 100 101 106 115 119 132 134 150 153 158 162 165 170 171 179 180 181 191 192 193 195 199 206 207 211 214 218 219 221 224 225 226 232 236 240 243
64 470 66 130 67 68 70 72 73 74 76 77 78 80 81 82 83 88 89 91 92 96 97 99 100 101 103 106 107 108 109 111 113 115 117 119 122 123 126 129 132 133 134 135 136 137 139 140 141 142 143 144 145 148 149 150 152 153 154 157 158 160 161 162 163 165 167 168 170 171 172 176 178 179 180 181 182 183 184 186 187 188 190 191 192 193 194 195 199 200 203 206 207 208 209 210 211 213 214 215 216 217 218 219 221 222 223 224 225 226 227 229 230 231 232 234 235 236 238 240 242 243 244 245 246 247
65 257 132 162 179 192 225
66 273 130 67 68 72 73 76 77 81 82 83 88 91 96 99 100 101 103 106 107 108 113 115 117 119 122 123 126 132 134 136 137 139 141 143 145 148 150 153 154 157 158 161 162 163 165 168 170 171 172 176 178 179 180 181 182 183 184 186 187 190 191 192 193 194 195 199 203 206 207 208 209 211 213 214 216 217 218 219 221 222 223 224 225 226 227 231 232 234 235 236 240 243 244 245 247
67 449 130 131 68 70 71 72 73 74 75 76 77 78 80 81 82 83 85 87 88 89 91 92 93 96 97 98 99 100 101 103 104 106 107 108 109 110 111 113 114 115 116 117 118 119 120 121 122 123 126 128 129 132 133 134 135 136 137 139 140 141 142 143 144 145 147 148 149 150 151 152 153 154 156 157 158 159 160 161 162 163 164 165 167 168 169 170 171 172 176 178 179 180 181 182 183 184 185 186 187 188 190 191 192 193 194 195 197 198 199 200 203 206 207 208 209 210 211 212 213 214 215 216 217 218 219 221 222 223 224 225 226 227 228 229 230 231 232 234 235 236 238 240 242 243 244 245 246 247
68 252 73 76 77 81 88 91 96 99 100 101 106 107 113 115 119 132 134 137 139 141 145 150 153 154 157 158 161 162 163 165 168 170 171 172 176 179 180 181 182 184 187 190 191 192 193 195 199 206 207 209 211 214 218 219 221 222 224 225 226 232 234 236 240 243 245 247
69 299 132 162 179 191 192 225
70 380 76 77 81 91 99 100 101 106 115 119 132 134 145 150 153 154 158 162 165 170 171 176 179 180 181 191 192 193 195 199 206 207 209 211 214 218 219 221 224 225 226 232 236 240 243
71 280 77 81 101 115 132 134 150 162 165 170 179 181 191 192 193 195 206 211 214 218 219 221 224 225 236
72 340 76 77 81 91 96 99 100 101 106 107 113 115 119 132 134 139 141 145 150 153 154 157 158 161 162 163 165 168 170 171 176 179 180 181 182 184 190 191 192 193 195 199 206 207 209 211 214 218 219 221 222 224 225 226 232 234 236 240 243 245 247
73 378 130 76 77 81 82 83 88 91 96 99 100 101 103 106 107 108 113 115 117 119 122 123 126 132 134 136 137 139 141 143 145 148 150 153 154 157 158 161 162 163 165 168 170 171 172 176 179 180 181 182 183 184 186 187 190 191 192 193 194 195 199 203 206 207 208 209 211 213 214 216 217 218 219 221 222 223 224 225 226 227 231 232 234 235 236 240 243 244 245 247
74 305 76 77 81 91 99 100 101 106 115 119 132 134 145 150 153 154 158 162 165 170 171 176 179 180 181 191 192 193 195 199 206 207 209 211 214 218 219 221 224 225 226 232 236 240 243
75 317 77 81 91 99 100 101 106 115 119 132 134 150 153 158 162 165 170 171 179 180 181 191 192 193 195 199 206 207 211 214 218 219 221 224 225 226 232 236 240 243
76 440 130 77 78 80 81 82 83 88 89 91 92 96 97 99 100 101 103 106 107 108 109 111 113 115 117 119 122 123 126 129 132 133 134 135 136 137 139 140 141 142 143 144 145 148 149 150 152 153 154 157 158 160 161 162 163 165 167 168 170 171 172 176 178 179 180 181 182 183 184 186 187 188 190 191 192 193 194 195 199 200 203 206 207 208 209 210 211 213 214 215 216 217 218 219 221 222 223 224 225 226 227 228 229 230 231 232 234 235 236 238 240 242 243 244 245 246 247
77 255 130 131 78 80 81 82 83 85 86 87 88 89 91 92 93 96 97 98 99 100 101 102 103 104 105 106 107 108 109 110 111 113 114 115 116 117 118 119 120 121 122 123 125 126 128 129 132 133 134 135 136 137 139 140 141 142 143 144 145 146 147 148 149 150 151 152 153 154 155 156 157 158 159 160 161 162 163 164 165 167 168 169 170 171 172 173 174 175 176 177 178 179 180 181 182 183 184 185 186 187 188 190 191 192 193 194 195 197 198 199 200 201 203 206 207 208 209 210 211 212 213 214 215 216 217 218 219 220 221 222 223 224 225 226 227 228 229 230 231 232 234 235 236 237 238 240 241 242 243 244 245 246 247 248 249
78 305 81 91 99 100 101 106 115 119 132 134 145 150 153 154 158 161 162 165 170 171 176 179 180 181 182 191 192 193 195 199 206 207 209 211 214 218 219 221 224 225 226 232 236 240 243
79 435 132 162 179 181 191 192 211 219 221 225
80 270 81 91 99 100 101 106 115 119 132 134 145 150 153 154 158 161 162 165 170 171 176 179 180 181 182 191 192 193 195 199 206 207 209 211 214 218 219 221 224 225 226 232 234 236 240 243
81 295 130 131 82 83 85 86 87 88 89 91 92 93 96 97 98 99 100 101 102 103 104 106 107 108 109 110 111 113 114 115 116 117 118 119 120 121 122 123 125 126 128 129 132 133 134 135 136 137 139 140 141 142 143 144 145 146 147 148 149 150 151 152 153 154 156 157 158 159 160 161 162 163 164 165 167 168 169 170 171 172 174 175 176 177 178 179 180 181 182 183 184 185 186 187 188 190 191 192 193 194 195 197 198 199 200 203 206 207 208 209 210 211 212 213 214 215 216 217 218 219 220 221 222 223 224 225 226 227 228 229 230 231 232 234 235 236 237 238 240 241 242 243 244 245 246 247 248
82 478 83 88 91 96 99 100 101 103 106 107 108 113 115 117 119 122 123 126 132 134 137 139 141 143 145 148 150 153 154 157 158 161 162 163 165 168 170 171 172 176 179 180 181 182 183 184 186 187 190 191 192 193 194 195 199 203 206 207 208 209 211 213 214 216 218 219 221 222 223 224 225 226 227 231 232 234 235 236 240 243 244 245 247
83 252 88 91 96 99 100 101 103 106 107 113 115 119 122 123 126 132 134 137 139 141 145 150 153 154 157 158 161 162 163 165 168 170 171 172 176 179 180 181 182 183 184 186 187 190 191 192 193 195 199 203 206 207 209 211 214 218 219 221 222 223 224 225 226 231 232 234 236 240 243 244 245 247
84 270 132 162 179 191 192 225
85 446 101 115 132 134 150 162 165 170 179 181 191 192 193 195 206 211 214 218 219 221 224 225 226 236
86 252 115 132 134 150 162 170 179 181 191 192 195 206 211 214 219 221 225 236
87 302 91 99 100 101 106 115 119 132 134 150 153 158 162 165 170 171 179 180 181 191 192 193 195 199 206 207 211 214 218 219 221 224 225 226 232 236 240 243
88 388 130 91 96 99 100 101 103 106 107 108 113 115 117 119 122 123 126 132 134 136 137 139 141 143 145 148 150 153 154 157 158 161 162 163 165 168 170 171 172 176 178 179 180 181 182 183 184 186 187 190 191 192 193 194 195 199 203 206 207 208 209 211 213 214 216 217 218 219 221 222 223 224 225 226 227 231 232 234 235 236 240 243 244 245 247
89 274 91 96 99 100 101 106 113 115 119 132 134 139 141 145 150 153 154 157 158 161 162 163 165 168 170 171 176 179 180 181 182 184 190 191 192 193 195 199 206 207 209 211 214 218 219 221 222 224 225 226 232 234 236 240 243 245
90 338 132 162 179 191 192 225
91 476 130 92 93 96 97 99 100 101 103 106 107 108 109 111 113 114 115 117 119 122 123 126 129 132 133 134 135 136 137 139 140 141 142 143 144 145 148 149 150 152 153 154 156 157 158 160 161 162 163 164 165 167 168 169 170 171 172 176 178 179 180 181 182 183 184 185 186 187 188 190 191 192 193 194 195 198 199 200 203 206 207 208 209 210 211 213 214 215 216 217 218 219 221 222 223 224 225 226 227 228 229 230 231 232 234 235 236 238 240 242 243 244 245 246 247
92 260 99 100 101 106 115 119 132 134 145 150 153 154 158 161 162 165 170 171 176 179 180 181 182 191 192 193 195 199 206 207 209 211 214 218 219 221 224 225 226 232 236 240 243
93 264 99 101 106 115 119 132 134 150 153 158 162 165 170 171 179 181 191 192 193 195 199 206 211 214 218 219 221 224 225 226 232 236 240 243
94 487 132 162 179 192 225
95 250 132 162 179 181 191 192 211 214 219 221 225
96 263 130 97 99 100 101 103 106 107 108 111 113 115 117 119 122 123 126 129 132 134 136 137 139 141 143 144 145 148 149 150 152 153 154 157 158 160 161 162 163 165 168 170 171 172 176 178 179 180 181 182 183 184 186 187 190 191 192 193 194 195 199 203 206 207 208 209 211 213 214 216 217 218 219 221 222 223 224 225 226 227 230 231 232 234 235 236 238 240 243 244 245 246 247
97 469 99 100 101 106 107 113 115 119 132 134 139 141 145 150 153 154 157 158 161 162 163 165 168 170 171 176 179 180 181 182 184 190 191 192 193 195 199 206 207 209 211 214 218 219 221 222 224 225 226 232 234 236 240 243 245
98 262 101 115 132 134 150 162 165 170 179 181 191 192 193 195 206 211 214 218 219 221 224 225 226 236
99 269 130 100 101 103 106 107 108 109 111 113 114 115 117 119 122 123 126 129 132 133 134 135 136 137 139 140 141 142 143 144 145 148 149 150 152 153 154 156 157 158 160 161 162 163 164 165 167 168 169 170 171 172 176 178 179 180 181 182 183 184 185 186 187 188 190 191 192 193 194 195 198 199 200 203 206 207 208 209 210 211 213 214 215 216 217 218 219 221 222 223 224 225 226 227 228 229 230 231 232 234 235 236 238 240 242 243 244 245 246 247
100 415 130 101 103 106 107 108 109 111 113 114 115 117 119 122 123 126 129 132 133 134 135 136 137 139 140 141 142 143 144 145 148 149 150 152 153 154 157 158 160 161 162 163 164 165 167 168 169 170 171 172 176 178 179 180 181 182 183 184 186 187 188 190 191 192 193 194 195 199 200 203 206 207 208 209 210 211 213 214 215 216 217 218 219 221 222 223 224 225 226 227 228 229 230 231 232 234 235 236 238 240 242 243 244 245 246 247
101 257 130 131 102 103 104 106 107 108 109 110 111 113 114 115 116 117 118 119 120 121 122 123 125 126 128 129 132 133 134 135 136 137 139 140 141 142 143 144 145 146 147 148 149 150 151 152 153 154 156 157 158 159 160 161 162 163 164 165 167 168 169 170 171 172 175 176 178 179 180 181 182 183 184 185 186 187 188 190 191 192 193 194 195 197 198 199 200 203 206 207 208 209 210 211 212 213 214 215 216 217 218 219 220 221 222 223 224 225 226 227 228 229 230 231 232 234 235 236 237 238 240 242 243 244 245 246 247
102 328 115 132 134 150 162 165 170 179 181 191 192 193 195 206 211 214 219 221 224 225 236
103 369 106 107 108 113 115 117 119 122 123 126 132 134 137 139 141 143 145 148 150 153 154 157 158 161 162 163 165 168 170 171 172 176 179 180 181 182 183 184 186 187 190 191 192 193 194 195 199 203 206 207 208 209 211 213 214 216 218 219 221 222 223 224 225 226 227 231 232 234 235 236 240 243 244 245 247
104 292 115 119 132 134 150 153 158 162 165 170 179 181 191 192 193 195 206 211 214 218 219 221 224 225 226 236 240
105 339 115 132 150 162 179 181 191 192 195 211 214 219 221 225 236
106 377 130 107 108 109 111 113 114 115 117 118 119 121 122 123 126 129 132 133 134 135 136 137 139 140 141 142 143 144 145 148 149 150 152 153 154 156 157 158 160 161 162 163 164 165 167 168 169 170 171 172 176 178 179 180 181 182 183 184 185 186 187 188 190 191 192 193 194 195 198 199 200 203 206 207 208 209 210 211 213 214 215 216 217 218 219 221 222 223 224 225 226 227 228 229 230 231 232 234 235 236 238 240 242 243 244 245 246 247
107 297 130 108 111 113 115 117 119 122 123 126 129 132 134 136 137 139 141 143 145 148 149 150 152 153 154 157 158 160 161 162 163 165 168 170 171 172 176 178 179 180 181 182 183 184 186 187 190 191 192 193 194 195 199 203 206 207 208 209 211 213 214 216 217 218 219 221 222 223 224 225 226 227 230 231 232 234 235 236 238 240 243 244 245 247
108 326 113 115 119 126 132 134 137 139 141 145 150 153 154 157 158 161 162 163 165 168 170 171 172 176 179 180 181 182 184 187 190 191 192 193 195 199 203 206 207 209 211 214 218 219 221 222 224 225 226 231 232 234 236 240 243 245 247
109 411 115 119 132 134 145 150 153 154 158 161 162 165 170 171 176 179 180 181 182 191 192 193 195 199 206 207 209 211 214 218 219 221 224 225 226 232 234 236 240 243
110 282 115 132 134 150 162 165 170 179 181 191 192 193 195 206 211 214 218 219 221 224 225 226 236
111 307 113 115 119 132 134 139 141 145 150 153 154 157 158 161 162 163 165 168 170 171 176 179 180 181 182 184 190 191 192 193 195 199 206 207 209 211 214 218 219 221 222 224 225 226 232 234 236 240 243 245
112 369 132 192 225
113 281 130 115 117 119 122 123 126 129 132 134 135 136 137 139 141 143 144 145 148 149 150 152 153 154 157 158 160 161 162 163 165 168 170 171 172 176 178 179 180 181 182 183 184 186 187 190 191 192 193 194 195 199 203 206 207 208 209 211 213 214 216 217 218 219 221 222 223 224 225 226 227 230 231 232 234 235 236 238 240 243 244 245 246 247
114 350 115 119 132 134 150 153 158 162 165 170 171 179 181 191 192 193 195 199 206 207 211 214 218 219 221 224 225 226 232 236 240 243
115 436 130 131 116 117 118 119 120 121 122 123 125 126 128 129 132 133 134 135 136 137 139 140 141 142 143 144 145 146 147 148 149 150 151 152 153 154 155 156 157 158 159 160 161 162 163 164 165 167 168 169 170 171 172 173 174 175 176 177 178 179 180 181 182 183 184 185 186 187 188 190 191 192 193 194 195 197 198 199 200 201 203 206 207 208 209 210 211 212 213 214 215 216 217 218 219 220 221 222 223 224 225 226 227 228 229 230 231 232 234 235 236 237 238 240 241 242 243 244 245 246 247 248 249
116 267 132 134 150 162 165 170 179 181 191 192 193 195 206 211 214 218 219 221 224 225 226 236
117 297 119 123 126 132 134 137 139 141 145 150 153 154 157 158 161 162 163 165 168 170 171 172 176 179 180 181 182 183 184 186 187 190 191 192 193 195 199 203 206 207 209 211 214 218 219 221 222 224 225 226 231 232 234 236 240 243 245 247
118 459 119 132 134 150 153 158 162 165 170 171 179 181 191 192 193 195 199 206 211 214 218 219 221 224 225 226 232 236 240 243
119 258 130 121 122 123 126 128 129 132 133 134 135 136 137 139 140 141 142 143 144 145 148 149 150 152 153 154 156 157 158 160 161 162 163 164 165 167 168 169 170 171 172 176 178 179 180 181 182 183 184 185 186 187 188 190 191 192 193 194 195 198 199 200 203 206 207 208 209 210 211 212 213 214 215 216 217 218 219 221 222 223 224 225 226 227 228 229 230 231 232 234 235 236 238 240 242 243 244 245 246 247
120 283 132 134 150 153 158 162 165 170 179 181 191 192 193 195 206 211 214 218 219 221 224 225 226 236 240
121 458 132 134 150 153 158 162 165 170 171 179 181 191 192 193 195 199 206 211 214 218 219 221 224 225 226 236 240 243
122 268 123 126 132 134 137 139 141 145 150 153 154 157 158 161 162 163 165 168 170 171 172 176 179 180 181 182 183 184 186 187 190 191 192 193 195 199 203 206 207 209 211 214 218 219 221 222 223 224 225 226 231 232 234 236 240 243 244 245 247
123 274 126 132 134 137 139 141 145 150 153 154 157 158 161 162 163 165 168 170 171 172 176 179 180 181 182 183 184 186 187 190 191 192 193 195 199 203 206 207 209 211 213 214 218 219 221 222 223 224 225 226 231 232 234 236 240 243 244 245 247
124 460 132 162 179 181 191 192 211 219 221 225
125 251 132 134 150 162 165 170 179 181 191 192 195 206 211 214 219 221 224 225 236
126 289 132 134 137 139 141 143 145 148 150 153 154 157 158 161 162 163 165 168 170 171 172 176 179 180 181 182 183 184 186 187 190 191 192 193 194 195 199 203 206 207 208 209 211 213 214 216 218 219 221 222 223 224 225 226 227 231 232 234 235 236 240 243 244 245 247
127 488 132 162 179 181 191 192 211 219 225
128 250 132 134 150 153 158 162 165 170 171 179 181 191 192 193 195 206 211 214 218 219 221 224 225 226 236 240 243
129 262 132 134 139 141 145 150 153 154 157 158 161 162 163 165 168 170 171 176 179 180 181 182 184 190 191 192 193 195 199 206 207 209 211 214 218 219 221 222 224 225 226 232 234 236 240 243 245 247
130 436 132 134 137 139 141 145 150 153 154 157 158 161 162 163 165 168 170 171 172 176 179 180 181 182 184 187 190 191 192 193 195 199 206 207 209 211 214 218 219 221 222 224 225 226 231 232 234 236 240 243 245 247
131 263 132 134 150 162 165 170 179 181 191 192 193 195 206 211 214 218 219 221 224 225 226 236
132 301 133 134 135 136 137 138 139 140 141 142 143 144 145 146 147 148 149 150 151 152 153 154 155 156 157 158 159 160 161 162 163 164 165 166 167 168 169 170 171 172 173 174 175 176 177 178 179 180 181 182 183 184 185 186 187 188 189 190 191 192 193 194 195 196 197 198 199 200 201 202 203 204 205 206 207 208 209 210 211 212 213 214 215 216 217 218 219 220 221 222 223 224 225 226 227 228 229 230 231 232 233 234 235 236 237 238 239 240 241 242 243 244 245 246 247 248 249
133 427 134 145 150 153 154 158 161 162 165 170 171 176 179 180 181 182 191 192 193 195 199 206 207 209 211 214 218 219 221 224 225 226 232 234 236 240 243
134 275 135 136 137 139 140 141 142 143 144 145 146 147 148 149 150 151 152 153 154 156 157 158 159 160 161 162 163 164 165 167 168 169 170 171 172 175 176 178 179 180 181 182 183 184 185 186 187 188 190 191 192 193 194 195 197 198 199 200 203 206 207 208 209 210 211 212 213 214 215 216 217 218 219 220 221 222 223 224 225 226 227 228 229 230 231 232 234 235 236 237 238 240 242 243 244 245 246 247
135 298 141 145 150 153 154 157 158 161 162 163 165 170 171 176 179 180 181 182 190 191 192 193 195 199 206 207 209 211 214 218 219 221 222 224 225 226 232 234 236 240 243 245
136 438 137 139 141 145 150 153 154 157 158 161 162 163 165 168 170 171 172 176 179 180 181 182 184 187 190 191 192 193 195 199 206 207 209 211 214 218 219 221 222 224 225 226 231 232 234 236 240 243 245 247
137 273 139 141 143 145 148 150 153 154 157 158 161 162 163 165 168 170 171 172 176 178 179 180 181 182 183 184 186 187 190 191 192 193 194 195 199 203 206 207 208 209 211 213 214 216 217 218 219 221 222 223 224 225 226 227 231 232 234 235 236 240 243 244 245 247
138 289 162 179 191 192 211 219 225
139 460 141 143 144 145 148 149 150 152 153 154 157 158 160 161 162 163 165 168 170 171 172 176 178 179 180 181 182 183 184 186 187 190 191 192 193 194 195 199 203 206 207 208 209 211 213 214 216 217 218 219 221 222 223 224 225 226 227 230 231 232 234 235 236 238 240 243 244 245 246 247
140 269 145 150 153 154 158 161 162 165 170 171 176 179 180 181 182 191 192 193 195 199 206 207 209 211 214 218 219 221 224 225 226 232 234 236 240 243
141 271 143 144 145 148 149 150 152 153 154 157 158 160 161 162 163 165 168 170 171 172 176 178 179 180 181 182 183 184 186 187 190 191 192 193 194 195 199 203 206 207 208 209 211 213 214 216 217 218 219 221 222 223 224 225 226 227 230 231 232 234 235 236 238 240 243 244 245 246 247
142 444 145 150 153 154 158 161 162 165 170 171 176 179 180 181 182 191 192 193 195 199 206 207 209 211 214 218 219 221 224 225 226 232 236 240 243
143 261 145 150 153 154 157 158 161 162 163 165 168 170 171 172 176 179 180 181 182 184 187 190 191 192 193 195 199 203 206 207 209 211 214 218 219 221 222 224 225 226 231 232 234 236 240 243 245 247
144 295 145 150 153 154 157 158 161 162 163 165 170 171 176 179 180 181 182 184 190 191 192 193 195 199 206 207 209 211 214 218 219 221 222 224 225 226 232 234 236 240 243 245
145 477 148 149 150 152 153 154 157 158 160 161 162 163 165 167 168 170 171 172 176 178 179 180 181 182 183 184 186 187 188 190 191 192 193 194 195 199 200 203 206 207 208 209 210 211 213 214 215 216 217 218 219 221 222 223 224 225 226 227 229 230 231 232 234 235 236 238 240 242 243 244 245 246 247
146 255 150 162 170 179 181 191 192 195 206 211 214 219 221 225 236
147 268 150 162 165 170 179 181 191 192 193 195 206 211 214 218 219 221 224 225 236
148 457 150 153 154 157 158 161 162 163 165 168 170 171 172 176 179 180 181 182 184 187 190 191 192 193 195 199 203 206 207 209 211 214 218 219 221 222 224 225 226 231 232 234 236 240 243 245 247
149 256 150 153 154 157 158 161 162 163 165 168 170 171 176 179 180 181 182 184 190 191 192 193 195 199 206 207 209 211 214 218 219 221 222 224 225 226 232 234 236 240 243 245 247
150 287 151 152 153 154 155 156 157 158 159 160 161 162 163 164 165 167 168 169 170 171 172 173 174 175 176 177 178 179 180 181 182 183 184 185 186 187 188 190 191 192 193 194 195 197 198 199 200 201 203 206 207 208 209 210 211 212 213 214 215 216 217 218 219 220 221 222 223 224 225 226 227 228 229 230 231 232 234 235 236 237 238 240 241 242 243 244 245 246 247 248 249
151 419 153 158 162 165 170 179 181 191 192 193 195 206 211 214 218 219 221 224 225 226 236 240
152 279 153 154 157 158 161 162 163 165 168 170 171 176 179 180 181 182 184 190 191 192 193 195 199 206 207 209 211 214 218 219 221 222 224 225 226 232 234 236 240 243 245 247
153 302 154 156 157 158 160 161 162 163 164 165 167 168 169 170 171 172 176 178 179 180 181 182 183 184 185 186 187 188 190 191 192 193 194 195 198 199 200 203 206 207 208 209 210 211 212 213 214 215 216 217 218 219 221 222 223 224 225 226 227 228 229 230 231 232 234 235 236 238 240 242 243 244 245 246 247
154 417 157 158 160 161 162 163 165 167 168 170 171 172 176 178 179 180 181 182 183 184 186 187 188 190 191 192 193 194 195 199 200 203 206 207 208 209 210 211 213 214 215 216 217 218 219 221 222 223 224 225 226 227 229 230 231 232 234 235 236 238 240 242 243 244 245 246 247
155 264 162 179 181 191 192 195 211 214 219 221 225
156 319 158 162 165 170 171 179 181 191 192 193 195 199 206 211 214 218 219 221 224 225 226 232 236 240 243
157 417 158 160 161 162 163 165 168 170 171 172 176 178 179 180 181 182 183 184 186 187 190 191 192 193 194 195 199 203 206 207 208 209 211 213 214 216 217 218 219 221 222 223 224 225 226 227 230 231 232 234 235 236 238 240 243 244 245 246 247
158 271 160 161 162 163 164 165 167 168 169 170 171 172 176 178 179 180 181 182 183 184 185 186 187 188 190 191 192 193 194 195 198 199 200 203 206 207 208 209 210 211 212 213 214 215 216 217 218 219 221 222 223 224 225 226 227 228 229 230 231 232 234 235 236 238 240 242 243 244 245 246 247
159 312 162 165 170 179 181 191 192 193 195 206 211 214 218 219 221 224 225 236
160 474 161 162 163 165 168 170 171 176 179 180 181 182 184 190 191 192 193 195 199 206 207 209 211 214 218 219 221 222 224 225 226 232 234 236 240 243 245
161 253 162 163 165 167 168 170 171 172 176 178 179 180 181 182 183 184 186 187 190 191 192 193 194 195 199 200 203 206 207 208 209 210 211 213 214 215 216 217 218 219 221 222 223 224 225 226 227 229 230 231 232 234 235 236 238 240 242 243 244 245 246 247
162 273 163 164 165 166 167 168 169 170 171 172 173 174 175 176 177 178 179 180 181 182 183 184 185 186 187 188 189 190 191 192 193 194 195 197 198 199 200 201 202 203 204 205 206 207 208 209 210 211 212 213 214 215 216 217 218 219 220 221 222 223 224 225 226 227 228 229 230 231 232 234 235 236 237 238 239 240 241 242 243 244 245 246 247 248 249
163 375 165 168 170 171 172 176 178 179 180 181 182 183 184 186 187 190 191 192 193 194 195 199 203 206 207 208 209 211 213 214 216 217 218 219 221 222 223 224 225 226 227 230 231 232 234 235 236 238 240 243 244 245 246 247
164 288 165 170 171 179 181 191 192 193 195 199 206 207 211 214 218 219 221 224 225 226 232 236 240 243
165 337 167 168 169 170 171 172 175 176 178 179 180 181 182 183 184 185 186 187 188 190 191 192 193 194 195 197 198 199 200 203 206 207 208 209 210 211 212 213 214 215 216 217 218 219 220 221 222 223 224 225 226 227 228 229 230 231 232 234 235 236 237 238 240 242 243 244 245 246 247
166 458 179 181 191 192 211 219 225
167 269 170 171 176 179 180 181 182 191 192 193 195 199 206 207 209 211 214 218 219 221 222 224 225 226 232 234 236 240 243
168 273 170 171 172 176 178 179 180 181 182 183 184 186 187 190 191 192 193 194 195 199 203 206 207 208 209 211 213 214 216 217 218 219 221 222 223 224 225 226 227 230 231 232 234 235 236 238 240 243 244 245 246 247
169 364 170 171 179 180 181 191 192 193 195 199 206 207 211 214 218 219 221 224 225 226 232 236 240 243
170 303 171 172 175 176 177 178 179 180 181 182 183 184 185 186 187 188 190 191 192 193 194 195 197 198 199 200 203 206 207 208 209 210 211 212 213 214 215 216 217 218 219 220 221 222 223 224 225 226 227 228 229 230 231 232 234 235 236 237 238 240 242 243 244 245 246 247
171 333 172 176 178 179 180 181 182 183 184 185 186 187 188 190 191 192 193 194 195 198 199 200 203 206 207 208 209 210 211 213 214 215 216 217 218 219 221 222 223 224 225 226 227 228 229 230 231 232 234 235 236 238 240 242 243 244 245 246 247
172 381 176 179 180 181 182 183 184 186 187 190 191 192 193 194 195 199 203 206 207 208 209 211 213 214 216 217 218 219 221 222 223 224 225 226 227 231 232 234 235 236 240 243 244 245 247
173 262 179 181 191 192 195 211 214 219 221 225 236
174 357 179 181 191 192 195 211 214 219 221 225 236
175 353 179 181 191 192 193 195 206 211 214 219 221 224 225 236
176 307 178 179 180 181 182 183 184 186 187 188 190 191 192 193 194 195 199 200 203 206 207 208 209 210 211 213 214 215 216 217 218 219 221 222 223 224 225 226 227 229 230 231 232 234 235 236 238 240 242 243 244 245 246 247
177 340 179 181 191 192 195 206 211 214 219 221 225 236
178 470 179 180 181 182 184 190 191 192 193 195 199 206 207 209 211 214 218 219 221 222 224 225 226 232 234 236 240 243 245 247
179 260 180 181 182 183 184 185 186 187 188 189 190 191 192 193 194 195 197 198 199 200 201 202 203 204 205 206 207 208 209 210 211 212 213 214 215 216 217 218 219 220 221 222 223 224 225 226 227 228 229 230 231 232 234 235 236 237 238 239 240 241 242 243 244 245 246 247 248 249
180 270 181 182 183 184 186 187 188 190 191 192 193 194 195 199 200 203 206 207 208 209 210 211 213 214 215 216 217 218 219 221 222 223 224 225 226 227 228 229 230 231 232 234 235 236 238 240 242 243 244 245 246 247
181 366 182 183 184 185 186 187 188 189 190 191 192 193 194 195 197 198 199 200 201 203 206 207 208 209 210 211 212 213 214 215 216 217 218 219 220 221 222 223 224 225 226 227 228 229 230 231 232 234 235 236 237 238 239 240 241 242 243 244 245 246 247 248 249
182 289 183 184 186 187 190 191 192 193 194 195 199 200 203 206 207 208 209 210 211 213 214 215 216 217 218 219 221 222 223 224 225 226 227 229 230 231 232 234 235 236 238 240 242 243 244 245 246 247
183 345 184 186 187 190 191 192 193 195 199 203 206 207 209 211 213 214 218 219 221 222 223 224 225 226 227 231 232 234 236 240 243 244 245 247
184 384 186 187 190 191 192 193 194 195 199 203 206 207 208 209 211 213 214 216 217 218 219 221 222 223 224 225 226 227 230 231 232 234 235 236 238 240 243 244 245 246 247
185 264 191 192 193 195 199 206 211 214 218 219 221 224 225 226 232 236 240 243
186 352 187 190 191 192 193 195 199 203 206 207 209 211 213 214 218 219 221 222 223 224 225 226 227 231 232 234 236 240 243 244 245 247
187 369 190 191 192 193 194 195 199 203 206 207 208 209 211 213 214 216 217 218 219 221 222 223 224 225 226 227 231 232 234 235 236 240 243 244 245 247
188 259 191 192 193 195 199 206 207 209 211 214 218 219 221 224 225 226 232 236 240 243
189 372 191 192 211 214 219 221 225
190 470 191 192 193 194 195 199 203 206 207 208 209 211 213 214 216 217 218 219 221 222 223 224 225 226 227 230 231 232 234 235 236 238 240 243 244 245 246 247
191 255 192 193 194 195 197 198 199 200 201 202 203 204 205 206 207 208 209 210 211 212 213 214 215 216 217 218 219 220 221 222 223 224 225 226 227 228 229 230 231 232 234 235 236 237 238 239 240 241 242 243 244 245 246 247 248 249
192 275 193 194 195 196 197 198 199 200 201 202 203 204 205 206 207 208 209 210 211 212 213 214 215 216 217 218 219 220 221 222 223 224 225 226 227 228 229 230 231 232 233 234 235 236 237 238 239 240 241 242 243 244 245 246 247 248 249
193 471 194 195 197 198 199 200 203 206 207 208 209 210 211 212 213 214 215 216 217 218 219 220 221 222 223 224 225 226 227 228 229 230 231 232 234 235 236 238 240 242 243 244 245 246 247
194 255 195 199 203 206 207 209 211 214 218 219 221 222 224 225 226 231 232 234 236 240 243 245 247
195 274 197 198 199 200 201 203 206 207 208 209 210 211 212 213 214 215 216 217 218 219 220 221 222 223 224 225 226 227 228 229 230 231 232 234 235 236 237 238 240 241 242 243 244 245 246 247 248 249
196 424 225
197 280 206 211 214 218 219 221 224 225 236
198 296 199 206 211 214 218 219 221 224 225 226 232 236 240 243
199 440 200 203 206 207 208 209 210 211 213 214 215 216 217 218 219 221 222 223 224 225 226 227 228 229 230 231 232 234 235 236 238 240 242 243 244 245 246 247
200 269 206 207 209 211 214 218 219 221 224 225 226 232 236 240 243
201 291 211 214 219 221 225 236
202 386 211 219 225
203 250 206 207 208 209 211 213 214 216 218 219 221 222 223 224 225 226 227 231 232 234 235 236 240 243 244 245 247
204 364 211 219 225
205 460 211 219 225
206 255 207 208 209 210 211 212 213 214 215 216 217 218 219 220 221 222 223 224 225 226 227 228 229 230 231 232 234 235 236 237 238 240 241 242 243 244 245 246 247 248
207 285 208 209 210 211 213 214 215 216 217 218 219 221 222 223 224 225 226 227 228 229 230 231 232 234 235 236 238 240 242 243 244 245 246 247
208 376 209 211 214 218 219 221 222 224 225 226 231 232 234 236 240 243 245 247
209 292 210 211 213 214 215 216 217 218 219 221 222 223 224 225 226 227 229 230 231 232 234 235 236 238 240 242 243 244 245 246 247
210 332 211 214 218 219 221 224 225 226 232 234 236 240 243
211 356 212 213 214 215 216 217 218 219 220 221 222 223 224 225 226 227 228 229 230 231 232 234 235 236 237 238 239 240 241 242 243 244 245 246 247 248 249
212 303 214 218 219 221 224 225 226 236 240
213 341 214 218 219 221 222 224 225 226 231 232 234 236 240 243 245 247
214 480 215 216 217 218 219 220 221 222 223 224 225 226 227 228 229 230 231 232 234 235 236 237 238 240 241 242 243 244 245 246 247 248 249
215 257 218 219 221 224 225 226 232 236 240 243
216 263 218 219 221 222 224 225 226 231 232 234 236 240 243 245 247
217 424 218 219 221 222 224 225 226 231 232 234 236 240 243 245 247
218 268 219 221 222 223 224 225 226 227 228 229 230 231 232 234 235 236 238 240 242 243 244 245 246 247
219 308 220 221 222 223 224 225 226 227 228 229 230 231 232 234 235 236 237 238 239 240 241 242 243 244 245 246 247 248 249
220 370 221 224 225 236
221 275 222 223 224 225 226 227 228 229 230 231 232 234 235 236 237 238 240 241 242 243 244 245 246 247 248 249
222 355 223 224 225 226 227 230 231 232 234 235 236 238 240 243 244 245 246 247
223 494 224 225 226 231 232 234 236 240 243 244 245 247
224 250 225 226 227 228 229 230 231 232 234 235 236 237 238 240 242 243 244 245 246 247
225 256 226 227 228 229 230 231 232 233 234 235 236 237 238 239 240 241 242 243 244 245 246 247 248 249
226 434 227 228 229 230 231 232 234 235 236 238 240 242 243 244 245 246 247
227 264 231 232 234 236 240 243 245 247
228 302 232 236 240 243
229 463 232 236 240 243
230 267 232 234 236 240 243 245 247
231 270 232 234 235 236 240 243 244 245 247
232 411 234 235 236 238 240 242 243 244 245 246 247
233 280
234 309 235 236 238 240 242 243 244 245 246 247
235 427 236 240 243 245 247
236 255 237 238 240 241 242 243 244 245 246 247 248
237 318
238 466 240 243 245
239 259
240 275 242 243 244 245 246 247
241 491
242 252 243
243 257 244 245 246 247
244 400 245 247
245 286 246 247
246 314
247 446
248 260
249 294
