120 1000
1 366 2 4 6 7 11 19 22 27 28 32 33 34 35 37 39 44 45 47 48 51 52 55 56 59 67 71 75 80 81 82 84 85 86 91 92 93 95 96 102 106 109 110 112 113 117 120
2 268 4 6 7 11 19 22 27 28 32 33 34 35 36 37 39 44 45 47 48 51 52 55 56 59 63 67 71 73 75 80 81 82 84 85 86 91 92 93 95 96 102 106 109 110 112 113 117 119 120
3 366 4 6 7 11 19 22 27 32 33 37 39 44 45 48 52 55 59 67 71 75 81 85 86 91 92 93 95 96 102 106 112 117 120
4 430 6 7 11 17 19 22 23 24 27 28 29 32 33 34 35 36 37 39 41 44 45 47 48 51 52 55 56 59 63 67 68 69 71 73 74 75 76 79 80 81 82 83 84 85 86 89 91 92 93 95 96 97 100 101 102 105 106 108 109 110 112 113 115 117 119 120
5 263
6 307 7 11 13 17 19 22 23 24 27 28 29 32 33 66 34 35 36 37 39 41 44 45 47 48 51 52 55 56 57 59 63 67 68 69 71 73 74 75 76 79 80 81 82 83 84 85 86 89 91 92 93 95 96 97 100 101 102 105 106 108 109 110 112 113 115 117 119 120
7 414 11 17 19 22 24 27 28 32 33 34 35 36 37 39 44 45 47 48 51 52 55 56 59 63 67 71 73 75 80 81 82 84 85 86 89 91 92 93 95 96 100 102 106 109 110 112 113 115 117 119 120
8 287 37 39 52 67 71 85 86 93 96
9 299 37 39 67 71 85 86 93 96
10 495 37 39 52 67 71 75 85 86 93 96
11 251 17 19 22 23 24 27 28 32 33 34 35 36 37 39 41 44 45 47 48 51 52 55 56 59 63 67 71 73 75 79 80 81 82 84 85 86 89 91 92 93 95 96 100 102 106 109 110 112 113 115 117 119 120
12 254
13 474 19 32 33 37 39 45 48 52 55 59 67 71 75 85 86 93 96 120
14 252
15 274
16 370
17 269 19 22 27 32 33 37 39 44 45 47 48 51 52 55 56 59 67 71 75 81 84 85 86 91 92 93 95 96 102 106 109 110 112 113 117 120
18 361
19 473 22 23 24 27 28 29 32 33 66 34 35 36 37 39 41 42 44 45 47 48 51 52 55 56 57 59 63 67 68 69 71 73 74 75 76 79 80 81 82 83 84 85 86 89 91 92 93 95 96 97 100 101 102 105 106 108 109 110 112 113 114 115 117 119 120
20 252 37 39 52 67 71 85 86 93 96
21 275
22 472 23 24 27 28 29 32 33 34 35 36 37 39 41 44 45 47 48 51 52 55 56 59 63 67 69 71 73 74 75 79 80 81 82 83 84 85 86 89 91 92 93 95 96 97 100 101 102 106 108 109 110 112 113 115 117 119 120
23 259 27 32 33 37 39 45 48 52 55 59 67 71 75 81 85 86 91 92 93 95 96 106 112 117 120
24 269 27 32 33 37 39 44 45 47 48 51 52 55 56 59 67 71 75 81 84 85 86 91 92 93 95 96 102 106 109 110 112 113 117 120
25 444
26 258
27 298 28 29 32 33 34 35 36 37 39 41 44 45 47 48 51 52 55 56 59 63 67 71 73 74 75 79 80 81 82 84 85 86 89 91 92 93 95 96 100 101 102 106 109 110 112 113 115 117 119 120
28 439 32 33 34 35 36 37 39 44 45 47 48 51 52 55 56 59 63 67 71 73 75 80 81 82 84 85 86 91 92 93 95 96 102 106 109 110 112 113 117 119 120
29 273 32 33 37 39 45 48 52 55 59 67 71 75 81 85 86 91 92 93 96 106 120
30 288 37 39 52 67 71 85 86 93 96
31 445
32 272 33 66 34 35 36 37 39 41 42 44 45 47 48 51 52 55 56 57 59 63 65 67 68 69 71 73 74 75 76 79 80 81 82 83 84 85 86 87 89 91 92 93 94 95 96 97 98 100 101 102 105 106 108 109 110 112 113 114 115 117 119 120
33 283 66 34 35 36 37 39 41 42 44 45 47 48 51 52 55 56 57 59 63 65 67 68 69 71 73 74 75 76 79 80 81 82 83 84 85 86 89 91 92 93 94 95 96 97 98 100 101 102 105 106 108 109 110 112 113 114 115 117 119 120
34 419 35 36 37 39 44 45 47 48 51 52 55 56 59 63 67 71 73 75 80 81 82 84 85 86 91 92 93 95 96 102 106 109 110 112 113 117 119 120
35 261 36 37 39 44 45 47 48 51 52 55 56 59 63 67 71 73 75 80 81 82 84 85 86 91 92 93 95 96 102 106 109 110 112 113 117 119 120
36 320 37 39 44 45 47 48 51 52 55 56 59 63 67 71 73 75 80 81 82 84 85 86 91 92 93 95 96 102 106 109 110 112 113 117 119 120
37 363 66 39 40 41 42 44 45 47 48 50 51 52 54 55 56 57 59 61 62 63 65 67 68 69 71 73 74 75 76 78 79 80 81 82 83 84 85 86 87 88 89 90 91 92 93 94 95 96 97 98 100 101 102 103 105 106 107 108 109 110 111 112 113 114 115 116 117 119 120
38 271 67 86
39 366 66 40 41 42 44 45 47 48 50 51 52 54 55 56 57 59 61 62 63 65 67 68 69 71 73 74 75 76 78 79 80 81 82 83 84 85 86 87 88 89 90 91 92 93 94 95 96 97 98 100 101 102 103 105 106 107 108 109 110 111 112 113 114 115 116 117 118 119 120
40 355 67 71 85 86 96
41 273 45 48 52 55 59 67 71 75 81 85 86 91 92 93 95 96 106 120
42 372 45 52 59 67 71 75 85 86 93 96 120
43 466
44 262 45 47 48 51 52 55 56 59 63 67 71 73 75 80 81 82 84 85 86 89 91 92 93 95 96 100 102 106 109 110 112 113 115 117 119 120
45 272 66 47 48 51 52 55 56 57 59 63 67 68 69 71 73 74 75 76 79 80 81 82 83 84 85 86 89 91 92 93 95 96 97 98 100 101 102 105 106 108 109 110 112 113 114 115 117 119 120
46 357
47 292 48 51 52 55 56 59 63 67 71 73 75 80 81 82 84 85 86 89 91 92 93 95 96 100 102 106 109 110 112 113 117 119 120
48 351 51 52 55 56 59 63 67 68 69 71 73 74 75 76 79 80 81 82 83 84 85 86 89 91 92 93 95 96 97 100 101 102 105 106 108 109 110 112 113 115 117 119 120
49 395
50 255 67 71 85 86 93 96
51 350 52 55 56 59 63 67 71 73 75 80 81 82 84 85 86 91 92 93 95 96 102 106 109 110 112 113 117 119 120
52 350 66 55 56 57 59 63 65 67 68 69 71 73 74 75 76 79 80 81 82 83 84 85 86 87 89 91 92 93 94 95 96 97 98 100 101 102 103 105 106 107 108 109 110 111 112 113 114 115 117 119 120
53 303
54 347 67 71 85 86 96
55 450 56 59 63 67 68 69 71 73 74 75 76 79 80 81 82 83 84 85 86 89 91 92 93 95 96 97 100 101 102 105 106 108 109 110 112 113 115 117 119 120
56 252 59 63 67 71 73 75 80 81 82 84 85 86 91 92 93 95 96 102 106 109 110 112 113 117 119 120
57 298 59 67 71 75 85 86 93 96 120
58 410
59 275 66 63 67 68 69 71 73 74 75 76 79 80 81 82 83 84 85 86 89 91 92 93 95 96 97 98 100 101 102 105 106 108 109 110 112 113 114 115 117 119 120
60 315
61 407 67 71 85 86 93 96
62 260 67 71 85 86 96
63 333 67 71 73 75 80 81 82 84 85 86 91 92 93 95 96 102 106 109 110 112 113 117 119 120
64 366
65 271 67 71 75 85 86 93 96 120
66 363 67 71 75 85 86 93 96 120
67 350 68 69 71 73 74 75 76 78 79 80 81 82 83 84 85 86 87 88 89 90 91 92 93 94 95 96 97 98 100 101 102 103 105 106 107 108 109 110 111 112 113 114 115 116 117 118 119 120
68 294 71 75 85 86 93 96 120
69 356 71 75 81 85 86 93 96 106 120
70 480
71 253 73 74 75 76 78 79 80 81 82 83 84 85 86 87 88 89 90 91 92 93 94 95 96 97 98 100 101 102 103 105 106 107 108 109 110 111 112 113 114 115 116 117 118 119 120
72 267
73 446 75 80 81 82 84 85 86 91 92 93 95 96 102 106 109 110 112 113 117 119 120
74 259 75 81 85 86 91 92 93 96 106 120
75 295 76 79 80 81 82 83 84 85 86 87 89 91 92 93 94 95 96 97 98 100 101 102 103 105 106 107 108 109 110 111 112 113 114 115 117 119 120
76 376 85 86 93 96 120
77 267
78 357 85 86 93 96
79 366 81 85 86 91 92 93 95 96 106 112 117 120
80 282 81 82 84 85 86 91 92 93 95 96 102 106 109 110 112 113 117 119 120
81 352 82 83 84 85 86 89 91 92 93 95 96 97 100 101 102 106 108 109 110 112 113 115 117 119 120
82 478 84 85 86 91 92 93 95 96 102 106 109 110 112 113 117 119 120
83 256 85 86 93 96 106 120
84 266 85 86 91 92 93 95 96 102 106 109 110 112 113 117 119 120
85 420 86 87 88 89 90 91 92 93 94 95 96 97 98 100 101 102 103 105 106 107 108 109 110 111 112 113 114 115 116 117 118 119 120
86 251 87 88 89 90 91 92 93 94 95 96 97 98 100 101 102 103 105 106 107 108 109 110 111 112 113 114 115 116 117 118 119 120
87 329 93 96
88 434 96
89 252 91 92 93 95 96 102 106 112 113 117 120
90 314 96
91 470 92 93 95 96 97 100 101 102 106 108 109 110 112 113 115 117 119 120
92 254 93 95 96 100 101 102 106 109 110 112 113 115 117 119 120
93 276 94 95 96 97 98 100 101 102 103 105 106 107 108 109 110 111 112 113 114 115 117 119 120
94 497 96 120
95 250 96 100 102 106 109 110 112 113 115 117 119 120
96 253 97 98 100 101 102 103 105 106 107 108 109 110 111 112 113 114 115 116 117 118 119 120
97 497 106 120
98 250 120
99 253
100 445 102 106 112 113 117 120
101 254 106 120
102 301 106 109 110 112 113 117 119 120
103 412
104 263
105 325 120
106 400 108 109 110 112 113 115 117 119 120
107 298
108 302 120
109 362 110 112 113 117 119 120
110 282 112 113 117 119 120
111 356
112 405 113 115 117 119 120
113 259 117 119 120
114 336 120
115 397 117 120
116 290
117 313 119 120
118 485
119 253 120
120 262
