120 1000
1 384
2 276 4 5 12 13 16 18 20 23 25 27 30 42 48 55 57 61 62 72 87 89 91 93 109
3 340 4 13 23 25 27 42 57 61 62 87 91 93 109
4 443 5 9 12 13 16 18 20 21 22 23 25 27 29 30 31 33 39 40 41 42 46 47 48 49 54 55 57 58 59 60 61 62 63 65 67 69 72 76 77 78 82 83 85 86 87 88 89 90 91 92 93 97 100 102 104 107 109 111 116 118 120
5 275 12 13 16 18 20 21 22 23 25 27 30 31 40 42 47 48 49 55 57 58 60 61 62 63 65 67 69 72 77 78 82 85 86 87 89 90 91 93 97 102 109 111 116 118 120
6 282
7 418
8 280
9 302 27 57 62
10 430
11 261
12 309 13 16 18 20 21 22 23 25 27 30 31 42 47 48 49 55 57 60 61 62 63 65 72 85 86 87 89 91 93 97 109 111 116
13 470 16 18 20 21 22 23 25 27 29 30 31 39 40 41 42 46 47 48 49 54 55 57 58 59 60 61 62 63 65 67 69 72 76 77 78 82 83 85 86 87 88 89 90 91 92 93 97 100 102 107 109 111 116 118 120
14 259
15 271
16 421 18 20 21 22 23 25 27 30 31 40 42 47 48 49 55 57 58 60 61 62 63 65 67 69 72 77 78 82 85 86 87 89 90 91 93 97 102 109 111 116 118 120
17 266
18 313 20 21 22 23 25 27 30 31 40 42 47 48 49 55 57 58 60 61 62 63 65 67 69 72 77 78 82 85 86 87 89 91 93 97 102 109 111 116 118 120
19 386
20 264 21 22 23 25 27 30 31 40 42 47 48 49 55 57 58 60 61 62 63 65 67 69 72 77 78 82 85 86 87 89 91 93 97 109 111 116 118
21 350 22 23 25 27 30 31 42 48 49 55 57 60 61 62 63 72 86 87 89 91 93 97 109 111 116
22 373 23 25 27 30 31 42 47 48 49 55 57 60 61 62 63 72 85 86 87 89 91 93 97 109 111 116
23 254 25 27 29 30 31 39 40 41 42 46 47 48 49 54 55 57 58 59 60 61 62 63 65 67 69 72 76 77 78 82 83 85 86 87 88 89 90 91 92 93 97 100 102 107 109 111 116 118 120
24 373
25 356 27 30 31 39 40 41 42 47 48 49 55 57 58 59 60 61 62 63 65 67 69 72 76 77 78 82 83 85 86 87 89 90 91 92 93 97 102 109 111 116 118 120
26 262
27 382 29 30 31 33 39 40 41 42 46 47 48 49 54 55 57 58 59 60 61 62 63 65 67 69 71 72 74 76 77 78 82 83 85 86 87 88 89 90 91 92 93 97 100 102 104 107 109 111 116 118 120
28 496
29 250 42 57 61 62 87 91
30 254 31 40 42 47 48 49 55 57 58 60 61 62 63 65 67 69 72 78 82 85 86 87 89 91 93 97 109 111 116 118
31 390 42 48 49 55 57 60 61 62 63 72 86 87 89 91 93 97 109 111 116
32 260
33 350 57 62
34 384
35 280
36 336
37 357
38 311
39 332 42 57 61 62 87 91 93 109
40 486 42 48 57 61 62 72 87 89 91 93 109
41 256 42 57 61 62 87 91
42 258 46 47 48 49 54 55 57 58 59 60 61 62 63 65 67 69 72 76 77 78 82 83 85 86 87 88 89 90 91 92 93 97 100 102 107 109 111 116 118 120
43 365
44 316
45 319
46 363 57 61 62 91
47 284 48 49 55 57 61 62 63 72 87 89 91 93 109
48 353 49 55 57 58 60 61 62 63 65 67 69 72 77 78 82 85 86 87 89 91 93 97 102 109 111 116 118
49 445 55 57 60 61 62 63 72 86 87 89 91 93 97 109 111 116
50 261
51 294
52 496
53 250
54 254 57 61 62 91
55 470 57 60 61 62 63 65 72 85 86 87 89 91 93 97 109 111 116
56 261
57 269 58 59 60 61 62 63 65 67 69 72 76 77 78 82 83 85 86 87 88 89 90 91 92 93 97 100 102 104 107 109 111 116 118 120
58 358 61 62 72 87 89 91 93 109
59 254 61 62 87 91 109
60 388 61 62 63 72 86 87 89 91 93 97 109 111 116
61 489 62 63 65 67 69 72 76 77 78 82 83 85 86 87 88 89 90 91 92 93 97 102 107 109 111 116 118 120
62 251 63 65 67 69 72 76 77 78 82 83 85 86 87 88 89 90 91 92 93 97 100 102 104 107 109 111 116 118 120
63 260 65 72 85 86 87 89 91 93 97 109 111 116
64 396
65 273 72 87 89 91 93 109
66 331
67 496 72 87 91 93 109
68 251
69 253 72 87 89 91 93 109
70 453
71 257
72 290 77 78 82 85 86 87 89 90 91 93 97 102 109 111 116 118 120
73 405
74 289
75 306
76 414 87 91 93 109
77 257 87 91 93 109
78 329 87 89 91 93 109
79 442
80 271
81 287
82 433 87 89 91 93 109
83 254 87 91 93 109
84 313
85 416 87 89 91 93 109
86 256 87 89 91 93 97 109 111 116
87 328 89 90 91 92 93 97 102 109 111 116 118 120
88 494 91
89 251 91 93 97 109 111 116 118
90 255 91 93 109
91 484 92 93 97 100 102 107 109 111 116 118 120
92 251 93 109
93 265 97 102 109 111 116 118 120
94 405
95 259
96 336
97 486 109 111 116
98 256
99 258
100 418
101 273
102 309 109
103 412
104 283
105 305
106 402
107 289
108 309
109 450 111 116 118 120
110 252
111 298 116
112 404
113 253
114 343
115 444
116 267
117 289
118 369
119 302
120 329
