120 1000
1 383 2 3 4 5 6 7 9 11 12 14 17 18 19 20 21 22 23 24 25 26 27 28 29 30 31 32 33 66 34 35 36 37 38 40 42 43 44 45 47 50 52 53 54 55 59 60 61 62 63 65 67 68 70 71 72 73 74 75 76 77 79 80 82 84 85 86 87 90 91 92 94 95 96 97 98 99 100 101 102 104 105 106 107 108 109 110 111 112 113 114 115 117 118 119 120
2 278 3 4 5 6 7 9 10 11 12 14 15 16 17 18 19 20 21 22 23 24 25 26 27 28 29 30 31 32 33 66 34 35 36 37 38 39 40 41 42 43 44 45 46 47 48 49 50 52 53 54 55 56 57 58 59 60 61 62 63 64 65 67 68 69 70 71 72 73 74 75 76 77 78 79 80 81 82 83 84 85 86 87 89 90 91 92 94 95 96 97 98 99 100 101 102 103 104 105 106 107 108 109 110 111 112 113 114 115 116 117 118 119 120
3 339 4 5 6 7 8 9 10 11 12 13 14 15 16 17 18 19 20 21 22 23 24 25 26 27 28 29 30 31 32 33 66 34 35 36 37 38 39 40 41 42 43 44 45 46 47 48 49 50 51 52 53 54 55 56 57 58 59 60 61 62 63 64 65 67 68 69 70 71 72 73 74 75 76 77 78 79 80 81 82 83 84 85 86 87 88 89 90 91 92 93 94 95 96 97 98 99 100 101 102 103 104 105 106 107 108 109 110 111 112 113 114 115 116 117 118 119 120
4 391 5 6 7 9 10 11 12 14 15 16 17 18 19 20 21 22 23 24 25 26 27 28 29 30 31 32 33 66 34 35 36 37 38 40 41 42 43 44 45 46 47 48 50 52 53 54 55 56 58 59 60 61 62 63 64 65 67 68 69 70 71 72 73 74 75 76 77 78 79 80 82 83 84 85 86 87 89 90 91 92 94 95 96 97 98 99 100 101 102 103 104 105 106 107 108 109 110 111 112 113 114 115 116 117 118 119 120
5 261 7 9 11 14 17 18 19 21 23 24 27 28 29 30 31 32 33 66 35 37 38 40 42 45 50 52 53 54 55 59 62 63 70 71 72 73 74 75 76 77 79 80 84 85 86 87 90 91 92 95 97 98 99 100 107 108 109 110 112 113 115 118 119 120
6 348 7 9 11 14 17 18 19 20 21 23 24 27 28 29 30 31 32 33 66 35 37 38 40 42 45 50 52 53 54 55 59 60 62 63 65 67 70 71 72 73 74 75 76 77 79 80 84 85 86 87 90 91 92 95 97 98 99 100 101 102 104 107 108 109 110 112 113 115 118 119 120
7 357 8 9 10 11 12 13 14 15 16 17 18 19 20 21 22 23 24 25 26 27 28 29 30 31 32 33 66 34 35 36 37 38 39 40 41 42 43 44 45 46 47 48 49 50 51 52 53 54 55 56 57 58 59 60 61 62 63 64 65 67 68 69 70 71 72 73 74 75 76 77 78 79 80 81 82 83 84 85 86 87 88 89 90 91 92 93 94 95 96 97 98 99 100 101 102 103 104 105 106 107 108 109 110 111 112 113 114 115 116 117 118 119 120
8 273 17 18 19 23 24 28 32 33 66 38 42 50 54 55 63 70 72 73 76 77 79 87 91 95 98 99 107 108 113 115 118
9 370 11 12 14 17 18 19 20 21 22 23 24 25 26 27 28 29 30 31 32 33 66 34 35 36 37 38 40 42 43 44 45 47 50 52 53 54 55 59 60 61 62 63 65 67 68 70 71 72 73 74 75 76 77 79 80 82 84 85 86 87 90 91 92 94 95 96 97 98 99 100 101 102 104 105 106 107 108 109 110 111 112 113 115 117 118 119 120
10 495 17 18 19 23 24 28 32 33 66 35 38 42 50 52 54 55 63 70 71 72 73 76 77 79 87 90 91 92 95 98 99 107 108 113 115 118
11 250 12 14 17 18 19 20 21 22 23 24 25 26 27 28 29 30 31 32 33 66 34 35 36 37 38 40 41 42 43 44 45 47 50 52 53 54 55 59 60 61 62 63 65 67 68 69 70 71 72 73 74 75 76 77 79 80 82 83 84 85 86 87 90 91 92 94 95 96 97 98 99 100 101 102 103 104 105 106 107 108 109 110 111 112 113 114 115 117 118 119 120
12 255 17 18 19 23 24 27 28 30 31 32 33 66 35 37 38 40 42 45 50 52 54 55 59 62 63 70 71 72 73 75 76 77 79 80 84 85 86 87 90 91 92 95 97 98 99 107 108 113 115 118 120
13 492 17 18 19 23 24 32 33 66 38 42 50 54 55 70 72 76 77 79 87 91 95 98 99 107 108 113 115 118
14 251 17 18 19 20 21 22 23 24 25 26 27 28 29 30 31 32 33 66 34 35 36 37 38 40 42 43 45 50 52 53 54 55 59 60 62 63 65 67 68 70 71 72 73 74 75 76 77 79 80 82 84 85 86 87 90 91 92 94 95 96 97 98 99 100 101 102 104 105 107 108 109 110 111 112 113 115 117 118 119 120
15 257 17 18 19 23 24 28 32 33 66 35 38 42 50 52 54 55 63 70 71 72 73 76 77 79 87 90 91 92 95 98 99 107 108 113 115 118
16 447 17 18 19 23 24 27 28 32 33 66 35 38 42 50 52 54 55 63 70 71 72 73 76 77 79 87 90 91 92 95 98 99 107 108 113 115 118
17 272 18 19 20 21 22 23 24 25 26 27 28 29 30 31 32 33 66 34 35 36 37 38 39 40 41 42 43 44 45 46 47 48 49 50 51 52 53 54 55 56 57 58 59 60 61 62 63 64 65 67 68 69 70 71 72 73 74 75 76 77 78 79 80 81 82 83 84 85 86 87 88 89 90 91 92 93 94 95 96 97 98 99 100 101 102 103 104 105 106 107 108 109 110 111 112 113 114 115 116 117 118 119 120
18 281 19 20 21 22 23 24 25 26 27 28 29 30 31 32 33 66 34 35 36 37 38 39 40 41 42 43 44 45 46 47 48 49 50 51 52 53 54 55 56 57 58 59 60 61 62 63 64 65 67 68 69 70 71 72 73 74 75 76 77 78 79 80 81 82 83 84 85 86 87 88 89 90 91 92 93 94 95 96 97 98 99 100 101 102 103 104 105 106 107 108 109 110 111 112 113 114 115 116 117 118 119 120
19 375 20 21 22 23 24 25 26 27 28 29 30 31 32 33 66 34 35 36 37 38 39 40 41 42 43 44 45 46 47 48 49 50 51 52 53 54 55 56 57 58 59 60 61 62 63 64 65 67 68 69 70 71 72 73 74 75 76 77 78 79 80 81 82 83 84 85 86 87 88 89 90 91 92 93 94 95 96 97 98 99 100 101 102 103 104 105 106 107 108 109 110 111 112 113 114 115 116 117 118 119 120
20 296 21 23 24 27 28 29 30 31 32 33 66 35 37 38 40 42 45 50 52 53 54 55 59 60 62 63 65 67 70 71 72 73 74 75 76 77 79 80 84 85 86 87 90 91 92 95 97 98 99 100 101 102 104 107 108 109 110 112 113 115 118 119 120
21 329 23 24 25 27 28 29 30 31 32 33 66 34 35 36 37 38 40 42 45 50 52 53 54 55 59 60 62 63 65 67 68 70 71 72 73 74 75 76 77 79 80 84 85 86 87 90 91 92 95 96 97 98 99 100 101 102 104 107 108 109 110 112 113 115 117 118 119 120
22 377 23 24 27 28 30 31 32 33 66 35 37 38 40 42 45 50 52 54 55 59 62 63 70 71 72 73 74 75 76 77 79 80 84 85 86 87 90 91 92 95 97 98 99 100 107 108 113 115 118 120
23 283 24 25 26 27 28 29 30 31 32 33 66 34 35 36 37 38 39 40 41 42 43 44 45 46 47 48 49 50 51 52 53 54 55 56 57 58 59 60 61 62 63 64 65 67 68 69 70 71 72 73 74 75 76 77 78 79 80 81 82 83 84 85 86 87 88 89 90 91 92 93 94 95 96 97 98 99 100 101 102 103 104 105 106 107 108 109 110 111 112 113 114 115 116 117 118 119 120
24 340 25 26 27 28 29 30 31 32 33 66 34 35 36 37 38 39 40 41 42 43 44 45 46 47 48 49 50 51 52 53 54 55 56 57 58 59 60 61 62 63 64 65 67 68 69 70 71 72 73 74 75 76 77 78 79 80 81 82 83 84 85 86 87 88 89 90 91 92 93 94 95 96 97 98 99 100 101 102 103 104 105 106 107 108 109 110 111 112 113 114 115 116 117 118 119 120
25 473 27 28 29 30 31 32 33 66 35 37 38 40 42 45 50 52 53 54 55 59 62 63 70 71 72 73 74 75 76 77 79 80 84 85 86 87 90 91 92 95 97 98 99 100 102 107 108 109 110 112 113 115 118 119 120
26 250 27 28 30 31 32 33 66 35 37 38 40 42 45 50 52 53 54 55 59 62 63 70 71 72 73 74 75 76 77 79 80 84 85 86 87 90 91 92 95 97 98 99 100 107 108 110 112 113 115 118 120
27 277 28 29 30 31 32 33 66 34 35 36 37 38 40 41 42 43 44 45 46 47 48 50 52 53 54 55 59 60 61 62 63 65 67 68 69 70 71 72 73 74 75 76 77 78 79 80 82 83 84 85 86 87 89 90 91 92 94 95 96 97 98 99 100 101 102 103 104 105 106 107 108 109 110 111 112 113 114 115 116 117 118 119 120
28 495 29 30 31 32 33 66 34 35 36 37 38 39 40 41 42 43 44 45 46 47 48 49 50 51 52 53 54 55 56 57 58 59 60 61 62 63 64 65 67 68 69 70 71 72 73 74 75 76 77 78 79 80 81 82 83 84 85 86 87 88 89 90 91 92 93 94 95 96 97 98 99 100 101 102 103 104 105 106 107 108 109 110 111 112 113 114 115 116 117 118 119 120
29 250 30 31 32 33 66 34 35 36 37 38 40 42 45 50 52 53 54 55 59 60 62 63 65 67 68 70 71 72 73 74 75 76 77 79 80 84 85 86 87 90 91 92 94 95 96 97 98 99 100 101 102 104 107 108 109 110 112 113 115 117 118 119 120
30 255 31 32 33 66 34 35 36 37 38 40 41 42 43 44 45 46 47 50 52 53 54 55 59 60 61 62 63 65 67 68 69 70 71 72 73 74 75 76 77 79 80 82 83 84 85 86 87 90 91 92 94 95 96 97 98 99 100 101 102 103 104 105 106 107 108 109 110 111 112 113 114 115 116 117 118 119 120
31 457 32 33 66 34 35 36 37 38 40 42 43 44 45 47 50 52 53 54 55 59 60 61 62 63 65 67 68 70 71 72 73 74 75 76 77 79 80 82 84 85 86 87 90 91 92 94 95 96 97 98 99 100 101 102 103 104 105 106 107 108 109 110 111 112 113 114 115 117 118 119 120
32 250 33 66 34 35 36 37 38 39 40 41 42 43 44 45 46 47 48 49 50 51 52 53 54 55 56 57 58 59 60 61 62 63 64 65 67 68 69 70 71 72 73 74 75 76 77 78 79 80 81 82 83 84 85 86 87 88 89 90 91 92 93 94 95 96 97 98 99 100 101 102 103 104 105 106 107 108 109 110 111 112 113 114 115 116 117 118 119 120
33 293 66 34 35 36 37 38 39 40 41 42 43 44 45 46 47 48 49 50 51 52 53 54 55 56 57 58 59 60 61 62 63 64 65 67 68 69 70 71 72 73 74 75 76 77 78 79 80 81 82 83 84 85 86 87 88 89 90 91 92 93 94 95 96 97 98 99 100 101 102 103 104 105 106 107 108 109 110 111 112 113 114 115 116 117 118 119 120
34 395 66 35 37 38 40 42 45 50 52 53 54 55 59 62 63 70 71 72 73 74 75 76 77 79 80 84 85 86 87 90 91 92 95 97 98 99 100 107 108 109 110 112 113 115 118 119 120
35 282 66 36 37 38 39 40 41 42 43 44 45 46 47 48 50 52 53 54 55 56 57 58 59 60 61 62 63 64 65 67 68 69 70 71 72 73 74 75 76 77 78 79 80 81 82 83 84 85 86 87 89 90 91 92 94 95 96 97 98 99 100 101 102 103 104 105 106 107 108 109 110 111 112 113 114 115 116 117 118 119 120
36 323 66 37 38 40 42 45 50 52 53 54 55 59 62 63 65 70 71 72 73 74 75 76 77 79 80 84 85 86 87 90 91 92 95 97 98 99 100 102 107 108 109 110 112 113 115 118 119 120
37 486 66 38 40 41 42 43 44 45 46 47 50 52 53 54 55 59 60 61 62 63 65 67 68 69 70 71 72 73 74 75 76 77 79 80 82 83 84 85 86 87 90 91 92 94 95 96 97 98 99 100 101 102 103 104 105 106 107 108 109 110 111 112 113 114 115 116 117 118 119 120
38 250 66 39 40 41 42 43 44 45 46 47 48 49 50 51 52 53 54 55 56 57 58 59 60 61 62 63 64 65 67 68 69 70 71 72 73 74 75 76 77 78 79 80 81 82 83 84 85 86 87 88 89 90 91 92 93 94 95 96 97 98 99 100 101 102 103 104 105 106 107 108 109 110 111 112 113 114 115 116 117 118 119 120
39 264 66 42 50 54 55 63 70 72 73 76 77 79 87 90 91 92 95 98 99 107 108 113 115 118
40 358 66 42 43 44 45 47 50 52 53 54 55 59 60 61 62 63 65 67 68 70 71 72 73 74 75 76 77 79 80 82 84 85 86 87 90 91 92 94 95 96 97 98 99 100 101 102 103 104 105 106 107 108 109 110 111 112 113 114 115 117 118 119 120
41 254 66 42 45 50 52 54 55 62 63 70 71 72 73 75 76 77 79 85 87 90 91 92 95 98 99 107 108 113 115 118
42 388 66 43 44 45 46 47 48 49 50 51 52 53 54 55 56 57 58 59 60 61 62 63 64 65 67 68 69 70 71 72 73 74 75 76 77 78 79 80 81 82 83 84 85 86 87 88 89 90 91 92 93 94 95 96 97 98 99 100 101 102 103 104 105 106 107 108 109 110 111 112 113 114 115 116 117 118 119 120
43 400 66 45 50 52 54 55 59 62 63 70 71 72 73 74 75 76 77 79 80 84 85 86 87 90 91 92 95 97 98 99 100 107 108 113 115 118 120
44 271 66 45 50 52 54 55 59 62 63 70 71 72 73 75 76 77 79 80 84 85 86 87 90 91 92 95 97 98 99 107 108 113 115 118 120
45 329 66 47 50 52 53 54 55 59 60 61 62 63 65 67 68 69 70 71 72 73 74 75 76 77 79 80 82 83 84 85 86 87 90 91 92 94 95 96 97 98 99 100 101 102 103 104 105 106 107 108 109 110 111 112 113 114 115 116 117 118 119 120
46 460 66 50 52 54 55 62 63 70 71 72 73 75 76 77 79 85 87 90 91 92 95 98 99 107 108 113 115 118
47 260 66 50 52 54 55 59 62 63 70 71 72 73 75 76 77 79 80 84 85 86 87 90 91 92 95 97 98 99 107 108 113 115 118 120
48 280 66 50 52 54 55 63 70 71 72 73 76 77 79 87 90 91 92 95 98 99 107 108 113 115 118
49 446 66 50 54 55 63 70 72 73 76 77 79 87 91 95 98 99 107 108 113 115 118
50 260 66 51 52 53 54 55 56 57 58 59 60 61 62 63 64 65 67 68 69 70 71 72 73 74 75 76 77 78 79 80 81 82 83 84 85 86 87 88 89 90 91 92 93 94 95 96 97 98 99 100 101 102 103 104 105 106 107 108 109 110 111 112 113 114 115 116 117 118 119 120
51 294 66 54 55 63 70 72 73 76 77 79 87 91 95 98 99 107 108 113 115 118
52 447 66 53 54 55 56 57 58 59 60 61 62 63 64 65 67 68 69 70 71 72 73 74 75 76 77 78 79 80 82 83 84 85 86 87 89 90 91 92 94 95 96 97 98 99 100 101 102 103 104 105 106 107 108 109 110 111 112 113 114 115 116 117 118 119 120
53 260 66 54 55 59 60 62 63 65 67 68 70 71 72 73 74 75 76 77 79 80 84 85 86 87 90 91 92 94 95 96 97 98 99 100 101 102 104 105 107 108 109 110 111 112 113 115 117 118 119 120
54 293 66 55 56 57 58 59 60 61 62 63 64 65 67 68 69 70 71 72 73 74 75 76 77 78 79 80 81 82 83 84 85 86 87 88 89 90 91 92 93 94 95 96 97 98 99 100 101 102 103 104 105 106 107 108 109 110 111 112 113 114 115 116 117 118 119 120
55 356 66 56 57 58 59 60 61 62 63 64 65 67 68 69 70 71 72 73 74 75 76 77 78 79 80 81 82 83 84 85 86 87 88 89 90 91 92 93 94 95 96 97 98 99 100 101 102 103 104 105 106 107 108 109 110 111 112 113 114 115 116 117 118 119 120
56 269 66 63 70 71 72 73 76 77 79 87 90 91 92 95 98 99 107 108 113 115 118
57 375 66 63 70 72 73 76 77 79 87 90 91 92 95 98 99 107 108 113 115 118
58 398 66 63 70 72 73 76 77 79 87 90 91 92 95 98 99 107 108 113 115 118
59 255 66 60 61 62 63 65 67 68 70 71 72 73 74 75 76 77 79 80 82 83 84 85 86 87 90 91 92 94 95 96 97 98 99 100 101 102 103 104 105 106 107 108 109 110 111 112 113 114 115 117 118 119 120
60 347 66 62 63 65 67 70 71 72 73 74 75 76 77 79 80 84 85 86 87 90 91 92 95 97 98 99 100 101 102 104 107 108 109 110 112 113 115 118 119 120
61 455 66 62 63 70 71 72 73 75 76 77 79 80 84 85 86 87 90 91 92 95 97 98 99 107 108 113 115 118 120
62 264 66 63 65 67 68 69 70 71 72 73 74 75 76 77 79 80 82 83 84 85 86 87 90 91 92 94 95 96 97 98 99 100 101 102 103 104 105 106 107 108 109 110 111 112 113 114 115 116 117 118 119 120
63 281 66 64 65 67 68 69 70 71 72 73 74 75 76 77 78 79 80 81 82 83 84 85 86 87 88 89 90 91 92 93 94 95 96 97 98 99 100 101 102 103 104 105 106 107 108 109 110 111 112 113 114 115 116 117 118 119 120
64 354 66 70 71 72 73 76 77 79 87 90 91 92 95 98 99 107 108 113 115 118
65 298 66 67 70 71 72 73 74 75 76 77 79 80 84 85 86 87 90 91 92 95 96 97 98 99 100 101 102 104 107 108 109 110 112 113 115 118 119 120
66 348 67 68 69 70 71 72 73 74 75 76 77 78 79 80 81 82 83 84 85 86 87 88 89 90 91 92 93 94 95 96 97 98 99 100 101 102 103 104 105 106 107 108 109 110 111 112 113 114 115 116 117 118 119 120
67 473 70 71 72 73 74 75 76 77 79 80 84 85 86 87 90 91 92 95 96 97 98 99 100 101 102 104 107 108 109 110 112 113 115 118 119 120
68 261 70 71 72 73 74 75 76 77 79 80 84 85 86 87 90 91 92 95 97 98 99 100 102 107 108 109 110 112 113 115 118 119 120
69 266 70 71 72 73 75 76 77 79 85 87 90 91 92 95 98 99 107 108 113 115 118
70 361 71 72 73 74 75 76 77 78 79 80 81 82 83 84 85 86 87 88 89 90 91 92 93 94 95 96 97 98 99 100 101 102 103 104 105 106 107 108 109 110 111 112 113 114 115 116 117 118 119 120
71 298 72 73 74 75 76 77 78 79 80 82 83 84 85 86 87 89 90 91 92 94 95 96 97 98 99 100 101 102 103 104 105 106 107 108 109 110 111 112 113 114 115 116 117 118 119 120
72 341 73 74 75 76 77 78 79 80 81 82 83 84 85 86 87 88 89 90 91 92 93 94 95 96 97 98 99 100 101 102 103 104 105 106 107 108 109 110 111 112 113 114 115 116 117 118 119 120
73 488 74 75 76 77 78 79 80 81 82 83 84 85 86 87 88 89 90 91 92 93 94 95 96 97 98 99 100 101 102 103 104 105 106 107 108 109 110 111 112 113 114 115 116 117 118 119 120
74 253 75 76 77 79 80 82 84 85 86 87 90 91 92 94 95 96 97 98 99 100 101 102 104 105 107 108 109 110 111 112 113 115 117 118 119 120
75 259 76 77 79 80 82 83 84 85 86 87 89 90 91 92 94 95 96 97 98 99 100 101 102 103 104 105 106 107 108 109 110 111 112 113 114 115 116 117 118 119 120
76 476 77 78 79 80 81 82 83 84 85 86 87 88 89 90 91 92 93 94 95 96 97 98 99 100 101 102 103 104 105 106 107 108 109 110 111 112 113 114 115 116 117 118 119 120
77 252 78 79 80 81 82 83 84 85 86 87 88 89 90 91 92 93 94 95 96 97 98 99 100 101 102 103 104 105 106 107 108 109 110 111 112 113 114 115 116 117 118 119 120
78 272 79 87 90 91 92 95 98 99 107 108 113 115 118
79 450 80 81 82 83 84 85 86 87 88 89 90 91 92 93 94 95 96 97 98 99 100 101 102 103 104 105 106 107 108 109 110 111 112 113 114 115 116 117 118 119 120
80 266 82 84 85 86 87 90 91 92 94 95 96 97 98 99 100 101 102 103 104 105 106 107 108 109 110 111 112 113 114 115 117 118 119 120
81 284 87 90 91 92 95 98 99 107 108 113 115 118
82 377 84 85 86 87 90 91 92 95 97 98 99 100 107 108 113 115 118 120
83 257 85 87 90 91 92 95 98 99 107 108 113 115 118
84 366 85 86 87 90 91 92 94 95 96 97 98 99 100 101 102 104 105 106 107 108 109 110 111 112 113 115 117 118 119 120
85 379 86 87 90 91 92 94 95 96 97 98 99 100 101 102 103 104 105 106 107 108 109 110 111 112 113 114 115 116 117 118 119 120
86 278 87 90 91 92 94 95 96 97 98 99 100 101 102 103 104 105 106 107 108 109 110 111 112 113 114 115 117 118 119 120
87 343 88 89 90 91 92 93 94 95 96 97 98 99 100 101 102 103 104 105 106 107 108 109 110 111 112 113 114 115 116 117 118 119 120
88 480 91 95 98 99 107 108 113 115 118
89 254 90 91 92 95 98 99 107 108 113 115 118
90 266 91 92 94 95 96 97 98 99 100 101 102 103 104 105 106 107 108 109 110 111 112 113 114 115 116 117 118 119 120
91 493 92 93 94 95 96 97 98 99 100 101 102 103 104 105 106 107 108 109 110 111 112 113 114 115 116 117 118 119 120
92 252 94 95 96 97 98 99 100 101 102 103 104 105 106 107 108 109 110 111 112 113 114 115 116 117 118 119 120
93 255 95 98 99 107 108 113 115 118
94 421 95 97 98 99 100 107 108 110 112 113 115 118 119 120
95 253 96 97 98 99 100 101 102 103 104 105 106 107 108 109 110 111 112 113 114 115 116 117 118 119 120
96 326 97 98 99 100 102 107 108 109 110 112 113 115 118 119 120
97 411 98 99 100 101 102 103 104 105 106 107 108 109 110 111 112 113 114 115 117 118 119 120
98 267 99 100 101 102 103 104 105 106 107 108 109 110 111 112 113 114 115 116 117 118 119 120
99 322 100 101 102 103 104 105 106 107 108 109 110 111 112 113 114 115 116 117 118 119 120
100 408 101 102 104 105 107 108 109 110 111 112 113 115 117 118 119 120
101 283 102 104 107 108 109 110 112 113 115 118 119 120
102 309 104 107 108 109 110 112 113 115 118 119 120
103 397 107 108 113 115 118
104 253 107 108 109 110 112 113 115 118 119 120
105 350 107 108 110 112 113 115 118 120
106 484 107 108 113 115 118
107 251 108 109 110 111 112 113 114 115 116 117 118 119 120
108 265 109 110 111 112 113 114 115 116 117 118 119 120
109 498 110 112 113 115 117 118 119 120
110 250 111 112 113 115 117 118 119 120
111 252 112 113 115 118 119 120
112 429 113 115 117 118 119 120
113 269 114 115 116 117 118 119 120
114 302 115 118
115 450 116 117 118 119 120
116 260 118
117 290 118 119 120
118 482 119 120
119 250 120
120 268
