60 1000
1 442 2 3 4 6 8 10 11 13 14 15 16 17 18 19 21 23 24 25 26 27 28 30 34 35 36 37 38 39 40 44 46 47 48 49 50 51 53 55 57 58 60
2 267 3 4 8 10 11 13 14 15 16 17 18 19 21 23 24 25 26 34 35 36 37 39 40 44 46 47 48 49 50 51 53 55 60
3 291 4 6 8 10 11 13 14 15 16 17 18 19 20 21 23 24 25 26 27 28 30 34 35 36 37 38 39 40 44 46 47 48 49 50 51 53 55 57 58 60
4 448 5 6 7 8 9 10 11 13 14 15 16 17 18 19 20 21 23 24 25 26 27 28 29 30 31 32 33 34 35 36 37 38 39 40 41 42 43 44 45 46 47 48 49 50 51 52 53 54 55 56 57 58 59 60
5 252 10 13 15 18 19 21 23 24 26 35 46 47 49 50 53 55 60
6 300 8 10 11 13 14 15 16 17 18 19 21 23 24 25 26 34 35 36 37 39 40 44 46 47 48 49 50 51 53 55 60
7 463 10 13 14 15 18 19 21 23 24 26 34 35 36 39 44 46 47 48 49 50 51 53 55 60
8 266 10 11 13 14 15 16 17 18 19 21 23 24 25 26 27 28 30 34 35 36 37 38 39 40 44 46 47 48 49 50 51 53 55 57 58 60
9 271 10 13 15 18 19 21 23 24 26 46 47 49 50 53 55 60
10 451 11 12 13 14 15 16 17 18 19 20 21 22 23 24 25 26 27 28 29 30 31 32 33 34 35 36 37 38 39 40 41 42 43 44 45 46 47 48 49 50 51 52 53 54 55 56 57 58 59 60
11 261 13 14 15 16 17 18 19 21 23 24 25 26 28 34 35 36 37 39 40 44 46 47 48 49 50 51 53 55 60
12 288 13 15 18 21 24 46 49 50 53 55 60
13 392 14 15 16 17 18 19 20 21 22 23 24 25 26 27 28 29 30 31 32 33 34 35 36 37 38 39 40 41 42 43 44 45 46 47 48 49 50 51 52 53 54 55 56 57 58 59 60
14 279 15 16 17 18 19 20 21 23 24 25 26 27 28 30 34 35 36 37 38 39 40 44 45 46 47 48 49 50 51 53 55 57 58 60
15 329 16 17 18 19 20 21 22 23 24 25 26 27 28 29 30 31 32 33 34 35 36 37 38 39 40 41 42 43 44 45 46 47 48 49 50 51 52 53 54 55 56 57 58 59 60
16 454 17 18 19 20 21 23 24 25 26 27 28 30 34 35 36 37 38 39 40 44 45 46 47 48 49 50 51 53 55 57 58 60
17 258 18 19 21 23 24 25 26 27 28 30 34 35 36 37 38 39 40 44 46 47 48 49 50 51 53 55 58 60
18 288 19 20 21 22 23 24 25 26 27 28 29 30 31 32 33 34 35 36 37 38 39 40 41 42 43 44 45 46 47 48 49 50 51 52 53 54 55 56 57 58 59 60
19 431 20 21 23 24 25 26 27 28 30 31 32 33 34 35 36 37 38 39 40 41 42 44 45 46 47 48 49 50 51 52 53 55 56 57 58 59 60
20 273 21 23 24 26 34 35 36 39 44 46 47 48 49 50 51 53 55 60
21 296 22 23 24 25 26 27 28 29 30 31 32 33 34 35 36 37 38 39 40 41 42 43 44 45 46 47 48 49 50 51 52 53 54 55 56 57 58 59 60
22 471 24 46 49 50 53 55 60
23 255 24 25 26 27 28 29 30 31 32 33 34 35 36 37 38 39 40 41 42 43 44 45 46 47 48 49 50 51 52 53 54 55 56 57 58 59 60
24 274 25 26 27 28 29 30 31 32 33 34 35 36 37 38 39 40 41 42 43 44 45 46 47 48 49 50 51 52 53 54 55 56 57 58 59 60
25 491 26 27 28 30 34 35 36 37 39 40 44 46 47 48 49 50 51 53 55 58 60
26 252 27 28 29 30 31 32 33 34 35 36 37 38 39 40 41 42 44 45 46 47 48 49 50 51 52 53 54 55 56 57 58 59 60
27 257 34 35 36 39 40 44 46 47 48 49 50 51 53 55 60
28 485 34 35 36 37 39 40 44 46 47 48 49 50 51 53 55 60
29 253 46 49 50 53 55 60
30 262 34 35 36 39 40 44 46 47 48 49 50 51 53 55 60
31 409 35 39 46 47 48 49 50 53 55 60
32 292 35 39 46 47 48 49 50 53 55 60
33 299 35 46 47 49 50 53 55 60
34 487 35 36 37 38 39 40 44 45 46 47 48 49 50 51 53 55 57 58 60
35 252 36 37 38 39 40 41 42 44 45 46 47 48 49 50 51 52 53 55 56 57 58 59 60
36 261 37 38 39 40 44 45 46 47 48 49 50 51 53 55 57 58 60
37 383 39 40 44 46 47 48 49 50 51 53 55 60
38 281 39 40 44 46 47 48 49 50 51 53 55 60
39 336 40 42 44 45 46 47 48 49 50 51 53 55 56 57 58 60
40 426 44 46 47 48 49 50 51 53 55 58 60
41 251 46 47 49 50 53 55 60
42 323 46 47 48 49 50 53 55 60
43 360 46 49 50 53 55 60
44 312 45 46 47 48 49 50 51 53 55 57 58 60
45 328 46 47 48 49 50 51 53 55 60
46 481 47 48 49 50 51 52 53 54 55 56 57 58 59 60
47 256 48 49 50 51 52 53 55 56 57 58 59 60
48 263 49 50 51 53 55 56 57 58 60
49 472 50 51 52 53 54 55 56 57 58 59 60
50 254 51 52 53 54 55 56 57 58 59 60
51 274 53 55 57 58 60
52 451 53 55 60
53 250 54 55 56 57 58 59 60
54 299 55 60
55 389 56 57 58 59 60
56 264 60
57 347 60
58 413 60
59 291 60
60 296
