120 1000
1 403 2 3 4 5 6 8 9 10 11 12 13 14 15 16 17 18 19 21 24 25 27 29 30 31 32 66 34 35 37 38 40 41 42 44 45 46 47 48 50 51 52 53 54 56 57 58 59 61 62 63 64 65 67 68 70 71 73 74 75 76 77 78 79 81 82 83 84 85 90 91 93 94 95 96 97 98 100 101 102 105 106 107 109 110 111 113 114 117 120
2 267 3 4 5 6 8 9 10 11 12 13 14 15 16 17 18 19 21 23 24 25 27 29 30 31 32 66 34 35 37 38 40 41 42 44 45 46 47 48 50 51 52 53 54 56 57 58 59 61 62 63 64 65 67 68 70 71 72 73 74 75 76 77 78 79 81 82 83 84 85 90 91 93 94 95 96 97 98 99 100 101 102 103 105 106 107 109 110 111 113 114 117 120
3 330 8 12 17 31 32 46 48 51 54 58 63 65 70 73 81 106
4 381 5 6 8 9 10 11 12 14 16 17 19 24 25 27 29 30 31 32 66 40 42 44 46 47 48 50 51 53 54 56 57 58 61 63 64 65 67 68 70 71 73 74 77 78 81 82 84 85 90 93 94 96 97 98 101 102 105 106 109 110 111 120
5 282 6 8 9 10 11 12 14 16 17 19 24 25 27 29 30 31 32 66 40 42 44 46 47 48 50 51 52 53 54 56 57 58 61 63 64 65 67 68 70 71 73 74 77 78 81 82 84 85 90 93 94 96 97 98 101 102 105 106 109 110 111 120
6 337 8 9 10 11 12 14 16 17 19 24 25 27 29 30 31 32 66 40 46 47 48 50 51 53 54 56 57 58 61 63 64 65 67 68 70 71 73 74 77 78 81 82 84 85 93 94 96 97 98 101 102 105 106 109 110 111 120
7 490
8 250 9 10 11 12 13 14 15 16 17 18 19 21 24 25 27 29 30 31 32 66 34 35 37 38 40 41 42 44 45 46 47 48 50 51 52 53 54 56 57 58 59 61 62 63 64 65 67 68 70 71 73 74 75 76 77 78 79 81 82 83 84 85 90 91 93 94 95 96 97 98 100 101 102 105 106 107 109 110 111 113 114 117 120
9 260 10 11 12 14 16 17 19 24 27 29 30 31 32 66 40 46 47 48 51 53 54 56 57 58 61 63 64 65 67 68 70 71 73 74 77 78 81 82 85 93 94 97 98 102 105 106 109 110 111
10 472 11 12 13 14 16 17 18 19 21 24 25 27 29 30 31 32 66 38 40 41 42 44 45 46 47 48 50 51 52 53 54 56 57 58 59 61 63 64 65 67 68 70 71 73 74 77 78 79 81 82 83 84 85 90 93 94 95 96 97 98 100 101 102 105 106 109 110 111 114 120
11 255 12 14 16 17 19 24 25 27 29 30 31 32 66 40 42 44 46 47 48 50 51 53 54 56 57 58 61 63 64 65 67 68 70 71 73 74 77 78 81 82 84 85 90 93 94 96 97 98 101 102 105 106 109 110 111 120
12 273 13 14 16 17 18 19 21 24 25 27 29 30 31 32 66 38 40 41 42 44 45 46 47 48 50 51 52 53 54 56 57 58 59 61 62 63 64 65 67 68 70 71 73 74 75 76 77 78 79 81 82 83 84 85 90 91 93 94 95 96 97 98 100 101 102 105 106 107 109 110 111 113 114 120
13 404 17 24 29 31 32 40 46 47 48 51 54 57 58 63 65 68 70 73 74 81 82 85 94 98 102 105 106 111
14 273 16 17 19 24 25 27 29 30 31 32 66 40 42 46 47 48 50 51 53 54 56 57 58 61 63 64 65 67 68 70 71 73 74 77 78 81 82 84 85 90 93 94 96 97 98 101 102 105 106 109 110 111 120
15 323 32 46 63 106
16 367 17 19 24 27 29 30 31 32 66 40 46 47 48 50 51 53 54 56 57 58 61 63 64 65 67 68 70 71 73 74 77 78 81 82 85 93 94 97 98 102 105 106 109 110 111
17 250 18 19 21 24 25 27 29 30 31 32 66 38 40 41 42 44 45 46 47 48 50 51 52 53 54 56 57 58 59 61 63 64 65 67 68 70 71 73 74 75 76 77 78 79 81 82 83 84 85 90 91 93 94 95 96 97 98 100 101 102 105 106 107 109 110 111 113 114 120
18 383 24 29 31 32 46 47 48 51 54 58 63 65 68 70 73 74 81 82 94 98 102 105 106 111
19 437 24 27 29 30 31 32 66 40 46 47 48 51 53 54 56 57 58 61 63 64 65 67 68 70 71 73 74 77 78 81 82 85 93 94 97 98 102 105 106 109 110 111
20 265
21 298 24 29 31 32 40 46 47 48 51 54 56 57 58 63 65 68 70 73 74 81 82 85 94 98 102 105 106 111
22 361
23 252 32 63 106
24 387 25 27 29 30 31 32 66 38 40 41 42 44 45 46 47 48 50 51 52 53 54 56 57 58 59 61 63 64 65 67 68 70 71 73 74 77 78 79 81 82 83 84 85 90 93 94 95 96 97 98 100 101 102 105 106 109 110 111 114 120
25 414 29 31 32 66 40 46 47 48 51 53 54 56 57 58 63 65 68 70 71 73 74 77 78 81 82 85 94 98 102 105 106 109 110 111
26 257
27 329 29 30 31 32 66 40 46 47 48 51 53 54 56 57 58 61 63 64 65 67 68 70 71 73 74 77 78 81 82 85 93 94 97 98 102 105 106 109 110 111
28 365
29 298 30 31 32 66 38 40 41 42 44 45 46 47 48 50 51 52 53 54 56 57 58 59 61 63 64 65 67 68 70 71 73 74 77 78 79 81 82 83 84 85 90 93 94 95 96 97 98 100 101 102 105 106 109 110 111 114 120
30 337 31 32 66 40 46 47 48 50 51 53 54 56 57 58 61 63 64 65 67 68 70 71 73 74 77 78 81 82 85 93 94 96 97 98 102 105 106 109 110 111 120
31 393 32 66 38 40 41 42 44 45 46 47 48 50 51 52 53 54 56 57 58 59 61 63 64 65 67 68 70 71 73 74 75 76 77 78 79 81 82 83 84 85 90 91 93 94 95 96 97 98 100 101 102 105 106 107 109 110 111 113 114 120
32 290 66 34 35 37 38 40 41 42 44 45 46 47 48 50 51 52 53 54 56 57 58 59 61 62 63 64 65 67 68 70 71 72 73 74 75 76 77 78 79 81 82 83 84 85 90 91 93 94 95 96 97 98 99 100 101 102 103 105 106 107 109 110 111 113 114 117 120
33 317
34 381 46 48 54 58 63 73 106
35 270 46 48 54 63 73 106
36 349
37 355 46 63 106
38 316 40 46 47 48 51 54 57 58 63 65 68 70 73 74 81 82 85 94 98 102 105 106 111
39 329
40 443 66 41 42 44 46 47 48 50 51 52 53 54 56 57 58 61 63 64 65 67 68 70 71 73 74 77 78 79 81 82 83 84 85 90 93 94 95 96 97 98 101 102 105 106 109 110 111 114 120
41 272 46 47 48 51 54 56 57 58 63 65 68 70 73 74 81 82 85 94 98 102 105 106 111
42 285 66 46 47 48 51 53 54 56 57 58 63 65 68 70 71 73 74 77 78 81 82 85 94 98 102 105 106 109 110 111
43 422
44 254 66 46 47 48 51 54 56 57 58 63 65 68 70 71 73 74 77 78 81 82 85 94 98 102 105 106 111
45 324 46 47 48 51 54 58 63 65 68 70 73 74 81 82 85 94 98 102 105 106 111
46 431 66 47 48 50 51 52 53 54 56 57 58 59 61 62 63 64 65 67 68 70 71 73 74 75 76 77 78 79 81 82 83 84 85 90 91 93 94 95 96 97 98 100 101 102 105 106 107 109 110 111 113 114 117 120
47 284 66 48 50 51 52 53 54 56 57 58 59 61 63 64 65 67 68 70 71 73 74 75 76 77 78 79 81 82 83 84 85 90 93 94 95 96 97 98 100 101 102 105 106 109 110 111 113 114 120
48 285 66 50 51 52 53 54 56 57 58 59 61 62 63 64 65 67 68 70 71 73 74 75 76 77 78 79 81 82 83 84 85 90 91 93 94 95 96 97 98 100 101 102 105 106 107 109 110 111 113 114 117 120
49 364
50 278 66 51 53 54 56 57 58 63 64 65 68 70 71 73 74 77 78 81 82 85 93 94 97 98 102 105 106 109 110 111
51 358 66 52 53 54 56 57 58 59 61 63 64 65 67 68 70 71 73 74 75 76 77 78 79 81 82 83 84 85 90 91 93 94 95 96 97 98 100 101 102 105 106 107 109 110 111 113 114 120
52 434 66 54 56 57 58 63 65 68 70 71 73 74 78 81 82 85 94 98 102 105 106 111
53 256 66 54 56 57 58 61 63 64 65 67 68 70 71 73 74 77 78 81 82 84 85 93 94 96 97 98 101 102 105 106 109 110 111 120
54 310 66 56 57 58 59 61 62 63 64 65 67 68 70 71 73 74 75 76 77 78 79 81 82 83 84 85 90 91 93 94 95 96 97 98 100 101 102 105 106 107 109 110 111 113 114 117 120
55 447
56 272 66 57 58 61 63 64 65 67 68 70 71 73 74 77 78 81 82 84 85 90 93 94 96 97 98 101 102 105 106 109 110 111 114 120
57 281 66 58 61 63 64 65 67 68 70 71 73 74 77 78 79 81 82 83 84 85 90 93 94 95 96 97 98 101 102 105 106 109 110 111 114 120
58 419 66 59 61 62 63 64 65 67 68 70 71 73 74 75 76 77 78 79 81 82 83 84 85 90 91 93 94 95 96 97 98 100 101 102 105 106 107 109 110 111 113 114 117 120
59 262 63 65 68 70 73 74 81 82 85 94 98 102 105 106 111
60 319
61 454 66 63 64 65 67 68 70 71 73 74 77 78 81 82 85 93 94 97 98 102 105 106 109 110 111
62 262 63 65 73 106
63 284 66 64 65 67 68 70 71 72 73 74 75 76 77 78 79 81 82 83 84 85 90 91 93 94 95 96 97 98 99 100 101 102 103 105 106 107 109 110 111 112 113 114 117 120
64 461 66 65 67 68 70 71 73 74 77 78 81 82 85 93 94 96 97 98 102 105 106 109 110 111 120
65 260 66 67 68 70 71 73 74 75 76 77 78 79 81 82 83 84 85 90 91 93 94 95 96 97 98 100 101 102 105 106 107 109 110 111 113 114 120
66 279 67 68 70 71 73 74 77 78 81 82 84 85 90 93 94 96 97 98 101 102 105 106 109 110 111 120
67 485 68 70 71 73 74 77 78 81 82 85 93 94 97 98 102 105 106 109 110 111
68 254 70 71 73 74 77 78 79 81 82 83 84 85 90 93 94 95 96 97 98 100 101 102 105 106 109 110 111 114 120
69 261
70 377 71 73 74 75 76 77 78 79 81 82 83 84 85 90 91 93 94 95 96 97 98 100 101 102 105 106 107 109 110 111 113 114 120
71 253 73 74 77 78 81 82 84 85 90 93 94 96 97 98 101 102 105 106 109 110 111 120
72 370 106
73 442 74 75 76 77 78 79 81 82 83 84 85 90 91 93 94 95 96 97 98 100 101 102 105 106 107 109 110 111 113 114 117 120
74 259 77 78 79 81 82 83 84 85 90 93 94 95 96 97 98 100 101 102 105 106 109 110 111 114 120
75 299 81 82 105 106
76 428 81 82 105 106
77 285 78 81 82 84 85 90 93 94 96 97 98 101 102 105 106 109 110 111 120
78 287 81 82 84 85 90 93 94 96 97 98 101 102 105 106 109 110 111 120
79 369 81 82 85 94 98 102 105 106 111
80 262
81 369 82 83 84 85 90 91 93 94 95 96 97 98 100 101 102 105 106 107 109 110 111 113 114 120
82 404 83 84 85 90 93 94 95 96 97 98 100 101 102 105 106 109 110 111 113 114 120
83 293 85 94 98 102 105 106 111
84 303 85 93 94 98 102 105 106 109 110 111
85 359 90 93 94 95 96 97 98 100 101 102 105 106 109 110 111 114 120
86 265
87 376
88 412
89 267
90 321 94 98 102 105 106 111
91 368 105 106
92 255
93 377 94 96 97 98 102 105 106 109 110 111 120
94 427 95 96 97 98 100 101 102 105 106 109 110 111 114 120
95 279 98 102 105 106 111
96 294 97 98 102 105 106 109 110 111
97 484 98 102 105 106 109 110 111 120
98 252 100 101 102 105 106 109 110 111 114 120
99 264 106
100 446 102 105 106 111
101 264 102 105 106 109 110 111
102 290 105 106 109 110 111 114 120
103 432
104 275
105 293 106 107 109 110 111 113 114 120
106 475 107 109 110 111 113 114 117 120
107 260
108 265
109 442 110 111 120
110 264 111 120
111 294 114 120
112 492
113 251
114 257
115 467
116 259
117 274
118 352
119 251
120 397
