120 1000
1 406 2 3 4 5 6 7 8 9 11 12 13 14 15 16 17 18 19 20 21 22 24 25 26 28 29 30 31 33 66 34 35 36 37 38 39 40 41 43 45 46 47 48 49 51 52 53 54 55 56 57 58 60 61 62 63 64 65 67 68 69 70 71 72 73 74 76 77 78 79 80 82 83 84 85 88 89 90 91 92 93 94 95 96 98 99 100 101 102 104 105 107 108 109 111 113 114 115 116 117 118 119 120
2 265 3 4 6 12 13 15 20 22 24 28 29 33 66 34 35 38 39 46 47 48 52 54 55 56 57 58 61 62 63 64 65 67 70 71 73 76 78 80 89 90 91 95 100 104 105 109 111 113 115
3 329 4 5 6 7 8 9 10 11 12 13 14 15 16 17 18 19 20 21 22 23 24 25 26 27 28 29 30 31 32 33 66 34 35 36 37 38 39 40 41 42 43 44 45 46 47 48 49 50 51 52 53 54 55 56 57 58 59 60 61 62 63 64 65 67 68 69 70 71 72 73 74 75 76 77 78 79 80 81 82 83 84 85 86 87 88 89 90 91 92 93 94 95 96 97 98 99 100 101 102 103 104 105 106 107 108 109 110 111 112 113 114 115 116 117 118 119 120
4 404 5 6 7 8 9 11 12 13 14 15 16 17 18 19 20 21 22 24 25 26 28 29 30 31 33 66 34 35 36 37 38 39 40 41 43 45 46 47 48 49 50 51 52 53 54 55 56 57 58 59 60 61 62 63 64 65 67 68 69 70 71 72 73 74 76 77 78 79 80 82 83 84 85 87 88 89 90 91 92 93 94 95 96 97 98 99 100 101 102 103 104 105 106 107 108 109 110 111 112 113 114 115 116 117 118 119 120
5 255 6 7 12 13 15 17 18 20 22 24 26 28 29 33 66 34 35 36 38 39 40 41 46 47 48 52 53 54 55 56 57 58 61 62 63 64 65 67 69 70 71 73 74 76 78 79 80 82 83 89 90 91 95 98 100 104 105 107 109 111 113 114 115
6 341 7 8 9 11 12 13 14 15 16 17 18 19 20 21 22 24 25 26 28 29 30 31 33 66 34 35 36 37 38 39 40 41 43 45 46 47 48 49 51 52 53 54 55 56 57 58 60 61 62 63 64 65 67 68 69 70 71 72 73 74 76 77 78 79 80 82 83 84 85 88 89 90 91 92 93 94 95 96 97 98 99 100 101 102 104 105 107 108 109 111 112 113 114 115 116 117 118 119 120
7 461 12 13 14 15 16 17 18 20 21 22 24 26 28 29 30 33 66 34 35 36 38 39 40 41 46 47 48 52 53 54 55 56 57 58 61 62 63 64 65 67 69 70 71 73 74 76 78 79 80 82 83 84 89 90 91 93 94 95 96 98 100 102 104 105 107 108 109 111 113 114 115 118
8 256 20 24 28 29 33 66 35 38 39 46 48 52 56 57 58 61 62 63 64 65 67 71 73 78 80 89 90 91 100 104 105 109 111 113 115
9 283 12 13 15 20 22 24 28 29 33 66 35 38 39 46 47 48 52 54 55 56 57 58 61 62 63 64 65 67 70 71 73 76 78 80 89 90 91 95 100 104 105 109 111 113 115
10 387 20 28 33 35 38 48 56 57 58 61 63 64 65 67 71 78 89 90 91 100 109 111 113
11 290 12 13 15 20 22 24 26 28 29 33 66 34 35 38 39 46 47 48 52 54 55 56 57 58 61 62 63 64 65 67 69 70 71 73 76 78 80 89 90 91 95 100 104 105 107 109 111 113 115
12 323 13 14 15 16 17 18 20 21 22 24 26 28 29 30 31 33 66 34 35 36 37 38 39 40 41 43 45 46 47 48 52 53 54 55 56 57 58 60 61 62 63 64 65 67 68 69 70 71 72 73 74 76 77 78 79 80 82 83 84 85 88 89 90 91 92 93 94 95 96 98 100 101 102 104 105 107 108 109 111 113 114 115 116 117 118 119 120
13 356 14 15 16 17 18 20 21 22 24 26 28 29 30 31 33 66 34 35 36 37 38 39 40 41 43 45 46 47 48 52 53 54 55 56 57 58 60 61 62 63 64 65 67 68 69 70 71 72 73 74 76 77 78 79 80 82 83 84 85 88 89 90 91 92 93 94 95 96 98 100 101 102 104 105 107 108 109 111 113 114 115 116 117 118 119 120
14 290 15 17 18 20 22 24 26 28 29 33 66 34 35 36 38 39 40 41 46 47 48 52 53 54 55 56 57 58 61 62 63 64 65 67 69 70 71 73 74 76 78 79 80 82 83 89 90 91 94 95 98 100 104 105 107 109 111 113 114 115
15 354 16 17 18 20 21 22 24 26 28 29 30 31 33 66 34 35 36 37 38 39 40 41 43 45 46 47 48 52 53 54 55 56 57 58 60 61 62 63 64 65 67 68 69 70 71 72 73 74 76 77 78 79 80 82 83 84 85 88 89 90 91 92 93 94 95 96 98 100 101 102 104 105 107 108 109 111 113 114 115 116 117 118 119 120
16 417 17 18 20 22 24 26 28 29 33 66 34 35 36 38 39 40 41 46 47 48 52 53 54 55 56 57 58 61 62 63 64 65 67 69 70 71 73 74 76 78 79 80 82 83 89 90 91 93 94 95 96 98 100 104 105 107 108 109 111 113 114 115
17 269 18 20 21 22 24 26 28 29 30 31 33 66 34 35 36 37 38 39 40 41 43 45 46 47 48 52 53 54 55 56 57 58 61 62 63 64 65 67 69 70 71 73 74 76 78 79 80 82 83 84 89 90 91 93 94 95 96 98 100 102 104 105 107 108 109 111 113 114 115 117 118 119
18 314 20 21 22 24 26 28 29 30 31 33 66 34 35 36 37 38 39 40 41 43 45 46 47 48 52 53 54 55 56 57 58 61 62 63 64 65 67 69 70 71 73 74 76 78 79 80 82 83 84 89 90 91 93 94 95 96 98 100 102 104 105 107 108 109 111 113 114 115 117 118 119
19 359 20 24 28 29 33 66 35 38 39 46 48 52 56 57 58 61 62 63 64 65 67 71 73 78 80 89 90 91 100 104 105 109 111 113 115
20 317 21 22 23 24 25 26 27 28 29 30 31 32 33 66 34 35 36 37 38 39 40 41 42 43 44 45 46 47 48 49 50 51 52 53 54 55 56 57 58 59 60 61 62 63 64 65 67 68 69 70 71 72 73 74 75 76 77 78 79 80 81 82 83 84 85 86 87 88 89 90 91 92 93 94 95 96 97 98 99 100 101 102 103 104 105 106 107 108 109 110 111 112 113 114 115 116 117 118 119 120
21 324 22 24 26 28 29 33 66 34 35 36 38 39 40 41 46 47 48 52 53 54 55 56 57 58 61 62 63 64 65 67 69 70 71 73 74 76 78 79 80 82 83 89 90 91 95 98 100 104 105 107 109 111 113 114 115
22 467 24 26 28 29 30 31 33 66 34 35 36 37 38 39 40 41 43 45 46 47 48 52 53 54 55 56 57 58 60 61 62 63 64 65 67 68 69 70 71 72 73 74 76 77 78 79 80 82 83 84 85 88 89 90 91 92 93 94 95 96 98 100 101 102 104 105 107 108 109 111 113 114 115 116 117 118 119 120
23 250 28 33 66 35 38 48 56 57 58 61 63 64 65 67 71 78 80 89 90 91 100 109 111 113
24 283 25 26 28 29 30 31 33 66 34 35 36 37 38 39 40 41 43 45 46 47 48 49 51 52 53 54 55 56 57 58 60 61 62 63 64 65 67 68 69 70 71 72 73 74 76 77 78 79 80 82 83 84 85 88 89 90 91 92 93 94 95 96 97 98 99 100 101 102 104 105 107 108 109 111 112 113 114 115 116 117 118 119 120
25 459 28 29 33 66 35 38 39 46 48 52 54 56 57 58 61 62 63 64 65 67 71 73 76 78 80 89 90 91 95 100 104 105 109 111 113 115
26 251 28 29 30 31 33 66 34 35 36 37 38 39 40 41 43 45 46 47 48 52 53 54 55 56 57 58 60 61 62 63 64 65 67 68 69 70 71 72 73 74 76 77 78 79 80 82 83 84 85 88 89 90 91 93 94 95 96 98 100 102 104 105 107 108 109 111 113 114 115 116 117 118 119
27 290 28 33 66 35 38 48 56 57 58 61 63 64 65 67 71 78 89 90 91 100 109 111 113
28 356 29 30 31 32 33 66 34 35 36 37 38 39 40 41 42 43 44 45 46 47 48 49 50 51 52 53 54 55 56 57 58 59 60 61 62 63 64 65 67 68 69 70 71 72 73 74 75 76 77 78 79 80 81 82 83 84 85 86 87 88 89 90 91 92 93 94 95 96 97 98 99 100 101 102 103 104 105 106 107 108 109 110 111 112 113 114 115 116 117 118 119 120
29 266 30 31 33 66 34 35 36 37 38 39 40 41 43 45 46 47 48 49 50 51 52 53 54 55 56 57 58 60 61 62 63 64 65 67 68 69 70 71 72 73 74 76 77 78 79 80 82 83 84 85 87 88 89 90 91 92 93 94 95 96 97 98 99 100 101 102 104 105 107 108 109 111 112 113 114 115 116 117 118 119 120
30 378 33 66 34 35 36 38 39 40 41 46 47 48 52 53 54 55 56 57 58 61 62 63 64 65 67 69 70 71 73 74 76 78 79 80 82 83 89 90 91 94 95 98 100 104 105 107 109 111 113 114 115
31 356 33 66 34 35 36 38 39 41 46 47 48 52 53 54 55 56 57 58 61 62 63 64 65 67 69 70 71 73 76 78 80 82 83 89 90 91 95 98 100 104 105 107 109 111 113 114 115
32 315 33 66 35 38 48 56 57 58 61 63 64 65 67 71 78 80 89 90 91 100 109 111 113
33 329 66 34 35 36 37 38 39 40 41 42 43 44 45 46 47 48 49 50 51 52 53 54 55 56 57 58 59 60 61 62 63 64 65 67 68 69 70 71 72 73 74 75 76 77 78 79 80 81 82 83 84 85 86 87 88 89 90 91 92 93 94 95 96 97 98 99 100 101 102 103 104 105 106 107 108 109 110 111 112 113 114 115 116 117 118 119 120
34 400 66 35 36 37 38 39 40 41 43 45 46 47 48 52 53 54 55 56 57 58 60 61 62 63 64 65 67 68 69 70 71 72 73 74 76 77 78 79 80 82 83 84 85 88 89 90 91 92 93 94 95 96 98 100 101 102 104 105 107 108 109 111 113 114 115 116 117 118 119 120
35 263 66 36 37 38 39 40 41 42 43 44 45 46 47 48 49 50 51 52 53 54 55 56 57 58 59 60 61 62 63 64 65 67 68 69 70 71 72 73 74 75 76 77 78 79 80 81 82 83 84 85 86 87 88 89 90 91 92 93 94 95 96 97 98 99 100 101 102 103 104 105 106 107 108 109 110 111 112 113 114 115 116 117 118 119 120
36 337 66 37 38 39 40 41 46 47 48 52 53 54 55 56 57 58 61 62 63 64 65 67 69 70 71 73 74 76 78 79 80 82 83 84 89 90 91 93 94 95 96 98 100 102 104 105 107 108 109 111 113 114 115 118
37 397 66 38 39 41 46 47 48 52 53 54 55 56 57 58 61 62 63 64 65 67 69 70 71 73 76 78 80 83 89 90 91 95 98 100 104 105 107 109 111 113 114 115
38 273 66 39 40 41 43 45 46 47 48 49 50 51 52 53 54 55 56 57 58 59 60 61 62 63 64 65 67 68 69 70 71 72 73 74 75 76 77 78 79 80 82 83 84 85 87 88 89 90 91 92 93 94 95 96 97 98 99 100 101 102 103 104 105 106 107 108 109 110 111 112 113 114 115 116 117 118 119 120
39 330 66 40 41 43 45 46 47 48 49 50 51 52 53 54 55 56 57 58 60 61 62 63 64 65 67 68 69 70 71 72 73 74 76 77 78 79 80 82 83 84 85 87 88 89 90 91 92 93 94 95 96 97 98 99 100 101 102 104 105 107 108 109 111 112 113 114 115 116 117 118 119 120
40 458 66 41 46 47 48 52 53 54 55 56 57 58 61 62 63 64 65 67 69 70 71 73 74 76 78 79 80 82 83 84 89 90 91 93 94 95 96 98 100 102 104 105 107 108 109 111 113 114 115 118
41 268 66 43 45 46 47 48 52 53 54 55 56 57 58 60 61 62 63 64 65 67 68 69 70 71 72 73 74 76 77 78 79 80 82 83 84 85 88 89 90 91 93 94 95 96 98 100 102 104 105 107 108 109 111 113 114 115 116 117 118 119
42 274 48 57 58 63 64 67 71 78 89 90 91 100 109 111 113
43 473 66 46 47 48 52 53 54 55 56 57 58 61 62 63 64 65 67 69 70 71 73 76 78 80 83 89 90 91 95 100 104 105 107 109 111 113 114 115
44 254 48 57 58 63 64 67 71 78 89 90 91 100 109 111 113
45 273 66 46 47 48 52 53 54 55 56 57 58 61 62 63 64 65 67 69 70 71 73 76 78 80 83 89 90 91 95 100 104 105 107 109 111 113 114 115
46 408 66 47 48 49 51 52 53 54 55 56 57 58 60 61 62 63 64 65 67 68 69 70 71 72 73 74 76 77 78 79 80 82 83 84 85 88 89 90 91 92 93 94 95 96 97 98 99 100 101 102 104 105 107 108 109 111 112 113 114 115 116 117 118 119 120
47 287 66 48 52 53 54 55 56 57 58 60 61 62 63 64 65 67 68 69 70 71 72 73 74 76 77 78 79 80 82 83 84 85 88 89 90 91 92 93 94 95 96 98 100 101 102 104 105 107 108 109 111 113 114 115 116 117 118 119 120
48 305 66 49 50 51 52 53 54 55 56 57 58 59 60 61 62 63 64 65 67 68 69 70 71 72 73 74 75 76 77 78 79 80 81 82 83 84 85 86 87 88 89 90 91 92 93 94 95 96 97 98 99 100 101 102 103 104 105 106 107 108 109 110 111 112 113 114 115 116 117 118 119 120
49 384 66 52 54 56 57 58 61 62 63 64 65 67 71 73 76 78 80 89 90 91 95 100 104 105 109 111 113 115
50 295 66 52 56 57 58 61 62 63 64 65 67 71 78 80 89 90 91 100 109 111 113
51 321 66 52 54 56 57 58 61 62 63 64 65 67 71 73 76 78 80 89 90 91 95 100 104 105 109 111 113 115
52 414 66 53 54 55 56 57 58 60 61 62 63 64 65 67 68 69 70 71 72 73 74 76 77 78 79 80 82 83 84 85 87 88 89 90 91 92 93 94 95 96 97 98 99 100 101 102 104 105 107 108 109 111 112 113 114 115 116 117 118 119 120
53 264 66 54 55 56 57 58 61 62 63 64 65 67 69 70 71 73 74 76 78 79 80 82 83 84 89 90 91 93 94 95 96 98 100 102 104 105 107 108 109 111 113 114 115 117 118 119
54 322 66 55 56 57 58 60 61 62 63 64 65 67 68 69 70 71 72 73 74 76 77 78 79 80 82 83 84 85 88 89 90 91 92 93 94 95 96 98 100 101 102 104 105 107 108 109 111 113 114 115 116 117 118 119 120
55 413 66 56 57 58 60 61 62 63 64 65 67 68 69 70 71 72 73 74 76 77 78 79 80 82 83 84 85 88 89 90 91 92 93 94 95 96 98 100 101 102 104 105 107 108 109 111 113 114 115 116 117 118 119 120
56 278 66 57 58 59 60 61 62 63 64 65 67 68 69 70 71 72 73 74 75 76 77 78 79 80 82 83 84 85 87 88 89 90 91 92 93 94 95 96 97 98 99 100 101 102 103 104 105 106 107 108 109 110 111 112 113 114 115 116 117 118 119 120
57 309 66 58 59 60 61 62 63 64 65 67 68 69 70 71 72 73 74 75 76 77 78 79 80 81 82 83 84 85 86 87 88 89 90 91 92 93 94 95 96 97 98 99 100 101 102 103 104 105 106 107 108 109 110 111 112 113 114 115 116 117 118 119 120
58 391 66 59 60 61 62 63 64 65 67 68 69 70 71 72 73 74 75 76 77 78 79 80 81 82 83 84 85 86 87 88 89 90 91 92 93 94 95 96 97 98 99 100 101 102 103 104 105 106 107 108 109 110 111 112 113 114 115 116 117 118 119 120
59 291 66 61 63 64 65 67 71 78 80 89 90 91 100 109 111 113
60 318 66 61 62 63 64 65 67 69 70 71 73 76 78 80 83 89 90 91 95 100 104 105 107 109 111 113 114 115
61 454 66 62 63 64 65 67 68 69 70 71 72 73 74 75 76 77 78 79 80 82 83 84 85 87 88 89 90 91 92 93 94 95 96 97 98 99 100 101 102 103 104 105 106 107 108 109 110 111 112 113 114 115 116 117 118 119 120
62 266 66 63 64 65 67 68 69 70 71 72 73 74 76 77 78 79 80 82 83 84 85 87 88 89 90 91 92 93 94 95 96 97 98 99 100 101 102 104 105 107 108 109 111 112 113 114 115 116 117 118 119 120
63 280 66 64 65 67 68 69 70 71 72 73 74 75 76 77 78 79 80 81 82 83 84 85 86 87 88 89 90 91 92 93 94 95 96 97 98 99 100 101 102 103 104 105 106 107 108 109 110 111 112 113 114 115 116 117 118 119 120
64 426 66 65 67 68 69 70 71 72 73 74 75 76 77 78 79 80 81 82 83 84 85 86 87 88 89 90 91 92 93 94 95 96 97 98 99 100 101 102 103 104 105 106 107 108 109 110 111 112 113 114 115 116 117 118 119 120
65 261 66 67 68 69 70 71 72 73 74 75 76 77 78 79 80 82 83 84 85 87 88 89 90 91 92 93 94 95 96 97 98 99 100 101 102 103 104 105 106 107 108 109 110 111 112 113 114 115 116 117 118 119 120
66 313 67 68 69 70 71 72 73 74 76 77 78 79 80 82 83 84 85 87 88 89 90 91 92 93 94 95 96 97 98 99 100 101 102 103 104 105 106 107 108 109 110 111 112 113 114 115 116 117 118 119 120
67 372 68 69 70 71 72 73 74 75 76 77 78 79 80 81 82 83 84 85 86 87 88 89 90 91 92 93 94 95 96 97 98 99 100 101 102 103 104 105 106 107 108 109 110 111 112 113 114 115 116 117 118 119 120
68 272 69 70 71 73 76 78 80 83 89 90 91 95 100 104 105 107 109 111 113 115
69 356 70 71 72 73 74 76 77 78 79 80 82 83 84 85 88 89 90 91 93 94 95 96 98 100 102 104 105 107 108 109 111 113 114 115 116 117 118 119
70 440 71 72 73 74 76 77 78 79 80 82 83 84 85 88 89 90 91 92 93 94 95 96 98 100 101 102 104 105 107 108 109 111 113 114 115 116 117 118 119 120
71 255 72 73 74 75 76 77 78 79 80 81 82 83 84 85 86 87 88 89 90 91 92 93 94 95 96 97 98 99 100 101 102 103 104 105 106 107 108 109 110 111 112 113 114 115 116 117 118 119 120
72 305 73 76 78 80 83 89 90 91 95 100 104 105 107 109 111 113 114 115
73 444 74 76 77 78 79 80 82 83 84 85 88 89 90 91 92 93 94 95 96 97 98 99 100 101 102 104 105 107 108 109 111 112 113 114 115 116 117 118 119 120
74 259 76 78 79 80 82 83 84 89 90 91 93 94 95 96 98 100 102 104 105 107 108 109 111 113 114 115 118
75 297 78 89 90 91 100 109 111 113
76 477 77 78 79 80 82 83 84 85 88 89 90 91 92 93 94 95 96 98 100 101 102 104 105 107 108 109 111 113 114 115 116 117 118 119 120
77 258 78 80 83 89 90 91 95 100 104 105 107 109 111 113 115
78 265 79 80 81 82 83 84 85 86 87 88 89 90 91 92 93 94 95 96 97 98 99 100 101 102 103 104 105 106 107 108 109 110 111 112 113 114 115 116 117 118 119 120
79 448 80 82 83 84 89 90 91 93 94 95 96 98 100 102 104 105 107 108 109 111 113 114 115 118
80 255 82 83 84 85 87 88 89 90 91 92 93 94 95 96 97 98 99 100 101 102 103 104 105 106 107 108 109 110 111 112 113 114 115 116 117 118 119 120
81 297 89 90 91 100 109 111 113
82 416 83 84 89 90 91 93 94 95 96 98 100 102 104 105 107 108 109 111 113 114 115 118
83 261 84 85 88 89 90 91 93 94 95 96 98 100 102 104 105 107 108 109 111 113 114 115 116 117 118 119
84 323 89 90 91 95 98 100 104 105 107 109 111 113 114 115
85 360 89 90 91 95 100 104 105 107 109 111 113 115
86 270 89 90 91 100 109 111 113
87 370 89 90 91 100 109 111 113
88 375 89 90 91 95 100 104 105 107 109 111 113 115
89 250 90 91 92 93 94 95 96 97 98 99 100 101 102 103 104 105 106 107 108 109 110 111 112 113 114 115 116 117 118 119 120
90 375 91 92 93 94 95 96 97 98 99 100 101 102 103 104 105 106 107 108 109 110 111 112 113 114 115 116 117 118 119 120
91 472 92 93 94 95 96 97 98 99 100 101 102 103 104 105 106 107 108 109 110 111 112 113 114 115 116 117 118 119 120
92 261 95 100 104 105 109 111 113 115
93 267 94 95 96 98 100 104 105 107 108 109 111 113 114 115
94 384 95 96 98 100 104 105 107 108 109 111 113 114 115
95 255 96 98 99 100 101 102 104 105 107 108 109 111 113 114 115 116 117 118 119 120
96 361 98 100 104 105 107 108 109 111 113 114 115
97 378 100 104 105 109 111 113 115
98 267 100 102 104 105 107 108 109 111 113 114 115 118
99 355 100 104 105 109 111 113 115
100 423 101 102 103 104 105 106 107 108 109 110 111 112 113 114 115 116 117 118 119 120
101 278 104 105 109 111 113 115
102 299 104 105 107 109 111 113 114 115
103 491 109 111 113
104 253 105 107 108 109 111 113 114 115 116 117 118 119 120
105 256 107 108 109 111 112 113 114 115 116 117 118 119 120
106 375 109 111 113
107 275 108 109 111 113 114 115 116 117 118 119
108 350 109 111 113 114 115
109 464 110 111 112 113 114 115 116 117 118 119 120
110 263 111 113
111 273 112 113 114 115 116 117 118 119 120
112 399 113 115
113 267 114 115 116 117 118 119 120
114 334 115 117 118 119
115 459 116 117 118 119 120
116 263
117 278
118 407
119 291
120 302
