120 1000
1 383 2 4 5 7 9 10 11 13 14 15 18 19 20 21 23 24 26 27 28 29 30 33 66 34 35 36 37 38 39 41 42 44 45 46 47 48 50 51 52 54 55 56 58 61 62 64 65 70 72 73 74 77 78 79 80 81 83 85 87 89 90 91 92 94 95 96 98 101 102 104 108 109 110 111 112 113 114 116 117 118 120
2 278 7 10 11 13 14 21 26 28 33 66 41 44 45 46 48 52 56 64 72 78 80 81 83 95 96 98 101 108 111 112 113 114 120
3 339
4 391 7 9 10 11 13 14 15 18 19 20 21 23 24 26 27 28 29 30 33 66 36 37 38 39 41 42 44 45 46 48 52 56 58 62 64 72 77 78 80 81 83 90 95 96 98 101 108 110 111 112 113 114 116 118 120
5 261 45 78 101
6 348
7 357 9 10 11 13 14 15 18 19 20 21 23 24 26 27 28 29 30 33 66 34 35 36 37 38 39 41 42 44 45 46 47 48 50 51 52 54 55 56 58 61 62 64 65 72 73 77 78 79 80 81 83 85 87 90 91 92 94 95 96 98 101 102 108 109 110 111 112 113 114 116 118 120
8 273
9 370 10 11 13 14 15 18 19 20 21 23 24 26 28 29 30 33 66 36 37 38 39 41 44 45 46 48 52 56 58 62 64 72 77 78 80 81 83 90 95 96 98 101 108 110 111 112 113 114 116 118 120
10 495 11 13 14 15 18 19 20 21 23 24 26 27 28 29 30 33 66 36 37 38 39 41 42 44 45 46 48 52 55 56 58 62 64 72 77 78 79 80 81 83 85 87 90 95 96 98 101 108 109 110 111 112 113 114 116 118 120
11 250 13 14 15 18 19 20 21 23 24 26 27 28 29 30 33 66 34 36 37 38 39 41 42 44 45 46 48 50 52 54 55 56 58 61 62 64 65 72 73 77 78 79 80 81 83 85 87 90 94 95 96 98 101 102 108 109 110 111 112 113 114 116 118 120
12 255
13 492 14 15 18 19 20 21 23 24 26 27 28 29 30 33 66 36 37 38 39 41 42 44 45 46 48 52 55 56 58 62 64 72 77 78 79 80 81 83 85 87 90 95 96 98 101 108 109 110 111 112 113 114 116 118 120
14 251 15 18 19 20 21 23 24 26 27 28 29 30 33 66 34 36 37 38 39 41 42 44 45 46 48 50 52 55 56 58 62 64 72 77 78 79 80 81 83 85 87 90 94 95 96 98 101 102 108 109 110 111 112 113 114 116 118 120
15 257 19 20 21 24 26 28 29 30 33 66 36 37 38 39 41 44 45 46 48 52 56 58 62 64 72 78 80 81 83 90 95 96 98 101 108 110 111 112 113 114 116 118 120
16 447
17 272
18 281 20 21 26 28 33 66 38 39 41 44 45 46 48 52 56 64 72 78 80 81 83 90 95 96 98 101 108 111 112 113 114 120
19 375 20 21 26 28 29 33 66 36 38 39 41 44 45 46 48 52 56 58 62 64 72 78 80 81 83 90 95 96 98 101 108 110 111 112 113 114 116 118 120
20 296 21 23 24 26 28 29 30 33 66 36 37 38 39 41 44 45 46 48 52 56 58 62 64 72 77 78 80 81 83 90 95 96 98 101 108 110 111 112 113 114 116 118 120
21 329 23 24 26 27 28 29 30 33 66 36 37 38 39 41 42 44 45 46 48 52 56 58 62 64 72 77 78 80 81 83 87 90 95 96 98 101 108 109 110 111 112 113 114 116 118 120
22 377
23 283 26 28 33 66 38 39 41 44 45 46 48 52 56 64 72 78 80 81 83 90 95 96 98 101 108 111 112 113 114 120
24 340 26 28 29 33 66 36 38 39 41 44 45 46 48 52 56 64 72 78 80 81 83 90 95 96 98 101 108 111 112 113 114 118 120
25 473
26 250 27 28 29 30 33 66 36 37 38 39 41 42 44 45 46 48 52 56 58 62 64 72 77 78 79 80 81 83 87 90 95 96 98 101 108 109 110 111 112 113 114 116 118 120
27 277 28 33 66 41 44 45 46 48 52 56 64 72 78 80 81 83 95 96 98 101 108 111 112 113 114 120
28 495 29 30 33 66 34 35 36 37 38 39 41 42 44 45 46 47 48 50 51 52 54 55 56 58 61 62 64 65 70 72 73 77 78 79 80 81 83 85 87 89 90 91 92 94 95 96 98 101 102 104 108 109 110 111 112 113 114 116 118 120
29 250 30 33 66 36 38 39 41 44 45 46 48 52 56 58 62 64 72 78 80 81 83 90 95 96 98 101 108 110 111 112 113 114 116 118 120
30 255 33 66 36 38 39 41 44 45 46 48 52 56 64 72 78 80 81 83 90 95 96 98 101 108 111 112 113 114 118 120
31 457
32 250
33 293 66 34 35 36 37 38 39 41 42 44 45 46 47 48 50 51 52 54 55 56 58 61 62 64 65 72 73 77 78 79 80 81 83 85 87 90 91 92 94 95 96 98 101 102 108 109 110 111 112 113 114 116 118 120
34 395 41 44 45 48 52 56 64 72 78 80 81 83 95 96 98 101 108 111 113 114 120
35 282 41 44 45 48 72 78 81 95 96 98 101 114 120
36 323 66 38 39 41 44 45 46 48 52 56 58 62 64 72 78 80 81 83 90 95 96 98 101 108 110 111 112 113 114 116 118 120
37 486 66 38 39 41 44 45 46 48 52 56 64 72 78 80 81 83 90 95 96 98 101 108 111 112 113 114 118 120
38 250 66 39 41 42 44 45 46 48 52 56 58 62 64 72 77 78 80 81 83 90 95 96 98 101 108 110 111 112 113 114 116 118 120
39 264 66 41 44 45 46 48 52 56 58 62 64 72 77 78 80 81 83 90 95 96 98 101 108 110 111 112 113 114 116 118 120
40 358
41 254 66 42 44 45 46 47 48 50 51 52 54 55 56 58 61 62 64 65 72 73 77 78 79 80 81 83 85 87 90 91 92 94 95 96 98 101 102 108 109 110 111 112 113 114 116 118 120
42 388 66 44 45 46 48 52 56 64 72 78 80 81 83 95 96 98 101 108 111 112 113 114 120
43 400
44 271 66 45 46 47 48 50 51 52 54 55 56 58 61 62 64 65 72 73 77 78 79 80 81 83 85 87 90 91 92 94 95 96 98 101 102 108 109 110 111 112 113 114 116 118 120
45 329 66 46 47 48 50 51 52 54 55 56 58 61 62 64 65 70 71 72 73 74 75 77 78 79 80 81 83 85 87 89 90 91 92 93 94 95 96 97 98 101 102 104 108 109 110 111 112 113 114 116 117 118 120
46 460 66 48 50 52 55 56 58 62 64 72 77 78 79 80 81 83 85 87 90 94 95 96 98 101 108 109 110 111 112 113 114 116 118 120
47 260 48 72 78 81 95 96 98 101 114 120
48 280 66 50 51 52 54 55 56 58 61 62 64 65 72 73 77 78 79 80 81 83 85 87 90 91 92 94 95 96 98 101 102 108 109 110 111 112 113 114 116 118 120
49 446
50 260 52 56 64 72 78 80 81 83 95 96 98 101 108 111 113 114 120
51 294 72 78 81 95 96 101 114 120
52 447 66 54 55 56 58 61 62 64 65 72 73 77 78 79 80 81 83 85 87 90 94 95 96 98 101 102 108 109 110 111 112 113 114 116 118 120
53 260
54 293 64 72 78 80 81 95 96 98 101 114 120
55 356 56 64 72 78 80 81 83 95 96 98 101 108 111 113 114 120
56 269 66 58 62 64 72 77 78 79 80 81 83 85 87 90 94 95 96 98 101 102 108 109 110 111 112 113 114 116 118 120
57 375
58 398 66 62 64 72 78 80 81 83 90 95 96 98 101 108 110 111 112 113 114 116 118 120
59 255
60 347
61 455 64 72 78 81 95 96 98 101 114 120
62 264 66 64 72 78 80 81 83 90 95 96 98 101 108 111 112 113 114 118 120
63 281
64 354 66 65 72 73 77 78 79 80 81 83 85 87 90 94 95 96 98 101 102 108 109 110 111 112 113 114 116 118 120
65 298 72 78 81 95 96 98 101 114 120
66 348 72 77 78 80 81 83 87 90 95 96 98 101 108 109 110 111 112 113 114 116 118 120
67 473
68 261
69 266
70 361 78 81 95 96 101 114 120
71 298 101
72 341 73 77 78 79 80 81 83 85 87 90 91 92 94 95 96 98 101 102 108 109 110 111 112 113 114 116 118 120
73 488 78 81 95 96 98 101 114 120
74 253 78 101
75 259 101
76 476
77 252 78 80 81 83 90 95 96 98 101 108 111 112 113 114 118 120
78 272 79 80 81 83 85 87 89 90 91 92 94 95 96 98 101 102 104 108 109 110 111 112 113 114 116 117 118 120
79 450 80 81 83 95 96 98 101 108 111 113 114 120
80 266 81 83 85 87 90 94 95 96 98 101 102 108 109 110 111 112 113 114 116 118 120
81 284 83 85 87 89 90 91 92 94 95 96 98 101 102 108 109 110 111 112 113 114 116 118 120
82 377
83 257 85 87 90 94 95 96 98 101 102 108 109 110 111 112 113 114 116 118 120
84 366
85 379 95 96 98 101 108 111 113 114 120
86 278
87 343 95 96 98 101 108 111 112 113 114 120
88 480
89 254 95 96 101 114 120
90 266 95 96 98 101 108 110 111 112 113 114 116 118 120
91 493 95 96 101 114 120
92 252 95 96 98 101 114 120
93 255 101
94 421 95 96 98 101 108 111 113 114 120
95 253 96 98 101 102 104 108 109 110 111 112 113 114 116 117 118 120
96 326 98 101 102 104 108 109 110 111 112 113 114 116 117 118 120
97 411 101
98 267 101 102 108 109 110 111 112 113 114 116 118 120
99 322
100 408
101 283 102 104 108 109 110 111 112 113 114 116 117 118 120
102 309 108 111 113 114 120
103 397
104 253 120
105 350
106 484
107 251
108 265 109 110 111 112 113 114 116 118 120
109 498 111 112 113 114 120
110 250 111 112 113 114 118 120
111 252 112 113 114 116 118 120
112 429 113 114 116 118 120
113 269 114 116 118 120
114 302 116 118 120
115 450
116 260 118 120
117 290
118 482 120
119 250
120 268
