249 1000
1 401 3 7 9 11 13 16 19 20 22 24 25 26 29 33 35 36 40 41 46 47 51 57 58 59 60 61 64 130 131 68 71 73 74 76 78 82 83 84 86 88 89 90 93 94 95 98 102 103 109 112 113 114 115 116 119 124 127 129 136 137 138 144 149 153 155 158 159 160 164 166 169 170 173 177 178 181 183 184 189 192 194 198 199 200 205 206 207 213 214 218 221 226 227 231 232 234 238 239 242 244 245 246 247
2 252 3 9 13 16 22 25 33 46 47 51 57 60 64 130 74 76 78 90 95 98 102 109 114 115 116 119 127 129 136 149 153 159 166 181 184 189 192 194 198 199 206 207 226 234 238 239 247
3 347 4 5 6 7 8 9 10 11 12 13 15 16 17 19 20 21 22 24 25 26 28 29 31 33 66 34 35 36 38 39 40 41 42 43 45 46 47 48 49 50 51 52 53 54 56 57 58 59 60 61 62 63 64 65 130 131 68 70 71 72 73 74 76 78 82 83 84 85 86 88 89 90 93 94 95 97 98 99 100 102 103 104 106 108 109 112 113 114 115 116 117 118 119 120 122 123 124 127 128 129 132 136 137 138 139 142 143 144 146 148 149 150 151 153 154 155 157 158 159 160 161 162 164 166 167 168 169 170 171 173 177 178 180 181 182 183 184 185 187 189 190 192 193 194 196 197 198 199 200 205 206 207 209 212 213 214 215 216 218 219 220 221 223 224 225 226 227 229 231 232 234 235 237 238 239 240 242 243 244 245 246 247 248
4 384 7 9 11 13 16 19 20 22 25 26 29 33 35 36 40 41 46 47 51 57 58 60 64 130 131 68 71 73 74 76 78 82 83 84 86 88 90 93 94 95 98 102 103 109 112 113 114 115 116 119 124 127 129 136 137 138 149 153 155 158 159 160 164 166 169 173 177 178 181 183 184 189 192 194 198 199 200 205 206 207 213 214 218 226 231 232 234 238 239 244 245 246 247
5 258 13 22 25 33 51 57 60 130 74 90 98 102 109 115 127 129 136 149 153 159 192 194 198 226 234 238 247
6 358 7 9 11 13 16 19 20 22 25 26 33 35 36 40 41 46 47 51 57 60 64 130 131 71 73 74 76 78 82 83 86 88 90 94 95 98 102 103 109 112 113 114 115 116 119 124 127 129 136 137 138 149 153 155 158 159 160 164 166 169 178 181 183 184 189 192 194 198 199 200 205 206 207 213 218 226 231 232 234 238 239 244 245 246 247
7 451 9 10 11 13 16 19 20 22 24 25 26 29 31 33 34 35 36 39 40 41 45 46 47 51 53 57 58 59 60 61 63 64 130 131 68 71 73 74 76 78 82 83 84 86 88 89 90 93 94 95 97 98 99 102 103 106 109 112 113 114 115 116 119 123 124 127 129 136 137 138 144 148 149 153 154 155 158 159 160 161 164 166 169 170 171 173 177 178 181 183 184 187 189 192 194 196 197 198 199 200 205 206 207 213 214 216 218 219 221 224 225 226 227 231 232 234 237 238 239 242 243 244 245 246 247
8 268 25 57 60 130 74 90 98 102 115 127 129 136 149 153 159 192 194 234 238 247
9 281 10 11 12 13 15 16 19 20 22 24 25 26 29 31 33 66 34 35 36 38 39 40 41 43 45 46 47 48 51 53 54 57 58 59 60 61 62 63 64 65 130 131 68 71 72 73 74 76 78 82 83 84 85 86 88 89 90 93 94 95 97 98 99 102 103 104 106 109 112 113 114 115 116 117 119 122 123 124 127 128 129 132 136 137 138 142 143 144 146 148 149 150 153 154 155 158 159 160 161 164 166 168 169 170 171 173 177 178 181 182 183 184 185 187 189 190 192 193 194 196 197 198 199 200 205 206 207 209 213 214 216 218 219 220 221 223 224 225 226 227 229 231 232 234 237 238 239 240 242 243 244 245 246 247
10 407 11 13 16 19 20 22 25 26 29 33 35 36 40 41 46 47 51 57 60 64 130 131 68 71 73 74 76 78 82 83 84 86 88 90 93 94 95 98 102 103 109 112 113 114 115 116 119 124 127 129 136 137 138 149 153 155 158 159 160 164 166 169 178 181 183 184 189 192 194 198 199 200 205 206 207 213 214 218 226 231 232 234 238 239 244 245 246 247
11 292 13 16 19 20 22 24 25 26 29 31 33 34 35 36 39 40 41 45 46 47 51 53 57 58 59 60 61 63 64 130 131 68 71 73 74 76 78 82 83 84 86 88 89 90 93 94 95 97 98 99 102 103 104 106 109 112 113 114 115 116 119 122 123 124 127 128 129 136 137 138 144 148 149 153 154 155 158 159 160 161 164 166 169 170 171 173 177 178 181 183 184 187 189 192 194 196 197 198 199 200 205 206 207 213 214 216 218 219 221 224 225 226 227 231 232 234 237 238 239 242 243 244 245 246 247
12 301 13 16 19 22 25 33 36 46 47 51 57 60 64 130 71 73 74 76 78 82 83 86 88 90 94 95 98 102 109 113 114 115 116 119 124 127 129 136 149 153 158 159 166 178 181 183 184 189 192 194 198 199 206 207 226 231 234 238 239 245 247
13 405 15 16 19 20 21 22 24 25 26 28 29 31 33 66 34 35 36 38 39 40 41 43 45 46 47 48 49 50 51 53 54 57 58 59 60 61 62 63 64 65 130 131 68 70 71 72 73 74 76 78 82 83 84 85 86 88 89 90 93 94 95 97 98 99 102 103 104 106 108 109 112 113 114 115 116 117 118 119 120 122 123 124 127 128 129 132 136 137 138 142 143 144 146 148 149 150 153 154 155 158 159 160 161 162 164 166 167 168 169 170 171 173 177 178 181 182 183 184 185 187 189 190 192 193 194 196 197 198 199 200 205 206 207 209 213 214 216 218 219 220 221 223 224 225 226 227 229 231 232 234 235 237 238 239 240 242 243 244 245 246 247
14 271 25 57 60 74 90 98 102 115 127 129 136 149 153 159 192 194 234 238 247
15 324 16 19 22 25 33 36 46 47 51 57 60 64 130 71 73 74 76 78 82 83 86 88 90 94 95 98 102 109 113 114 115 116 119 124 127 129 136 149 153 158 159 166 178 181 183 184 189 192 194 198 199 206 207 226 231 234 238 239 245 247
16 389 19 20 21 22 24 25 26 28 29 31 33 66 34 35 36 38 39 40 41 43 45 46 47 48 49 50 51 53 54 57 58 59 60 61 62 63 64 65 130 131 68 70 71 72 73 74 76 78 82 83 84 85 86 88 89 90 93 94 95 97 98 99 102 103 104 106 108 109 112 113 114 115 116 117 118 119 122 123 124 127 128 129 132 136 137 138 142 143 144 146 148 149 150 153 154 155 158 159 160 161 162 164 166 167 168 169 170 171 173 177 178 181 182 183 184 185 187 189 190 192 193 194 196 197 198 199 200 205 206 207 209 213 214 216 218 219 220 221 223 224 225 226 227 229 231 232 234 235 237 238 239 240 242 243 244 245 246 247
17 292 25 33 51 57 60 130 74 90 98 102 109 115 127 129 136 149 153 159 192 194 198 234 238 247
18 319
19 430 20 22 24 25 26 29 31 33 66 34 35 36 38 39 40 41 45 46 47 51 53 54 57 58 59 60 61 62 63 64 65 130 131 68 71 72 73 74 76 78 82 83 84 85 86 88 89 90 93 94 95 97 98 99 102 103 104 106 109 112 113 114 115 116 117 119 122 123 124 127 128 129 132 136 137 138 142 144 148 149 150 153 154 155 158 159 160 161 164 166 168 169 170 171 173 177 178 181 183 184 185 187 189 192 193 194 196 197 198 199 200 205 206 207 213 214 216 218 219 221 224 225 226 227 229 231 232 234 237 238 239 240 242 243 244 245 246 247
20 266 22 24 25 26 29 31 33 34 35 36 39 40 41 45 46 47 51 53 57 58 59 60 61 63 64 130 131 68 71 73 74 76 78 82 83 84 86 88 89 90 93 94 95 98 99 102 103 106 109 112 113 114 115 116 119 123 124 127 129 136 137 138 144 148 149 153 154 155 158 159 160 161 164 166 169 170 171 173 177 178 181 183 184 189 192 194 196 197 198 199 200 205 206 207 213 214 216 218 221 225 226 227 231 232 234 237 238 239 242 244 245 246 247
21 304 22 25 33 46 51 57 60 130 74 90 98 102 109 115 127 129 136 149 153 159 166 184 189 192 194 198 199 207 226 234 238 239 247
22 468 24 25 26 28 29 31 33 66 34 35 36 38 39 40 41 42 43 45 46 47 48 49 50 51 53 54 57 58 59 60 61 62 63 64 65 130 131 68 70 71 72 73 74 76 78 82 83 84 85 86 88 89 90 93 94 95 97 98 99 102 103 104 106 108 109 112 113 114 115 116 117 118 119 120 122 123 124 127 128 129 132 136 137 138 142 143 144 146 148 149 150 153 154 155 158 159 160 161 162 164 166 167 168 169 170 171 173 177 178 181 182 183 184 185 187 189 190 192 193 194 196 197 198 199 200 205 206 207 209 212 213 214 215 216 218 219 220 221 223 224 225 226 227 229 231 232 234 235 237 238 239 240 242 243 244 245 246 247 248
23 259 57 149
24 273 25 26 29 31 33 35 36 39 40 41 45 46 47 51 57 58 59 60 61 63 64 130 131 68 71 73 74 76 78 82 83 84 86 88 89 90 93 94 95 98 102 103 109 112 113 114 115 116 119 124 127 129 136 137 138 144 149 153 154 155 158 159 160 164 166 169 170 173 177 178 181 183 184 189 192 194 196 198 199 200 205 206 207 213 214 218 221 225 226 227 231 232 234 237 238 239 242 244 245 246 247
25 460 26 28 29 30 31 33 66 34 35 36 38 39 40 41 42 43 45 46 47 48 49 50 51 52 53 54 56 57 58 59 60 61 62 63 64 65 130 131 68 70 71 72 73 74 76 78 82 83 84 85 86 88 89 90 93 94 95 97 98 99 100 102 103 104 106 108 109 111 112 113 114 115 116 117 118 119 120 121 122 123 124 126 127 128 129 132 133 136 137 138 139 140 142 143 144 146 148 149 150 151 153 154 155 157 158 159 160 161 162 164 166 167 168 169 170 171 173 177 178 179 180 181 182 183 184 185 187 188 189 190 192 193 194 196 197 198 199 200 201 205 206 207 209 212 213 214 215 216 218 219 220 221 223 224 225 226 227 229 230 231 232 234 235 237 238 239 240 242 243 244 245 246 247 248
26 261 29 31 33 34 35 36 39 40 41 45 46 47 51 53 57 58 59 60 61 63 64 130 131 68 71 73 74 76 78 82 83 84 86 88 89 90 93 94 95 97 98 99 102 103 104 106 109 112 113 114 115 116 119 122 123 124 127 129 136 137 138 144 148 149 153 154 155 158 159 160 161 164 166 169 170 171 173 177 178 181 183 184 187 189 192 194 196 197 198 199 200 205 206 207 213 214 216 218 219 221 224 225 226 227 231 232 234 237 238 239 242 243 244 245 246 247
27 279 57 149
28 486 33 46 51 57 60 130 74 90 98 102 109 115 127 129 136 149 153 159 184 189 192 194 198 199 207 226 234 238 247
29 250 31 33 34 35 36 39 40 41 45 46 47 51 53 57 58 59 60 61 63 64 130 131 68 71 73 74 76 78 82 83 84 86 88 89 90 93 94 95 98 99 102 103 106 109 112 113 114 115 116 119 124 127 129 136 137 138 144 148 149 153 154 155 158 159 160 161 164 166 169 170 171 173 177 178 181 183 184 189 192 194 196 197 198 199 200 205 206 207 213 214 216 218 221 225 226 227 231 232 234 237 238 239 242 244 245 246 247
30 264 57 60 90 98 102 115 127 129 136 149 159 234 238 247
31 406 33 35 36 40 41 46 47 51 57 58 59 60 61 64 130 131 68 71 73 74 76 78 82 83 84 86 88 90 93 94 95 98 102 103 109 112 113 114 115 116 119 124 127 129 136 137 138 144 149 153 155 158 159 160 164 166 169 170 173 177 178 181 183 184 189 192 194 198 199 200 205 206 207 213 214 218 221 226 227 231 232 234 238 239 244 245 246 247
32 254
33 340 66 34 35 36 38 39 40 41 42 43 45 46 47 48 49 50 51 53 54 57 58 59 60 61 62 63 64 65 130 131 68 70 71 72 73 74 76 78 82 83 84 85 86 88 89 90 93 94 95 97 98 99 100 102 103 104 106 108 109 112 113 114 115 116 117 118 119 120 122 123 124 127 128 129 132 136 137 138 139 142 143 144 146 148 149 150 153 154 155 157 158 159 160 161 162 164 166 167 168 169 170 171 173 177 178 181 182 183 184 185 187 189 190 192 193 194 196 197 198 199 200 205 206 207 209 212 213 214 215 216 218 219 220 221 223 224 225 226 227 229 231 232 234 235 237 238 239 240 242 243 244 245 246 247 248
34 380 35 36 40 41 46 47 51 57 58 60 61 64 130 131 68 71 73 74 76 78 82 83 84 86 88 90 93 94 95 98 102 103 109 112 113 114 115 116 119 124 127 129 136 137 138 144 149 153 155 158 159 160 164 166 169 170 173 177 178 181 183 184 189 192 194 198 199 200 205 206 207 213 214 218 221 226 231 232 234 238 239 244 245 246 247
35 307 36 39 40 41 45 46 47 51 53 57 58 59 60 61 63 64 130 131 68 71 73 74 76 78 82 83 84 86 88 89 90 93 94 95 98 99 102 103 106 109 112 113 114 115 116 119 123 124 127 129 136 137 138 144 148 149 153 154 155 158 159 160 161 164 166 169 170 171 173 177 178 181 183 184 187 189 192 194 196 197 198 199 200 205 206 207 213 214 216 218 221 224 225 226 227 231 232 234 237 238 239 242 243 244 245 246 247
36 313 38 39 40 41 45 46 47 51 53 54 57 58 59 60 61 62 63 64 65 130 131 68 71 72 73 74 76 78 82 83 84 85 86 88 89 90 93 94 95 97 98 99 102 103 104 106 109 112 113 114 115 116 117 119 122 123 124 127 128 129 132 136 137 138 142 144 148 149 150 153 154 155 158 159 160 161 164 166 168 169 170 171 173 177 178 181 183 184 185 187 189 192 193 194 196 197 198 199 200 205 206 207 213 214 216 218 219 221 224 225 226 227 229 231 232 234 237 238 239 240 242 243 244 245 246 247
37 450
38 271 46 47 51 57 60 64 130 71 73 74 76 78 82 83 86 88 90 94 95 98 102 109 113 114 115 116 119 124 127 129 136 149 153 158 159 166 178 181 183 184 189 192 194 198 199 206 207 226 231 234 238 239 245 247
39 279 40 41 46 47 51 57 58 59 60 61 64 130 131 68 71 73 74 76 78 82 83 84 86 88 89 90 93 94 95 98 102 103 109 112 113 114 115 116 119 124 127 129 136 137 138 144 149 153 155 158 159 160 164 166 169 170 173 177 178 181 183 184 189 192 194 196 198 199 200 205 206 207 213 214 218 221 226 227 231 232 234 238 239 242 244 245 246 247
40 381 41 45 46 47 51 53 57 58 59 60 61 63 64 130 131 68 71 73 74 76 78 82 83 84 86 88 89 90 93 94 95 98 99 102 103 106 109 112 113 114 115 116 119 123 124 127 129 136 137 138 144 148 149 153 154 155 158 159 160 161 164 166 169 170 171 173 177 178 181 183 184 187 189 192 194 196 197 198 199 200 205 206 207 213 214 216 218 221 224 225 226 227 231 232 234 237 238 239 242 244 245 246 247
41 275 45 46 47 51 53 57 58 59 60 61 63 64 130 131 68 71 73 74 76 78 82 83 84 86 88 89 90 93 94 95 98 99 102 103 106 109 112 113 114 115 116 119 123 124 127 129 136 137 138 144 148 149 153 154 155 158 159 160 161 164 166 169 170 171 173 177 178 181 183 184 187 189 192 194 196 197 198 199 200 205 206 207 213 214 216 218 221 224 225 226 227 231 232 234 237 238 239 242 244 245 246 247
42 344 51 57 60 130 74 90 98 102 109 115 127 129 136 149 153 159 192 194 198 234 238 247
43 411 46 47 51 57 60 64 130 74 76 78 90 95 98 102 109 114 115 116 119 127 129 136 149 153 159 166 178 181 184 189 192 194 198 199 206 207 226 234 238 239 247
44 253
45 336 46 47 51 57 58 59 60 61 64 130 131 68 71 73 74 76 78 82 83 84 86 88 89 90 93 94 95 98 102 103 109 112 113 114 115 116 119 124 127 129 136 137 138 144 149 153 155 158 159 160 164 166 169 170 173 177 178 181 183 184 189 192 194 198 199 200 205 206 207 213 214 218 221 226 227 231 232 234 238 239 244 245 246 247
46 361 66 47 48 49 50 51 53 54 57 58 59 60 61 62 63 64 65 130 131 68 70 71 72 73 74 76 78 82 83 84 85 86 88 89 90 93 94 95 97 98 99 102 103 104 106 108 109 112 113 114 115 116 117 118 119 120 122 123 124 127 128 129 132 136 137 138 142 143 144 146 148 149 150 153 154 155 158 159 160 161 162 164 166 167 168 169 170 171 173 177 178 181 182 183 184 185 187 189 190 192 193 194 196 197 198 199 200 205 206 207 209 213 214 216 218 219 220 221 223 224 225 226 227 229 231 232 234 235 237 238 239 240 242 243 244 245 246 247
47 264 66 48 50 51 53 54 57 58 59 60 61 62 63 64 65 130 131 68 71 72 73 74 76 78 82 83 84 85 86 88 89 90 93 94 95 97 98 99 102 103 104 106 109 112 113 114 115 116 117 118 119 122 123 124 127 128 129 132 136 137 138 142 143 144 146 148 149 150 153 154 155 158 159 160 161 162 164 166 167 168 169 170 171 173 177 178 181 182 183 184 185 187 189 190 192 193 194 196 197 198 199 200 205 206 207 209 213 214 216 218 219 220 221 223 224 225 226 227 229 231 232 234 237 238 239 240 242 243 244 245 246 247
48 375 51 57 60 64 130 74 76 78 82 86 88 90 95 98 102 109 114 115 116 119 127 129 136 149 153 159 166 178 181 183 184 189 192 194 198 199 206 207 226 231 234 238 239 247
49 430 51 57 60 130 74 90 98 102 109 115 127 129 136 149 153 159 184 189 192 194 198 199 207 226 234 238 239 247
50 266 51 57 60 130 74 90 95 98 102 109 114 115 116 119 127 129 136 149 153 159 166 184 189 192 194 198 199 206 207 226 234 238 239 247
51 304 66 53 54 57 58 59 60 61 62 63 64 65 130 131 68 70 71 72 73 74 76 78 82 83 84 85 86 88 89 90 93 94 95 97 98 99 102 103 104 106 108 109 112 113 114 115 116 117 118 119 120 122 123 124 127 128 129 132 136 137 138 139 142 143 144 146 148 149 150 153 154 155 157 158 159 160 161 162 164 166 167 168 169 170 171 173 177 178 181 182 183 184 185 187 189 190 192 193 194 196 197 198 199 200 205 206 207 209 212 213 214 215 216 218 219 220 221 223 224 225 226 227 229 231 232 234 235 237 238 239 240 242 243 244 245 246 247 248
52 392 57 60 130 74 90 98 102 115 127 129 136 149 153 159 192 194 234 238 247
53 261 57 58 60 64 130 131 68 71 73 74 76 78 82 83 84 86 88 90 93 94 95 98 102 103 109 112 113 114 115 116 119 124 127 129 136 137 138 149 153 155 158 159 160 164 166 169 170 173 177 178 181 183 184 189 192 194 198 199 200 205 206 207 213 214 218 226 231 232 234 238 239 244 245 246 247
54 347 57 60 64 130 71 73 74 76 78 82 83 86 88 90 94 95 98 102 109 113 114 115 116 119 124 127 129 136 149 153 158 159 166 178 181 183 184 189 192 194 198 199 206 207 226 231 234 238 239 245 247
55 419
56 278 57 60 130 74 90 98 102 115 127 129 136 149 153 159 192 194 234 238 247
57 303 66 58 59 60 61 62 63 64 65 130 131 68 69 70 71 72 73 74 76 78 82 83 84 85 86 88 89 90 93 94 95 97 98 99 100 102 103 104 105 106 107 108 109 111 112 113 114 115 116 117 118 119 120 121 122 123 124 126 127 128 129 132 133 136 137 138 139 140 142 143 144 146 148 149 150 151 153 154 155 156 157 158 159 160 161 162 164 166 167 168 169 170 171 173 175 177 178 179 180 181 182 183 184 185 187 188 189 190 192 193 194 196 197 198 199 200 201 205 206 207 209 212 213 214 215 216 218 219 220 221 223 224 225 226 227 228 229 230 231 232 234 235 236 237 238 239 240 242 243 244 245 246 247 248
58 465 59 60 61 63 64 130 131 68 71 73 74 76 78 82 83 84 86 88 89 90 93 94 95 98 99 102 103 106 109 112 113 114 115 116 119 124 127 129 136 137 138 144 148 149 153 154 155 158 159 160 164 166 169 170 171 173 177 178 181 183 184 189 192 194 196 197 198 199 200 205 206 207 213 214 216 218 221 225 226 227 231 232 234 237 238 239 242 244 245 246 247
59 258 60 61 63 64 130 131 68 71 73 74 76 78 82 83 84 86 88 89 90 93 94 95 98 102 103 109 112 113 114 115 116 119 124 127 129 136 137 138 144 148 149 153 154 155 158 159 160 164 166 169 170 173 177 178 181 183 184 189 192 194 196 198 199 200 205 206 207 213 214 218 221 225 226 227 231 232 234 237 238 239 242 244 245 246 247
60 277 66 61 62 63 64 65 130 131 68 69 70 71 72 73 74 76 78 82 83 84 85 86 88 89 90 93 94 95 97 98 99 100 102 103 104 105 106 107 108 109 111 112 113 114 115 116 117 118 119 120 121 122 123 124 126 127 128 129 132 133 136 137 138 139 140 142 143 144 146 148 149 150 151 153 154 155 156 157 158 159 160 161 162 164 166 167 168 169 170 171 173 175 177 178 179 180 181 182 183 184 185 187 188 189 190 192 193 194 196 197 198 199 200 201 205 206 207 209 212 213 214 215 216 218 219 220 221 223 224 225 226 227 228 229 230 231 232 234 235 236 237 238 239 240 242 243 244 245 246 247 248
61 495 63 64 130 131 68 71 73 74 76 78 82 83 84 86 88 89 90 93 94 95 98 102 103 109 112 113 114 115 116 119 124 127 129 136 137 138 144 148 149 153 154 155 158 159 160 164 166 169 170 173 177 178 181 183 184 189 192 194 196 198 199 200 205 206 207 213 214 218 221 225 226 227 231 232 234 237 238 239 242 244 245 246 247
62 250 64 130 131 71 73 74 76 78 82 83 86 88 90 94 95 98 102 109 113 114 115 116 119 124 127 129 136 149 153 158 159 166 178 181 183 184 189 192 194 198 199 206 207 213 218 226 231 232 234 238 239 245 247
63 255 64 130 131 68 71 73 74 76 78 82 83 84 86 88 89 90 93 94 95 98 102 103 109 112 113 114 115 116 119 124 127 129 136 137 138 144 149 153 155 158 159 160 164 166 169 170 173 177 178 181 183 184 189 192 194 198 199 200 205 206 207 213 214 218 221 226 227 231 232 234 238 239 244 245 246 247
64 418 66 65 130 131 68 71 72 73 74 76 78 82 83 84 85 86 88 89 90 93 94 95 97 98 99 102 103 104 106 109 112 113 114 115 116 117 119 122 123 124 127 128 129 132 136 137 138 142 143 144 146 148 149 150 153 154 155 158 159 160 161 164 166 168 169 170 171 173 177 178 181 182 183 184 185 187 189 190 192 193 194 196 197 198 199 200 205 206 207 209 213 214 216 218 219 220 221 223 224 225 226 227 229 231 232 234 237 238 239 240 242 243 244 245 246 247
65 277 130 131 71 73 74 76 78 82 83 86 88 90 94 95 98 102 109 113 114 115 116 119 124 127 129 136 149 153 158 159 166 178 181 183 184 189 192 194 198 199 206 207 213 218 226 231 232 234 238 239 245 247
66 305 130 71 73 74 76 78 82 83 86 88 90 94 95 98 102 109 113 114 115 116 119 124 127 129 136 149 153 159 166 178 181 183 184 189 192 194 198 199 206 207 226 231 234 238 239 247
67 377
68 292 130 131 71 73 74 76 78 82 83 84 86 88 89 90 93 94 95 98 99 102 103 106 109 112 113 114 115 116 119 124 127 129 136 137 138 144 148 149 153 154 155 158 159 160 161 164 166 169 170 171 173 177 178 181 183 184 189 192 194 196 197 198 199 200 205 206 207 213 214 216 218 221 225 226 227 231 232 234 237 238 239 242 244 245 246 247
69 331 98 115 127 129 136 149 234 238
70 426 130 74 90 98 102 109 115 127 129 136 149 153 159 166 184 189 192 194 198 199 207 226 234 238 239 247
71 260 130 131 72 73 74 76 78 82 83 84 85 86 88 89 90 93 94 95 97 98 99 102 103 104 106 109 112 113 114 115 116 117 119 122 123 124 127 128 129 132 136 137 138 142 144 146 148 149 150 153 154 155 158 159 160 161 164 166 168 169 170 171 173 177 178 181 183 184 185 187 189 192 193 194 196 197 198 199 200 205 206 207 213 214 216 218 219 220 221 224 225 226 227 229 231 232 234 237 238 239 240 242 243 244 245 246 247
72 314 130 131 73 74 76 78 82 83 86 88 90 94 95 98 102 109 112 113 114 115 116 119 124 127 129 136 137 149 153 158 159 166 178 181 183 184 189 192 194 198 199 206 207 213 218 226 231 232 234 238 239 245 247
73 412 130 131 74 76 78 82 83 84 85 86 88 89 90 93 94 95 97 98 99 102 103 104 106 109 112 113 114 115 116 117 119 122 123 124 127 128 129 132 136 137 138 142 144 148 149 150 153 154 155 158 159 160 161 164 166 168 169 170 171 173 177 178 181 183 184 185 187 189 192 193 194 196 197 198 199 200 205 206 207 213 214 216 218 219 220 221 224 225 226 227 229 231 232 234 237 238 239 240 242 243 244 245 246 247
74 261 130 131 76 78 82 83 84 85 86 88 89 90 93 94 95 97 98 99 100 102 103 104 106 108 109 112 113 114 115 116 117 118 119 120 122 123 124 127 128 129 132 136 137 138 139 142 143 144 146 148 149 150 151 153 154 155 157 158 159 160 161 162 164 166 167 168 169 170 171 173 177 178 180 181 182 183 184 185 187 189 190 192 193 194 196 197 198 199 200 201 205 206 207 209 212 213 214 215 216 218 219 220 221 223 224 225 226 227 229 231 232 234 235 237 238 239 240 242 243 244 245 246 247 248
75 327
76 494 130 131 78 82 83 84 85 86 88 89 90 93 94 95 97 98 99 102 103 104 106 109 112 113 114 115 116 117 119 122 123 124 127 128 129 132 136 137 138 142 143 144 146 148 149 150 153 154 155 158 159 160 161 164 166 168 169 170 171 173 177 178 181 182 183 184 185 187 189 190 192 193 194 196 197 198 199 200 205 206 207 209 213 214 216 218 219 220 221 223 224 225 226 227 229 231 232 234 237 238 239 240 242 243 244 245 246 247
77 250
78 256 130 131 82 83 84 85 86 88 89 90 93 94 95 97 98 99 102 103 104 106 109 112 113 114 115 116 117 119 122 123 124 127 128 129 132 136 137 138 142 143 144 146 148 149 150 153 154 155 158 159 160 161 164 166 168 169 170 171 173 177 178 181 182 183 184 185 187 189 190 192 193 194 196 197 198 199 200 205 206 207 209 213 214 216 218 219 220 221 224 225 226 227 229 231 232 234 237 238 239 240 242 243 244 245 246 247
79 379
80 303
81 318
82 488 130 131 83 84 85 86 88 89 90 93 94 95 97 98 99 102 103 104 106 109 112 113 114 115 116 117 119 122 123 124 127 128 129 132 136 137 138 142 144 146 148 149 150 153 154 155 158 159 160 161 164 166 168 169 170 171 173 177 178 181 182 183 184 185 187 189 190 192 193 194 196 197 198 199 200 205 206 207 213 214 216 218 219 220 221 224 225 226 227 229 231 232 234 237 238 239 240 242 243 244 245 246 247
83 254 130 131 84 85 86 88 89 90 93 94 95 97 98 99 102 103 104 106 109 112 113 114 115 116 117 119 122 123 124 127 128 129 132 136 137 138 142 144 148 149 150 153 154 155 158 159 160 161 164 166 168 169 170 171 173 177 178 181 183 184 185 187 189 192 193 194 196 197 198 199 200 205 206 207 213 214 216 218 219 221 224 225 226 227 229 231 232 234 237 238 239 240 242 243 244 245 246 247
84 258 130 131 86 88 89 90 93 94 95 98 99 102 103 106 109 112 113 114 115 116 119 124 127 129 136 137 138 144 148 149 153 154 155 158 159 160 161 164 166 169 170 171 173 177 178 181 183 184 189 192 194 196 197 198 199 200 205 206 207 213 214 216 218 221 225 226 227 231 232 234 237 238 239 242 244 245 246 247
85 380 130 131 86 88 90 94 95 98 102 109 112 113 114 115 116 119 124 127 129 136 137 149 153 158 159 166 178 181 183 184 189 192 194 198 199 206 207 213 218 226 231 232 234 238 239 245 247
86 252 130 131 88 89 90 93 94 95 97 98 99 102 103 104 106 109 112 113 114 115 116 117 119 122 123 124 127 128 129 132 136 137 138 142 144 146 148 149 150 153 154 155 158 159 160 161 164 166 168 169 170 171 173 177 178 181 182 183 184 185 187 189 190 192 193 194 196 197 198 199 200 205 206 207 213 214 216 218 219 220 221 224 225 226 227 229 231 232 234 237 238 239 240 242 243 244 245 246 247
87 368
88 468 130 131 89 90 93 94 95 97 98 99 102 103 104 106 109 112 113 114 115 116 117 119 122 123 124 127 128 129 132 136 137 138 142 144 146 148 149 150 153 154 155 158 159 160 161 164 166 168 169 170 171 173 177 178 181 182 183 184 185 187 189 190 192 193 194 196 197 198 199 200 205 206 207 213 214 216 218 219 220 221 224 225 226 227 229 231 232 234 237 238 239 240 242 243 244 245 246 247
89 261 130 131 90 93 94 95 98 102 103 109 112 113 114 115 116 119 124 127 129 136 137 138 144 149 153 155 158 159 160 164 166 169 170 173 177 178 181 183 184 189 192 194 196 198 199 200 205 206 207 213 214 218 221 226 227 231 232 234 237 238 239 242 244 245 246 247
90 271 130 131 93 94 95 97 98 99 100 102 103 104 105 106 108 109 111 112 113 114 115 116 117 118 119 120 121 122 123 124 126 127 128 129 132 133 136 137 138 139 140 142 143 144 146 148 149 150 151 153 154 155 156 157 158 159 160 161 162 164 166 167 168 169 170 171 173 177 178 179 180 181 182 183 184 185 187 188 189 190 192 193 194 196 197 198 199 200 201 205 206 207 209 212 213 214 215 216 218 219 220 221 223 224 225 226 227 228 229 230 231 232 234 235 237 238 239 240 242 243 244 245 246 247 248
91 354
92 287
93 359 130 131 94 95 98 99 102 103 106 109 112 113 114 115 116 119 124 127 129 136 137 138 144 148 149 153 154 155 158 159 160 161 164 166 169 170 171 173 177 178 181 183 184 189 192 194 196 197 198 199 200 205 206 207 213 214 216 218 221 225 226 227 231 232 234 237 238 239 242 244 245 246 247
94 499 130 131 95 97 98 99 102 103 104 106 109 112 113 114 115 116 117 119 122 123 124 127 128 129 132 136 137 138 142 144 146 148 149 150 153 154 155 158 159 160 161 164 166 168 169 170 171 173 177 178 181 183 184 185 187 189 192 193 194 196 197 198 199 200 205 206 207 213 214 216 218 219 220 221 224 225 226 227 229 231 232 234 237 238 239 240 242 243 244 245 246 247
95 250 130 131 97 98 99 102 103 104 106 109 112 113 114 115 116 117 118 119 122 123 124 127 128 129 132 136 137 138 142 143 144 146 148 149 150 153 154 155 158 159 160 161 162 164 166 167 168 169 170 171 173 177 178 181 182 183 184 185 187 189 190 192 193 194 196 197 198 199 200 205 206 207 209 213 214 216 218 219 220 221 223 224 225 226 227 229 231 232 234 237 238 239 240 242 243 244 245 246 247
96 251
97 443 130 131 98 102 103 109 112 113 114 115 116 119 124 127 129 136 137 138 149 153 155 158 159 164 166 169 178 181 183 184 189 192 194 198 199 206 207 213 218 226 231 232 234 238 239 245 247
98 258 130 131 99 100 102 103 104 105 106 107 108 109 111 112 113 114 115 116 117 118 119 120 121 122 123 124 126 127 128 129 132 133 136 137 138 139 140 142 143 144 146 148 149 150 151 153 154 155 156 157 158 159 160 161 162 164 166 167 168 169 170 171 173 175 177 178 179 180 181 182 183 184 185 187 188 189 190 192 193 194 196 197 198 199 200 201 205 206 207 209 212 213 214 215 216 218 219 220 221 223 224 225 226 227 228 229 230 231 232 234 235 236 237 238 239 240 242 243 244 245 246 247 248
99 299 130 131 102 103 109 112 113 114 115 116 119 124 127 129 136 137 138 149 153 155 158 159 160 164 166 169 170 173 177 178 181 183 184 189 192 194 198 199 200 205 206 207 213 214 218 226 231 232 234 238 239 244 245 246 247
100 497 130 102 115 127 129 136 149 153 159 192 194 198 234 238 247
101 251
102 252 130 131 103 104 106 108 109 111 112 113 114 115 116 117 118 119 120 121 122 123 124 126 127 128 129 132 133 136 137 138 139 140 142 143 144 146 148 149 150 151 153 154 155 156 157 158 159 160 161 162 164 166 167 168 169 170 171 173 177 178 179 180 181 182 183 184 185 187 188 189 190 192 193 194 196 197 198 199 200 201 205 206 207 209 212 213 214 215 216 218 219 220 221 223 224 225 226 227 229 230 231 232 234 235 237 238 239 240 242 243 244 245 246 247 248
103 395 130 131 106 109 112 113 114 115 116 119 123 124 127 129 136 137 138 144 148 149 153 154 155 158 159 160 161 164 166 169 170 171 173 177 178 181 183 184 187 189 192 194 196 197 198 199 200 205 206 207 213 214 216 218 219 221 224 225 226 227 231 232 234 237 238 239 242 243 244 245 246 247
104 296 130 131 109 112 113 114 115 116 119 124 127 129 136 137 138 149 153 155 158 159 164 166 169 178 181 183 184 189 192 194 198 199 206 207 213 218 226 231 232 234 238 239 245 247
105 309 115 127 129 136 149 234 238
106 456 130 131 109 112 113 114 115 116 119 124 127 129 136 137 138 149 153 155 158 159 160 164 166 169 170 173 177 178 181 183 184 189 192 194 198 199 200 205 206 207 213 214 218 226 231 232 234 238 239 244 245 246 247
107 261 115 127 149 238
108 283 130 109 115 127 129 136 149 153 159 184 189 192 194 198 199 207 226 234 238 247
109 371 130 131 112 113 114 115 116 117 118 119 120 122 123 124 127 128 129 132 136 137 138 139 142 143 144 146 148 149 150 153 154 155 157 158 159 160 161 162 164 166 167 168 169 170 171 173 177 178 181 182 183 184 185 187 189 190 192 193 194 196 197 198 199 200 205 206 207 209 212 213 214 215 216 218 219 220 221 223 224 225 226 227 229 231 232 234 235 237 238 239 240 242 243 244 245 246 247 248
110 274
111 355 115 127 129 136 149 159 234 238 247
112 480 130 131 113 114 115 116 119 122 123 124 127 128 129 136 137 138 144 148 149 153 154 155 158 159 160 161 164 166 169 170 171 173 177 178 181 183 184 187 189 192 194 196 197 198 199 200 205 206 207 213 214 216 218 219 221 224 225 226 227 231 232 234 237 238 239 242 243 244 245 246 247
113 254 130 131 114 115 116 117 119 122 123 124 127 128 129 132 136 137 138 142 144 146 148 149 150 153 154 155 158 159 160 161 164 166 168 169 170 171 173 177 178 181 183 184 185 187 189 190 192 193 194 196 197 198 199 200 205 206 207 213 214 216 218 219 220 221 224 225 226 227 229 231 232 234 237 238 239 240 242 243 244 245 246 247
114 266 130 131 115 116 117 118 119 122 123 124 127 128 129 132 136 137 138 142 143 144 146 148 149 150 153 154 155 158 159 160 161 162 164 166 167 168 169 170 171 173 177 178 181 182 183 184 185 187 189 190 192 193 194 196 197 198 199 200 205 206 207 209 213 214 216 218 219 220 221 223 224 225 226 227 229 231 232 234 237 238 239 240 242 243 244 245 246 247
115 471 130 131 116 117 118 119 120 121 122 123 124 126 127 128 129 132 133 136 137 138 139 140 142 143 144 146 148 149 150 151 153 154 155 156 157 158 159 160 161 162 164 166 167 168 169 170 171 173 175 177 178 179 180 181 182 183 184 185 187 188 189 190 192 193 194 196 197 198 199 200 201 205 206 207 209 212 213 214 215 216 218 219 220 221 223 224 225 226 227 228 229 230 231 232 234 235 236 237 238 239 240 242 243 244 245 246 247 248
116 252 130 131 117 118 119 122 123 124 127 128 129 132 136 137 138 142 143 144 146 148 149 150 153 154 155 158 159 160 161 162 164 166 167 168 169 170 171 173 177 178 181 182 183 184 185 187 189 190 192 193 194 196 197 198 199 200 205 206 207 209 213 214 216 218 219 220 221 223 224 225 226 227 229 231 232 234 237 238 239 240 242 243 244 245 246 247
117 277 130 119 124 127 129 136 149 153 158 159 166 178 181 183 184 189 192 194 198 199 206 207 226 231 234 238 239 245 247
118 404 130 119 127 129 136 149 153 159 166 184 189 192 194 198 199 206 207 226 234 238 239 247
119 255 130 131 122 123 124 127 128 129 132 136 137 138 142 143 144 146 148 149 150 153 154 155 158 159 160 161 162 164 166 167 168 169 170 171 173 177 178 181 182 183 184 185 187 189 190 192 193 194 196 197 198 199 200 205 206 207 209 213 214 216 218 219 220 221 223 224 225 226 227 229 231 232 234 237 238 239 240 242 243 244 245 246 247
120 341 130 127 129 136 149 153 159 192 194 198 226 234 238 247
121 468 127 129 136 149 159 234 238
122 262 130 131 124 127 129 136 137 138 149 153 155 158 159 164 166 169 178 181 183 184 189 192 194 198 199 206 207 213 218 226 231 232 234 238 239 245 247
123 270 130 131 124 127 129 136 137 138 149 153 155 158 159 160 164 166 169 178 181 183 184 189 192 194 198 199 200 205 206 207 213 218 226 231 232 234 238 239 244 245 246 247
124 417 130 131 127 128 129 132 136 137 138 142 144 148 149 150 153 154 155 158 159 160 161 164 166 168 169 170 171 173 177 178 181 183 184 185 187 189 192 193 194 196 197 198 199 200 205 206 207 213 214 216 218 219 221 224 225 226 227 229 231 232 234 237 238 239 240 242 243 244 245 246 247
125 287
126 296 127 129 136 149 159 234 238
127 425 130 131 128 129 132 133 136 137 138 139 140 142 143 144 146 148 149 150 151 153 154 155 156 157 158 159 160 161 162 164 166 167 168 169 170 171 173 175 177 178 179 180 181 182 183 184 185 187 188 189 190 192 193 194 196 197 198 199 200 201 205 206 207 209 212 213 214 215 216 218 219 220 221 223 224 225 226 227 228 229 230 231 232 234 235 236 237 238 239 240 242 243 244 245 246 247 248
128 284 130 131 129 136 137 149 153 158 159 166 178 181 183 184 189 192 194 198 199 206 207 213 218 226 231 232 234 238 239 245 247
129 291 130 131 132 133 136 137 138 139 140 142 143 144 146 148 149 150 151 153 154 155 156 157 158 159 160 161 162 164 166 167 168 169 170 171 173 177 178 179 180 181 182 183 184 185 187 188 189 190 192 193 194 196 197 198 199 200 201 205 206 207 209 212 213 214 215 216 218 219 220 221 223 224 225 226 227 228 229 230 231 232 234 235 236 237 238 239 240 242 243 244 245 246 247 248
130 461 131 132 136 137 138 139 142 143 144 146 148 149 150 151 153 154 155 157 158 159 160 161 162 164 166 167 168 169 170 171 173 177 178 180 181 182 183 184 185 187 189 190 192 193 194 196 197 198 199 200 205 206 207 209 212 213 214 215 216 218 219 220 221 223 224 225 226 227 229 231 232 234 235 237 238 239 240 242 243 244 245 246 247 248
131 255 136 137 138 144 148 149 153 154 155 158 159 160 161 164 166 168 169 170 171 173 177 178 181 183 184 187 189 192 194 196 197 198 199 200 205 206 207 213 214 216 218 219 221 224 225 226 227 231 232 234 237 238 239 242 243 244 245 246 247
132 284 136 149 153 159 166 178 181 183 184 189 192 194 198 199 206 207 226 231 234 238 239 245 247
133 488 136 149 159 234 238 247
134 253
135 259
136 417 137 138 139 140 142 143 144 146 148 149 150 151 153 154 155 156 157 158 159 160 161 162 164 166 167 168 169 170 171 173 177 178 179 180 181 182 183 184 185 187 188 189 190 192 193 194 196 197 198 199 200 201 205 206 207 209 212 213 214 215 216 218 219 220 221 223 224 225 226 227 228 229 230 231 232 234 235 236 237 238 239 240 242 243 244 245 246 247 248
137 259 138 144 148 149 153 154 155 158 159 160 161 164 166 169 170 171 173 177 178 181 183 184 187 189 192 194 196 197 198 199 200 205 206 207 213 214 216 218 219 221 224 225 226 227 231 232 234 237 238 239 242 243 244 245 246 247
138 324 144 148 149 153 154 155 158 159 160 161 164 166 169 170 171 173 177 178 181 183 184 187 189 192 194 196 197 198 199 200 205 206 207 213 214 216 218 219 221 224 225 226 227 231 232 234 237 238 239 242 243 244 245 246 247
139 440 149 153 159 192 194 198 234 238 247
140 264 149 159 194 234 238 247
141 296
142 436 149 153 159 166 178 181 183 184 189 192 194 198 199 206 207 226 231 234 238 239 247
143 260 149 153 159 166 181 184 189 192 194 198 199 206 207 226 234 238 239 247
144 304 148 149 153 154 155 158 159 160 164 166 169 170 173 177 178 181 183 184 189 192 194 196 197 198 199 200 205 206 207 213 214 218 221 225 226 227 231 232 234 237 238 239 242 244 245 246 247
145 374
146 289 149 153 159 166 178 181 183 184 189 192 194 198 199 206 207 226 231 234 238 239 247
147 337
148 392 149 153 155 158 159 160 164 166 169 170 173 177 178 181 183 184 189 192 194 198 199 200 205 206 207 213 214 218 221 226 231 232 234 238 239 244 245 246 247
149 278 150 151 153 154 155 156 157 158 159 160 161 162 164 166 167 168 169 170 171 173 175 177 178 179 180 181 182 183 184 185 187 188 189 190 192 193 194 196 197 198 199 200 201 205 206 207 209 212 213 214 215 216 218 219 220 221 223 224 225 226 227 228 229 230 231 232 234 235 236 237 238 239 240 242 243 244 245 246 247 248
150 330 153 159 166 178 181 183 184 189 192 194 198 199 206 207 226 231 234 238 239 245 247
151 489 153 159 192 194 234 238 247
152 255
153 256 154 155 157 158 159 160 161 162 164 166 167 168 169 170 171 173 177 178 180 181 182 183 184 185 187 189 190 192 193 194 196 197 198 199 200 201 205 206 207 209 212 213 214 215 216 218 219 220 221 223 224 225 226 227 229 231 232 234 235 237 238 239 240 242 243 244 245 246 247 248
154 383 155 158 159 160 164 166 169 170 173 177 178 181 183 184 189 192 194 198 199 200 205 206 207 213 214 218 221 226 227 231 232 234 238 239 244 245 246 247
155 267 158 159 160 161 164 166 169 170 171 173 177 178 181 183 184 187 189 192 194 196 197 198 199 200 205 206 207 213 214 216 218 219 221 224 225 226 227 231 232 234 237 238 239 242 243 244 245 246 247
156 350 234 238
157 415 159 192 194 198 234 238 247
158 285 159 160 161 164 166 168 169 170 171 173 177 178 181 183 184 185 187 189 192 194 196 197 198 199 200 205 206 207 213 214 216 218 219 221 224 225 226 227 229 231 232 234 237 238 239 240 242 243 244 245 246 247
159 300 160 161 162 164 166 167 168 169 170 171 173 177 178 179 180 181 182 183 184 185 187 188 189 190 192 193 194 196 197 198 199 200 201 205 206 207 209 212 213 214 215 216 218 219 220 221 223 224 225 226 227 229 230 231 232 234 235 237 238 239 240 242 243 244 245 246 247 248
160 396 161 164 166 169 170 171 173 177 178 181 183 184 187 189 192 194 196 197 198 199 200 205 206 207 213 214 216 218 221 224 225 226 227 231 232 234 237 238 239 242 243 244 245 246 247
161 269 164 166 169 178 181 183 184 189 192 194 198 199 200 205 206 207 213 214 218 226 231 232 234 238 239 244 245 246 247
162 335 166 184 189 192 194 198 199 206 207 226 234 238 239 247
163 472
164 262 166 169 170 171 173 177 178 181 183 184 187 189 192 194 196 197 198 199 200 205 206 207 213 214 216 218 219 221 224 225 226 227 231 232 234 237 238 239 242 243 244 245 246 247
165 266
166 420 167 168 169 170 171 173 177 178 181 182 183 184 185 187 189 190 192 193 194 196 197 198 199 200 205 206 207 209 213 214 216 218 219 220 221 223 224 225 226 227 229 231 232 234 237 238 239 240 242 243 244 245 246 247
167 259 184 189 192 194 198 199 206 207 226 234 238 239 247
168 321 178 181 183 184 189 192 194 198 199 206 207 213 218 226 231 232 234 238 239 245 247
169 498 170 171 173 177 178 181 183 184 187 189 192 194 196 197 198 199 200 205 206 207 213 214 216 218 219 221 224 225 226 227 231 232 234 237 238 239 242 243 244 245 246 247
170 250 171 173 177 178 181 183 184 189 192 194 196 197 198 199 200 205 206 207 213 214 216 218 221 225 226 227 231 232 234 237 238 239 242 244 245 246 247
171 252 173 177 178 181 183 184 189 192 194 198 199 200 205 206 207 213 214 218 226 231 232 234 238 239 244 245 246 247
172 444
173 253 177 178 181 183 184 189 192 194 196 197 198 199 200 205 206 207 213 214 216 218 221 225 226 227 231 232 234 237 238 239 242 244 245 246 247
174 303
175 433 238
176 270
177 297 178 181 183 184 189 192 194 196 197 198 199 200 205 206 207 213 214 216 218 221 225 226 227 231 232 234 237 238 239 242 244 245 246 247
178 447 181 182 183 184 185 187 189 190 192 193 194 196 197 198 199 200 205 206 207 209 213 214 216 218 219 220 221 224 225 226 227 229 231 232 234 237 238 239 240 242 243 244 245 246 247
179 262 234 238 247
180 291 192 194 234 238 247
181 355 182 183 184 185 187 189 190 192 193 194 196 197 198 199 200 205 206 207 209 213 214 216 218 219 220 221 224 225 226 227 229 231 232 234 237 238 239 240 242 243 244 245 246 247
182 254 183 184 189 192 194 198 199 206 207 226 231 234 238 239 247
183 391 184 185 187 189 190 192 193 194 196 197 198 199 200 205 206 207 213 214 216 218 219 220 221 224 225 226 227 229 231 232 234 237 238 239 240 242 243 244 245 246 247
184 476 185 187 189 190 192 193 194 196 197 198 199 200 205 206 207 209 213 214 216 218 219 220 221 223 224 225 226 227 229 231 232 234 235 237 238 239 240 242 243 244 245 246 247
185 258 189 192 194 198 199 206 207 226 231 234 238 239 245 247
186 266
187 462 189 192 194 198 199 205 206 207 213 218 226 231 232 234 238 239 244 245 246 247
188 262 234 238
189 276 190 192 193 194 196 197 198 199 200 205 206 207 209 213 214 216 218 219 220 221 223 224 225 226 227 229 231 232 234 235 237 238 239 240 242 243 244 245 246 247
190 468 192 194 198 199 206 207 226 231 234 238 239 247
191 254
192 278 193 194 196 197 198 199 200 201 205 206 207 209 212 213 214 215 216 218 219 220 221 223 224 225 226 227 229 231 232 234 235 237 238 239 240 242 243 244 245 246 247 248
193 377 194 198 199 206 207 226 231 234 238 239 247
194 258 196 197 198 199 200 201 205 206 207 209 212 213 214 215 216 218 219 220 221 223 224 225 226 227 229 231 232 234 235 237 238 239 240 242 243 244 245 246 247 248
195 365
196 430 198 199 200 205 206 207 213 214 218 221 226 227 231 232 234 238 239 242 244 245 246 247
197 266 198 199 200 205 206 207 213 214 218 226 231 232 234 238 239 244 245 246 247
198 304 199 200 205 206 207 209 212 213 214 215 216 218 219 220 221 223 224 225 226 227 229 231 232 234 235 237 238 239 240 242 243 244 245 246 247 248
199 449 200 205 206 207 209 213 214 216 218 219 220 221 223 224 225 226 227 229 231 232 234 235 237 238 239 240 242 243 244 245 246 247
200 268 205 206 207 213 214 216 218 221 225 226 227 231 232 234 237 238 239 242 244 245 246 247
201 283 234 238 247
202 449
203 256
204 295
205 468 206 207 213 214 216 218 221 224 225 226 227 231 232 234 237 238 239 242 243 244 245 246 247
206 256 207 209 213 214 216 218 219 220 221 223 224 225 226 227 229 231 232 234 237 238 239 240 242 243 244 245 246 247
207 276 209 213 214 216 218 219 220 221 223 224 225 226 227 229 231 232 234 235 237 238 239 240 242 243 244 245 246 247
208 412
209 253 226 234 238 239 247
210 335
211 498
212 250 234 238 247
213 252 214 216 218 219 221 224 225 226 227 231 232 234 237 238 239 242 243 244 245 246 247
214 470 216 218 221 225 226 227 231 232 234 237 238 239 242 244 245 246 247
215 259 234 238 247
216 271 218 226 231 232 234 238 239 244 245 246 247
217 376
218 305 219 221 224 225 226 227 231 232 234 237 238 239 242 243 244 245 246 247
219 319 226 231 232 234 238 239 245 247
220 396 226 231 234 238 239 247
221 282 225 226 227 231 232 234 237 238 239 242 244 245 246 247
222 322
223 419 226 234 238 239 247
224 268 226 231 232 234 238 239 244 245 246 247
225 313 226 227 231 232 234 238 239 244 245 246 247
226 462 227 229 231 232 234 235 237 238 239 240 242 243 244 245 246 247
227 254 231 232 234 237 238 239 242 244 245 246 247
228 284 234 238
229 370 231 234 238 239 245 247
230 298 234 238
231 332 232 234 237 238 239 240 242 243 244 245 246 247
232 352 234 237 238 239 242 243 244 245 246 247
233 283
234 365 235 236 237 238 239 240 242 243 244 245 246 247 248
235 363 238 247
236 254 238
237 383 238 239 244 245 246 247
238 427 239 240 242 243 244 245 246 247 248
239 284 240 242 243 244 245 246 247
240 289 245 247
241 470
242 254 244 245 246 247
243 276 244 245 246 247
244 460 245 246 247
245 260 246 247
246 280 247
247 397 248
248 253
249 350
