249 1000
1 359 2 3 5 6 7 8 9 10 12 13 14 15 16 18 21 22 24 25 26 27 28 29 30 31 32 33 66 34 35 36 37 38 39 40 41 42 43 44 45 47 48 49 50 51 52 53 54 55 58 59 60 61 62 63 65 130 131 67 68 69 70 71 72 73 74 75 76 77 78 79 80 81 82 83 84 85 86 87 88 89 90 91 92 93 95 96 98 99 100 101 102 103 104 105 106 107 111 112 114 115 116 117 118 119 120 121 122 123 124 125 126 127 128 129 132 133 134 135 136 137 138 139 140 141 142 143 144 145 146 147 148 149 150 151 152 153 154 156 157 158 159 160 161 162 163 164 165 167 168 170 171 173 174 175 176 177 179 180 181 182 183 186 187 188 189 190 191 192 193 194 195 196 197 198 199 200 201 202 203 204 205 206 208 209 210 211 212 213 215 216 217 218 219 220 221 222 223 224 227 228 229 230 231 232 233 234 235 236 237 238 239 240 242 243 244 245 246 249
2 300 6 7 8 9 13 15 22 24 25 26 28 32 66 34 35 36 37 38 41 44 50 51 52 53 58 59 60 61 63 131 70 71 73 76 79 80 82 84 86 96 99 100 101 102 104 105 107 111 112 115 118 120 125 126 128 129 135 136 137 139 141 143 147 148 150 153 154 156 157 158 162 164 167 171 179 180 182 192 196 197 198 204 205 208 209 210 218 219 224 227 229 234 235 236 239 242 245 246 249
3 341 6 7 8 9 10 12 13 15 16 22 24 25 26 28 32 66 34 35 36 37 38 39 41 42 43 44 47 50 51 52 53 58 59 60 61 63 65 131 67 68 70 71 73 76 77 78 79 80 82 84 85 86 88 89 91 92 93 96 99 100 101 102 103 104 105 107 111 112 114 115 117 118 119 120 125 126 127 128 129 132 133 135 136 137 139 141 143 145 146 147 148 150 152 153 154 156 157 158 159 160 162 164 167 170 171 173 179 180 181 182 192 194 196 197 198 203 204 205 206 208 209 210 211 215 216 217 218 219 220 224 227 228 229 231 234 235 236 238 239 242 245 246 249
4 465 8 28 36 59 61 100 111 118 143 148 150 158 164 171 182 197 198 205 218 234 236 239 245
5 264 6 7 8 9 13 15 22 24 25 26 28 32 66 34 35 36 37 38 41 44 50 51 52 53 58 59 60 61 63 131 70 71 73 76 79 80 82 84 86 91 96 99 100 101 102 104 105 107 111 112 115 118 120 125 126 128 129 135 136 137 139 141 143 147 148 150 153 154 156 157 158 162 164 167 171 179 180 182 192 196 197 198 204 205 208 209 210 218 219 224 227 229 234 235 236 239 242 245 246 249
6 271 7 8 9 10 12 13 14 15 16 18 21 22 24 25 26 27 28 29 30 31 32 33 66 34 35 36 37 38 39 40 41 42 43 44 45 47 48 49 50 51 52 53 54 55 58 59 60 61 62 63 65 130 131 67 68 69 70 71 72 73 74 75 76 77 78 79 80 81 82 83 84 85 86 87 88 89 90 91 92 93 95 96 98 99 100 101 102 103 104 105 106 107 111 112 114 115 116 117 118 119 120 121 122 123 124 125 126 127 128 129 132 133 134 135 136 137 138 139 140 141 142 143 144 145 146 147 148 149 150 151 152 153 154 156 157 158 159 160 161 162 163 164 165 167 168 170 171 173 174 175 176 177 179 180 181 182 183 186 187 188 189 190 191 192 193 194 195 196 197 198 199 200 201 202 203 204 205 206 208 209 210 211 212 213 215 216 217 218 219 220 221 222 223 224 227 228 229 230 231 232 233 234 235 236 237 238 239 240 242 243 244 245 246 249
7 384 8 9 10 12 13 15 16 18 21 22 24 25 26 27 28 29 30 32 33 66 34 35 36 37 38 39 40 41 42 43 44 45 47 49 50 51 52 53 54 58 59 60 61 62 63 65 131 67 68 69 70 71 73 74 76 77 78 79 80 81 82 83 84 85 86 87 88 89 90 91 92 93 95 96 98 99 100 101 102 103 104 105 106 107 111 112 114 115 116 117 118 119 120 121 122 123 124 125 126 127 128 129 132 133 134 135 136 137 138 139 140 141 142 143 144 145 146 147 148 149 150 152 153 154 156 157 158 159 160 161 162 164 165 167 168 170 171 173 175 176 177 179 180 181 182 183 186 189 190 191 192 193 194 196 197 198 199 200 201 203 204 205 206 208 209 210 211 212 213 215 216 217 218 219 220 221 222 223 224 227 228 229 230 231 232 233 234 235 236 237 238 239 240 242 243 244 245 246 249
8 250 9 10 12 13 14 15 16 17 18 19 20 21 22 24 25 26 27 28 29 30 31 32 33 66 34 35 36 37 38 39 40 41 42 43 44 45 46 47 48 49 50 51 52 53 54 55 57 58 59 60 61 62 63 64 65 130 131 67 68 69 70 71 72 73 74 75 76 77 78 79 80 81 82 83 84 85 86 87 88 89 90 91 92 93 94 95 96 97 98 99 100 101 102 103 104 105 106 107 108 110 111 112 113 114 115 116 117 118 119 120 121 122 123 124 125 126 127 128 129 132 133 134 135 136 137 138 139 140 141 142 143 144 145 146 147 148 149 150 151 152 153 154 155 156 157 158 159 160 161 162 163 164 165 166 167 168 169 170 171 172 173 174 175 176 177 178 179 180 181 182 183 184 185 186 187 188 189 190 191 192 193 194 195 196 197 198 199 200 201 202 203 204 205 206 207 208 209 210 211 212 213 215 216 217 218 219 220 221 222 223 224 226 227 228 229 230 231 232 233 234 235 236 237 238 239 240 241 242 243 244 245 246 247 248 249
9 366 10 12 13 15 16 18 21 22 24 25 26 27 28 29 30 31 32 33 66 34 35 36 37 38 39 40 41 42 43 44 45 47 49 50 51 52 53 54 58 59 60 61 62 63 65 131 67 68 69 70 71 72 73 74 76 77 78 79 80 81 82 83 84 85 86 87 88 89 90 91 92 93 95 96 98 99 100 101 102 103 104 105 106 107 111 112 114 115 116 117 118 119 120 121 122 123 124 125 126 127 128 129 132 133 134 135 136 137 138 139 140 141 142 143 144 145 146 147 148 149 150 152 153 154 156 157 158 159 160 161 162 164 165 167 168 170 171 173 175 176 177 179 180 181 182 183 186 189 190 191 192 193 194 196 197 198 199 200 201 202 203 204 205 206 208 209 210 211 212 213 215 216 217 218 219 220 221 222 223 224 227 228 229 230 231 232 233 234 235 236 237 238 239 240 242 243 244 245 246 249
10 368 12 13 15 16 22 24 25 26 28 29 32 66 34 35 36 37 38 39 41 42 43 44 47 50 51 52 53 58 59 60 61 62 63 65 131 67 68 70 71 73 76 77 78 79 80 82 84 85 86 88 89 91 92 93 96 99 100 101 102 103 104 105 107 111 112 114 115 117 118 119 120 124 125 126 127 128 129 132 133 135 136 137 139 141 143 144 145 146 147 148 150 152 153 154 156 157 158 159 160 162 164 167 168 170 171 173 179 180 181 182 192 194 196 197 198 203 204 205 206 208 209 210 211 212 215 216 217 218 219 220 224 227 228 229 231 232 234 235 236 238 239 242 244 245 246 249
11 260 111 218
12 372 13 15 16 22 24 25 26 28 32 66 34 35 36 37 38 39 41 43 44 47 50 51 52 53 58 59 60 61 63 65 131 68 70 71 73 76 77 79 80 82 84 85 86 88 91 92 93 96 99 100 101 102 103 104 105 107 111 112 115 117 118 119 120 125 126 128 129 133 135 136 137 139 141 143 145 146 147 148 150 152 153 154 156 157 158 159 160 162 164 167 170 171 179 180 181 182 192 194 196 197 198 203 204 205 208 209 210 215 217 218 219 220 224 227 229 231 234 235 236 238 239 242 245 246 249
13 412 14 15 16 18 20 21 22 24 25 26 27 28 29 30 31 32 33 66 34 35 36 37 38 39 40 41 42 43 44 45 47 48 49 50 51 52 53 54 55 58 59 60 61 62 63 65 130 131 67 68 69 70 71 72 73 74 75 76 77 78 79 80 81 82 83 84 85 86 87 88 89 90 91 92 93 94 95 96 97 98 99 100 101 102 103 104 105 106 107 111 112 114 115 116 117 118 119 120 121 122 123 124 125 126 127 128 129 132 133 134 135 136 137 138 139 140 141 142 143 144 145 146 147 148 149 150 151 152 153 154 155 156 157 158 159 160 161 162 163 164 165 167 168 169 170 171 173 174 175 176 177 178 179 180 181 182 183 186 187 188 189 190 191 192 193 194 195 196 197 198 199 200 201 202 203 204 205 206 208 209 210 211 212 213 215 216 217 218 219 220 221 222 223 224 227 228 229 230 231 232 233 234 235 236 237 238 239 240 241 242 243 244 245 246 247 249
14 287 22 24 26 28 36 37 44 50 51 53 59 61 76 79 80 99 100 102 105 107 111 112 118 120 126 128 143 147 148 150 153 154 156 158 162 164 171 179 180 182 192 197 198 204 205 218 234 235 236 239 242 245 249
15 301 16 22 24 25 26 28 29 32 66 34 35 36 37 38 39 40 41 42 43 44 47 49 50 51 52 53 54 58 59 60 61 62 63 65 131 67 68 69 70 71 73 76 77 78 79 80 81 82 83 84 85 86 87 88 89 91 92 93 95 96 99 100 101 102 103 104 105 106 107 111 112 114 115 117 118 119 120 121 123 124 125 126 127 128 129 132 133 135 136 137 139 140 141 143 144 145 146 147 148 150 152 153 154 156 157 158 159 160 161 162 164 165 167 168 170 171 173 175 176 179 180 181 182 183 186 189 191 192 193 194 196 197 198 200 203 204 205 206 208 209 210 211 212 215 216 217 218 219 220 221 222 224 227 228 229 231 232 234 235 236 238 239 242 244 245 246 249
16 402 22 24 25 26 28 32 66 34 35 36 37 38 39 41 42 43 44 47 50 51 52 53 58 59 60 61 62 63 65 131 67 68 70 71 73 76 77 78 79 80 82 84 85 86 88 89 91 92 93 96 99 100 101 102 103 104 105 107 111 112 114 115 117 118 119 120 124 125 126 127 128 129 132 133 135 136 137 139 141 143 145 146 147 148 150 152 153 154 156 157 158 159 160 162 164 167 170 171 173 179 180 181 182 192 194 196 197 198 203 204 205 206 208 209 210 211 215 216 217 218 219 220 224 227 228 229 231 232 234 235 236 238 239 242 244 245 246 249
17 263 28 36 50 51 53 59 61 100 111 118 143 148 150 154 156 158 164 171 182 192 197 198 205 218 234 235 236 239 245 249
18 335 22 24 26 28 32 66 34 36 37 41 44 50 51 52 53 58 59 60 61 63 131 70 73 76 79 80 84 99 100 101 102 105 107 111 112 115 118 120 125 126 128 129 135 136 137 139 141 143 147 148 150 153 154 156 158 162 164 167 171 179 180 182 192 196 197 198 204 205 218 234 235 236 239 242 245 246 249
19 489 28 36 50 51 53 59 61 100 111 112 118 120 143 148 150 154 156 158 164 171 182 192 197 198 205 218 234 235 236 239 245 249
20 250 28 36 50 51 53 59 61 100 111 112 118 120 126 143 148 150 154 156 158 164 171 182 192 197 198 205 218 234 235 236 239 245 249
21 261 22 24 26 28 32 66 34 36 37 41 44 50 51 52 53 59 60 61 63 131 70 73 76 79 80 84 99 100 101 102 105 107 111 112 115 118 120 125 126 128 129 135 136 137 139 141 143 147 148 150 153 154 156 158 162 164 167 171 179 180 182 192 196 197 198 204 205 218 234 235 236 239 242 245 249
22 357 24 25 26 27 28 29 30 31 32 33 66 34 35 36 37 38 39 40 41 42 43 44 45 47 48 49 50 51 52 53 54 55 58 59 60 61 62 63 65 130 131 67 68 69 70 71 72 73 74 75 76 77 78 79 80 81 82 83 84 85 86 87 88 89 90 91 92 93 95 96 97 98 99 100 101 102 103 104 105 106 107 111 112 114 115 116 117 118 119 120 121 122 123 124 125 126 127 128 129 132 133 134 135 136 137 138 139 140 141 142 143 144 145 146 147 148 149 150 151 152 153 154 155 156 157 158 159 160 161 162 163 164 165 167 168 169 170 171 173 174 175 176 177 179 180 181 182 183 186 187 188 189 190 191 192 193 194 195 196 197 198 199 200 201 202 203 204 205 206 208 209 210 211 212 213 215 216 217 218 219 220 221 222 223 224 227 228 229 230 231 232 233 234 235 236 237 238 239 240 242 243 244 245 246 249
23 269 59 111 118 158 164 218
24 374 25 26 27 28 29 30 31 32 33 66 34 35 36 37 38 39 40 41 42 43 44 45 47 48 49 50 51 52 53 54 55 58 59 60 61 62 63 65 130 131 67 68 69 70 71 72 73 74 76 77 78 79 80 81 82 83 84 85 86 87 88 89 90 91 92 93 95 96 98 99 100 101 102 103 104 105 106 107 111 112 114 115 116 117 118 119 120 121 122 123 124 125 126 127 128 129 132 133 134 135 136 137 138 139 140 141 142 143 144 145 146 147 148 149 150 152 153 154 156 157 158 159 160 161 162 163 164 165 167 168 170 171 173 174 175 176 177 179 180 181 182 183 186 187 189 190 191 192 193 194 196 197 198 199 200 201 202 203 204 205 206 208 209 210 211 212 213 215 216 217 218 219 220 221 222 223 224 227 228 229 230 231 232 233 234 235 236 237 238 239 240 242 243 244 245 246 249
25 468 26 28 29 32 66 34 35 36 37 38 39 40 41 42 43 44 47 49 50 51 52 53 54 58 59 60 61 62 63 65 131 67 68 69 70 71 73 76 77 78 79 80 81 82 83 84 85 86 87 88 89 91 92 93 95 96 99 100 101 102 103 104 105 106 107 111 112 114 115 116 117 118 119 120 121 122 123 124 125 126 127 128 129 132 133 134 135 136 137 139 140 141 142 143 144 145 146 147 148 149 150 152 153 154 156 157 158 159 160 161 162 164 165 167 168 170 171 173 175 176 179 180 181 182 183 186 189 190 191 192 193 194 196 197 198 200 203 204 205 206 208 209 210 211 212 213 215 216 217 218 219 220 221 222 224 227 228 229 231 232 234 235 236 237 238 239 242 244 245 246 249
26 258 27 28 29 30 31 32 33 66 34 35 36 37 38 39 40 41 42 43 44 45 47 48 49 50 51 52 53 54 55 58 59 60 61 62 63 65 130 131 67 68 69 70 71 72 73 74 75 76 77 78 79 80 81 82 83 84 85 86 87 88 89 90 91 92 93 95 96 98 99 100 101 102 103 104 105 106 107 111 112 114 115 116 117 118 119 120 121 122 123 124 125 126 127 128 129 132 133 134 135 136 137 138 139 140 141 142 143 144 145 146 147 148 149 150 151 152 153 154 156 157 158 159 160 161 162 163 164 165 167 168 169 170 171 173 174 175 176 177 179 180 181 182 183 186 187 188 189 190 191 192 193 194 195 196 197 198 199 200 201 202 203 204 205 206 208 209 210 211 212 213 215 216 217 218 219 220 221 222 223 224 227 228 229 230 231 232 233 234 235 236 237 238 239 240 242 243 244 245 246 249
27 274 28 32 66 34 36 37 41 44 50 51 52 53 59 60 61 63 70 73 76 79 80 84 99 100 101 102 105 107 111 112 115 118 120 125 126 128 129 135 137 141 143 147 148 150 153 154 156 158 162 164 167 171 179 180 182 192 196 197 198 204 205 218 234 235 236 239 242 245 249
28 490 29 30 31 32 33 66 34 35 36 37 38 39 40 41 42 43 44 45 46 47 48 49 50 51 52 53 54 55 57 58 59 60 61 62 63 64 65 130 131 67 68 69 70 71 72 73 74 75 76 77 78 79 80 81 82 83 84 85 86 87 88 89 90 91 92 93 94 95 96 97 98 99 100 101 102 103 104 105 106 107 108 110 111 112 113 114 115 116 117 118 119 120 121 122 123 124 125 126 127 128 129 132 133 134 135 136 137 138 139 140 141 142 143 144 145 146 147 148 149 150 151 152 153 154 155 156 157 158 159 160 161 162 163 164 165 166 167 168 169 170 171 172 173 174 175 176 177 178 179 180 181 182 183 184 185 186 187 188 189 190 191 192 193 194 195 196 197 198 199 200 201 202 203 204 205 206 207 208 209 210 211 212 213 215 216 217 218 219 220 221 222 223 224 226 227 228 229 230 231 232 233 234 235 236 237 238 239 240 241 242 243 244 245 246 247 248 249
29 254 32 66 34 35 36 37 38 41 44 50 51 52 53 58 59 60 61 63 131 70 71 73 76 79 80 82 84 86 91 96 99 100 101 102 104 105 107 111 112 115 118 120 125 126 128 129 135 136 137 139 141 143 147 148 150 153 154 156 157 158 162 164 167 170 171 179 180 182 192 194 196 197 198 204 205 208 209 210 218 219 224 227 229 234 235 236 239 242 245 246 249
30 256 32 66 34 36 37 44 50 51 52 53 59 60 61 63 73 76 79 80 99 100 102 105 107 111 112 115 118 120 125 126 128 129 135 137 141 143 147 148 150 153 154 156 158 162 164 171 179 180 182 192 197 198 204 205 218 234 235 236 239 242 245 249
31 415 32 66 34 36 37 44 50 51 53 59 60 61 76 79 80 99 100 102 105 107 111 112 115 118 120 125 126 128 143 147 148 150 153 154 156 158 162 164 171 179 180 182 192 197 198 204 205 218 234 235 236 239 242 245 249
32 276 33 66 34 35 36 37 38 39 40 41 42 43 44 45 47 49 50 51 52 53 54 58 59 60 61 62 63 65 131 67 68 69 70 71 72 73 74 76 77 78 79 80 81 82 83 84 85 86 87 88 89 90 91 92 93 95 96 98 99 100 101 102 103 104 105 106 107 111 112 114 115 116 117 118 119 120 121 122 123 124 125 126 127 128 129 132 133 134 135 136 137 138 139 140 141 142 143 144 145 146 147 148 149 150 152 153 154 156 157 158 159 160 161 162 164 165 167 168 170 171 173 175 176 177 179 180 181 182 183 186 189 190 191 192 193 194 196 197 198 199 200 201 202 203 204 205 206 208 209 210 211 212 213 215 216 217 218 219 220 221 222 223 224 227 228 229 230 231 232 233 234 235 236 237 238 239 240 242 243 244 245 246 249
33 309 66 34 36 37 44 50 51 52 53 59 60 61 63 73 76 79 80 84 99 100 101 102 105 107 111 112 115 118 120 125 126 128 129 135 137 141 143 147 148 150 153 154 156 158 162 164 171 179 180 182 192 197 198 204 205 218 234 235 236 239 242 245 249
34 376 66 35 36 37 38 39 40 41 42 43 44 45 47 49 50 51 52 53 54 55 58 59 60 61 62 63 65 130 131 67 68 69 70 71 72 73 74 76 77 78 79 80 81 82 83 84 85 86 87 88 89 90 91 92 93 95 96 98 99 100 101 102 103 104 105 106 107 111 112 114 115 116 117 118 119 120 121 122 123 124 125 126 127 128 129 132 133 134 135 136 137 138 139 140 141 142 143 144 145 146 147 148 149 150 152 153 154 156 157 158 159 160 161 162 164 165 167 168 170 171 173 174 175 176 177 179 180 181 182 183 186 187 189 190 191 192 193 194 196 197 198 199 200 201 202 203 204 205 206 208 209 210 211 212 213 215 216 217 218 219 220 221 222 223 224 227 228 229 230 231 232 233 234 235 236 237 238 239 240 242 243 244 245 246 249
35 308 66 36 37 38 39 40 41 42 43 44 47 49 50 51 52 53 54 58 59 60 61 62 63 65 131 67 68 69 70 71 73 76 77 78 79 80 81 82 83 84 85 86 87 88 89 91 92 93 95 96 99 100 101 102 103 104 105 106 107 111 112 114 115 117 118 119 120 121 123 124 125 126 127 128 129 132 133 135 136 137 139 140 141 143 144 145 146 147 148 150 152 153 154 156 157 158 159 160 161 162 164 165 167 168 170 171 173 175 176 179 180 181 182 183 186 189 191 192 193 194 196 197 198 200 203 204 205 206 208 209 210 211 212 215 216 217 218 219 220 221 222 224 227 228 229 231 232 234 235 236 238 239 242 244 245 246 249
36 316 66 37 38 39 40 41 42 43 44 45 46 47 48 49 50 51 52 53 54 55 57 58 59 60 61 62 63 64 65 130 131 67 68 69 70 71 72 73 74 75 76 77 78 79 80 81 82 83 84 85 86 87 88 89 90 91 92 93 94 95 96 97 98 99 100 101 102 103 104 105 106 107 108 110 111 112 113 114 115 116 117 118 119 120 121 122 123 124 125 126 127 128 129 132 133 134 135 136 137 138 139 140 141 142 143 144 145 146 147 148 149 150 151 152 153 154 155 156 157 158 159 160 161 162 163 164 165 166 167 168 169 170 171 172 173 174 175 176 177 178 179 180 181 182 183 184 185 186 187 188 189 190 191 192 193 194 195 196 197 198 199 200 201 202 203 204 205 206 207 208 209 210 211 212 213 215 216 217 218 219 220 221 222 223 224 226 227 228 229 230 231 232 233 234 235 236 237 238 239 240 241 242 243 244 245 246 247 248 249
37 487 66 38 39 40 41 42 43 44 45 47 48 49 50 51 52 53 54 55 58 59 60 61 62 63 65 130 131 67 68 69 70 71 72 73 74 75 76 77 78 79 80 81 82 83 84 85 86 87 88 89 90 91 92 93 95 96 97 98 99 100 101 102 103 104 105 106 107 111 112 114 115 116 117 118 119 120 121 122 123 124 125 126 127 128 129 132 133 134 135 136 137 138 139 140 141 142 143 144 145 146 147 148 149 150 151 152 153 154 155 156 157 158 159 160 161 162 163 164 165 167 168 169 170 171 173 174 175 176 177 179 180 181 182 183 186 187 188 189 190 191 192 193 194 195 196 197 198 199 200 201 202 203 204 205 206 208 209 210 211 212 213 215 216 217 218 219 220 221 222 223 224 227 228 229 230 231 232 233 234 235 236 237 238 239 240 242 243 244 245 246 249
38 254 66 39 40 41 42 43 44 47 49 50 51 52 53 58 59 60 61 62 63 65 131 67 68 69 70 71 73 76 77 78 79 80 82 83 84 85 86 87 88 89 91 92 93 96 99 100 101 102 103 104 105 106 107 111 112 114 115 117 118 119 120 121 123 124 125 126 127 128 129 132 133 135 136 137 139 140 141 143 144 145 146 147 148 150 152 153 154 156 157 158 159 160 161 162 164 165 167 168 170 171 173 176 179 180 181 182 183 186 189 191 192 193 194 196 197 198 200 203 204 205 206 208 209 210 211 212 215 216 217 218 219 220 221 222 224 227 228 229 231 232 234 235 236 238 239 242 244 245 246 249
39 259 66 41 43 44 47 50 51 52 53 58 59 60 61 63 65 131 68 70 71 73 76 77 79 80 82 84 85 86 88 91 92 93 96 99 100 101 102 103 104 105 107 111 112 115 117 118 119 120 125 126 128 129 133 135 136 137 139 141 143 145 146 147 148 150 152 153 154 156 157 158 159 160 162 164 167 170 171 179 180 181 182 192 194 196 197 198 203 204 205 208 209 210 215 217 218 219 220 224 227 229 231 234 235 236 238 239 242 245 246 249
40 431 66 41 44 50 51 52 53 58 59 60 61 63 131 70 71 73 76 79 80 82 84 86 96 99 100 101 102 105 107 111 112 115 118 120 125 126 128 129 135 136 137 139 141 143 147 148 150 153 154 156 157 158 162 164 167 171 179 180 182 192 196 197 198 204 205 208 209 210 218 219 224 227 234 235 236 239 242 245 246 249
41 258 66 42 43 44 47 49 50 51 52 53 54 58 59 60 61 62 63 65 131 67 68 69 70 71 73 74 76 77 78 79 80 81 82 83 84 85 86 87 88 89 90 91 92 93 95 96 98 99 100 101 102 103 104 105 106 107 111 112 114 115 116 117 118 119 120 121 122 123 124 125 126 127 128 129 132 133 134 135 136 137 138 139 140 141 142 143 144 145 146 147 148 149 150 152 153 154 156 157 158 159 160 161 162 164 165 167 168 170 171 173 175 176 177 179 180 181 182 183 186 189 190 191 192 193 194 196 197 198 200 203 204 205 206 208 209 210 211 212 213 215 216 217 218 219 220 221 222 224 227 228 229 230 231 232 234 235 236 237 238 239 240 242 243 244 245 246 249
42 311 66 43 44 47 50 51 52 53 58 59 60 61 63 65 131 68 70 71 73 76 77 79 80 82 84 85 86 91 92 93 96 99 100 101 102 104 105 107 111 112 115 117 118 120 125 126 128 129 133 135 136 137 139 141 143 147 148 150 152 153 154 156 157 158 159 160 162 164 167 170 171 179 180 182 192 194 196 197 198 203 204 205 208 209 210 215 218 219 224 227 229 234 235 236 239 242 245 246 249
43 492 66 44 47 50 51 52 53 58 59 60 61 63 65 131 67 68 70 71 73 76 77 78 79 80 82 84 85 86 88 89 91 92 93 96 99 100 101 102 103 104 105 107 111 112 114 115 117 118 119 120 125 126 127 128 129 132 133 135 136 137 139 141 143 145 146 147 148 150 152 153 154 156 157 158 159 160 162 164 167 170 171 173 179 180 181 182 192 194 196 197 198 203 204 205 206 208 209 210 211 215 216 217 218 219 220 224 227 228 229 231 232 234 235 236 238 239 242 245 246 249
44 253 66 45 47 48 49 50 51 52 53 54 55 58 59 60 61 62 63 65 130 131 67 68 69 70 71 72 73 74 75 76 77 78 79 80 81 82 83 84 85 86 87 88 89 90 91 92 93 95 96 98 99 100 101 102 103 104 105 106 107 111 112 114 115 116 117 118 119 120 121 122 123 124 125 126 127 128 129 132 133 134 135 136 137 138 139 140 141 142 143 144 145 146 147 148 149 150 152 153 154 156 157 158 159 160 161 162 163 164 165 167 168 170 171 173 174 175 176 177 179 180 181 182 183 186 187 188 189 190 191 192 193 194 196 197 198 199 200 201 202 203 204 205 206 208 209 210 211 212 213 215 216 217 218 219 220 221 222 223 224 227 228 229 230 231 232 233 234 235 236 237 238 239 240 242 243 244 245 246 249
45 255 66 50 51 52 53 59 60 61 63 73 76 79 80 99 100 101 102 105 107 111 112 115 118 120 125 126 128 129 135 137 141 143 147 148 150 153 154 156 158 162 164 171 179 180 182 192 197 198 204 205 218 234 235 236 239 242 245 249
46 402 50 51 53 59 61 100 111 112 118 120 126 143 148 150 154 156 158 164 171 182 192 197 198 205 218 234 235 236 239 245 249
47 255 66 50 51 52 53 58 59 60 61 62 63 65 131 67 68 70 71 73 76 77 78 79 80 82 84 85 86 88 89 91 92 93 96 99 100 101 102 103 104 105 107 111 112 114 115 117 118 119 120 125 126 127 128 129 132 133 135 136 137 139 141 143 145 146 147 148 150 152 153 154 156 157 158 159 160 162 164 167 170 171 173 179 180 181 182 192 194 196 197 198 203 204 205 206 208 209 210 211 215 216 217 218 219 220 224 227 228 229 231 232 234 235 236 238 239 242 244 245 246 249
48 343 50 51 53 59 60 61 76 79 80 99 100 102 105 107 111 112 115 118 120 125 126 128 143 147 148 150 153 154 156 158 162 164 171 179 180 182 192 197 198 204 205 218 234 235 236 239 242 245 249
49 436 66 50 51 52 53 58 59 60 61 63 131 70 71 73 76 79 80 82 84 86 96 99 100 101 102 104 105 107 111 112 115 118 120 125 126 128 129 135 136 137 139 141 143 147 148 150 153 154 156 157 158 162 164 167 171 179 180 182 192 196 197 198 204 205 208 209 210 218 219 224 227 234 235 236 239 242 245 246 249
50 268 66 51 52 53 54 55 58 59 60 61 62 63 65 130 131 67 68 69 70 71 72 73 74 75 76 77 78 79 80 81 82 83 84 85 86 87 88 89 90 91 92 93 94 95 96 97 98 99 100 101 102 103 104 105 106 107 110 111 112 113 114 115 116 117 118 119 120 121 122 123 124 125 126 127 128 129 132 133 134 135 136 137 138 139 140 141 142 143 144 145 146 147 148 149 150 151 152 153 154 155 156 157 158 159 160 161 162 163 164 165 166 167 168 169 170 171 173 174 175 176 177 178 179 180 181 182 183 186 187 188 189 190 191 192 193 194 195 196 197 198 199 200 201 202 203 204 205 206 207 208 209 210 211 212 213 215 216 217 218 219 220 221 222 223 224 227 228 229 230 231 232 233 234 235 236 237 238 239 240 241 242 243 244 245 246 247 249
51 296 66 52 53 54 55 58 59 60 61 62 63 65 130 131 67 68 69 70 71 72 73 74 75 76 77 78 79 80 81 82 83 84 85 86 87 88 89 90 91 92 93 94 95 96 97 98 99 100 101 102 103 104 105 106 107 110 111 112 113 114 115 116 117 118 119 120 121 122 123 124 125 126 127 128 129 132 133 134 135 136 137 138 139 140 141 142 143 144 145 146 147 148 149 150 151 152 153 154 155 156 157 158 159 160 161 162 163 164 165 166 167 168 169 170 171 173 174 175 176 177 178 179 180 181 182 183 186 187 188 189 190 191 192 193 194 195 196 197 198 199 200 201 202 203 204 205 206 207 208 209 210 211 212 213 215 216 217 218 219 220 221 222 223 224 227 228 229 230 231 232 233 234 235 236 237 238 239 240 241 242 243 244 245 246 247 249
52 494 66 53 54 58 59 60 61 62 63 65 131 67 68 69 70 71 73 74 76 77 78 79 80 81 82 83 84 85 86 87 88 89 90 91 92 93 95 96 98 99 100 101 102 103 104 105 106 107 111 112 114 115 116 117 118 119 120 121 122 123 124 125 126 127 128 129 132 133 134 135 136 137 138 139 140 141 142 143 144 145 146 147 148 149 150 152 153 154 156 157 158 159 160 161 162 164 165 167 168 170 171 173 175 176 177 179 180 181 182 183 186 189 190 191 192 193 194 196 197 198 199 200 201 203 204 205 206 208 209 210 211 212 213 215 216 217 218 219 220 221 222 223 224 227 228 229 230 231 232 233 234 235 236 237 238 239 240 242 243 244 245 246 249
53 250 66 54 55 58 59 60 61 62 63 65 130 131 67 68 69 70 71 72 73 74 75 76 77 78 79 80 81 82 83 84 85 86 87 88 89 90 91 92 93 94 95 96 97 98 99 100 101 102 103 104 105 106 107 111 112 114 115 116 117 118 119 120 121 122 123 124 125 126 127 128 129 132 133 134 135 136 137 138 139 140 141 142 143 144 145 146 147 148 149 150 151 152 153 154 155 156 157 158 159 160 161 162 163 164 165 166 167 168 169 170 171 173 174 175 176 177 178 179 180 181 182 183 186 187 188 189 190 191 192 193 194 195 196 197 198 199 200 201 202 203 204 205 206 207 208 209 210 211 212 213 215 216 217 218 219 220 221 222 223 224 227 228 229 230 231 232 233 234 235 236 237 238 239 240 241 242 243 244 245 246 247 249
54 256 66 58 59 60 61 63 131 70 73 76 79 80 84 99 100 101 102 105 107 111 112 115 118 120 125 126 128 129 135 136 137 139 141 143 147 148 150 153 154 156 157 158 162 164 167 171 179 180 182 192 196 197 198 204 205 209 218 227 234 235 236 239 242 245 246 249
55 470 66 59 60 61 76 79 80 99 100 102 105 107 111 112 115 118 120 125 126 128 143 147 148 150 153 154 156 158 162 164 171 179 180 182 192 197 198 204 205 218 234 235 236 239 242 245 249
56 261 111 118 158 164 218
57 269 59 61 111 118 143 148 150 158 164 182 197 198 218 234 236
58 464 66 59 60 61 62 63 65 131 67 68 69 70 71 73 76 77 78 79 80 81 82 83 84 85 86 87 88 89 91 92 93 95 96 99 100 101 102 103 104 105 106 107 111 112 114 115 116 117 118 119 120 121 122 123 124 125 126 127 128 129 132 133 134 135 136 137 138 139 140 141 142 143 144 145 146 147 148 149 150 152 153 154 156 157 158 159 160 161 162 164 165 167 168 170 171 173 175 176 177 179 180 181 182 183 186 189 190 191 192 193 194 196 197 198 200 203 204 205 206 208 209 210 211 212 213 215 216 217 218 219 220 221 222 224 227 228 229 231 232 234 235 236 237 238 239 242 244 245 246 249
59 261 66 60 61 62 63 64 65 130 131 67 68 69 70 71 72 73 74 75 76 77 78 79 80 81 82 83 84 85 86 87 88 89 90 91 92 93 94 95 96 97 98 99 100 101 102 103 104 105 106 107 108 110 111 112 113 114 115 116 117 118 119 120 121 122 123 124 125 126 127 128 129 132 133 134 135 136 137 138 139 140 141 142 143 144 145 146 147 148 149 150 151 152 153 154 155 156 157 158 159 160 161 162 163 164 165 166 167 168 169 170 171 172 173 174 175 176 177 178 179 180 181 182 183 184 185 186 187 188 189 190 191 192 193 194 195 196 197 198 199 200 201 202 203 204 205 206 207 208 209 210 211 212 213 215 216 217 218 219 220 221 222 223 224 226 227 228 229 230 231 232 233 234 235 236 237 238 239 240 241 242 243 244 245 246 247 248 249
60 275 66 61 62 63 65 130 131 67 68 69 70 71 72 73 74 76 77 78 79 80 81 82 83 84 85 86 87 88 89 90 91 92 93 95 96 98 99 100 101 102 103 104 105 106 107 111 112 114 115 116 117 118 119 120 121 122 123 124 125 126 127 128 129 132 133 134 135 136 137 138 139 140 141 142 143 144 145 146 147 148 149 150 152 153 154 156 157 158 159 160 161 162 163 164 165 167 168 170 171 173 174 175 176 177 179 180 181 182 183 186 187 189 190 191 192 193 194 196 197 198 199 200 201 202 203 204 205 206 208 209 210 211 212 213 215 216 217 218 219 220 221 222 223 224 227 228 229 230 231 232 233 234 235 236 237 238 239 240 242 243 244 245 246 249
61 441 66 62 63 64 65 130 131 67 68 69 70 71 72 73 74 75 76 77 78 79 80 81 82 83 84 85 86 87 88 89 90 91 92 93 94 95 96 97 98 99 100 101 102 103 104 105 106 107 108 110 111 112 113 114 115 116 117 118 119 120 121 122 123 124 125 126 127 128 129 132 133 134 135 136 137 138 139 140 141 142 143 144 145 146 147 148 149 150 151 152 153 154 155 156 157 158 159 160 161 162 163 164 165 166 167 168 169 170 171 172 173 174 175 176 177 178 179 180 181 182 183 184 185 186 187 188 189 190 191 192 193 194 195 196 197 198 199 200 201 202 203 204 205 206 207 208 209 210 211 212 213 215 216 217 218 219 220 221 222 223 224 226 227 228 229 230 231 232 233 234 235 236 237 238 239 240 241 242 243 244 245 246 247 248 249
62 268 66 63 65 131 70 71 73 76 77 79 80 82 84 85 86 91 96 99 100 101 102 104 105 107 111 112 115 117 118 120 125 126 128 129 135 136 137 139 141 143 147 148 150 152 153 154 156 157 158 160 162 164 167 170 171 179 180 182 192 194 196 197 198 203 204 205 208 209 210 215 218 219 224 227 229 234 235 236 239 242 245 246 249
63 291 66 65 131 67 68 69 70 71 73 74 76 77 78 79 80 81 82 83 84 85 86 87 88 89 90 91 92 93 95 96 98 99 100 101 102 103 104 105 106 107 111 112 114 115 116 117 118 119 120 121 122 123 124 125 126 127 128 129 132 133 134 135 136 137 138 139 140 141 142 143 144 145 146 147 148 149 150 152 153 154 156 157 158 159 160 161 162 164 165 167 168 170 171 173 175 176 177 179 180 181 182 183 186 189 190 191 192 193 194 196 197 198 199 200 201 203 204 205 206 208 209 210 211 212 213 215 216 217 218 219 220 221 222 223 224 227 228 229 230 231 232 233 234 235 236 237 238 239 240 242 243 244 245 246 249
64 460 111 118 143 148 150 158 164 182 197 198 218 234 236 245
65 263 66 131 67 68 70 71 73 76 77 78 79 80 82 84 85 86 88 89 91 92 93 96 99 100 101 102 103 104 105 107 111 112 114 115 117 118 119 120 125 126 127 128 129 132 133 135 136 137 139 141 143 145 146 147 148 150 152 153 154 156 157 158 159 160 162 164 167 170 171 173 179 180 181 182 192 194 196 197 198 203 204 205 206 208 209 210 211 215 216 217 218 219 220 224 227 228 229 231 232 234 235 236 238 239 242 244 245 246 249
66 277 131 67 68 69 70 71 72 73 74 76 77 78 79 80 81 82 83 84 85 86 87 88 89 90 91 92 93 95 96 98 99 100 101 102 103 104 105 106 107 111 112 114 115 116 117 118 119 120 121 122 123 124 125 126 127 128 129 132 133 134 135 136 137 138 139 140 141 142 143 144 145 146 147 148 149 150 152 153 154 156 157 158 159 160 161 162 164 165 167 168 170 171 173 174 175 176 177 179 180 181 182 183 186 187 189 190 191 192 193 194 196 197 198 199 200 201 202 203 204 205 206 208 209 210 211 212 213 215 216 217 218 219 220 221 222 223 224 227 228 229 230 231 232 233 234 235 236 237 238 239 240 242 243 244 245 246 249
67 378 131 68 70 71 73 76 77 79 80 82 84 85 86 88 91 92 93 96 99 100 101 102 103 104 105 107 111 112 115 117 118 120 125 126 128 129 133 135 136 137 139 141 143 145 146 147 148 150 152 153 154 156 157 158 159 160 162 164 167 170 171 179 180 182 192 194 196 197 198 203 204 205 208 209 210 215 217 218 219 220 224 227 229 231 234 235 236 238 239 242 245 246 249
68 290 131 70 71 73 76 77 78 79 80 82 84 85 86 88 89 91 92 93 96 99 100 101 102 103 104 105 107 111 112 114 115 117 118 119 120 125 126 127 128 129 132 133 135 136 137 139 141 143 145 146 147 148 150 152 153 154 156 157 158 159 160 162 164 167 170 171 173 179 180 181 182 192 194 196 197 198 203 204 205 206 208 209 210 211 215 216 217 218 219 220 224 227 228 229 231 232 234 235 236 238 239 242 245 246 249
69 332 131 70 71 73 76 79 80 82 84 86 96 99 100 101 102 104 105 107 111 112 115 118 120 125 126 128 129 135 136 137 139 141 143 147 148 150 153 154 156 157 158 162 164 167 171 179 180 182 192 196 197 198 204 205 208 209 210 218 219 224 227 234 235 236 239 242 245 246 249
70 477 131 71 73 74 76 77 78 79 80 81 82 83 84 85 86 87 88 89 90 91 92 93 95 96 98 99 100 101 102 103 104 105 106 107 111 112 114 115 116 117 118 119 120 121 122 123 124 125 126 127 128 129 132 133 134 135 136 137 138 139 140 141 142 143 144 145 146 147 148 149 150 152 153 154 156 157 158 159 160 161 162 164 165 167 168 170 171 173 175 176 177 179 180 181 182 183 186 189 190 191 192 193 194 196 197 198 199 200 203 204 205 206 208 209 210 211 212 213 215 216 217 218 219 220 221 222 224 227 228 229 230 231 232 234 235 236 237 238 239 240 242 243 244 245 246 249
71 250 131 73 76 77 78 79 80 82 83 84 85 86 87 88 89 91 92 93 96 99 100 101 102 103 104 105 106 107 111 112 114 115 117 118 119 120 121 123 124 125 126 127 128 129 132 133 135 136 137 139 140 141 143 144 145 146 147 148 150 152 153 154 156 157 158 159 160 161 162 164 165 167 168 170 171 173 176 179 180 181 182 183 186 189 191 192 193 194 196 197 198 200 203 204 205 206 208 209 210 211 212 215 216 217 218 219 220 221 222 224 227 228 229 231 232 234 235 236 238 239 242 244 245 246 249
72 273 76 79 80 99 100 102 105 107 111 112 115 118 120 125 126 128 143 147 148 150 153 154 156 158 162 164 171 179 180 182 192 197 198 204 205 218 234 235 236 239 242 245 249
73 472 131 74 76 77 78 79 80 81 82 83 84 85 86 87 88 89 90 91 92 93 95 96 98 99 100 101 102 103 104 105 106 107 111 112 114 115 116 117 118 119 120 121 122 123 124 125 126 127 128 129 132 133 134 135 136 137 138 139 140 141 142 143 144 145 146 147 148 149 150 152 153 154 156 157 158 159 160 161 162 164 165 167 168 170 171 173 175 176 177 179 180 181 182 183 186 189 190 191 192 193 194 196 197 198 199 200 201 203 204 205 206 208 209 210 211 212 213 215 216 217 218 219 220 221 222 223 224 227 228 229 230 231 232 233 234 235 236 237 238 239 240 242 243 244 245 246 249
74 260 76 79 80 84 99 100 101 102 105 107 111 112 115 118 120 125 126 128 129 135 136 137 141 143 147 148 150 153 154 156 158 162 164 167 171 179 180 182 192 196 197 198 204 205 218 234 235 236 239 242 245 249
75 268 76 79 80 99 100 102 105 107 111 112 118 120 126 128 143 147 148 150 153 154 156 158 162 164 171 179 180 182 192 197 198 204 205 218 234 235 236 239 242 245 249
76 415 130 131 77 78 79 80 81 82 83 84 85 86 87 88 89 90 91 92 93 95 96 98 99 100 101 102 103 104 105 106 107 111 112 114 115 116 117 118 119 120 121 122 123 124 125 126 127 128 129 132 133 134 135 136 137 138 139 140 141 142 143 144 145 146 147 148 149 150 151 152 153 154 156 157 158 159 160 161 162 163 164 165 167 168 170 171 173 174 175 176 177 179 180 181 182 183 186 187 188 189 190 191 192 193 194 195 196 197 198 199 200 201 202 203 204 205 206 208 209 210 211 212 213 215 216 217 218 219 220 221 222 223 224 227 228 229 230 231 232 233 234 235 236 237 238 239 240 242 243 244 245 246 249
77 261 131 78 79 80 82 84 85 86 88 89 91 92 93 96 99 100 101 102 103 104 105 107 111 112 114 115 117 118 119 120 125 126 127 128 129 132 133 135 136 137 139 141 143 145 146 147 148 150 152 153 154 156 157 158 159 160 162 164 167 170 171 173 179 180 181 182 192 194 196 197 198 203 204 205 206 208 209 210 211 215 216 217 218 219 220 224 227 228 229 231 232 234 235 236 238 239 242 244 245 246 249
78 324 131 79 80 82 84 85 86 88 91 92 93 96 99 100 101 102 103 104 105 107 111 112 115 117 118 119 120 125 126 128 129 133 135 136 137 139 141 143 145 146 147 148 150 152 153 154 156 157 158 159 160 162 164 167 170 171 179 180 181 182 192 194 196 197 198 203 204 205 208 209 210 215 217 218 219 220 224 227 229 231 234 235 236 238 239 242 245 246 249
79 471 130 131 80 81 82 83 84 85 86 87 88 89 90 91 92 93 95 96 97 98 99 100 101 102 103 104 105 106 107 111 112 114 115 116 117 118 119 120 121 122 123 124 125 126 127 128 129 132 133 134 135 136 137 138 139 140 141 142 143 144 145 146 147 148 149 150 151 152 153 154 155 156 157 158 159 160 161 162 163 164 165 167 168 169 170 171 173 174 175 176 177 179 180 181 182 183 186 187 188 189 190 191 192 193 194 195 196 197 198 199 200 201 202 203 204 205 206 208 209 210 211 212 213 215 216 217 218 219 220 221 222 223 224 227 228 229 230 231 232 233 234 235 236 237 238 239 240 242 243 244 245 246 249
80 256 130 131 81 82 83 84 85 86 87 88 89 90 91 92 93 95 96 98 99 100 101 102 103 104 105 106 107 111 112 114 115 116 117 118 119 120 121 122 123 124 125 126 127 128 129 132 133 134 135 136 137 138 139 140 141 142 143 144 145 146 147 148 149 150 151 152 153 154 156 157 158 159 160 161 162 163 164 165 167 168 169 170 171 173 174 175 176 177 179 180 181 182 183 186 187 188 189 190 191 192 193 194 195 196 197 198 199 200 201 202 203 204 205 206 208 209 210 211 212 213 215 216 217 218 219 220 221 222 223 224 227 228 229 230 231 232 233 234 235 236 237 238 239 240 242 243 244 245 246 249
81 273 131 84 99 100 101 102 105 107 111 112 115 118 120 125 126 128 129 135 136 137 139 141 143 147 148 150 153 154 156 158 162 164 167 171 179 180 182 192 196 197 198 204 205 209 218 227 234 235 236 239 242 245 246 249
82 390 131 83 84 85 86 87 88 89 91 92 93 96 99 100 101 102 103 104 105 106 107 111 112 114 115 117 118 119 120 121 124 125 126 127 128 129 132 133 135 136 137 139 140 141 143 144 145 146 147 148 150 152 153 154 156 157 158 159 160 161 162 164 165 167 168 170 171 173 176 179 180 181 182 183 186 189 191 192 194 196 197 198 200 203 204 205 206 208 209 210 211 212 215 216 217 218 219 220 222 224 227 228 229 231 232 234 235 236 238 239 242 244 245 246 249
83 258 131 84 86 96 99 100 101 102 104 105 107 111 112 115 118 120 125 126 128 129 135 136 137 139 141 143 147 148 150 153 154 156 157 158 162 164 167 171 179 180 182 192 196 197 198 204 205 208 209 210 218 219 224 227 229 234 235 236 239 242 245 246 249
84 352 131 85 86 87 88 89 90 91 92 93 95 96 98 99 100 101 102 103 104 105 106 107 111 112 114 115 116 117 118 119 120 121 122 123 124 125 126 127 128 129 132 133 134 135 136 137 138 139 140 141 142 143 144 145 146 147 148 149 150 152 153 154 156 157 158 159 160 161 162 164 165 167 168 170 171 173 175 176 177 179 180 181 182 183 186 189 190 191 192 193 194 196 197 198 199 200 201 203 204 205 206 208 209 210 211 212 213 215 216 217 218 219 220 221 222 224 227 228 229 230 231 232 234 235 236 237 238 239 240 242 243 244 245 246 249
85 417 131 86 88 89 91 92 93 96 99 100 101 102 103 104 105 107 111 112 114 115 117 118 119 120 124 125 126 127 128 129 132 133 135 136 137 139 141 143 145 146 147 148 150 152 153 154 156 157 158 159 160 162 164 167 170 171 173 179 180 181 182 192 194 196 197 198 203 204 205 206 208 209 210 211 212 215 216 217 218 219 220 224 227 228 229 231 232 234 235 236 238 239 242 244 245 246 249
86 274 131 87 88 89 91 92 93 96 99 100 101 102 103 104 105 106 107 111 112 114 115 117 118 119 120 121 124 125 126 127 128 129 132 133 135 136 137 139 140 141 143 144 145 146 147 148 150 152 153 154 156 157 158 159 160 161 162 164 165 167 168 170 171 173 179 180 181 182 186 189 191 192 194 196 197 198 200 203 204 205 206 208 209 210 211 212 215 216 217 218 219 220 222 224 227 228 229 231 232 234 235 236 238 239 242 244 245 246 249
87 309 131 91 96 99 100 101 102 104 105 107 111 112 115 118 120 125 126 128 129 135 136 137 139 141 143 147 148 150 153 154 156 157 158 162 164 167 171 179 180 182 192 196 197 198 204 205 208 209 210 218 219 224 227 229 234 235 236 239 242 245 246 249
88 385 131 91 92 93 96 99 100 101 102 103 104 105 107 111 112 114 115 117 118 119 120 125 126 128 129 133 135 136 137 139 141 143 145 146 147 148 150 152 153 154 156 157 158 159 160 162 164 167 170 171 173 179 180 181 182 192 194 196 197 198 203 204 205 206 208 209 210 211 215 217 218 219 220 224 227 229 231 234 235 236 238 239 242 245 246 249
89 301 131 91 92 93 96 99 100 101 102 104 105 107 111 112 115 117 118 120 125 126 128 129 133 135 136 137 139 141 143 147 148 150 152 153 154 156 157 158 159 160 162 164 167 170 171 179 180 182 192 194 196 197 198 203 204 205 208 209 210 215 217 218 219 220 224 227 229 234 235 236 238 239 242 245 246 249
90 314 99 100 101 102 105 107 111 112 115 118 120 125 126 128 129 135 137 141 143 147 148 150 153 154 156 158 162 164 167 171 179 180 182 192 196 197 198 204 205 218 234 235 236 239 242 245 249
91 440 131 92 93 96 99 100 101 102 103 104 105 106 107 111 112 114 115 117 118 119 120 124 125 126 127 128 129 132 133 135 136 137 139 141 143 144 145 146 147 148 150 152 153 154 156 157 158 159 160 161 162 164 167 168 170 171 173 179 180 181 182 186 189 191 192 194 196 197 198 200 203 204 205 206 208 209 210 211 212 215 216 217 218 219 220 224 227 228 229 231 232 234 235 236 238 239 242 244 245 246 249
92 258 131 93 96 99 100 101 102 103 104 105 107 111 112 114 115 117 118 119 120 125 126 127 128 129 132 133 135 136 137 139 141 143 145 146 147 148 150 152 153 154 156 157 158 159 160 162 164 167 170 171 173 179 180 181 182 192 194 196 197 198 203 204 205 206 208 209 210 211 215 216 217 218 219 220 224 227 228 229 231 232 234 235 236 238 239 242 245 246 249
93 302 131 96 99 100 101 102 103 104 105 107 111 112 114 115 117 118 119 120 125 126 127 128 129 132 133 135 136 137 139 141 143 145 146 147 148 150 152 153 154 156 157 158 159 160 162 164 167 170 171 173 179 180 181 182 192 194 196 197 198 203 204 205 206 208 209 210 211 215 216 217 218 219 220 224 227 228 229 231 234 235 236 238 239 242 245 246 249
94 381 100 111 112 118 120 126 143 148 150 153 154 156 158 164 171 182 192 197 198 205 218 234 235 236 239 245 249
95 277 131 99 100 101 102 105 107 111 112 115 118 120 125 126 128 129 135 136 137 139 141 143 147 148 150 153 154 156 158 162 164 167 171 179 180 182 192 196 197 198 204 205 209 218 227 234 235 236 239 242 245 246 249
96 342 131 99 100 101 102 103 104 105 106 107 111 112 114 115 117 118 119 120 121 123 124 125 126 127 128 129 132 133 135 136 137 139 140 141 143 144 145 146 147 148 150 152 153 154 156 157 158 159 160 161 162 164 165 167 168 170 171 173 176 179 180 181 182 183 186 189 191 192 193 194 196 197 198 200 203 204 205 206 208 209 210 211 212 215 216 217 218 219 220 221 222 224 227 228 229 231 232 234 235 236 238 239 242 244 245 246 249
97 436 100 111 112 118 120 126 143 148 150 153 154 156 158 164 171 179 182 192 197 198 204 205 218 234 235 236 239 245 249
98 261 99 100 101 102 105 107 111 112 115 118 120 125 126 128 129 135 137 141 143 147 148 150 153 154 156 158 162 164 167 171 179 180 182 192 196 197 198 204 205 218 234 235 236 239 242 245 249
99 303 130 131 100 101 102 103 104 105 106 107 111 112 114 115 116 117 118 119 120 121 122 123 124 125 126 127 128 129 132 133 134 135 136 137 138 139 140 141 142 143 144 145 146 147 148 149 150 151 152 153 154 156 157 158 159 160 161 162 163 164 165 167 168 170 171 173 174 175 176 177 179 180 181 182 183 186 187 188 189 190 191 192 193 194 195 196 197 198 199 200 201 202 203 204 205 206 208 209 210 211 212 213 215 216 217 218 219 220 221 222 223 224 227 228 229 230 231 232 233 234 235 236 237 238 239 240 242 243 244 245 246 249
100 359 130 131 101 102 103 104 105 106 107 110 111 112 113 114 115 116 117 118 119 120 121 122 123 124 125 126 127 128 129 132 133 134 135 136 137 138 139 140 141 142 143 144 145 146 147 148 149 150 151 152 153 154 155 156 157 158 159 160 161 162 163 164 165 166 167 168 169 170 171 173 174 175 176 177 178 179 180 181 182 183 186 187 188 189 190 191 192 193 194 195 196 197 198 199 200 201 202 203 204 205 206 207 208 209 210 211 212 213 215 216 217 218 219 220 221 222 223 224 227 228 229 230 231 232 233 234 235 236 237 238 239 240 241 242 243 244 245 246 247 249
101 292 131 102 103 104 105 106 107 111 112 114 115 116 117 118 119 120 121 122 123 124 125 126 127 128 129 132 133 134 135 136 137 138 139 140 141 142 143 144 145 146 147 148 149 150 152 153 154 156 157 158 159 160 161 162 164 165 167 168 170 171 173 175 176 177 179 180 181 182 183 186 189 190 191 192 193 194 196 197 198 199 200 201 203 204 205 206 208 209 210 211 212 213 215 216 217 218 219 220 221 222 223 224 227 228 229 230 231 232 234 235 236 237 238 239 240 242 243 244 245 246 249
102 349 130 131 103 104 105 106 107 111 112 114 115 116 117 118 119 120 121 122 123 124 125 126 127 128 129 132 133 134 135 136 137 138 139 140 141 142 143 144 145 146 147 148 149 150 152 153 154 156 157 158 159 160 161 162 163 164 165 167 168 170 171 173 174 175 176 177 179 180 181 182 183 186 187 188 189 190 191 192 193 194 196 197 198 199 200 201 202 203 204 205 206 208 209 210 211 212 213 215 216 217 218 219 220 221 222 223 224 227 228 229 230 231 232 233 234 235 236 237 238 239 240 242 243 244 245 246 249
103 378 131 104 105 107 111 112 114 115 117 118 119 120 125 126 128 129 133 135 136 137 139 141 143 145 146 147 148 150 152 153 154 156 157 158 159 160 162 164 167 170 171 173 179 180 181 182 192 194 196 197 198 203 204 205 206 208 209 210 211 215 217 218 219 220 224 227 229 231 234 235 236 238 239 242 245 246 249
104 275 131 105 106 107 111 112 114 115 117 118 119 120 121 124 125 126 127 128 129 132 133 135 136 137 139 140 141 143 144 145 146 147 148 150 152 153 154 156 157 158 159 160 161 162 164 165 167 168 170 171 173 179 180 181 182 186 189 191 192 194 196 197 198 200 203 204 205 206 208 209 210 211 212 215 216 217 218 219 220 222 224 227 228 229 231 232 234 235 236 238 239 242 244 245 246 249
105 347 130 131 106 107 111 112 114 115 116 117 118 119 120 121 122 123 124 125 126 127 128 129 132 133 134 135 136 137 138 139 140 141 142 143 144 145 146 147 148 149 150 151 152 153 154 156 157 158 159 160 161 162 163 164 165 167 168 170 171 173 174 175 176 177 179 180 181 182 183 186 187 188 189 190 191 192 193 194 195 196 197 198 199 200 201 202 203 204 205 206 208 209 210 211 212 213 215 216 217 218 219 220 221 222 223 224 227 228 229 230 231 232 233 234 235 236 237 238 239 240 242 243 244 245 246 249
106 492 131 107 111 112 115 118 120 125 126 128 129 135 136 137 139 141 143 147 148 150 153 154 156 157 158 162 164 167 171 179 180 182 192 196 197 198 204 205 208 209 210 218 219 224 227 229 234 235 236 239 242 245 246 249
107 252 130 131 111 112 114 115 116 117 118 119 120 121 122 123 124 125 126 127 128 129 132 133 134 135 136 137 138 139 140 141 142 143 144 145 146 147 148 149 150 151 152 153 154 156 157 158 159 160 161 162 163 164 165 167 168 170 171 173 174 175 176 177 179 180 181 182 183 186 187 188 189 190 191 192 193 194 195 196 197 198 199 200 201 202 203 204 205 206 208 209 210 211 212 213 215 216 217 218 219 220 221 222 223 224 227 228 229 230 231 232 233 234 235 236 237 238 239 240 242 243 244 245 246 249
108 256 111 118 143 148 150 158 164 182 197 198 218 234 236 245
109 367 111 118 158 218
110 309 111 118 143 148 150 156 158 164 171 182 197 198 205 218 234 236 239 245 249
111 324 130 131 112 113 114 115 116 117 118 119 120 121 122 123 124 125 126 127 128 129 132 133 134 135 136 137 138 139 140 141 142 143 144 145 146 147 148 149 150 151 152 153 154 155 156 157 158 159 160 161 162 163 164 165 166 167 168 169 170 171 172 173 174 175 176 177 178 179 180 181 182 183 184 185 186 187 188 189 190 191 192 193 194 195 196 197 198 199 200 201 202 203 204 205 206 207 208 209 210 211 212 213 214 215 216 217 218 219 220 221 222 223 224 225 226 227 228 229 230 231 232 233 234 235 236 237 238 239 240 241 242 243 244 245 246 247 248 249
112 443 130 131 114 115 116 117 118 119 120 121 122 123 124 125 126 127 128 129 132 133 134 135 136 137 138 139 140 141 142 143 144 145 146 147 148 149 150 151 152 153 154 155 156 157 158 159 160 161 162 163 164 165 167 168 169 170 171 173 174 175 176 177 178 179 180 181 182 183 186 187 188 189 190 191 192 193 194 195 196 197 198 199 200 201 202 203 204 205 206 208 209 210 211 212 213 215 216 217 218 219 220 221 222 223 224 227 228 229 230 231 232 233 234 235 236 237 238 239 240 241 242 243 244 245 246 247 249
113 275 118 143 148 150 156 158 164 171 182 197 198 205 218 234 236 239 245 249
114 282 131 115 117 118 119 120 125 126 128 129 133 135 136 137 139 141 143 145 146 147 148 150 152 153 154 156 157 158 159 160 162 164 167 170 171 179 180 181 182 192 194 196 197 198 203 204 205 208 209 210 215 217 218 219 220 224 227 229 231 234 235 236 238 239 242 245 246 249
115 366 130 131 116 117 118 119 120 121 122 123 124 125 126 127 128 129 132 133 134 135 136 137 138 139 140 141 142 143 144 145 146 147 148 149 150 152 153 154 156 157 158 159 160 161 162 163 164 165 167 168 170 171 173 174 175 176 177 179 180 181 182 183 186 187 189 190 191 192 193 194 196 197 198 199 200 201 202 203 204 205 206 208 209 210 211 212 213 215 216 217 218 219 220 221 222 223 224 227 228 229 230 231 232 233 234 235 236 237 238 239 240 242 243 244 245 246 249
116 276 131 118 120 125 126 128 129 135 136 137 139 141 143 147 148 150 153 154 156 158 162 164 167 171 179 180 182 192 196 197 198 204 205 209 218 227 234 235 236 239 242 245 246 249
117 358 131 118 119 120 125 126 127 128 129 132 133 135 136 137 139 141 143 145 146 147 148 150 152 153 154 156 157 158 159 160 162 164 167 170 171 173 179 180 181 182 192 194 196 197 198 203 204 205 206 208 209 210 211 215 216 217 218 219 220 224 227 228 229 231 232 234 235 236 238 239 242 244 245 246 249
118 417 130 131 119 120 121 122 123 124 125 126 127 128 129 132 133 134 135 136 137 138 139 140 141 142 143 144 145 146 147 148 149 150 151 152 153 154 155 156 157 158 159 160 161 162 163 164 165 166 167 168 169 170 171 172 173 174 175 176 177 178 179 180 181 182 183 184 185 186 187 188 189 190 191 192 193 194 195 196 197 198 199 200 201 202 203 204 205 206 207 208 209 210 211 212 213 215 216 217 218 219 220 221 222 223 224 225 226 227 228 229 230 231 232 233 234 235 236 237 238 239 240 241 242 243 244 245 246 247 248 249
119 257 131 120 125 126 128 129 133 135 136 137 139 141 143 145 146 147 148 150 152 153 154 156 157 158 159 160 162 164 167 170 171 179 180 181 182 192 194 196 197 198 203 204 205 208 209 210 215 217 218 219 220 224 227 229 231 234 235 236 238 239 242 245 246 249
120 326 130 131 121 122 123 124 125 126 127 128 129 132 133 134 135 136 137 138 139 140 141 142 143 144 145 146 147 148 149 150 151 152 153 154 155 156 157 158 159 160 161 162 163 164 165 167 168 169 170 171 173 174 175 176 177 178 179 180 181 182 183 186 187 188 189 190 191 192 193 194 195 196 197 198 199 200 201 202 203 204 205 206 208 209 210 211 212 213 215 216 217 218 219 220 221 222 223 224 227 228 229 230 231 232 233 234 235 236 237 238 239 240 241 242 243 244 245 246 247 249
121 416 131 125 126 128 129 135 136 137 139 141 143 147 148 150 153 154 156 157 158 162 164 167 171 179 180 182 192 196 197 198 204 205 208 209 210 218 219 224 227 234 235 236 239 242 245 246 249
122 288 131 125 126 128 129 135 136 137 139 141 143 147 148 150 153 154 156 158 162 164 167 171 179 180 182 192 196 197 198 204 205 209 218 227 234 235 236 239 242 245 246 249
123 296 131 125 126 128 129 135 136 137 139 141 143 147 148 150 153 154 156 157 158 162 164 167 171 179 180 182 192 196 197 198 204 205 208 209 218 219 224 227 234 235 236 239 242 245 246 249
124 498 131 125 126 128 129 135 136 137 139 141 143 147 148 150 152 153 154 156 157 158 162 164 167 170 171 179 180 182 192 194 196 197 198 204 205 208 209 210 215 218 219 224 227 229 234 235 236 239 242 245 246 249
125 250 130 131 126 127 128 129 132 133 134 135 136 137 138 139 140 141 142 143 144 145 146 147 148 149 150 152 153 154 156 157 158 159 160 161 162 163 164 165 167 168 170 171 173 174 175 176 177 179 180 181 182 183 186 187 189 190 191 192 193 194 196 197 198 199 200 201 202 203 204 205 206 208 209 210 211 212 213 215 216 217 218 219 220 221 222 223 224 227 228 229 230 231 232 233 234 235 236 237 238 239 240 242 243 244 245 246 249
126 252 130 131 127 128 129 132 133 134 135 136 137 138 139 140 141 142 143 144 145 146 147 148 149 150 151 152 153 154 155 156 157 158 159 160 161 162 163 164 165 167 168 169 170 171 173 174 175 176 177 178 179 180 181 182 183 186 187 188 189 190 191 192 193 194 195 196 197 198 199 200 201 202 203 204 205 206 208 209 210 211 212 213 215 216 217 218 219 220 221 222 223 224 227 228 229 230 231 232 233 234 235 236 237 238 239 240 241 242 243 244 245 246 247 249
127 377 131 128 129 133 135 136 137 139 141 143 146 147 148 150 152 153 154 156 157 158 159 160 162 164 167 170 171 179 180 182 192 194 196 197 198 203 204 205 208 209 210 215 217 218 219 220 224 227 229 231 234 235 236 238 239 242 245 246 249
128 297 130 131 129 132 133 134 135 136 137 138 139 140 141 142 143 144 145 146 147 148 149 150 152 153 154 156 157 158 159 160 161 162 163 164 165 167 168 170 171 173 174 175 176 177 179 180 181 182 183 186 187 188 189 190 191 192 193 194 196 197 198 199 200 201 202 203 204 205 206 208 209 210 211 212 213 215 216 217 218 219 220 221 222 223 224 227 228 229 230 231 232 233 234 235 236 237 238 239 240 242 243 244 245 246 249
129 326 131 132 133 134 135 136 137 138 139 140 141 142 143 144 145 146 147 148 149 150 152 153 154 156 157 158 159 160 161 162 164 165 167 168 170 171 173 175 176 177 179 180 181 182 183 186 189 190 191 192 193 194 196 197 198 199 200 201 203 204 205 206 208 209 210 211 212 213 215 216 217 218 219 220 221 222 223 224 227 228 229 230 231 232 233 234 235 236 237 238 239 240 242 243 244 245 246 249
130 460 143 147 148 150 153 154 156 158 162 164 171 179 180 182 192 197 198 204 205 218 234 235 236 239 242 245 249
131 252 132 133 134 135 136 137 138 139 140 141 142 143 144 145 146 147 148 149 150 152 153 154 156 157 158 159 160 161 162 164 165 167 168 170 171 173 175 176 177 179 180 181 182 183 186 189 190 191 192 193 194 196 197 198 200 203 204 205 206 208 209 210 211 212 213 215 216 217 218 219 220 221 222 224 227 228 229 230 231 232 234 235 236 237 238 239 240 242 244 245 246 249
132 288 133 135 136 137 139 141 143 147 148 150 152 153 154 156 157 158 159 160 162 164 167 170 171 179 180 182 192 194 196 197 198 203 204 205 208 209 210 215 218 219 220 224 227 229 234 235 236 239 242 245 246 249
133 482 135 136 137 139 141 143 145 146 147 148 150 152 153 154 156 157 158 159 160 162 164 167 170 171 173 179 180 181 182 192 194 196 197 198 203 204 205 206 208 209 210 211 215 216 217 218 219 220 224 227 228 229 231 232 234 235 236 238 239 242 245 246 249
134 250 135 136 137 139 141 143 147 148 150 153 154 156 158 162 164 167 171 179 180 182 192 196 197 198 204 205 209 218 227 234 235 236 239 242 245 246 249
135 268 136 137 138 139 140 141 142 143 144 145 146 147 148 149 150 152 153 154 156 157 158 159 160 161 162 164 165 167 168 170 171 173 175 176 177 179 180 181 182 183 186 189 190 191 192 193 194 196 197 198 199 200 201 203 204 205 206 208 209 210 211 212 213 215 216 217 218 219 220 221 222 223 224 227 228 229 230 231 232 233 234 235 236 237 238 239 240 242 243 244 245 246 249
136 480 137 138 139 140 141 142 143 144 145 146 147 148 149 150 152 153 154 156 157 158 159 160 161 162 164 165 167 168 170 171 173 175 176 177 179 180 181 182 183 186 189 190 191 192 193 194 196 197 198 200 203 204 205 206 208 209 210 211 212 213 215 216 217 218 219 220 221 222 224 227 228 229 230 231 232 234 235 236 237 238 239 240 242 244 245 246 249
137 257 138 139 140 141 142 143 144 145 146 147 148 149 150 152 153 154 156 157 158 159 160 161 162 164 165 167 168 170 171 173 175 176 177 179 180 181 182 183 186 189 190 191 192 193 194 196 197 198 199 200 201 203 204 205 206 208 209 210 211 212 213 215 216 217 218 219 220 221 222 223 224 227 228 229 230 231 232 233 234 235 236 237 238 239 240 242 243 244 245 246 249
138 263 139 141 143 147 148 150 153 154 156 158 162 164 167 171 179 180 182 192 196 197 198 204 205 209 218 227 234 235 236 239 242 245 246 249
139 352 140 141 142 143 144 145 146 147 148 149 150 152 153 154 156 157 158 159 160 161 162 164 165 167 168 170 171 173 175 176 177 179 180 181 182 183 186 189 190 191 192 193 194 196 197 198 200 203 204 205 206 208 209 210 211 212 213 215 216 217 218 219 220 221 222 224 227 228 229 230 231 232 234 235 236 237 238 239 242 244 245 246 249
140 254 141 143 147 148 150 153 154 156 157 158 162 164 167 171 179 180 182 192 196 197 198 204 205 208 209 210 218 219 224 227 229 234 235 236 239 242 245 246 249
141 394 142 143 144 145 146 147 148 149 150 152 153 154 156 157 158 159 160 161 162 164 165 167 168 170 171 173 175 176 177 179 180 181 182 183 186 189 190 191 192 193 194 196 197 198 199 200 201 203 204 205 206 208 209 210 211 212 213 215 216 217 218 219 220 221 222 223 224 227 228 229 230 231 232 233 234 235 236 237 238 239 240 242 243 244 245 246 249
142 435 143 147 148 150 153 154 156 158 162 164 167 171 179 180 182 192 196 197 198 204 205 209 218 227 234 235 236 239 242 245 246 249
143 260 144 145 146 147 148 149 150 151 152 153 154 155 156 157 158 159 160 161 162 163 164 165 166 167 168 169 170 171 172 173 174 175 176 177 178 179 180 181 182 183 184 185 186 187 188 189 190 191 192 193 194 195 196 197 198 199 200 201 202 203 204 205 206 207 208 209 210 211 212 213 215 216 217 218 219 220 221 222 223 224 226 227 228 229 230 231 232 233 234 235 236 237 238 239 240 241 242 243 244 245 246 247 248 249
144 305 147 148 150 153 154 156 157 158 162 164 167 170 171 179 180 182 192 194 196 197 198 204 205 208 209 210 218 219 224 227 229 234 235 236 239 242 245 246 249
145 365 146 147 148 150 152 153 154 156 157 158 159 160 162 164 167 170 171 173 179 180 181 182 192 194 196 197 198 203 204 205 206 208 209 210 211 215 217 218 219 220 224 227 229 231 234 235 236 238 239 242 245 246 249
146 286 147 148 150 152 153 154 156 157 158 159 160 162 164 167 170 171 173 179 180 181 182 192 194 196 197 198 203 204 205 206 208 209 210 211 215 217 218 219 220 224 227 229 231 234 235 236 238 239 242 245 246 249
147 349 148 149 150 152 153 154 156 157 158 159 160 161 162 163 164 165 167 168 170 171 173 174 175 176 177 179 180 181 182 183 186 187 188 189 190 191 192 193 194 196 197 198 199 200 201 202 203 204 205 206 208 209 210 211 212 213 215 216 217 218 219 220 221 222 223 224 227 228 229 230 231 232 233 234 235 236 237 238 239 240 242 243 244 245 246 249
148 385 149 150 151 152 153 154 155 156 157 158 159 160 161 162 163 164 165 166 167 168 169 170 171 172 173 174 175 176 177 178 179 180 181 182 183 184 185 186 187 188 189 190 191 192 193 194 195 196 197 198 199 200 201 202 203 204 205 206 207 208 209 210 211 212 213 215 216 217 218 219 220 221 222 223 224 226 227 228 229 230 231 232 233 234 235 236 237 238 239 240 241 242 243 244 245 246 247 248 249
149 285 150 153 154 156 158 162 164 167 171 179 180 182 192 196 197 198 204 205 209 218 227 234 235 236 239 242 245 246 249
150 330 151 152 153 154 155 156 157 158 159 160 161 162 163 164 165 166 167 168 169 170 171 172 173 174 175 176 177 178 179 180 181 182 183 184 185 186 187 188 189 190 191 192 193 194 195 196 197 198 199 200 201 202 203 204 205 206 207 208 209 210 211 212 213 215 216 217 218 219 220 221 222 223 224 226 227 228 229 230 231 232 233 234 235 236 237 238 239 240 241 242 243 244 245 246 247 248 249
151 435 153 154 156 158 162 164 171 179 180 182 192 197 198 204 205 218 234 235 236 239 245 249
152 277 153 154 156 157 158 159 160 162 164 167 170 171 173 179 180 181 182 192 194 196 197 198 203 204 205 206 208 209 210 211 215 216 217 218 219 220 224 227 228 229 231 232 234 235 236 238 239 242 244 245 246 249
153 288 154 155 156 157 158 159 160 161 162 163 164 165 167 168 169 170 171 173 174 175 176 177 179 180 181 182 183 186 187 188 189 190 191 192 193 194 195 196 197 198 199 200 201 202 203 204 205 206 208 209 210 211 212 213 215 216 217 218 219 220 221 222 223 224 227 228 229 230 231 232 233 234 235 236 237 238 239 240 242 243 244 245 246 249
154 352 155 156 157 158 159 160 161 162 163 164 165 167 168 169 170 171 173 174 175 176 177 178 179 180 181 182 183 186 187 188 189 190 191 192 193 194 195 196 197 198 199 200 201 202 203 204 205 206 207 208 209 210 211 212 213 215 216 217 218 219 220 221 222 223 224 227 228 229 230 231 232 233 234 235 236 237 238 239 240 241 242 243 244 245 246 247 249
155 323 156 158 164 171 179 182 192 197 198 204 205 218 234 235 236 239 245 249
156 325 157 158 159 160 161 162 163 164 165 166 167 168 169 170 171 173 174 175 176 177 178 179 180 181 182 183 186 187 188 189 190 191 192 193 194 195 196 197 198 199 200 201 202 203 204 205 206 207 208 209 210 211 212 213 215 216 217 218 219 220 221 222 223 224 227 228 229 230 231 232 233 234 235 236 237 238 239 240 241 242 243 244 245 246 247 249
157 484 158 159 160 161 162 164 165 167 168 170 171 173 176 179 180 181 182 183 186 189 191 192 193 194 196 197 198 200 203 204 205 206 208 209 210 211 212 215 216 217 218 219 220 221 222 224 227 228 229 231 232 234 235 236 238 239 242 244 245 246 249
158 253 159 160 161 162 163 164 165 166 167 168 169 170 171 172 173 174 175 176 177 178 179 180 181 182 183 184 185 186 187 188 189 190 191 192 193 194 195 196 197 198 199 200 201 202 203 204 205 206 207 208 209 210 211 212 213 215 216 217 218 219 220 221 222 223 224 225 226 227 228 229 230 231 232 233 234 235 236 237 238 239 240 241 242 243 244 245 246 247 248 249
159 263 160 162 164 167 170 171 173 179 180 181 182 192 194 196 197 198 203 204 205 206 208 209 210 211 215 216 217 218 219 220 224 227 228 229 231 234 235 236 238 239 242 245 246 249
160 402 162 164 167 170 171 173 179 180 181 182 192 194 196 197 198 203 204 205 206 208 209 210 211 215 216 217 218 219 220 224 227 228 229 231 232 234 235 236 238 239 242 244 245 246 249
161 259 162 164 167 171 179 180 182 192 196 197 198 204 205 208 209 210 218 219 224 227 229 234 235 236 239 242 245 246 249
162 339 163 164 165 167 168 170 171 173 174 175 176 177 179 180 181 182 183 186 187 188 189 190 191 192 193 194 195 196 197 198 199 200 201 202 203 204 205 206 208 209 210 211 212 213 215 216 217 218 219 220 221 222 223 224 227 228 229 230 231 232 233 234 235 236 237 238 239 240 242 243 244 245 246 249
163 399 164 171 179 180 182 192 197 198 204 205 218 234 235 236 239 242 245 249
164 295 165 166 167 168 169 170 171 172 173 174 175 176 177 178 179 180 181 182 183 184 185 186 187 188 189 190 191 192 193 194 195 196 197 198 199 200 201 202 203 204 205 206 207 208 209 210 211 212 213 215 216 217 218 219 220 221 222 223 224 226 227 228 229 230 231 232 233 234 235 236 237 238 239 240 241 242 243 244 245 246 247 248 249
165 306 167 171 179 180 182 192 196 197 198 204 205 208 209 210 218 219 224 227 234 235 236 239 242 245 246 249
166 355 171 182 197 198 205 218 234 236 239 245 249
167 266 168 170 171 173 175 176 177 179 180 181 182 183 186 189 190 191 192 193 194 196 197 198 200 203 204 205 206 208 209 210 211 212 213 215 216 217 218 219 220 221 222 224 227 228 229 230 231 232 234 235 236 237 238 239 240 242 243 244 245 246 249
168 379 171 179 180 182 192 194 196 197 198 204 205 208 209 210 218 219 224 227 229 234 235 236 239 242 245 246 249
169 362 171 179 182 192 197 198 204 205 218 234 235 236 239 245 249
170 281 171 173 179 180 181 182 192 194 196 197 198 203 204 205 206 208 209 210 211 212 215 216 217 218 219 220 224 227 228 229 231 232 234 235 236 238 239 242 244 245 246 249
171 357 173 174 175 176 177 178 179 180 181 182 183 186 187 188 189 190 191 192 193 194 195 196 197 198 199 200 201 202 203 204 205 206 207 208 209 210 211 212 213 215 216 217 218 219 220 221 222 223 224 226 227 228 229 230 231 232 233 234 235 236 237 238 239 240 241 242 243 244 245 246 247 249
172 493 182 197 198 218 234 236
173 251 179 180 182 192 194 196 197 198 203 204 205 208 209 210 215 217 218 219 220 224 227 229 231 234 235 236 238 239 242 245 246 249
174 256 179 180 182 192 197 198 204 205 218 234 235 236 239 242 245 249
175 424 179 180 182 192 196 197 198 204 205 209 218 227 234 235 236 239 242 245 246 249
176 285 179 180 182 192 196 197 198 204 205 208 209 210 218 219 224 227 234 235 236 239 242 245 246 249
177 291 179 180 182 192 196 197 198 204 205 209 218 227 234 235 236 239 242 245 246 249
178 385 182 192 197 198 205 218 234 235 236 239 245 249
179 282 180 181 182 183 186 187 188 189 190 191 192 193 194 195 196 197 198 199 200 201 202 203 204 205 206 208 209 210 211 212 213 215 216 217 218 219 220 221 222 223 224 227 228 229 230 231 232 233 234 235 236 237 238 239 240 242 243 244 245 246 249
180 333 181 182 183 186 187 188 189 190 191 192 193 194 195 196 197 198 199 200 201 202 203 204 205 206 208 209 210 211 212 213 215 216 217 218 219 220 221 222 223 224 227 228 229 230 231 232 233 234 235 236 237 238 239 240 242 243 244 245 246 249
181 386 182 192 194 196 197 198 203 204 205 208 209 210 211 215 217 218 219 220 224 227 229 231 234 235 236 238 239 242 245 246 249
182 274 183 184 185 186 187 188 189 190 191 192 193 194 195 196 197 198 199 200 201 202 203 204 205 206 207 208 209 210 211 212 213 215 216 217 218 219 220 221 222 223 224 226 227 228 229 230 231 232 233 234 235 236 237 238 239 240 241 242 243 244 245 246 247 248 249
183 340 192 196 197 198 204 205 208 209 210 218 219 224 227 234 235 236 239 242 245 246 249
184 400 197 198 218 234
185 264 197 198 218 234
186 336 192 196 197 198 204 205 208 209 210 218 219 224 227 229 234 235 236 239 242 245 246 249
187 358 192 197 198 204 205 218 234 235 236 239 242 245 249
188 280 192 197 198 204 205 218 234 235 236 239 242 245 249
189 362 192 196 197 198 204 205 208 209 210 218 219 224 227 229 234 235 236 239 242 245 246 249
190 398 192 196 197 198 204 205 209 218 227 234 235 236 239 242 245 246 249
191 290 192 196 197 198 204 205 208 209 210 218 219 224 227 229 234 235 236 239 242 245 246 249
192 312 193 194 195 196 197 198 199 200 201 202 203 204 205 206 207 208 209 210 211 212 213 215 216 217 218 219 220 221 222 223 224 227 228 229 230 231 232 233 234 235 236 237 238 239 240 241 242 243 244 245 246 247 249
193 398 196 197 198 204 205 208 209 218 219 224 227 234 235 236 239 242 245 246 249
194 283 196 197 198 203 204 205 206 208 209 210 211 212 215 216 217 218 219 220 224 227 228 229 231 232 234 235 236 238 239 242 244 245 246 249
195 319 197 198 204 205 218 234 235 236 239 245 249
196 363 197 198 200 203 204 205 206 208 209 210 211 212 213 215 216 217 218 219 220 221 222 224 227 228 229 230 231 232 234 235 236 237 238 239 240 242 243 244 245 246 249
197 309 198 199 200 201 202 203 204 205 206 207 208 209 210 211 212 213 215 216 217 218 219 220 221 222 223 224 226 227 228 229 230 231 232 233 234 235 236 237 238 239 240 241 242 243 244 245 246 247 248 249
198 328 199 200 201 202 203 204 205 206 207 208 209 210 211 212 213 215 216 217 218 219 220 221 222 223 224 226 227 228 229 230 231 232 233 234 235 236 237 238 239 240 241 242 243 244 245 246 247 248 249
199 365 204 205 218 234 235 236 239 242 245 249
200 260 204 205 208 209 210 218 219 224 227 229 234 235 236 239 242 245 246 249
201 375 204 205 218 234 235 236 239 242 245 249
202 435 204 205 218 234 235 236 239 242 245 249
203 268 204 205 206 208 209 210 211 215 216 217 218 219 220 224 227 228 229 231 232 234 235 236 238 239 242 244 245 246 249
204 297 205 206 208 209 210 211 212 213 215 216 217 218 219 220 221 222 223 224 227 228 229 230 231 232 233 234 235 236 237 238 239 240 242 243 244 245 246 249
205 372 206 207 208 209 210 211 212 213 215 216 217 218 219 220 221 222 223 224 226 227 228 229 230 231 232 233 234 235 236 237 238 239 240 241 242 243 244 245 246 247 249
206 275 208 209 210 215 217 218 219 220 224 227 229 231 234 235 236 238 239 242 245 246 249
207 353 218 234 235 236 239 245 249
208 377 209 210 211 212 215 216 217 218 219 220 221 222 224 227 228 229 231 232 234 235 236 238 239 242 244 245 246 249
209 296 210 211 212 213 215 216 217 218 219 220 221 222 224 227 228 229 231 232 234 235 236 237 238 239 242 244 245 246 249
210 327 211 212 215 216 217 218 219 220 221 222 224 227 228 229 231 232 234 235 236 238 239 242 244 245 246 249
211 442 215 217 218 219 220 224 227 229 231 234 235 236 238 239 242 245 246 249
212 262 218 219 224 227 229 234 235 236 239 242 245 246 249
213 296 218 227 234 235 236 239 242 245 246 249
214 354 218
215 260 216 217 218 219 220 224 227 228 229 231 232 234 235 236 238 239 242 244 245 246 249
216 386 218 219 220 224 227 229 234 235 236 239 242 245 246 249
217 352 218 219 220 224 227 229 231 234 235 236 238 239 242 245 246 249
218 282 219 220 221 222 223 224 225 226 227 228 229 230 231 232 233 234 235 236 237 238 239 240 241 242 243 244 245 246 247 248 249
219 366 220 221 222 224 227 228 229 231 232 234 235 236 238 239 242 244 245 246 249
220 352 224 227 229 231 234 235 236 238 239 242 245 246 249
221 268 224 227 234 235 236 239 242 245 246 249
222 380 224 227 229 234 235 236 239 242 245 246 249
223 350 234 235 236 239 242 245 249
224 289 227 228 229 231 232 234 235 236 238 239 242 244 245 246 249
225 361
226 456 234 236 245
227 263 228 229 231 232 234 235 236 237 238 239 242 244 245 246 249
228 281 229 234 235 236 239 242 245 246 249
229 427 231 232 234 235 236 238 239 242 244 245 246 249
230 260 234 235 236 239 242 245 249
231 313 234 235 236 238 239 242 245 246 249
232 426 234 235 236 239 242 245 246 249
233 257 234 235 236 239 242 245 249
234 317 235 236 237 238 239 240 241 242 243 244 245 246 247 248 249
235 427 236 237 238 239 240 241 242 243 244 245 246 247 249
236 258 237 238 239 240 241 242 243 244 245 246 247 249
237 315 239 242 245 246 249
238 407 239 242 245 246 249
239 262 240 241 242 243 244 245 246 247 249
240 331 242 245 249
241 462 245 249
242 260 243 244 245 246 249
243 278 245 249
244 355 245 246 249
245 279 246 247 249
246 366 249
247 454 249
248 251
249 295
