60 1000
1 361 4 6 7 11 16 17 18 19 20 22 24 25 26 28 29 31 32 34 38 40 41 42 46 47 49 52 55 56 57 58 59
2 257 3 4 6 7 11 16 17 18 19 20 22 23 24 25 26 28 29 31 32 34 37 38 40 41 42 46 47 49 50 52 53 55 56 57 58 59
3 382 4 6 7 8 9 10 11 13 14 15 16 17 18 19 20 21 22 23 24 25 26 27 28 29 30 31 32 33 34 35 36 37 38 40 41 42 43 46 47 48 49 50 52 53 55 56 57 58 59 60
4 391 6 7 8 9 10 11 13 14 15 16 17 18 19 20 21 22 23 24 25 26 27 28 29 30 31 32 33 34 35 36 37 38 39 40 41 42 43 44 45 46 47 48 49 50 51 52 53 54 55 56 57 58 59 60
5 259 6 7 11 18 19 20 22 24 25 26 28 29 31 32 38 41 42 46 47 49 52 55 56 57 58
6 350 7 8 9 10 11 12 13 14 15 16 17 18 19 20 21 22 23 24 25 26 27 28 29 30 31 32 33 34 35 36 37 38 39 40 41 42 43 44 45 46 47 48 49 50 51 52 53 54 55 56 57 58 59 60
7 395 8 9 10 11 12 13 14 15 16 17 18 19 20 21 22 23 24 25 26 27 28 29 30 31 32 33 34 35 36 37 38 39 40 41 42 43 44 45 46 47 48 49 50 51 52 53 54 55 56 57 58 59 60
8 263 11 16 17 18 19 20 21 22 23 24 25 26 28 29 31 32 34 37 38 40 41 42 46 47 49 50 52 53 55 56 57 58 59
9 342 11 16 17 18 19 20 21 22 23 24 25 26 28 29 31 32 34 37 38 40 41 42 46 47 49 50 52 53 55 56 57 58 59
10 427 11 16 17 18 19 20 21 22 23 24 25 26 28 29 31 32 34 35 36 37 38 40 41 42 43 46 47 49 50 52 53 55 56 57 58 59
11 257 12 13 14 15 16 17 18 19 20 21 22 23 24 25 26 27 28 29 30 31 32 33 34 35 36 37 38 39 40 41 42 43 44 45 46 47 48 49 50 51 52 53 54 55 56 57 58 59 60
12 316 18 19 20 22 24 25 26 28 29 31 32 38 41 42 46 47 49 52 55 56 57 58
13 459 16 17 18 19 20 21 22 23 24 25 26 28 29 31 32 34 37 38 40 41 42 46 47 49 50 52 53 55 56 57 58 59
14 255 16 17 18 19 20 21 22 23 24 25 26 28 29 31 32 34 35 36 37 38 40 41 42 43 46 47 48 49 50 52 53 55 56 57 58 59
15 286 16 17 18 19 20 21 22 23 24 25 26 28 29 31 32 34 35 36 37 38 40 41 42 46 47 49 50 52 53 55 56 57 58 59
16 367 17 18 19 20 21 22 23 24 25 26 27 28 29 30 31 32 33 34 35 36 37 38 39 40 41 42 43 44 45 46 47 48 49 50 51 52 53 54 55 56 57 58 59 60
17 270 18 19 20 21 22 23 24 25 26 27 28 29 30 31 32 33 34 35 36 37 38 39 40 41 42 43 44 45 46 47 48 49 50 51 52 53 54 55 56 57 58 59 60
18 363 19 20 21 22 23 24 25 26 27 28 29 30 31 32 33 34 35 36 37 38 39 40 41 42 43 44 45 46 47 48 49 50 51 52 53 54 55 56 57 58 59 60
19 460 20 21 22 23 24 25 26 27 28 29 30 31 32 33 34 35 36 37 38 39 40 41 42 43 44 45 46 47 48 49 50 51 52 53 54 55 56 57 58 59 60
20 267 21 22 23 24 25 26 27 28 29 30 31 32 33 34 35 36 37 38 39 40 41 42 43 44 45 46 47 48 49 50 51 52 53 54 55 56 57 58 59 60
21 273 22 23 24 25 26 27 28 29 30 31 32 33 34 35 36 37 38 40 41 42 43 46 47 48 49 50 52 53 55 56 57 58 59 60
22 459 23 24 25 26 27 28 29 30 31 32 33 34 35 36 37 38 39 40 41 42 43 44 45 46 47 48 49 50 51 52 53 54 55 56 57 58 59 60
23 259 24 25 26 27 28 29 30 31 32 33 34 35 36 37 38 40 41 42 43 46 47 48 49 50 52 53 55 56 57 58 59 60
24 282 25 26 27 28 29 30 31 32 33 34 35 36 37 38 39 40 41 42 43 44 45 46 47 48 49 50 51 52 53 54 55 56 57 58 59 60
25 493 26 27 28 29 30 31 32 33 34 35 36 37 38 39 40 41 42 43 44 45 46 47 48 49 50 51 52 53 54 55 56 57 58 59 60
26 253 27 28 29 30 31 32 33 34 35 36 37 38 39 40 41 42 43 44 45 46 47 48 49 50 51 52 53 54 55 56 57 58 59 60
27 254 28 29 31 32 34 35 36 37 38 40 41 42 43 46 47 48 49 50 52 53 55 56 57 58 59 60
28 460 29 30 31 32 33 34 35 36 37 38 39 40 41 42 43 44 45 46 47 48 49 50 51 52 53 54 55 56 57 58 59 60
29 253 30 31 32 33 34 35 36 37 38 39 40 41 42 43 44 45 46 47 48 49 50 51 52 53 54 55 56 57 58 59 60
30 287 31 32 34 37 38 40 41 42 46 47 49 50 52 53 55 56 57 58 59
31 366 32 33 34 35 36 37 38 39 40 41 42 43 44 45 46 47 48 49 50 51 52 53 54 55 56 57 58 59 60
32 292 33 34 35 36 37 38 39 40 41 42 43 44 45 46 47 48 49 50 51 52 53 54 55 56 57 58 59 60
33 342 34 37 38 40 41 42 46 47 49 50 52 53 55 56 57 58 59
34 470 35 36 37 38 40 41 42 43 46 47 48 49 50 52 53 54 55 56 57 58 59 60
35 254 36 37 38 40 41 42 43 46 47 48 49 50 52 53 55 56 57 58 59 60
36 276 37 38 40 41 42 43 46 47 48 49 50 52 53 55 56 57 58 59 60
37 405 38 40 41 42 43 46 47 48 49 50 52 53 55 56 57 58 59 60
38 252 39 40 41 42 43 44 45 46 47 48 49 50 51 52 53 54 55 56 57 58 59 60
39 343 41 42 46 47 49 52 55 56 57 58 59
40 499 41 42 43 46 47 48 49 50 52 53 54 55 56 57 58 59 60
41 250 42 43 44 45 46 47 48 49 50 51 52 53 54 55 56 57 58 59 60
42 251 43 44 45 46 47 48 49 50 51 52 53 54 55 56 57 58 59 60
43 488 46 47 48 49 50 52 53 55 56 57 58 59 60
44 251 46 47 49 52 55 56 57 58 59
45 261 46 47 49 52 55 56 57 58 59
46 384 47 48 49 50 51 52 53 54 55 56 57 58 59 60
47 258 48 49 50 51 52 53 54 55 56 57 58 59 60
48 358 49 50 52 53 55 56 57 58 59 60
49 407 50 51 52 53 54 55 56 57 58 59 60
50 288 52 53 55 56 57 58 59 60
51 305 52 55 56 57 58 59
52 415 53 54 55 56 57 58 59 60
53 261 55 56 57 58 59 60
54 324 55 56 57 58 59
55 423 56 57 58 59 60
56 279 57 58 59 60
57 298 58 59 60
58 368 59 60
59 303 60
60 329
