120 1000
1 470 2 3 4 5 6 7 8 9 10 11 12 13 14 15 16 17 18 19 20 21 22 23 24 25 26 27 28 29 30 31 32 33 66 34 35 36 37 38 39 40 41 42 43 44 45 46 47 48 49 50 51 52 53 54 55 56 57 58 59 60 61 62 63 64 65 67 68 69 70 71 72 73 74 75 76 77 78 79 80 81 82 83 84 85 86 87 88 89 90 91 92 93 94 95 96 97 98 99 100 101 102 103 104 105 106 107 108 109 110 111 112 113 114 115 116 117 118 119 120
2 254 3 4 5 6 7 8 9 10 11 12 13 14 15 16 17 18 19 20 21 22 23 24 25 26 27 28 29 30 31 32 33 66 34 35 36 37 38 39 40 41 42 43 44 45 46 47 48 49 50 51 52 53 54 55 56 57 58 59 60 61 62 63 64 65 67 68 69 70 71 72 73 74 75 76 77 78 79 80 81 82 83 84 85 86 87 88 89 90 91 92 93 94 95 96 97 98 99 100 101 102 103 104 105 106 107 108 109 110 111 112 113 114 115 116 117 118 119 120
3 276 4 5 6 7 8 9 10 11 12 13 14 15 16 17 18 19 20 21 22 23 24 25 26 27 28 29 30 31 32 33 66 34 35 36 37 38 39 40 41 42 43 44 45 46 47 48 49 50 51 52 53 54 55 56 57 58 59 60 61 62 63 64 65 67 68 69 70 71 72 73 74 75 76 77 78 79 80 81 82 83 84 85 86 87 88 89 90 91 92 93 94 95 96 97 98 99 100 101 102 103 104 105 106 107 108 109 110 111 112 113 114 115 116 117 118 119 120
4 393 5 6 7 8 9 10 11 12 13 14 15 16 17 18 19 20 21 22 23 24 25 26 27 28 29 30 31 32 33 66 34 35 36 37 38 39 40 41 42 43 44 45 46 47 48 49 50 51 52 53 54 55 56 57 58 59 60 61 62 64 65 67 68 69 70 71 72 73 74 75 76 77 78 79 80 81 82 85 86 87 88 89 90 91 92 93 94 95 96 97 98 99 100 101 102 103 104 105 106 107 108 109 110 111 112 113 114 115 116 117 118 120
5 271 6 7 8 9 10 11 12 13 14 15 16 17 18 19 20 21 22 23 24 25 26 27 28 29 30 31 32 33 66 34 35 36 37 38 39 40 41 42 43 44 45 46 47 48 49 50 51 52 53 54 55 56 57 58 59 60 61 62 63 64 65 67 68 69 70 71 72 73 74 75 76 77 78 79 80 81 82 83 84 85 86 87 88 89 90 91 92 93 94 95 96 97 98 99 100 101 102 103 104 105 106 107 108 109 110 111 112 113 114 115 116 117 118 119 120
6 336 7 8 9 10 11 12 13 14 15 16 17 18 19 20 21 22 23 24 25 26 27 28 29 30 31 32 33 66 34 35 36 37 38 39 40 41 42 43 44 46 47 48 49 50 51 52 53 54 55 56 57 58 59 60 61 62 64 65 67 68 69 70 71 72 73 75 76 77 78 79 80 81 82 85 86 87 88 89 90 91 92 93 94 95 96 97 98 100 101 102 103 104 105 106 107 108 109 110 111 112 113 114 115 116 117 118 120
7 354 8 9 10 11 12 13 14 15 16 17 18 19 20 21 22 23 24 25 26 27 28 29 30 31 32 33 66 34 35 36 37 38 39 40 41 42 43 44 45 46 47 48 49 50 51 52 53 54 55 56 57 58 59 60 61 62 63 64 65 67 68 69 70 71 72 73 74 75 76 77 78 79 80 81 82 83 84 85 86 87 88 89 90 91 92 93 94 95 96 97 98 99 100 101 102 103 104 105 106 107 108 109 110 111 112 113 114 115 116 117 118 119 120
8 282 9 10 11 12 13 14 15 16 17 18 19 20 21 22 23 24 25 26 27 28 29 30 31 32 33 66 34 35 36 37 38 39 40 41 42 43 44 46 47 48 49 50 51 52 53 54 55 56 57 58 59 60 61 62 64 65 67 68 69 70 71 72 73 75 76 77 78 79 80 81 82 85 86 87 88 89 90 91 92 93 94 95 96 97 98 99 100 101 102 103 104 105 106 107 108 109 110 111 112 113 114 115 116 117 118 120
9 364 10 11 12 14 16 17 18 19 20 21 22 23 24 25 26 27 28 29 30 31 32 66 34 35 36 37 38 39 40 41 43 44 46 47 48 49 51 53 54 55 56 57 58 59 60 61 62 64 65 67 68 69 70 71 73 75 76 77 78 79 80 81 82 85 86 87 89 90 91 92 93 94 95 96 97 98 100 101 103 104 106 107 108 109 110 111 113 114 115 116 117 118 120
10 366 11 12 13 14 15 16 17 18 19 20 21 22 23 24 25 26 27 28 29 30 31 32 33 66 34 35 36 37 38 39 40 41 42 43 44 45 46 47 48 49 50 51 52 53 54 55 56 57 58 59 60 61 62 64 65 67 68 69 70 71 72 73 74 75 76 77 78 79 80 81 82 85 86 87 88 89 90 91 92 93 94 95 96 97 98 99 100 101 102 103 104 105 106 107 108 109 110 111 112 113 114 115 116 117 118 119 120
11 262 12 13 14 15 16 17 18 19 20 21 22 23 24 25 26 27 28 29 30 31 32 33 66 34 35 36 37 38 39 40 41 42 43 44 45 46 47 48 49 50 51 52 53 54 55 56 57 58 59 60 61 62 63 64 65 67 68 69 70 71 72 73 74 75 76 77 78 79 80 81 82 83 84 85 86 87 88 89 90 91 92 93 94 95 96 97 98 99 100 101 102 103 104 105 106 107 108 109 110 111 112 113 114 115 116 117 118 119 120
12 372 13 14 16 17 18 19 20 21 22 23 24 25 26 27 28 29 30 31 32 33 66 34 35 36 37 38 39 40 41 42 43 44 46 47 48 49 50 51 52 53 54 55 56 57 58 59 60 61 62 64 65 67 68 69 70 71 72 73 75 76 77 78 79 80 81 82 85 86 87 88 89 90 91 92 93 94 95 96 97 98 100 101 102 103 104 105 106 107 108 109 110 111 113 114 115 116 117 118 120
13 418 14 16 17 18 20 21 22 24 26 27 28 29 30 31 66 35 37 38 39 40 41 47 48 49 53 54 58 59 60 61 64 67 70 71 73 75 78 80 81 85 87 90 92 93 97 100 101 103 104 110 111 113 114 118
14 265 15 16 17 18 19 20 21 22 23 24 25 26 27 28 29 30 31 32 33 66 34 35 36 37 38 39 40 41 42 43 44 45 46 47 48 49 50 51 52 53 54 55 56 57 58 59 60 61 62 63 64 65 67 68 69 70 71 72 73 74 75 76 77 78 79 80 81 82 83 84 85 86 87 88 89 90 91 92 93 94 95 96 97 98 99 100 101 102 103 104 105 106 107 108 109 110 111 112 113 114 115 116 117 118 119 120
15 317 17 20 21 22 24 26 27 28 29 30 31 66 35 37 38 39 41 47 48 49 53 54 58 59 60 64 67 70 71 73 75 78 80 81 85 87 90 97 100 101 103 104 110 111 113 114
16 442 17 18 19 20 21 22 23 24 25 26 27 28 29 30 31 32 33 66 34 35 36 37 38 39 40 41 42 43 44 46 47 48 49 50 51 52 53 54 55 56 57 58 59 60 61 62 64 65 67 68 69 70 71 72 73 75 76 77 78 79 80 81 82 85 86 87 88 89 90 91 92 93 94 95 96 97 98 100 101 102 103 104 105 106 107 108 109 110 111 113 114 115 116 117 118 120
17 257 18 19 20 21 22 23 24 25 26 27 28 29 30 31 32 33 66 34 35 36 37 38 39 40 41 42 43 44 45 46 47 48 49 50 51 52 53 54 55 56 57 58 59 60 61 62 63 64 65 67 68 69 70 71 72 73 74 75 76 77 78 79 80 81 82 83 84 85 86 87 88 89 90 91 92 93 94 95 96 97 98 99 100 101 102 103 104 105 106 107 108 109 110 111 112 113 114 115 116 117 118 119 120
18 301 19 20 21 22 23 24 25 26 27 28 29 30 31 32 33 66 34 35 36 37 38 39 40 41 42 43 44 46 47 48 49 50 51 52 53 54 55 56 57 58 59 60 61 62 64 65 67 68 69 70 71 72 73 75 76 77 78 79 80 81 82 85 86 87 88 89 90 91 92 93 94 95 96 97 98 100 101 102 103 104 105 106 107 108 109 110 111 113 114 115 116 117 118 120
19 463 20 21 22 24 25 26 27 28 29 30 31 66 35 37 38 39 40 41 43 47 48 49 53 54 56 57 58 59 60 61 64 67 70 71 73 75 77 78 80 81 82 85 86 87 90 92 93 94 95 96 97 100 101 103 104 110 111 113 114 115 118 120
20 252 21 22 23 24 25 26 27 28 29 30 31 32 33 66 34 35 36 37 38 39 40 41 42 43 44 45 46 47 48 49 50 51 52 53 54 55 56 57 58 59 60 61 62 63 64 65 67 68 69 70 71 72 73 74 75 76 77 78 79 80 81 82 83 84 85 86 87 88 89 90 91 92 93 94 95 96 97 98 99 100 101 102 103 104 105 106 107 108 109 110 111 112 113 114 115 116 117 118 119 120
21 285 22 23 24 25 26 27 28 29 30 31 32 33 66 34 35 36 37 38 39 40 41 42 43 44 45 46 47 48 49 50 51 52 53 54 55 56 57 58 59 60 61 62 63 64 65 67 68 69 70 71 72 73 74 75 76 77 78 79 80 81 82 83 84 85 86 87 88 89 90 91 92 93 94 95 96 97 98 99 100 101 102 103 104 105 106 107 108 109 110 111 112 113 114 115 116 117 118 119 120
22 447 23 24 25 26 27 28 29 30 31 32 33 66 34 35 36 37 38 39 40 41 42 43 44 45 46 47 48 49 50 51 52 53 54 55 56 57 58 59 60 61 62 63 64 65 67 68 69 70 71 72 73 74 75 76 77 78 79 80 81 82 83 84 85 86 87 88 89 90 91 92 93 94 95 96 97 98 99 100 101 102 103 104 105 106 107 108 109 110 111 112 113 114 115 116 117 118 119 120
23 254 24 25 26 27 28 29 30 31 32 66 35 36 37 38 39 40 41 43 44 47 48 49 53 54 56 57 58 59 60 61 62 64 65 67 70 71 73 75 77 78 79 80 81 82 85 86 87 89 90 91 92 93 94 95 96 97 98 100 101 103 104 110 111 113 114 115 116 117 118 120
24 299 25 26 27 28 29 30 31 32 33 66 34 35 36 37 38 39 40 41 42 43 44 45 46 47 48 49 50 51 52 53 54 55 56 57 58 59 60 61 62 63 64 65 67 68 69 70 71 72 73 74 75 76 77 78 79 80 81 82 83 84 85 86 87 88 89 90 91 92 93 94 95 96 97 98 99 100 101 102 103 104 105 106 107 108 109 110 111 112 113 114 115 116 117 118 119 120
25 473 26 27 28 29 30 31 32 66 34 35 36 37 38 39 40 41 43 44 47 48 49 53 54 55 56 57 58 59 60 61 62 64 65 67 68 69 70 71 73 75 77 78 79 80 81 82 85 86 87 89 90 91 92 93 94 95 96 97 98 100 101 103 104 106 107 108 109 110 111 113 114 115 116 117 118 120
26 250 27 28 29 30 31 32 33 66 34 35 36 37 38 39 40 41 42 43 44 45 46 47 48 49 50 51 52 53 54 55 56 57 58 59 60 61 62 63 64 65 67 68 69 70 71 72 73 74 75 76 77 78 79 80 81 82 83 84 85 86 87 88 89 90 91 92 93 94 95 96 97 98 99 100 101 102 103 104 105 106 107 108 109 110 111 112 113 114 115 116 117 118 119 120
27 277 28 29 30 31 32 33 66 34 35 36 37 38 39 40 41 42 43 44 45 46 47 48 49 50 51 52 53 54 55 56 57 58 59 60 61 62 63 64 65 67 68 69 70 71 72 73 74 75 76 77 78 79 80 81 82 83 84 85 86 87 88 89 90 91 92 93 94 95 96 97 98 99 100 101 102 103 104 105 106 107 108 109 110 111 112 113 114 115 116 117 118 119 120
28 412 29 30 31 32 33 66 34 35 36 37 38 39 40 41 42 43 44 45 46 47 48 49 50 51 52 53 54 55 56 57 58 59 60 61 62 63 64 65 67 68 69 70 71 72 73 74 75 76 77 78 79 80 81 82 83 84 85 86 87 88 89 90 91 92 93 94 95 96 97 98 99 100 101 102 103 104 105 106 107 108 109 110 111 112 113 114 115 116 117 118 119 120
29 272 30 31 32 33 66 34 35 36 37 38 39 40 41 42 43 44 46 47 48 49 50 51 52 53 54 55 56 57 58 59 60 61 62 64 65 67 68 69 70 71 72 73 75 76 77 78 79 80 81 82 85 86 87 88 89 90 91 92 93 94 95 96 97 98 100 101 102 103 104 105 106 107 108 109 110 111 112 113 114 115 116 117 118 120
30 316 31 32 33 66 34 35 36 37 38 39 40 41 42 43 44 45 46 47 48 49 50 51 52 53 54 55 56 57 58 59 60 61 62 63 64 65 67 68 69 70 71 72 73 74 75 76 77 78 79 80 81 82 83 84 85 86 87 88 89 90 91 92 93 94 95 96 97 98 99 100 101 102 103 104 105 106 107 108 109 110 111 112 113 114 115 116 117 118 119 120
31 351 32 33 66 34 35 36 37 38 39 40 41 42 43 44 45 46 47 48 49 50 51 52 53 54 55 56 57 58 59 60 61 62 63 64 65 67 68 69 70 71 72 73 74 75 76 77 78 79 80 81 82 83 84 85 86 87 88 89 90 91 92 93 94 95 96 97 98 99 100 101 102 103 104 105 106 107 108 109 110 111 112 113 114 115 116 117 118 119 120
32 253 66 35 36 37 38 39 40 41 43 44 47 48 49 53 54 56 57 58 59 60 61 62 64 65 67 70 71 73 75 77 78 79 80 81 82 85 86 87 89 90 91 92 93 94 95 96 97 98 100 101 103 104 110 111 113 114 115 116 117 118 120
33 396 66 35 37 38 39 40 41 47 48 49 53 54 57 58 59 60 61 64 67 70 71 73 75 78 80 81 85 87 90 92 93 94 97 100 101 103 104 110 111 113 114 118 120
34 415 66 35 37 38 39 40 41 43 47 48 49 53 54 56 57 58 59 60 61 64 65 67 70 71 73 75 77 78 80 81 82 85 86 87 90 92 93 94 95 96 97 100 101 103 104 110 111 113 114 115 116 118 120
35 289 66 36 37 38 39 40 41 42 43 44 45 46 47 48 49 50 51 52 53 54 55 56 57 58 59 60 61 62 63 64 65 67 68 69 70 71 72 73 74 75 76 77 78 79 80 81 82 83 84 85 86 87 88 89 90 91 92 93 94 95 96 97 98 99 100 101 102 103 104 105 106 107 108 109 110 111 112 113 114 115 116 117 118 119 120
36 296 66 37 38 39 40 41 43 44 47 48 49 53 54 56 57 58 59 60 61 62 64 65 67 70 71 73 75 77 78 79 80 81 82 85 86 87 89 90 91 92 93 94 95 96 97 98 100 101 103 104 110 111 113 114 115 116 117 118 120
37 403 66 38 39 40 41 42 43 44 45 46 47 48 49 50 51 52 53 54 55 56 57 58 59 60 61 62 63 64 65 67 68 69 70 71 72 73 74 75 76 77 78 79 80 81 82 83 84 85 86 87 88 89 90 91 92 93 94 95 96 97 98 99 100 101 102 103 104 105 106 107 108 109 110 111 112 113 114 115 116 117 118 119 120
38 268 66 39 40 41 42 43 44 45 46 47 48 49 50 51 52 53 54 55 56 57 58 59 60 61 62 63 64 65 67 68 69 70 71 72 73 74 75 76 77 78 79 80 81 82 83 84 85 86 87 88 89 90 91 92 93 94 95 96 97 98 99 100 101 102 103 104 105 106 107 108 109 110 111 112 113 114 115 116 117 118 119 120
39 329 66 40 41 42 43 44 45 46 47 48 49 50 51 52 53 54 55 56 57 58 59 60 61 62 63 64 65 67 68 69 70 71 72 73 74 75 76 77 78 79 80 81 82 83 84 85 86 87 88 89 90 91 92 93 94 95 96 97 98 99 100 101 102 103 104 105 106 107 108 109 110 111 112 113 114 115 116 117 118 119 120
40 381 66 41 42 43 44 46 47 48 49 50 51 52 53 54 55 56 57 58 59 60 61 62 64 65 67 68 69 70 71 72 73 75 76 77 78 79 80 81 82 85 86 87 88 89 90 91 92 93 94 95 96 97 98 100 101 103 104 106 107 108 109 110 111 113 114 115 116 117 118 120
41 295 66 42 43 44 45 46 47 48 49 50 51 52 53 54 55 56 57 58 59 60 61 62 63 64 65 67 68 69 70 71 72 73 74 75 76 77 78 79 80 81 82 83 84 85 86 87 88 89 90 91 92 93 94 95 96 97 98 99 100 101 102 103 104 105 106 107 108 109 110 111 112 113 114 115 116 117 118 119 120
42 324 66 47 48 49 53 54 58 59 60 61 64 67 70 71 73 75 78 80 81 85 87 90 92 93 97 100 101 103 104 110 111 113 114 118
43 397 66 44 47 48 49 53 54 55 56 57 58 59 60 61 62 64 65 67 68 69 70 71 73 75 77 78 79 80 81 82 85 86 87 89 90 91 92 93 94 95 96 97 98 100 101 103 104 106 107 108 109 110 111 113 114 115 116 117 118 120
44 299 66 47 48 49 53 54 56 57 58 59 60 61 62 64 65 67 70 71 73 75 77 78 80 81 82 85 86 87 89 90 91 92 93 94 95 96 97 100 101 103 104 110 111 113 114 115 116 117 118 120
45 304 66 47 48 49 53 58 59 60 64 67 70 71 73 78 80 81 85 90 97 100 101 103 104 110 111 113 114
46 499 66 47 48 49 53 54 57 58 59 60 61 64 67 70 71 73 75 77 78 80 81 82 85 87 90 92 93 94 95 97 100 101 103 104 110 111 113 114 118 120
47 250 66 48 49 50 51 52 53 54 55 56 57 58 59 60 61 62 63 64 65 67 68 69 70 71 72 73 74 75 76 77 78 79 80 81 82 83 84 85 86 87 88 89 90 91 92 93 94 95 96 97 98 99 100 101 102 103 104 105 106 107 108 109 110 111 112 113 114 115 116 117 118 119 120
48 251 66 49 50 51 52 53 54 55 56 57 58 59 60 61 62 63 64 65 67 68 69 70 71 72 73 74 75 76 77 78 79 80 81 82 83 84 85 86 87 88 89 90 91 92 93 94 95 96 97 98 99 100 101 102 103 104 105 106 107 108 109 110 111 112 113 114 115 116 117 118 119 120
49 457 66 50 51 52 53 54 55 56 57 58 59 60 61 62 63 64 65 67 68 69 70 71 72 73 74 75 76 77 78 79 80 81 82 83 84 85 86 87 88 89 90 91 92 93 94 95 96 97 98 99 100 101 102 103 104 105 106 107 108 109 110 111 112 113 114 115 116 117 118 119 120
50 255 66 53 54 57 58 59 60 61 64 67 70 71 73 75 78 80 81 85 87 90 92 93 97 100 101 103 104 110 111 113 114 118
51 288 66 53 54 57 58 59 60 61 64 67 70 71 73 75 77 78 80 81 82 85 87 90 92 93 94 95 97 100 101 103 104 110 111 113 114 118 120
52 437 66 53 54 58 59 60 61 64 67 70 71 73 75 78 80 81 85 87 90 92 93 97 100 101 103 104 110 111 113 114 118
53 278 66 54 55 56 57 58 59 60 61 62 63 64 65 67 68 69 70 71 72 73 74 75 76 77 78 79 80 81 82 83 84 85 86 87 88 89 90 91 92 93 94 95 96 97 98 99 100 101 102 103 104 105 106 107 108 109 110 111 112 113 114 115 116 117 118 119 120
54 285 66 55 56 57 58 59 60 61 62 64 65 67 68 69 70 71 72 73 75 76 77 78 79 80 81 82 85 86 87 88 89 90 91 92 93 94 95 96 97 98 100 101 102 103 104 105 106 107 108 109 110 111 112 113 114 115 116 117 118 120
55 354 66 57 58 59 60 61 64 67 70 71 73 75 77 78 80 81 82 85 87 90 92 93 94 95 96 97 100 101 103 104 110 111 113 114 118 120
56 298 66 57 58 59 60 61 62 64 65 67 68 69 70 71 73 75 77 78 79 80 81 82 85 86 87 89 90 91 92 93 94 95 96 97 98 100 101 103 104 106 107 108 109 110 111 113 114 115 116 117 118 120
57 348 66 58 59 60 61 62 64 65 67 68 69 70 71 73 75 76 77 78 79 80 81 82 85 86 87 88 89 90 91 92 93 94 95 96 97 98 100 101 103 104 106 107 108 109 110 111 113 114 115 116 117 118 120
58 412 66 59 60 61 62 63 64 65 67 68 69 70 71 72 73 74 75 76 77 78 79 80 81 82 83 84 85 86 87 88 89 90 91 92 93 94 95 96 97 98 99 100 101 102 103 104 105 106 107 108 109 110 111 112 113 114 115 116 117 118 119 120
59 265 66 60 61 62 63 64 65 67 68 69 70 71 72 73 74 75 76 77 78 79 80 81 82 83 84 85 86 87 88 89 90 91 92 93 94 95 96 97 98 99 100 101 102 103 104 105 106 107 108 109 110 111 112 113 114 115 116 117 118 119 120
60 323 66 61 62 63 64 65 67 68 69 70 71 72 73 74 75 76 77 78 79 80 81 82 84 85 86 87 88 89 90 91 92 93 94 95 96 97 98 99 100 101 102 103 104 105 106 107 108 109 110 111 112 113 114 115 116 117 118 119 120
61 419 66 62 64 65 67 68 69 70 71 72 73 75 76 77 78 79 80 81 82 85 86 87 88 89 90 91 92 93 94 95 96 97 98 100 101 102 103 104 105 106 107 108 109 110 111 113 114 115 116 117 118 120
62 277 66 64 65 67 70 71 73 75 77 78 79 80 81 82 85 86 87 89 90 91 92 93 94 95 96 97 98 100 101 103 104 110 111 113 114 115 116 117 118 120
63 304 66 64 67 70 71 73 78 80 81 85 90 97 100 101 103 104 110 111 113 114
64 471 66 65 67 68 69 70 71 72 73 74 75 76 77 78 79 80 81 82 84 85 86 87 88 89 90 91 92 93 94 95 96 97 98 99 100 101 102 103 104 105 106 107 108 109 110 111 112 113 114 115 116 117 118 119 120
65 252 66 67 69 70 71 73 75 77 78 79 80 81 82 85 86 87 89 90 91 92 93 94 95 96 97 98 100 101 103 104 108 109 110 111 113 114 115 116 117 118 120
66 277 67 68 69 70 71 72 73 74 75 76 77 78 79 80 81 82 83 84 85 86 87 88 89 90 91 92 93 94 95 96 97 98 99 100 101 102 103 104 105 106 107 108 109 110 111 112 113 114 115 116 117 118 119 120
67 434 68 69 70 71 72 73 74 75 76 77 78 79 80 81 82 83 84 85 86 87 88 89 90 91 92 93 94 95 96 97 98 99 100 101 102 103 104 105 106 107 108 109 110 111 112 113 114 115 116 117 118 119 120
68 279 70 71 73 75 77 78 80 81 82 85 87 90 92 93 94 95 96 97 100 101 103 104 110 111 113 114 115 118 120
69 287 70 71 73 75 77 78 80 81 82 85 86 87 90 92 93 94 95 96 97 100 101 103 104 110 111 113 114 115 116 118 120
70 354 71 72 73 74 75 76 77 78 79 80 81 82 83 84 85 86 87 88 89 90 91 92 93 94 95 96 97 98 99 100 101 102 103 104 105 106 107 108 109 110 111 112 113 114 115 116 117 118 119 120
71 256 72 73 74 75 76 77 78 79 80 81 82 83 84 85 86 87 88 89 90 91 92 93 94 95 96 97 98 99 100 101 102 103 104 105 106 107 108 109 110 111 112 113 114 115 116 117 118 119 120
72 390 73 75 78 80 81 85 87 90 92 93 97 100 101 103 104 110 111 113 114 118
73 476 74 75 76 77 78 79 80 81 82 83 84 85 86 87 88 89 90 91 92 93 94 95 96 97 98 99 100 101 102 103 104 105 106 107 108 109 110 111 112 113 114 115 116 117 118 119 120
74 255 78 80 81 85 90 97 100 101 103 104 110 111 113 114
75 269 76 77 78 79 80 81 82 85 86 87 88 89 90 91 92 93 94 95 96 97 98 100 101 102 103 104 105 106 107 108 109 110 111 112 113 114 115 116 117 118 120
76 480 77 78 80 81 82 85 87 90 92 93 94 95 97 100 101 103 104 110 111 113 114 118 120
77 254 78 79 80 81 82 85 86 87 89 90 91 92 93 94 95 96 97 98 100 101 103 104 106 107 108 109 110 111 113 114 115 116 117 118 120
78 266 79 80 81 82 83 84 85 86 87 88 89 90 91 92 93 94 95 96 97 98 99 100 101 102 103 104 105 106 107 108 109 110 111 112 113 114 115 116 117 118 119 120
79 418 80 81 82 85 86 87 89 90 91 92 93 94 95 96 97 98 100 101 103 104 110 111 113 114 115 116 117 118 120
80 254 81 82 83 84 85 86 87 88 89 90 91 92 93 94 95 96 97 98 99 100 101 102 103 104 105 106 107 108 109 110 111 112 113 114 115 116 117 118 119 120
81 328 82 83 84 85 86 87 88 89 90 91 92 93 94 95 96 97 98 99 100 101 102 103 104 105 106 107 108 109 110 111 112 113 114 115 116 117 118 119 120
82 369 85 86 87 89 90 91 92 93 94 95 96 97 98 100 101 103 104 106 107 108 109 110 111 113 114 115 116 117 118 120
83 280 85 90 97 100 101 103 110 111 113 114
84 351 85 90 97 100 101 103 104 110 111 113 114
85 411 86 87 88 89 90 91 92 93 94 95 96 97 98 99 100 101 102 103 104 105 106 107 108 109 110 111 112 113 114 115 116 117 118 119 120
86 265 87 89 90 91 92 93 94 95 96 97 98 100 101 103 104 106 107 108 109 110 111 113 114 115 116 117 118 120
87 324 88 89 90 91 92 93 94 95 96 97 98 100 101 102 103 104 105 106 107 108 109 110 111 112 113 114 115 116 117 118 120
88 432 90 92 93 97 100 101 103 104 110 111 113 114 118
89 278 90 91 92 93 94 95 96 97 98 100 101 103 104 110 111 113 114 115 116 117 118 120
90 290 91 92 93 94 95 96 97 98 99 100 101 102 103 104 105 106 107 108 109 110 111 112 113 114 115 116 117 118 119 120
91 406 92 93 94 95 96 97 98 100 101 103 104 110 111 113 114 115 116 117 118 120
92 273 93 94 95 96 97 98 100 101 102 103 104 105 106 107 108 109 110 111 113 114 115 116 117 118 120
93 321 94 95 96 97 98 100 101 103 104 105 106 107 108 109 110 111 113 114 115 116 117 118 120
94 439 95 96 97 98 100 101 103 104 106 107 108 109 110 111 113 114 115 116 117 118 120
95 274 96 97 98 100 101 103 104 106 107 108 109 110 111 113 114 115 116 117 118 120
96 287 97 98 100 101 103 104 106 107 108 109 110 111 113 114 115 116 117 118 120
97 393 98 99 100 101 102 103 104 105 106 107 108 109 110 111 112 113 114 115 116 117 118 119 120
98 261 100 101 103 104 110 111 113 114 115 116 117 118 120
99 346 100 101 103 104 110 111 113 114
100 444 101 102 103 104 105 106 107 108 109 110 111 112 113 114 115 116 117 118 119 120
101 255 102 103 104 105 106 107 108 109 110 111 112 113 114 115 116 117 118 119 120
102 301 103 104 110 111 113 114
103 499 104 105 106 107 108 109 110 111 112 113 114 115 116 117 118 119 120
104 250 105 106 107 108 109 110 111 112 113 114 115 116 117 118 119 120
105 251 110 111 113 114 118
106 439 110 111 113 114 115 116 118 120
107 261 110 111 113 114 115 118 120
108 300 110 111 113 114 115 116 118 120
109 374 110 111 113 114 115 116 118 120
110 306 111 112 113 114 115 116 117 118 119 120
111 320 112 113 114 115 116 117 118 119 120
112 467 113 114
113 257 114 115 116 117 118 119 120
114 276 115 116 117 118 119 120
115 410 116 117 118 120
116 274 117 118 120
117 316 118 120
118 405 120
119 294
120 301
