60 1000
1 494 2 3 4 5 6 7 8 10 11 12 14 16 17 18 20 21 22 24 26 27 28 29 30 31 35 37 38 39 41 47 48 49 53 54 58 59 60
2 250 3 4 5 6 7 8 9 10 11 12 14 16 17 18 19 20 21 22 23 24 25 26 27 28 29 30 31 32 34 35 36 37 38 39 40 41 43 44 47 48 49 53 54 56 57 58 59 60
3 256 4 5 6 7 8 9 10 11 12 14 16 17 18 19 20 21 22 23 24 25 26 27 28 29 30 31 32 34 35 36 37 38 39 40 41 43 44 47 48 49 53 54 56 57 58 59 60
4 429 5 7 14 17 20 21 22 26 27 28 30 31 35 37 38 39 41 48 49 53 58 59
5 266 6 7 8 9 10 11 12 14 16 17 18 20 21 22 24 25 26 27 28 29 30 31 35 37 38 39 40 41 43 47 48 49 53 54 56 57 58 59 60
6 305 7 14 17 20 21 22 26 27 28 30 31 35 37 38 41 48 49 53 58 59
7 378 8 9 10 11 12 14 16 17 18 20 21 22 23 24 25 26 27 28 29 30 31 32 35 36 37 38 39 40 41 43 47 48 49 53 54 56 57 58 59 60
8 268 14 17 20 21 22 26 27 28 30 31 35 37 38 41 48 49 53 58 59
9 354 14 20 21 26 27 28 30 35 41 48 49 58 59
10 482 14 17 20 21 22 26 27 28 30 31 35 37 38 39 41 47 48 49 53 58 59
11 251 14 17 20 21 22 24 26 27 28 30 31 35 37 38 39 41 47 48 49 53 58 59
12 267 14 17 20 21 22 26 27 28 30 31 35 37 41 48 49 58 59
13 464
14 259 16 17 18 20 21 22 23 24 25 26 27 28 29 30 31 32 35 36 37 38 39 40 41 43 47 48 49 53 54 56 57 58 59 60
15 277
16 398 17 20 21 22 26 27 28 30 31 35 37 41 48 49 58 59
17 276 18 20 21 22 24 26 27 28 29 30 31 35 37 38 39 41 47 48 49 53 54 58 59 60
18 326 20 21 22 26 27 28 30 31 35 37 41 48 49 58 59
19 390 28 49
20 260 21 22 23 24 25 26 27 28 29 30 31 32 35 36 37 38 39 40 41 43 44 47 48 49 53 54 56 57 58 59 60
21 350 22 23 24 25 26 27 28 29 30 31 32 35 36 37 38 39 40 41 43 47 48 49 53 54 56 57 58 59 60
22 482 24 26 27 28 29 30 31 35 37 38 39 41 47 48 49 53 54 58 59 60
23 251 26 28 48 49
24 267 26 27 28 30 31 35 37 38 39 41 47 48 49 53 58 59 60
25 430 26 27 28 30 35 41 48 49 58 59
26 262 27 28 29 30 31 32 35 36 37 38 39 40 41 43 47 48 49 53 54 56 57 58 59 60
27 308 28 29 30 31 35 37 38 39 40 41 43 47 48 49 53 54 56 57 58 59 60
28 400 29 30 31 32 34 35 36 37 38 39 40 41 43 44 47 48 49 53 54 55 56 57 58 59 60
29 261 30 31 35 37 38 41 48 49 53 58 59
30 339 31 35 37 38 39 40 41 43 47 48 49 53 54 57 58 59 60
31 498 35 37 38 39 40 41 47 48 49 53 54 57 58 59 60
32 250 48 49
33 252
34 362 49
35 288 37 38 39 40 41 43 47 48 49 53 54 56 57 58 59 60
36 350 48 49
37 498 38 39 40 41 47 48 49 53 54 57 58 59 60
38 250 39 41 47 48 49 53 54 58 59 60
39 252 41 47 48 49 53 58 59 60
40 459 41 48 49 58 59
41 260 43 47 48 49 53 54 56 57 58 59 60
42 281
43 401 48 49 58 59
44 271 49
45 328
46 367
47 288 48 49 53 58 59 60
48 345 49 53 54 56 57 58 59 60
49 352 53 54 56 57 58 59 60
50 279
51 369
52 476
53 261 54 58 59 60
54 263 58 59
55 479
56 254 59
57 267 58 59
58 436 59 60
59 280 60
60 284
