60 1000
1 400 2 3 4 5 6 7 8 9 10 11 12 13 14 15 16 17 18 19 20 21 22 23 24 25 26 27 28 29 30 31 32 33 34 35 36 37 38 39 40 41 42 43 44 45 46 47 48 49 50 51 52 53 54 55 56 57 58 59 60
2 277 3 5 7 8 9 13 14 15 16 17 18 21 24 30 31 36 37 39 40 42 43 45 48 49 50 51 54 55 57 58 59
3 323 5 6 7 8 9 10 13 14 15 16 17 18 21 24 29 30 31 36 37 39 40 42 43 45 48 49 50 51 54 55 57 58 59
4 419 7 8 9 14 15 16 17 18 24 30 31 36 37 39 40 42 43 45 49 51 54 55 57 58 59
5 280 6 7 8 9 10 13 14 15 16 17 18 20 21 24 29 30 31 36 37 39 40 42 43 45 48 49 50 51 54 55 57 58 59
6 301 7 8 9 13 14 15 16 17 18 21 24 29 30 31 36 37 39 40 42 43 45 48 49 50 51 54 55 57 58 59
7 388 8 9 10 11 12 13 14 15 16 17 18 19 20 21 22 23 24 25 26 27 28 29 30 31 32 33 34 35 36 37 38 39 40 41 42 43 44 45 46 47 48 49 50 51 52 53 54 55 56 57 58 59 60
8 257 9 10 11 12 13 14 15 16 17 18 19 20 21 22 23 24 25 26 27 28 29 30 31 32 33 34 35 36 37 38 39 40 41 42 43 44 45 46 47 48 49 50 51 52 53 54 55 56 57 58 59 60
9 355 10 11 12 13 14 15 16 17 18 19 20 21 22 23 24 25 27 28 29 30 31 32 33 34 35 36 37 38 39 40 41 42 43 44 45 46 47 48 49 50 51 52 53 54 55 56 57 58 59
10 398 13 14 15 16 17 18 21 24 30 31 36 37 39 40 42 43 45 48 49 50 51 54 55 57 58 59
11 251 15 16 17 24 30 31 36 40 43 45 54 55 57 58 59
12 351 14 15 16 17 18 24 30 31 36 37 39 40 42 43 45 49 51 54 55 57 58 59
13 423 14 15 16 17 18 20 21 24 25 29 30 31 36 37 39 40 42 43 45 48 49 50 51 54 55 56 57 58 59
14 257 15 16 17 18 20 21 22 23 24 25 29 30 31 36 37 38 39 40 42 43 45 47 48 49 50 51 53 54 55 56 57 58 59
15 320 16 17 18 19 20 21 22 23 24 25 27 28 29 30 31 32 33 34 35 36 37 38 39 40 41 42 43 44 45 46 47 48 49 50 51 52 53 54 55 56 57 58 59
16 357 17 18 19 20 21 22 23 24 25 26 27 28 29 30 31 32 33 34 35 36 37 38 39 40 41 42 43 44 45 46 47 48 49 50 51 52 53 54 55 56 57 58 59 60
17 260 18 19 20 21 22 23 24 25 26 27 28 29 30 31 32 33 34 35 36 37 38 39 40 41 42 43 44 45 46 47 48 49 50 51 52 53 54 55 56 57 58 59 60
18 383 20 21 22 23 24 25 29 30 31 34 36 37 38 39 40 42 43 45 47 48 49 50 51 53 54 55 56 57 58 59
19 424 24 30 31 36 40 43 45 54 55 57 58 59
20 266 24 30 31 36 37 39 40 42 43 45 48 49 50 51 54 55 57 58 59
21 310 24 29 30 31 36 37 39 40 42 43 45 48 49 50 51 54 55 57 58 59
22 448 24 30 31 36 37 39 40 42 43 45 49 51 54 55 57 58 59
23 268 24 30 31 36 37 39 40 42 43 45 49 51 54 55 57 58 59
24 284 25 26 27 28 29 30 31 32 33 34 35 36 37 38 39 40 41 42 43 44 45 46 47 48 49 50 51 52 53 54 55 56 57 58 59 60
25 417 30 31 36 37 39 40 42 43 45 48 49 50 51 54 55 57 58 59
26 251 31 40 43 45 54 55 57 58 59
27 332 30 31 36 40 43 45 54 55 57 58 59
28 366 30 31 36 40 43 45 54 55 57 58 59
29 299 30 31 36 37 39 40 42 43 45 48 49 50 51 54 55 57 58 59
30 335 31 32 33 34 35 36 37 38 39 40 41 42 43 44 45 46 47 48 49 50 51 52 53 54 55 56 57 58 59
31 360 32 33 34 35 36 37 38 39 40 41 42 43 44 45 46 47 48 49 50 51 52 53 54 55 56 57 58 59 60
32 318 36 40 43 45 54 55 57 58 59
33 322 36 40 43 45 54 55 57 58 59
34 441 36 37 39 40 43 45 49 51 54 55 57 58 59
35 274 36 40 43 45 54 55 57 58 59
36 285 37 38 39 40 41 42 43 44 45 46 47 48 49 50 51 52 53 54 55 56 57 58 59
37 478 38 39 40 42 43 45 47 48 49 50 51 53 54 55 56 57 58 59
38 257 39 40 42 43 45 49 51 54 55 57 58 59
39 265 40 42 43 45 47 48 49 50 51 53 54 55 56 57 58 59
40 464 41 42 43 44 45 46 47 48 49 50 51 52 53 54 55 56 57 58 59 60
41 265 43 45 54 55 57 58 59
42 271 43 45 48 49 50 51 53 54 55 56 57 58 59
43 428 44 45 46 47 48 49 50 51 52 53 54 55 56 57 58 59 60
44 280 45 54 55 57 58 59
45 292 46 47 48 49 50 51 52 53 54 55 56 57 58 59 60
46 472 54 55 57 58 59
47 250 49 51 54 55 57 58 59
48 278 49 50 51 54 55 56 57 58 59
49 491 50 51 53 54 55 56 57 58 59
50 253 51 54 55 56 57 58 59
51 256 53 54 55 56 57 58 59
52 440 54 55 57 58 59
53 266 54 55 57 58 59
54 294 55 56 57 58 59 60
55 403 56 57 58 59 60
56 250 57 58 59
57 347 58 59 60
58 439 59 60
59 270 60
60 291
