249 1000
1 451 2 4 8 9 10 13 66 34 36 38 40 41 46 49 53 56 59 63 67 68 72 75 78 86 87 93 97 99 100 101 102 104 105 106 110 111 115 116 118 120 121 122 124 129 132 136 139 140 141 142 149 154 155 156 163 164 166 170 174 178 180 183 186 189 200 202 208 212 213 215 220 221 225 226 227 228 230 235 237 245 249
2 267 4 8 9 10 66 34 36 38 40 41 46 49 53 56 59 63 67 68 72 75 78 86 87 93 97 99 100 101 102 104 105 106 110 111 115 116 118 120 121 122 124 129 132 136 139 140 141 142 149 154 155 156 163 164 166 170 174 178 180 183 186 189 200 202 208 212 213 215 220 221 225 226 227 228 230 235 237 245 249
3 282 4 8 9 10 66 34 36 38 40 41 46 49 53 59 63 68 75 86 87 97 100 101 102 104 105 106 110 111 115 116 121 122 129 132 136 139 140 142 154 155 156 164 166 170 174 178 180 183 186 189 200 202 208 212 213 215 220 221 227 228 230 235 237 245
4 438 6 8 9 10 11 13 15 17 19 23 24 25 26 27 28 32 66 34 36 38 39 40 41 46 49 53 54 55 56 57 59 63 64 65 130 67 68 69 72 75 78 80 81 84 85 86 87 88 93 95 96 97 99 100 101 102 104 105 106 107 108 109 110 111 112 113 115 116 118 120 121 122 124 125 126 127 129 132 133 136 139 140 141 142 143 146 147 149 150 151 153 154 155 156 158 161 163 164 166 168 169 170 171 172 173 174 177 178 180 181 183 185 186 189 190 191 192 194 195 196 197 200 202 205 207 208 210 212 213 214 215 220 221 222 225 226 227 228 230 231 233 235 236 237 239 241 243 245 247 249
5 275
6 287 9 10 66 40 41 46 49 53 63 68 75 86 101 106 111 116 121 132 139 154 164 183 189 202 208 212 213 215 227 228 230 237 245
7 397
8 274 9 10 11 13 23 25 26 27 32 66 34 36 38 39 40 41 46 49 53 56 59 63 64 65 130 67 68 69 72 75 78 80 81 84 86 87 88 93 95 97 99 100 101 102 104 105 106 107 110 111 112 115 116 118 120 121 122 124 126 129 132 136 139 140 141 142 149 154 155 156 158 161 163 164 166 169 170 171 172 173 174 178 180 181 183 186 189 190 191 192 194 195 196 200 202 207 208 210 212 213 215 220 221 225 226 227 228 230 231 233 235 237 239 245 247 249
9 329 10 11 13 15 17 23 25 26 27 32 66 34 36 38 39 40 41 46 49 53 54 55 56 57 59 63 64 65 130 67 68 69 72 75 78 80 81 84 85 86 87 88 93 95 97 99 100 101 102 104 105 106 107 108 110 111 112 113 115 116 118 120 121 122 124 126 127 129 132 136 139 140 141 142 149 150 154 155 156 158 161 163 164 166 168 169 170 171 172 173 174 177 178 180 181 183 185 186 189 190 191 192 194 195 196 200 202 207 208 210 212 213 214 215 220 221 225 226 227 228 230 231 233 235 237 239 245 247 249
10 362 11 13 15 23 25 26 27 32 66 34 36 38 39 40 41 46 49 53 54 55 56 59 63 64 65 130 67 68 69 72 75 78 80 81 84 86 87 88 93 95 97 99 100 101 102 104 105 106 107 108 110 111 112 115 116 118 120 121 122 124 126 127 129 132 136 139 140 141 142 149 154 155 156 158 161 163 164 166 168 169 170 171 172 173 174 177 178 180 181 183 186 189 190 191 192 194 195 196 200 202 207 208 210 212 213 214 215 220 221 225 226 227 228 230 231 233 235 237 239 245 247 249
11 303 66 40 41 46 49 53 63 68 75 86 97 101 106 111 116 121 132 139 154 156 164 174 183 189 202 208 212 213 215 227 228 230 237 245
12 335
13 491 66 34 36 38 40 41 46 49 53 59 63 67 68 72 75 78 86 87 93 97 99 100 101 102 104 105 106 110 111 115 116 118 120 121 122 124 129 132 136 139 140 141 142 149 154 155 156 163 164 166 170 174 178 180 183 186 189 200 202 208 212 213 215 220 221 225 226 227 228 230 235 237 245 249
14 251
15 258 66 40 41 46 49 53 63 68 75 86 101 106 111 116 121 132 139 154 164 174 183 189 202 208 212 213 215 227 228 230 237 245
16 379
17 256 66 40 41 46 49 53 63 68 75 86 101 106 111 116 121 132 154 164 189 202 208 212 213 215 227 230 237 245
18 365
19 394 66 40 41 46 49 53 63 68 75 86 101 106 111 116 121 132 154 164 189 202 208 212 213 215 227 230 237
20 294
21 312
22 437
23 274 66 38 40 41 46 49 53 63 68 75 86 87 97 100 101 102 104 105 106 111 116 121 132 139 140 142 154 155 156 164 166 170 174 180 183 189 200 202 208 212 213 215 220 227 228 230 235 237 245
24 289 66 40 41 46 49 53 63 68 75 86 106 111 116 121 132 154 164 189 202 208 212 213 215 227 230 237
25 438 66 34 36 38 40 41 46 49 53 59 63 68 75 86 87 97 100 101 102 104 105 106 110 111 115 116 121 132 139 140 142 154 155 156 164 166 170 174 178 180 183 186 189 200 202 208 212 213 215 220 221 227 228 230 235 237 245
26 271 66 34 38 40 41 46 49 53 63 68 75 86 87 97 100 101 102 104 105 106 110 111 116 121 132 139 140 142 154 155 156 164 166 170 174 180 183 189 200 202 208 212 213 215 220 227 228 230 235 237 245
27 291 66 40 41 46 49 53 63 68 75 86 97 100 101 102 104 105 106 111 116 121 132 139 154 156 164 166 174 183 189 202 208 212 213 215 227 228 230 237 245
28 398 40 41 46 49 53 63 68 75 106 111 116 132 154 164 202 208 212 213 215 227 230 237
29 290 111
30 312
31 396
32 261 66 40 41 46 49 53 63 68 75 86 87 97 100 101 102 104 105 106 111 116 121 132 139 140 142 154 155 156 164 166 170 174 180 183 189 200 202 208 212 213 215 227 228 230 237 245
33 343
34 482 66 36 38 40 41 46 49 53 56 59 63 64 65 130 67 68 72 75 78 81 84 86 87 93 95 97 99 100 101 102 104 105 106 110 111 112 115 116 118 120 121 122 124 129 132 136 139 140 141 142 149 154 155 156 163 164 166 169 170 171 174 178 180 181 183 186 189 190 191 194 196 200 202 208 210 212 213 215 220 221 225 226 227 228 230 231 233 235 237 245 249
35 252
36 266 66 38 40 41 46 49 53 56 59 63 64 65 130 67 68 72 75 78 84 86 87 93 95 97 99 100 101 102 104 105 106 110 111 112 115 116 118 120 121 122 124 129 132 136 139 140 141 142 149 154 155 156 163 164 166 170 171 174 178 180 181 183 186 189 190 191 194 200 202 208 210 212 213 215 220 221 225 226 227 228 230 231 235 237 245 249
37 425
38 252 66 40 41 46 49 53 56 59 63 64 65 130 67 68 72 75 78 81 84 86 87 88 93 95 97 99 100 101 102 104 105 106 110 111 112 115 116 118 120 121 122 124 129 132 136 139 140 141 142 149 154 155 156 163 164 166 169 170 171 172 174 178 180 181 183 186 189 190 191 194 195 196 200 202 207 208 210 212 213 215 220 221 225 226 227 228 230 231 233 235 237 239 245 249
39 323 66 40 41 46 49 53 63 68 75 86 97 100 101 102 104 105 106 111 116 121 132 139 154 156 164 166 174 183 189 200 202 208 212 213 215 227 228 230 237 245
40 382 66 41 46 49 53 54 55 56 57 59 63 64 65 130 67 68 69 72 75 78 80 81 84 85 86 87 88 93 95 96 97 99 100 101 102 104 105 106 107 108 109 110 111 112 113 115 116 118 120 121 122 124 125 126 127 129 132 133 136 139 140 141 142 143 146 147 149 150 151 153 154 155 156 158 161 163 164 166 168 169 170 171 172 173 174 177 178 180 181 183 185 186 189 190 191 192 194 195 196 197 200 202 205 207 208 210 212 213 214 215 220 221 222 225 226 227 228 230 231 233 235 236 237 239 241 243 245 247 249
41 291 66 46 49 53 54 55 56 57 59 63 64 65 130 67 68 69 72 75 78 80 81 84 85 86 87 88 93 95 97 99 100 101 102 104 105 106 107 108 110 111 112 113 115 116 118 120 121 122 124 125 126 127 129 132 136 139 140 141 142 143 147 149 150 153 154 155 156 158 161 163 164 166 168 169 170 171 172 173 174 177 178 180 181 183 185 186 189 190 191 192 194 195 196 197 200 202 205 207 208 210 212 213 214 215 220 221 222 225 226 227 228 230 231 233 235 236 237 239 243 245 247 249
42 327
43 414
44 262
45 324
46 388 66 49 53 54 55 56 57 59 63 64 65 130 67 68 69 72 75 78 80 81 84 85 86 87 88 93 95 97 99 100 101 102 104 105 106 107 108 110 111 112 113 115 116 118 120 121 122 124 126 127 129 132 136 139 140 141 142 143 149 150 153 154 155 156 158 161 163 164 166 168 169 170 171 172 173 174 177 178 180 181 183 185 186 189 190 191 192 194 195 196 197 200 202 205 207 208 210 212 213 214 215 220 221 222 225 226 227 228 230 231 233 235 236 237 239 243 245 247 249
47 251
48 361
49 426 66 53 54 55 56 57 59 63 64 65 130 67 68 69 72 75 78 80 81 84 85 86 87 88 93 95 97 99 100 101 102 104 105 106 107 108 110 111 112 113 115 116 118 120 121 122 124 126 127 129 132 136 139 140 141 142 143 149 150 153 154 155 156 158 161 163 164 166 168 169 170 171 172 173 174 177 178 180 181 183 185 186 189 190 191 192 194 195 196 197 200 202 207 208 210 212 213 214 215 220 221 222 225 226 227 228 230 231 233 235 237 239 243 245 247 249
50 259
51 315
52 377
53 258 66 54 55 56 57 59 63 64 65 130 67 68 69 72 75 78 80 81 84 85 86 87 88 93 95 97 99 100 101 102 104 105 106 107 108 110 111 112 113 115 116 118 120 121 122 124 126 127 129 132 136 139 140 141 142 143 149 150 153 154 155 156 158 161 163 164 166 168 169 170 171 172 173 174 177 178 180 181 183 185 186 189 190 191 192 194 195 196 197 200 202 205 207 208 210 212 213 214 215 220 221 222 225 226 227 228 230 231 233 235 236 237 239 243 245 247 249
54 365 66 63 68 75 86 101 106 111 116 121 132 139 154 156 164 174 183 189 202 208 212 213 215 227 228 230 237 245
55 455 66 63 68 75 86 101 106 111 116 121 132 139 154 164 174 183 189 202 208 212 213 215 227 228 230 237 245
56 266 66 59 63 67 68 72 75 78 86 87 93 97 99 100 101 102 104 105 106 110 111 115 116 118 120 121 122 124 129 132 136 139 140 141 142 149 154 155 156 163 164 166 170 174 178 180 183 186 189 200 202 208 212 213 215 220 221 225 226 227 228 230 235 237 245 249
57 279 66 63 68 75 86 101 106 111 116 121 132 154 164 189 202 208 212 213 215 227 230 237 245
58 411
59 260 66 63 64 65 130 67 68 72 75 78 84 86 87 93 95 97 99 100 101 102 104 105 106 110 111 112 115 116 118 120 121 122 124 129 132 136 139 140 141 142 149 154 155 156 163 164 166 169 170 171 174 178 180 181 183 186 189 190 191 194 196 200 202 208 210 212 213 215 220 221 225 226 227 228 230 231 233 235 237 245 249
60 329
61 356
62 295
63 349 66 64 65 130 67 68 69 72 75 78 80 81 84 85 86 87 88 93 95 97 99 100 101 102 104 105 106 107 108 110 111 112 113 115 116 118 120 121 122 124 126 127 129 132 136 139 140 141 142 143 149 150 153 154 155 156 158 161 163 164 166 168 169 170 171 172 173 174 177 178 180 181 183 185 186 189 190 191 192 194 195 196 197 200 202 205 207 208 210 212 213 214 215 220 221 222 225 226 227 228 230 231 233 235 236 237 239 243 245 247 249
64 470 66 68 75 86 87 97 99 100 101 102 104 105 106 110 111 115 116 121 122 129 132 136 139 140 141 142 154 155 156 164 166 170 174 178 180 183 186 189 200 202 208 212 213 215 220 221 227 228 230 235 237 245 249
65 257 66 68 75 86 87 97 100 101 102 104 105 106 110 111 115 116 121 132 136 139 140 142 154 155 156 164 166 170 174 178 180 183 186 189 200 202 208 212 213 215 220 221 227 228 230 235 237 245
66 273 130 67 68 69 72 75 78 80 81 84 85 86 87 88 93 95 97 99 100 101 102 104 105 106 107 108 110 111 112 113 115 116 118 120 121 122 124 126 127 129 132 136 139 140 141 142 143 149 150 153 154 155 156 158 161 163 164 166 168 169 170 171 172 173 174 177 178 180 181 183 185 186 189 190 191 192 194 195 196 200 202 207 208 210 212 213 214 215 220 221 225 226 227 228 230 231 233 235 237 239 245 247 249
67 449 68 72 75 78 86 87 93 97 99 100 101 102 104 105 106 110 111 115 116 118 120 121 122 124 129 132 136 139 140 141 142 149 154 155 156 163 164 166 170 174 178 180 183 186 189 200 202 208 212 213 215 220 221 225 226 227 228 230 235 237 245 249
68 252 130 69 72 75 78 80 81 84 85 86 87 88 93 95 97 99 100 101 102 104 105 106 107 108 110 111 112 113 115 116 118 120 121 122 124 126 127 129 132 136 139 140 141 142 143 149 150 153 154 155 156 158 161 163 164 166 168 169 170 171 172 173 174 177 178 180 181 183 185 186 189 190 191 192 194 195 196 197 200 202 205 207 208 210 212 213 214 215 220 221 222 225 226 227 228 230 231 233 235 236 237 239 243 245 247 249
69 299 75 86 87 97 100 101 102 104 105 106 111 116 121 132 139 140 142 154 155 156 164 166 170 174 180 183 189 200 202 208 212 213 215 227 228 230 235 237 245
70 380
71 280
72 340 75 78 86 87 93 97 99 100 101 102 104 105 106 110 111 115 116 118 120 121 122 124 129 132 136 139 140 141 142 149 154 155 156 163 164 166 170 174 178 180 183 186 189 190 200 202 208 210 212 213 215 220 221 225 226 227 228 230 235 237 245 249
73 378
74 305
75 317 130 78 80 81 84 85 86 87 88 93 95 97 99 100 101 102 104 105 106 107 108 109 110 111 112 113 115 116 118 120 121 122 124 125 126 127 129 132 133 136 139 140 141 142 143 147 149 150 151 153 154 155 156 158 161 163 164 166 168 169 170 171 172 173 174 177 178 180 181 183 185 186 189 190 191 192 194 195 196 197 200 202 205 207 208 210 212 213 214 215 220 221 222 225 226 227 228 230 231 233 235 236 237 239 243 245 247 249
76 440
77 255
78 305 86 87 93 97 99 100 101 102 104 105 106 110 111 115 116 118 120 121 122 124 129 132 136 139 140 141 142 149 154 155 156 163 164 166 170 174 178 180 183 186 189 200 202 208 212 213 215 220 221 225 226 227 228 230 235 237 245 249
79 435
80 270 86 97 100 101 102 104 105 106 111 116 121 132 139 142 154 156 164 166 174 183 189 200 202 208 212 213 215 227 228 230 237 245
81 295 86 87 97 100 101 102 104 105 106 110 111 116 121 132 139 140 142 154 155 156 164 166 170 174 180 183 186 189 200 202 208 212 213 215 220 227 228 230 235 237 245
82 478
83 252
84 270 86 87 97 100 101 102 104 105 106 110 111 115 116 121 122 129 132 136 139 140 142 154 155 156 164 166 170 174 178 180 183 186 189 200 202 208 212 213 215 220 221 227 228 230 235 237 245
85 446 86 101 106 111 116 121 132 154 164 189 202 208 212 213 215 227 230 237 245
86 252 130 87 88 93 95 97 99 100 101 102 104 105 106 107 108 110 111 112 113 115 116 118 120 121 122 124 126 127 129 132 136 139 140 141 142 143 149 150 153 154 155 156 158 161 163 164 166 168 169 170 171 172 173 174 177 178 180 181 183 185 186 189 190 191 192 194 195 196 200 202 207 208 210 212 213 214 215 220 221 225 226 227 228 230 231 233 235 237 239 245 247 249
87 302 130 88 93 95 97 99 100 101 102 104 105 106 110 111 112 115 116 118 120 121 122 124 129 132 136 139 140 141 142 149 154 155 156 158 163 164 166 169 170 171 172 174 178 180 181 183 186 189 190 191 192 194 195 196 200 202 207 208 210 212 213 215 220 221 225 226 227 228 230 231 233 235 237 239 245 249
88 388 97 100 101 102 104 105 106 111 116 121 132 139 140 142 154 155 156 164 166 170 174 180 183 189 200 202 208 212 213 215 227 228 230 235 237 245
89 274
90 338
91 476
92 260
93 264 97 99 100 101 102 104 105 106 110 111 115 116 118 120 121 122 124 129 132 136 139 140 141 142 149 154 155 156 163 164 166 170 174 178 180 183 186 189 190 200 202 208 212 213 215 220 221 225 226 227 228 230 235 237 245 249
94 487
95 250 97 100 101 102 104 105 106 110 111 115 116 121 132 139 140 142 154 155 156 164 166 170 174 178 180 183 186 189 200 202 208 212 213 215 220 221 227 228 230 235 237 245
96 263 111 132 212 215
97 469 130 99 100 101 102 104 105 106 107 110 111 112 115 116 118 120 121 122 124 126 129 132 136 139 140 141 142 149 154 155 156 158 161 163 164 166 169 170 171 172 173 174 178 180 181 183 186 189 190 191 192 194 195 196 200 202 207 208 210 212 213 215 220 221 225 226 227 228 230 231 233 235 237 239 245 247 249
98 262
99 269 100 101 102 104 105 106 110 111 115 116 118 120 121 122 124 129 132 136 139 140 141 142 149 154 155 156 163 164 166 170 174 178 180 183 186 189 190 191 200 202 208 210 212 213 215 220 221 225 226 227 228 230 231 235 237 245 249
100 415 130 101 102 104 105 106 107 110 111 112 115 116 118 120 121 122 124 129 132 136 139 140 141 142 149 154 155 156 158 161 163 164 166 169 170 171 172 173 174 178 180 181 183 186 189 190 191 192 194 195 196 200 202 207 208 210 212 213 215 220 221 225 226 227 228 230 231 233 235 237 239 245 249
101 257 130 102 104 105 106 107 108 110 111 112 113 115 116 118 120 121 122 124 126 127 129 132 136 139 140 141 142 149 150 154 155 156 158 161 163 164 166 168 169 170 171 172 173 174 177 178 180 181 183 185 186 189 190 191 192 194 195 196 200 202 207 208 210 212 213 214 215 220 221 225 226 227 228 230 231 233 235 237 239 245 247 249
102 328 130 104 105 106 107 110 111 112 115 116 118 120 121 122 124 129 132 136 139 140 141 142 149 154 155 156 158 161 163 164 166 169 170 171 172 173 174 178 180 181 183 186 189 190 191 192 194 195 196 200 202 207 208 210 212 213 215 220 221 225 226 227 228 230 231 233 235 237 239 245 249
103 369
104 292 130 105 106 107 110 111 112 115 116 118 120 121 122 124 129 132 136 139 140 141 142 149 154 155 156 158 161 163 164 166 169 170 171 172 173 174 178 180 181 183 186 189 190 191 192 194 195 196 200 202 207 208 210 212 213 215 220 221 225 226 227 228 230 231 233 235 237 239 245 249
105 339 130 106 107 110 111 112 115 116 118 120 121 122 124 129 132 136 139 140 141 142 149 154 155 156 158 161 163 164 166 169 170 171 172 173 174 178 180 181 183 186 189 190 191 192 194 195 196 200 202 207 208 210 212 213 215 220 221 225 226 227 228 230 231 233 235 237 239 245 249
106 377 130 107 108 110 111 112 113 115 116 118 120 121 122 124 125 126 127 129 132 136 139 140 141 142 143 147 149 150 151 153 154 155 156 158 161 163 164 166 168 169 170 171 172 173 174 177 178 180 181 183 185 186 189 190 191 192 194 195 196 197 200 202 205 207 208 210 212 213 214 215 220 221 222 225 226 227 228 230 231 233 235 236 237 239 243 245 247 249
107 297 111 116 121 132 139 154 156 164 166 174 183 189 202 208 212 213 215 227 228 230 237 245
108 326 111 116 121 132 139 154 164 174 183 189 202 208 212 213 215 227 228 230 237 245
109 411 111 132 164 212 215
110 282 130 111 112 115 116 118 120 121 122 124 129 132 136 139 140 141 142 149 154 155 156 163 164 166 169 170 171 174 178 180 181 183 186 189 190 191 194 196 200 202 208 210 212 213 215 220 221 225 226 227 228 230 231 233 235 237 245 249
111 307 130 112 113 115 116 118 120 121 122 124 125 126 127 129 132 133 136 139 140 141 142 143 146 147 149 150 151 153 154 155 156 158 161 163 164 166 168 169 170 171 172 173 174 177 178 180 181 183 185 186 189 190 191 192 194 195 196 197 200 202 205 207 208 210 212 213 214 215 220 221 222 225 226 227 228 230 231 233 235 236 237 239 241 243 245 247 249
112 369 115 116 121 132 136 139 140 142 154 155 156 164 166 170 174 178 180 183 186 189 200 202 208 212 213 215 220 221 227 228 230 235 237 245
113 281 116 121 132 154 164 189 202 208 212 213 215 227 230 237 245
114 350
115 436 130 116 118 120 121 122 124 129 132 136 139 140 141 142 149 154 155 156 163 164 166 169 170 171 174 178 180 181 183 186 189 190 191 194 196 200 202 208 210 212 213 215 220 221 225 226 227 228 230 231 233 235 237 245 249
116 267 130 118 120 121 122 124 126 127 129 132 136 139 140 141 142 143 149 150 153 154 155 156 158 161 163 164 166 168 169 170 171 172 173 174 177 178 180 181 183 185 186 189 190 191 192 194 195 196 197 200 202 205 207 208 210 212 213 214 215 220 221 222 225 226 227 228 230 231 233 235 236 237 239 243 245 247 249
117 297
118 459 120 121 122 124 129 132 136 139 140 141 142 149 154 155 156 163 164 166 170 174 178 180 183 186 189 200 202 208 212 213 215 220 221 225 226 227 228 230 235 237 245 249
119 258
120 283 121 122 124 129 132 136 139 140 141 142 149 154 155 156 163 164 166 170 174 178 180 183 186 189 190 200 202 208 210 212 213 215 220 221 225 226 227 228 230 231 235 237 245 249
121 458 130 122 124 126 127 129 132 136 139 140 141 142 149 150 154 155 156 158 161 163 164 166 168 169 170 171 172 173 174 177 178 180 181 183 185 186 189 190 191 192 194 195 196 200 202 207 208 210 212 213 214 215 220 221 225 226 227 228 230 231 233 235 237 239 245 247 249
122 268 130 124 129 132 136 139 140 141 142 149 154 155 156 163 164 166 170 174 178 180 183 186 189 190 191 200 202 208 210 212 213 215 220 221 225 226 227 228 230 231 235 237 245 249
123 274
124 460 129 132 136 139 140 141 142 149 154 155 156 163 164 166 170 174 178 180 183 186 189 190 200 202 208 212 213 215 220 221 225 226 227 228 230 235 237 245 249
125 251 132 164 208 212 213 215 227 237
126 289 132 139 154 156 164 174 183 189 202 208 212 213 215 227 228 230 237 245
127 488 132 139 154 164 174 183 189 202 208 212 213 215 227 228 230 237 245
128 250
129 262 130 132 136 139 140 141 142 149 154 155 156 163 164 166 170 174 178 180 183 186 189 190 191 200 202 208 210 212 213 215 220 221 225 226 227 228 230 231 235 237 245 249
130 436 132 136 139 140 141 142 154 155 156 164 166 170 174 178 180 183 186 189 200 202 208 212 213 215 220 221 227 228 230 235 237 245 249
131 263
132 301 133 136 139 140 141 142 143 146 147 149 150 151 153 154 155 156 158 161 163 164 166 168 169 170 171 172 173 174 177 178 180 181 183 185 186 189 190 191 192 194 195 196 197 200 202 205 207 208 210 212 213 214 215 220 221 222 225 226 227 228 230 231 233 235 236 237 239 241 243 245 247 249
133 427 164 212 215
134 275
135 298
136 438 139 140 141 142 149 154 155 156 163 164 166 170 174 178 180 183 186 189 190 191 200 202 208 210 212 213 215 220 221 225 226 227 228 230 231 235 237 245 249
137 273
138 289
139 460 140 141 142 149 154 155 156 158 161 163 164 166 168 169 170 171 172 173 174 177 178 180 181 183 186 189 190 191 192 194 195 196 200 202 207 208 210 212 213 214 215 220 221 225 226 227 228 230 231 233 235 237 239 245 247 249
140 269 141 142 149 154 155 156 158 163 164 166 169 170 171 172 173 174 178 180 181 183 186 189 190 191 192 194 195 196 200 202 207 208 210 212 213 215 220 221 225 226 227 228 230 231 233 235 237 239 245 249
141 271 142 149 154 155 156 163 164 166 170 174 178 180 183 186 189 190 191 200 202 208 210 212 213 215 220 221 225 226 227 228 230 231 235 237 245 249
142 444 149 154 155 156 158 163 164 166 169 170 171 172 173 174 178 180 181 183 186 189 190 191 192 194 195 196 200 202 207 208 210 212 213 215 220 221 225 226 227 228 230 231 233 235 237 239 245 249
143 261 154 164 189 202 208 212 213 215 227 230 237
144 295
145 477
146 255 212 215
147 268 164 208 212 213 215 227 237
148 457
149 256 154 155 156 163 164 166 170 174 178 180 183 186 189 190 200 202 208 210 212 213 215 220 221 225 226 227 228 230 231 235 237 245 249
150 287 154 164 189 202 208 212 213 215 227 230 237 245
151 419 164 208 212 213 215 237
152 279
153 302 154 164 189 202 208 212 213 215 227 230 237
154 417 155 156 158 161 163 164 166 168 169 170 171 172 173 174 177 178 180 181 183 185 186 189 190 191 192 194 195 196 197 200 202 205 207 208 210 212 213 214 215 220 221 222 225 226 227 228 230 231 233 235 236 237 239 243 245 247 249
155 264 156 158 163 164 166 169 170 171 172 173 174 178 180 181 183 186 189 190 191 192 194 195 196 200 202 207 208 210 212 213 215 220 221 225 226 227 228 230 231 233 235 237 239 245 249
156 319 158 161 163 164 166 169 170 171 172 173 174 178 180 181 183 186 189 190 191 192 194 195 196 200 202 207 208 210 212 213 215 220 221 225 226 227 228 230 231 233 235 237 239 245 247 249
157 417
158 271 164 166 170 174 180 183 189 200 202 208 212 213 215 227 228 230 235 237 245
159 312
160 474
161 253 164 166 174 183 189 200 202 208 212 213 215 227 228 230 237 245
162 273
163 375 164 166 170 174 178 180 183 186 189 200 202 208 212 213 215 220 221 225 226 227 228 230 235 237 245 249
164 288 166 168 169 170 171 172 173 174 177 178 180 181 183 185 186 189 190 191 192 194 195 196 197 200 202 205 207 208 210 212 213 214 215 220 221 222 225 226 227 228 230 231 233 235 236 237 239 243 245 247 249
165 337
166 458 169 170 171 172 173 174 178 180 181 183 186 189 190 191 192 194 195 196 200 202 207 208 210 212 213 215 220 221 225 226 227 228 230 231 233 235 237 239 245 249
167 269
168 273 183 189 202 208 212 213 215 227 230 237 245
169 364 170 174 180 183 186 189 200 202 208 212 213 215 220 227 228 230 235 237 245
170 303 171 172 174 178 180 181 183 186 189 190 191 192 194 195 196 200 202 207 208 210 212 213 215 220 221 225 226 227 228 230 231 233 235 237 239 245 249
171 333 174 178 180 183 186 189 200 202 208 212 213 215 220 221 227 228 230 235 237 245
172 381 174 180 183 189 200 202 208 212 213 215 220 227 228 230 235 237 245
173 262 174 183 189 200 202 208 212 213 215 227 228 230 237 245
174 357 178 180 181 183 186 189 190 191 192 194 195 196 200 202 207 208 210 212 213 215 220 221 225 226 227 228 230 231 233 235 237 239 245 247 249
175 353
176 307
177 340 189 202 208 212 213 215 227 230 237 245
178 470 180 181 183 186 189 190 191 194 196 200 202 208 210 212 213 215 220 221 225 226 227 228 230 231 235 237 245 249
179 260
180 270 181 183 186 189 190 191 192 194 195 196 200 202 207 208 210 212 213 215 220 221 225 226 227 228 230 231 233 235 237 239 245 249
181 366 183 186 189 200 202 208 212 213 215 220 221 227 228 230 235 237 245
182 289
183 345 186 189 190 191 192 194 195 196 200 202 207 208 210 212 213 214 215 220 221 225 226 227 228 230 231 233 235 237 239 245 247 249
184 384
185 264 189 202 208 212 213 215 227 230 237
186 352 189 190 191 194 196 200 202 208 210 212 213 215 220 221 225 226 227 228 230 231 233 235 237 245 249
187 369
188 259
189 372 190 191 192 194 195 196 200 202 207 208 210 212 213 214 215 220 221 225 226 227 228 230 231 233 235 237 239 245 247 249
190 470 200 202 208 212 213 215 220 221 225 227 228 230 235 237 245 249
191 255 200 202 208 212 213 215 220 221 227 228 230 235 237 245 249
192 275 200 202 208 212 213 215 227 228 230 235 237 245
193 471
194 255 200 202 208 212 213 215 220 221 227 228 230 235 237 245
195 274 200 202 208 212 213 215 227 228 230 235 237 245
196 424 200 202 208 212 213 215 220 221 227 228 230 235 237 245
197 280 202 208 212 213 215 227 230 237
198 296
199 440
200 269 202 207 208 210 212 213 215 220 221 225 226 227 228 230 231 233 235 237 239 245 249
201 291
202 386 205 207 208 210 212 213 214 215 220 221 222 225 226 227 228 230 231 233 235 236 237 239 243 245 247 249
203 250
204 364
205 460 208 212 213 215 227 230 237
206 255
207 285 208 212 213 215 227 228 230 235 237 245
208 376 210 212 213 214 215 220 221 222 225 226 227 228 230 231 233 235 236 237 239 243 245 247 249
209 292
210 332 212 213 215 220 221 227 228 230 235 237 245 249
211 356
212 303 213 214 215 220 221 222 225 226 227 228 230 231 233 235 236 237 239 241 243 245 247 249
213 341 214 215 220 221 222 225 226 227 228 230 231 233 235 236 237 239 243 245 247 249
214 480 215 227 228 230 237 245
215 257 220 221 222 225 226 227 228 230 231 233 235 236 237 239 241 243 245 247 249
216 263
217 424
218 268
219 308
220 370 221 225 226 227 228 230 231 233 235 237 239 245 249
221 275 225 226 227 228 230 231 235 237 245 249
222 355 227 230 237
223 494
224 250
225 256 226 227 228 230 235 237 245 249
226 434 227 228 230 235 237 245 249
227 264 228 230 231 233 235 236 237 239 243 245 247 249
228 302 230 231 233 235 237 239 245 247 249
229 463
230 267 231 233 235 236 237 239 243 245 247 249
231 270 235 237 245 249
232 411
233 280 235 237 245
234 309
235 427 237 239 245 249
236 255 237
237 318 239 243 245 247 249
238 466
239 259 245
240 275
241 491
242 252
243 257
244 400
245 286 247 249
246 314
247 446
248 260
249 294
