120 1000
1 416 3 8 20 23 32 48 50 52 56 57 65 78 88 92 97 102 103 110 111
2 254
3 330 4 8 17 20 23 31 32 35 47 48 50 52 56 57 65 67 78 88 92 95 97 102 103 106 109 110 111
4 399 8 20 52 65 78 97 103 110
5 282 8 20 65 97 110
6 319
7 422
8 274 17 20 23 26 28 31 32 35 47 48 50 52 56 57 65 67 78 88 92 95 97 102 103 106 109 110 111
9 304
10 447
11 257
12 296
13 456
14 256
15 288
16 453
17 262 20 52 65 78 97 110
18 285
19 496
20 251 23 26 28 31 32 35 47 48 50 52 56 57 65 67 78 88 92 95 97 102 103 106 109 110 111
21 253
22 396
23 285 32 50 52 57 65 78 88 92 97 102 103 110 111
24 319
25 432
26 279 65 97 110
27 289
28 476 65 97 110
29 257
30 267
31 449 52 65 78 97 103 110
32 271 48 50 52 56 57 65 78 88 92 97 102 103 110 111
33 280
34 489
35 252 52 65 78 88 97 103 110
36 259
37 454
38 254
39 292
40 474
41 257
42 269
43 397
44 279
45 324
46 414
47 279 52 65 78 97 103 110
48 307 50 52 57 65 78 88 92 97 102 103 110 111
49 495
50 251 52 56 57 65 78 88 92 95 97 102 103 110 111
51 254
52 384 56 57 65 67 78 88 92 95 97 102 103 106 109 110 111
53 294
54 322
55 359
56 263 57 65 78 88 92 97 102 103 110 111
57 378 65 78 88 92 97 102 103 110 111
58 492
59 252
60 256
61 401
62 276
63 323
64 477
65 257 67 78 88 92 95 97 102 103 106 109 110 111
66 266
67 431 78 88 97 103 110
68 273
69 296
70 357
71 266
72 377
73 471
74 260
75 269
76 470
77 255
78 275 88 92 95 97 102 103 106 109 110 111
79 379
80 300
81 321
82 450
83 267
84 283
85 422
86 270
87 308
88 398 92 95 97 102 103 110 111
89 270
90 332
91 446
92 258 95 97 102 103 110 111
93 296
94 442
95 272 97 103 110
96 286
97 388 102 103 106 109 110 111
98 275
99 337
100 385
101 301
102 314 103 110 111
103 473 106 109 110 111
104 258
105 269
106 435 110
107 259
108 306
109 433 110
110 253 111
111 314
112 499
113 250
114 251
115 360
116 288
117 352
118 447
119 274
120 279
