60 1000
1 470 3 4 5 10 16 17 20 23 24 29 32 36 38 40 59
2 260 3 4 5 7 8 9 10 14 16 17 18 20 21 22 23 24 25 27 29 31 32 33 34 36 37 38 40 41 43 45 46 49 51 52 53 54 55 57 58 59
3 270 4 5 7 8 9 10 11 14 15 16 17 18 20 21 22 23 24 25 26 27 28 29 31 32 33 34 35 36 37 38 39 40 41 42 43 44 45 46 47 48 49 50 51 52 53 54 55 56 57 58 59 60
4 464 5 7 8 9 10 11 14 15 16 17 18 19 20 21 22 23 24 25 26 27 28 29 31 32 33 34 35 36 37 38 39 40 41 42 43 44 45 46 47 48 49 50 51 52 53 54 55 56 57 58 59 60
5 258 7 8 9 10 11 14 15 16 17 18 20 21 22 23 24 25 26 27 28 29 31 32 33 34 35 36 37 38 39 40 41 42 43 44 45 46 47 48 49 50 51 52 53 54 55 56 57 58 59 60
6 278 20 29 36 38 40
7 367 10 16 17 18 20 21 23 24 29 32 34 36 38 40 41 45 52 55 59
8 266 10 16 17 18 20 21 23 24 29 32 34 36 38 40 41 45 52 55 59
9 367 10 16 17 18 20 21 23 24 29 32 34 36 38 40 41 43 45 46 49 51 52 53 55 59
10 492 11 14 16 17 18 20 21 22 23 24 25 27 29 31 32 33 34 35 36 37 38 39 40 41 43 44 45 46 49 51 52 53 54 55 56 57 58 59 60
11 251 16 17 20 29 32 36 38 40 59
12 257 20 29 36
13 491
14 252 16 17 18 20 21 23 24 29 32 33 34 36 38 40 41 43 45 46 49 51 52 53 54 55 59
15 257 16 17 20 29 36 38 40 59
16 415 17 18 20 21 22 23 24 25 26 27 28 29 31 32 33 34 35 36 37 38 39 40 41 42 43 44 45 46 47 48 49 50 51 52 53 54 55 56 57 58 59 60
17 282 18 20 21 22 23 24 25 26 27 28 29 31 32 33 34 35 36 37 38 39 40 41 42 43 44 45 46 47 48 49 50 51 52 53 54 55 56 57 58 59 60
18 303 20 21 22 23 24 29 31 32 33 34 36 37 38 40 41 43 45 46 49 51 52 53 54 55 57 58 59
19 429 20 29 36 38 40
20 260 21 22 23 24 25 26 27 28 29 30 31 32 33 34 35 36 37 38 39 40 41 42 43 44 45 46 47 48 49 50 51 52 53 54 55 56 57 58 59 60
21 311 22 23 24 25 29 31 32 33 34 36 37 38 40 41 43 45 46 49 51 52 53 54 55 57 58 59
22 450 23 24 29 32 34 36 38 40 41 45 46 49 51 52 53 55 59
23 273 24 25 27 29 31 32 33 34 35 36 37 38 40 41 43 45 46 49 51 52 53 54 55 56 57 58 59 60
24 277 25 27 29 31 32 33 34 35 36 37 38 40 41 43 44 45 46 49 51 52 53 54 55 56 57 58 59 60
25 484 29 32 34 36 38 40 41 45 55 59
26 254 29 36 38 40
27 262 29 32 34 36 38 40 59
28 399 29 36 38 40 59
29 274 30 31 32 33 34 35 36 37 38 39 40 41 42 43 44 45 46 47 48 49 50 51 52 53 54 55 56 57 58 59 60
30 327
31 448 32 34 36 38 40 41 45 52 55 59
32 270 33 34 35 36 37 38 39 40 41 43 44 45 46 49 51 52 53 54 55 56 57 58 59 60
33 282 34 36 38 40 41 43 45 46 49 51 52 53 54 55 59
34 361 36 37 38 40 41 43 45 46 49 51 52 53 54 55 57 58 59
35 250 36 38 40 59
36 389 37 38 39 40 41 42 43 44 45 46 47 48 49 50 51 52 53 54 55 56 57 58 59 60
37 360 38 40 41 45 52 55 59
38 300 39 40 41 42 43 44 45 46 47 48 49 50 51 52 53 54 55 56 57 58 59 60
39 340 40 59
40 415 41 42 43 44 45 46 47 48 49 50 51 52 53 54 55 56 57 58 59 60
41 251 43 45 46 49 51 52 53 54 55 57 58 59
42 334
43 353 45 46 49 51 52 53 54 55 59
44 311 59
45 336 46 49 51 52 53 54 55 57 58 59
46 460 49 51 52 53 54 55 57 58 59
47 259
48 281
49 474 51 52 53 54 55 57 58 59
50 254 59
51 272 52 53 54 55 57 58 59
52 400 53 54 55 57 58 59
53 264 54 55 57 58 59
54 336 55 59
55 365 57 58 59
56 269 59
57 366 59
58 412 59
59 279 60
60 309
