249 1000
1 437 4 8 13 18 23 25 26 27 28 32 33 34 36 37 38 39 42 49 50 54 55 63 64 131 68 71 76 78 83 85 86 87 90 91 93 94 97 101 102 103 105 108 110 111 112 123 124 127 129 133 136 138 143 144 147 150 153 156 158 159 160 161 162 163 166 178 185 188 189 191 193 194 198 199 206 208 209 212 213 216 219 220 222 224 228 230 231 236 237 238 241 245 246 249
2 279 8 28 34 36 38 39 131 93 102 105 108 129 147 156 185 193 194 206 219 237 238 246 249
3 284 4 8 13 18 23 25 26 27 28 32 33 34 36 37 38 39 42 49 50 54 55 63 64 131 68 71 76 78 83 85 86 87 90 91 93 94 97 101 102 103 105 108 110 112 123 124 127 129 133 136 138 143 144 147 150 153 156 158 159 160 161 162 163 166 178 185 188 189 191 193 194 198 199 206 208 209 212 213 216 219 220 222 224 228 230 231 236 237 238 241 245 246 249
4 397 5 6 7 8 9 10 13 15 16 17 18 19 20 21 23 24 25 26 27 28 29 30 31 32 33 66 34 36 37 38 39 40 41 42 43 45 46 47 48 49 50 51 53 54 55 56 57 58 60 61 62 63 64 65 130 131 67 68 71 72 74 76 78 79 81 82 83 84 85 86 87 88 89 90 91 92 93 94 96 97 99 100 101 102 103 105 106 107 108 109 110 111 112 113 114 115 116 117 118 120 122 123 124 127 129 132 133 135 136 137 138 140 142 143 144 145 146 147 148 150 151 152 153 154 155 156 157 158 159 160 161 162 163 164 165 166 169 170 172 173 174 176 178 181 185 186 187 188 189 190 191 192 193 194 195 196 197 198 199 200 201 203 204 205 206 207 208 209 210 211 212 213 214 215 216 219 220 221 222 223 224 228 229 230 231 232 234 236 237 238 241 242 243 244 245 246 249
5 299 8 13 16 18 23 25 26 27 28 32 33 34 36 37 38 39 42 49 50 51 54 55 63 64 131 68 71 76 78 79 83 85 86 87 90 91 93 94 97 99 101 102 103 105 108 110 111 112 116 117 123 124 127 129 132 133 136 138 143 144 147 150 153 156 158 159 160 161 162 163 164 166 178 185 188 189 191 193 194 196 198 199 206 208 209 212 213 216 219 220 222 224 228 230 231 236 237 238 241 245 246 249
6 304 8 13 16 18 20 23 25 26 27 28 32 33 34 36 37 38 39 42 43 49 50 51 54 55 63 64 131 68 71 76 78 79 83 85 86 87 90 91 93 94 97 99 101 102 103 105 108 110 111 112 116 117 123 124 127 129 132 133 135 136 138 143 144 147 150 151 153 156 158 159 160 161 162 163 164 166 178 185 188 189 190 191 193 194 196 198 199 200 206 208 209 210 212 213 216 219 220 222 224 228 230 231 236 237 238 241 245 246 249
7 356 8 13 18 23 25 26 27 28 32 33 34 36 37 38 39 42 49 50 54 55 63 64 131 68 71 76 78 83 85 86 87 90 91 93 94 97 101 102 103 105 108 110 111 112 116 123 124 127 129 133 136 138 143 144 147 150 153 156 158 159 160 161 162 163 166 178 185 188 189 191 193 194 198 199 206 208 209 212 213 216 219 220 222 224 228 230 231 236 237 238 241 245 246 249
8 263 9 10 11 12 13 14 15 16 17 18 19 20 21 23 24 25 26 27 28 29 30 31 32 33 66 34 36 37 38 39 40 41 42 43 44 45 46 47 48 49 50 51 52 53 54 55 56 57 58 60 61 62 63 64 65 130 131 67 68 69 71 72 73 74 75 76 78 79 80 81 82 83 84 85 86 87 88 89 90 91 92 93 94 95 96 97 98 99 100 101 102 103 104 105 106 107 108 109 110 111 112 113 114 115 116 117 118 120 121 122 123 124 125 126 127 128 129 132 133 135 136 137 138 139 140 141 142 143 144 145 146 147 148 149 150 151 152 153 154 155 156 157 158 159 160 161 162 163 164 165 166 169 170 171 172 173 174 175 176 177 178 179 180 181 184 185 186 187 188 189 190 191 192 193 194 195 196 197 198 199 200 201 202 203 204 205 206 207 208 209 210 211 212 213 214 215 216 217 218 219 220 221 222 223 224 225 226 228 229 230 231 232 234 235 236 237 238 239 240 241 242 243 244 245 246 247 248 249
9 381 13 18 25 28 33 34 36 37 38 39 50 63 64 131 93 97 102 103 105 108 110 112 123 129 133 138 144 147 150 156 158 163 185 189 191 193 194 206 209 219 222 224 236 237 238 241 246 249
10 385 13 18 25 26 28 33 34 36 37 38 39 50 55 63 64 131 90 93 94 97 102 103 105 108 110 112 123 129 133 138 144 147 150 156 158 159 161 163 178 185 189 191 193 194 206 208 209 216 219 222 224 228 236 237 238 241 245 246 249
11 294 13 25 28 33 34 36 38 39 50 131 93 97 102 105 108 112 129 147 150 156 158 163 185 189 191 193 194 206 209 219 236 237 238 246 249
12 321 28 34 36 38 39 131 93 102 105 108 147 156 185 193 194 206 219 237 238 246 249
13 472 14 15 16 17 18 19 20 21 23 24 25 26 27 28 29 30 31 32 33 66 34 36 37 38 39 40 41 42 43 45 46 47 48 49 50 51 53 54 55 56 57 58 60 61 62 63 64 65 130 131 67 68 71 72 74 76 78 79 81 82 83 84 85 86 87 88 89 90 91 92 93 94 96 97 99 100 101 102 103 104 105 106 107 108 109 110 111 112 113 114 115 116 117 118 120 122 123 124 125 127 128 129 132 133 135 136 137 138 140 142 143 144 145 146 147 148 149 150 151 152 153 154 155 156 157 158 159 160 161 162 163 164 165 166 169 170 172 173 174 175 176 177 178 179 181 184 185 186 187 188 189 190 191 192 193 194 195 196 197 198 199 200 201 203 204 205 206 207 208 209 210 211 212 213 214 215 216 217 219 220 221 222 223 224 225 226 228 229 230 231 232 234 235 236 237 238 241 242 243 244 245 246 248 249
14 262 18 25 28 33 34 36 38 39 50 131 93 97 102 103 105 108 112 123 129 138 144 147 150 156 158 163 185 189 191 193 194 206 209 219 236 237 238 241 246 249
15 266 18 25 26 27 28 33 34 36 37 38 39 42 49 50 55 63 64 131 71 78 85 90 93 94 97 102 103 105 108 110 112 123 124 129 133 136 138 143 144 147 150 156 158 159 160 161 163 166 178 185 188 189 191 193 194 206 208 209 212 216 219 222 224 228 236 237 238 241 245 246 249
16 418 18 20 23 24 25 26 27 28 29 32 33 34 36 37 38 39 42 43 49 50 51 53 54 55 60 62 63 64 65 131 68 71 76 78 79 83 85 86 87 90 91 92 93 94 96 97 99 101 102 103 105 108 110 111 112 116 117 120 122 123 124 127 129 132 133 135 136 137 138 140 142 143 144 147 148 150 151 153 154 156 158 159 160 161 162 163 164 165 166 169 170 174 176 178 185 187 188 189 190 191 193 194 196 197 198 199 200 206 207 208 209 210 212 213 216 219 220 221 222 223 224 228 230 231 236 237 238 241 245 246 249
17 272 18 25 28 33 34 36 37 38 39 50 55 63 64 131 93 97 102 103 105 108 110 112 123 129 133 138 144 147 150 156 158 161 163 185 189 191 193 194 206 209 219 222 224 236 237 238 241 245 246 249
18 310 19 20 21 23 24 25 26 27 28 29 30 31 32 33 66 34 36 37 38 39 40 41 42 43 45 46 47 48 49 50 51 53 54 55 56 57 58 60 61 62 63 64 65 130 131 67 68 71 72 74 76 78 79 81 82 83 84 85 86 87 88 89 90 91 92 93 94 96 97 99 100 101 102 103 105 106 107 108 109 110 111 112 113 114 115 116 117 118 120 122 123 124 127 129 132 133 135 136 137 138 140 142 143 144 145 146 147 148 150 151 152 153 154 155 156 157 158 159 160 161 162 163 164 165 166 169 170 172 173 174 175 176 177 178 181 185 186 187 188 189 190 191 192 193 194 195 196 197 198 199 200 201 203 204 205 206 207 208 209 210 211 212 213 214 215 216 219 220 221 222 223 224 225 228 229 230 231 232 234 236 237 238 241 242 243 244 245 246 248 249
19 476 23 25 26 27 28 32 33 34 36 37 38 39 42 49 50 54 55 63 64 131 71 78 83 85 86 87 90 91 93 94 97 101 102 103 105 108 110 112 123 124 129 133 136 138 143 144 147 150 153 156 158 159 160 161 162 163 166 178 185 188 189 191 193 194 198 199 206 208 209 212 213 216 219 222 224 228 230 231 236 237 238 241 245 246 249
20 250 23 24 25 26 27 28 29 32 33 34 36 37 38 39 42 43 49 50 51 53 54 55 60 62 63 64 65 131 68 71 76 78 79 83 85 86 87 90 91 92 93 94 96 97 99 101 102 103 105 108 110 111 112 116 117 120 122 123 124 127 129 132 133 135 136 137 138 140 142 143 144 147 148 150 151 153 154 156 158 159 160 161 162 163 164 165 166 169 170 174 176 178 185 187 188 189 190 191 193 194 196 197 198 199 200 206 207 208 209 210 212 213 216 219 220 221 222 224 228 230 231 236 237 238 241 245 246 249
21 274 23 25 26 27 28 32 33 34 36 37 38 39 42 49 50 54 55 63 64 131 68 71 76 78 83 85 86 87 90 91 93 94 97 101 102 103 105 108 110 111 112 123 124 127 129 133 136 138 143 144 147 150 153 156 158 159 160 161 162 163 166 178 185 188 189 191 193 194 198 199 206 208 209 212 213 216 219 220 222 224 228 230 231 236 237 238 241 245 246 249
22 436
23 276 24 25 26 27 28 29 31 32 33 34 36 37 38 39 42 43 46 49 50 51 53 54 55 60 62 63 64 65 130 131 68 71 74 76 78 79 82 83 85 86 87 88 90 91 92 93 94 96 97 99 100 101 102 103 105 108 110 111 112 113 115 116 117 120 122 123 124 127 129 132 133 135 136 137 138 140 142 143 144 145 147 148 150 151 153 154 156 157 158 159 160 161 162 163 164 165 166 169 170 174 176 178 185 187 188 189 190 191 192 193 194 195 196 197 198 199 200 204 205 206 207 208 209 210 212 213 214 216 219 220 221 222 223 224 228 230 231 234 236 237 238 241 242 244 245 246 249
24 288 25 26 27 28 32 33 34 36 37 38 39 42 43 49 50 51 54 55 63 64 131 68 71 76 78 79 83 85 86 87 90 91 93 94 97 99 101 102 103 105 108 110 111 112 116 117 123 124 127 129 132 133 136 138 143 144 147 150 153 156 158 159 160 161 162 163 164 166 178 185 188 189 190 191 193 194 196 198 199 200 206 208 209 210 212 213 216 219 220 222 224 228 230 231 236 237 238 241 245 246 249
25 380 26 27 28 29 30 31 32 33 66 34 36 37 38 39 40 41 42 43 45 46 47 48 49 50 51 53 54 55 56 57 58 60 61 62 63 64 65 130 131 67 68 71 72 74 76 78 79 81 82 83 84 85 86 87 88 89 90 91 92 93 94 96 97 99 100 101 102 103 104 105 106 107 108 109 110 111 112 113 114 115 116 117 118 120 122 123 124 125 127 128 129 132 133 135 136 137 138 140 142 143 144 145 146 147 148 149 150 151 152 153 154 155 156 157 158 159 160 161 162 163 164 165 166 169 170 172 173 174 175 176 177 178 181 185 186 187 188 189 190 191 192 193 194 195 196 197 198 199 200 201 203 204 205 206 207 208 209 210 211 212 213 214 215 216 217 219 220 221 222 223 224 225 226 228 229 230 231 232 234 235 236 237 238 241 242 243 244 245 246 248 249
26 296 27 28 29 31 32 33 34 36 37 38 39 41 42 43 45 46 47 49 50 51 53 54 55 57 58 60 62 63 64 65 130 131 67 68 71 74 76 78 79 81 82 83 84 85 86 87 88 90 91 92 93 94 96 97 99 100 101 102 103 105 107 108 109 110 111 112 113 114 115 116 117 118 120 122 123 124 127 129 132 133 135 136 137 138 140 142 143 144 145 146 147 148 150 151 152 153 154 155 156 157 158 159 160 161 162 163 164 165 166 169 170 173 174 176 178 181 185 187 188 189 190 191 192 193 194 195 196 197 198 199 200 204 205 206 207 208 209 210 211 212 213 214 215 216 219 220 221 222 223 224 228 229 230 231 234 236 237 238 241 242 244 245 246 249
27 324 28 29 31 32 33 34 36 37 38 39 41 42 43 45 46 49 50 51 53 54 55 57 60 62 63 64 65 130 131 67 68 71 74 76 78 79 81 82 83 85 86 87 88 90 91 92 93 94 96 97 99 100 101 102 103 105 107 108 109 110 111 112 113 114 115 116 117 118 120 122 123 124 127 129 132 133 135 136 137 138 140 142 143 144 145 146 147 148 150 151 153 154 155 156 157 158 159 160 161 162 163 164 165 166 169 170 174 176 178 181 185 187 188 189 190 191 192 193 194 195 196 197 198 199 200 204 205 206 207 208 209 210 211 212 213 214 215 216 219 220 221 222 223 224 228 229 230 231 234 236 237 238 241 242 244 245 246 249
28 399 29 30 31 32 33 66 34 36 37 38 39 40 41 42 43 44 45 46 47 48 49 50 51 52 53 54 55 56 57 58 60 61 62 63 64 65 130 131 67 68 69 71 72 73 74 75 76 78 79 81 82 83 84 85 86 87 88 89 90 91 92 93 94 95 96 97 98 99 100 101 102 103 104 105 106 107 108 109 110 111 112 113 114 115 116 117 118 120 121 122 123 124 125 126 127 128 129 132 133 135 136 137 138 139 140 141 142 143 144 145 146 147 148 149 150 151 152 153 154 155 156 157 158 159 160 161 162 163 164 165 166 169 170 172 173 174 175 176 177 178 179 180 181 184 185 186 187 188 189 190 191 192 193 194 195 196 197 198 199 200 201 202 203 204 205 206 207 208 209 210 211 212 213 214 215 216 217 218 219 220 221 222 223 224 225 226 228 229 230 231 232 234 235 236 237 238 240 241 242 243 244 245 246 247 248 249
29 272 32 33 34 36 37 38 39 42 43 49 50 51 54 55 63 64 131 68 71 76 78 79 83 85 86 87 90 91 93 94 97 99 101 102 103 105 108 110 111 112 116 117 123 124 127 129 132 133 136 138 143 144 147 150 151 153 156 158 159 160 161 162 163 164 166 178 185 188 189 190 191 193 194 196 198 199 200 206 208 209 210 212 213 216 219 220 222 224 228 230 231 236 237 238 241 245 246 249
30 329 33 34 36 37 38 39 50 64 131 93 97 102 103 105 108 110 112 123 129 138 144 147 150 156 158 163 185 189 191 193 194 206 209 219 224 236 237 238 241 246 249
31 487 32 33 34 36 37 38 39 42 49 50 54 55 63 64 131 68 71 76 78 83 85 86 87 90 91 93 94 97 101 102 103 105 108 110 111 112 116 123 124 127 129 133 136 138 143 144 147 150 153 156 158 159 160 161 162 163 166 178 185 188 189 191 193 194 198 199 206 208 209 212 213 216 219 220 222 224 228 230 231 236 237 238 241 245 246 249
32 250 33 34 36 37 38 39 42 43 49 50 51 53 54 55 60 62 63 64 65 130 131 68 71 74 76 78 79 82 83 85 86 87 88 90 91 92 93 94 96 97 99 100 101 102 103 105 108 110 111 112 113 115 116 117 120 122 123 124 127 129 132 133 135 136 137 138 140 142 143 144 145 147 148 150 151 153 154 156 157 158 159 160 161 162 163 164 165 166 169 170 174 176 178 185 187 188 189 190 191 192 193 194 196 197 198 199 200 204 205 206 207 208 209 210 212 213 214 216 219 220 221 222 223 224 228 230 231 234 236 237 238 241 242 245 246 249
33 263 66 34 36 37 38 39 40 41 42 43 45 46 47 48 49 50 51 53 54 55 56 57 58 60 61 62 63 64 65 130 131 67 68 71 72 74 76 78 79 81 82 83 84 85 86 87 88 89 90 91 92 93 94 96 97 99 100 101 102 103 105 106 107 108 109 110 111 112 113 114 115 116 117 118 120 122 123 124 125 127 128 129 132 133 135 136 137 138 140 142 143 144 145 146 147 148 149 150 151 152 153 154 155 156 157 158 159 160 161 162 163 164 165 166 169 170 172 173 174 175 176 177 178 181 185 186 187 188 189 190 191 192 193 194 195 196 197 198 199 200 201 203 204 205 206 207 208 209 210 211 212 213 214 215 216 219 220 221 222 223 224 225 226 228 229 230 231 232 234 236 237 238 241 242 243 244 245 246 248 249
34 372 66 36 37 38 39 40 41 42 43 44 45 46 47 48 49 50 51 52 53 54 55 56 57 58 60 61 62 63 64 65 130 131 67 68 69 71 72 73 74 75 76 78 79 80 81 82 83 84 85 86 87 88 89 90 91 92 93 94 95 96 97 98 99 100 101 102 103 104 105 106 107 108 109 110 111 112 113 114 115 116 117 118 120 121 122 123 124 125 126 127 128 129 132 133 135 136 137 138 139 140 141 142 143 144 145 146 147 148 149 150 151 152 153 154 155 156 157 158 159 160 161 162 163 164 165 166 169 170 171 172 173 174 175 176 177 178 179 180 181 184 185 186 187 188 189 190 191 192 193 194 195 196 197 198 199 200 201 202 203 204 205 206 207 208 209 210 211 212 213 214 215 216 217 218 219 220 221 222 223 224 225 226 228 229 230 231 232 234 235 236 237 238 240 241 242 243 244 245 246 247 248 249
35 257 108 194 238
36 371 66 37 38 39 40 41 42 43 44 45 46 47 48 49 50 51 52 53 54 55 56 57 58 60 61 62 63 64 65 130 131 67 68 69 71 72 73 74 75 76 78 79 80 81 82 83 84 85 86 87 88 89 90 91 92 93 94 95 96 97 98 99 100 101 102 103 104 105 106 107 108 109 110 111 112 113 114 115 116 117 118 120 121 122 123 124 125 126 127 128 129 132 133 135 136 137 138 139 140 141 142 143 144 145 146 147 148 149 150 151 152 153 154 155 156 157 158 159 160 161 162 163 164 165 166 169 170 172 173 174 175 176 177 178 179 180 181 184 185 186 187 188 189 190 191 192 193 194 195 196 197 198 199 200 201 202 203 204 205 206 207 208 209 210 211 212 213 214 215 216 217 218 219 220 221 222 223 224 225 226 228 229 230 231 232 234 235 236 237 238 240 241 242 243 244 245 246 247 248 249
37 410 66 38 39 40 41 42 43 45 46 47 48 49 50 51 53 54 55 56 57 58 60 61 62 63 64 65 130 131 67 68 71 72 74 76 78 79 81 82 83 84 85 86 87 88 89 90 91 92 93 94 96 97 99 100 101 102 103 105 106 107 108 109 110 111 112 113 114 115 116 117 118 120 122 123 124 127 129 132 133 135 136 137 138 140 142 143 144 145 146 147 148 150 151 152 153 154 155 156 157 158 159 160 161 162 163 164 165 166 169 170 172 173 174 176 178 181 185 186 187 188 189 190 191 192 193 194 195 196 197 198 199 200 201 203 204 205 206 207 208 209 210 211 212 213 214 215 216 219 220 221 222 223 224 228 229 230 231 232 234 236 237 238 241 242 243 244 245 246 249
38 280 66 39 40 41 42 43 44 45 46 47 48 49 50 51 53 54 55 56 57 58 60 61 62 63 64 65 130 131 67 68 71 72 73 74 75 76 78 79 81 82 83 84 85 86 87 88 89 90 91 92 93 94 96 97 98 99 100 101 102 103 104 105 106 107 108 109 110 111 112 113 114 115 116 117 118 120 121 122 123 124 125 126 127 128 129 132 133 135 136 137 138 139 140 141 142 143 144 145 146 147 148 149 150 151 152 153 154 155 156 157 158 159 160 161 162 163 164 165 166 169 170 172 173 174 175 176 177 178 179 180 181 184 185 186 187 188 189 190 191 192 193 194 195 196 197 198 199 200 201 202 203 204 205 206 207 208 209 210 211 212 213 214 215 216 217 218 219 220 221 222 223 224 225 226 228 229 230 231 232 234 235 236 237 238 240 241 242 243 244 245 246 248 249
39 310 66 40 41 42 43 44 45 46 47 48 49 50 51 52 53 54 55 56 57 58 60 61 62 63 64 65 130 131 67 68 69 71 72 73 74 75 76 77 78 79 80 81 82 83 84 85 86 87 88 89 90 91 92 93 94 95 96 97 98 99 100 101 102 103 104 105 106 107 108 109 110 111 112 113 114 115 116 117 118 120 121 122 123 124 125 126 127 128 129 132 133 135 136 137 138 139 140 141 142 143 144 145 146 147 148 149 150 151 152 153 154 155 156 157 158 159 160 161 162 163 164 165 166 167 169 170 171 172 173 174 175 176 177 178 179 180 181 183 184 185 186 187 188 189 190 191 192 193 194 195 196 197 198 199 200 201 202 203 204 205 206 207 208 209 210 211 212 213 214 215 216 217 218 219 220 221 222 223 224 225 226 228 229 230 231 232 234 235 236 237 238 239 240 241 242 243 244 245 246 247 248 249
40 467 50 55 63 64 131 93 97 102 103 105 108 110 112 123 129 133 138 144 147 150 156 158 161 163 185 189 191 193 194 206 209 219 222 224 236 237 238 241 245 246 249
41 262 42 50 55 63 64 131 85 90 93 94 97 102 103 105 108 110 112 123 124 129 133 136 138 144 147 150 156 158 159 161 163 178 185 188 189 191 193 194 206 208 209 216 219 222 224 228 236 237 238 241 245 246 249
42 271 43 45 46 49 50 51 53 54 55 57 60 62 63 64 65 130 131 67 68 71 74 76 78 79 81 82 83 85 86 87 88 90 91 92 93 94 96 97 99 100 101 102 103 105 107 108 109 110 111 112 113 114 115 116 117 118 120 122 123 124 127 129 132 133 135 136 137 138 140 142 143 144 145 146 147 148 150 151 153 154 155 156 157 158 159 160 161 162 163 164 165 166 169 170 174 176 178 181 185 187 188 189 190 191 192 193 194 195 196 197 198 199 200 204 205 206 207 208 209 210 211 212 213 214 215 216 219 220 221 222 223 224 228 229 230 231 234 236 237 238 241 242 244 245 246 249
43 456 49 50 51 54 55 60 62 63 64 65 131 68 71 76 78 79 83 85 86 87 90 91 92 93 94 96 97 99 101 102 103 105 108 110 111 112 116 117 120 122 123 124 127 129 132 133 135 136 137 138 140 143 144 147 148 150 151 153 154 156 158 159 160 161 162 163 164 165 166 169 170 174 176 178 185 188 189 190 191 193 194 196 198 199 200 206 207 208 209 210 212 213 216 219 220 221 222 224 228 230 231 236 237 238 241 245 246 249
44 254 131 93 102 105 108 129 147 156 158 185 191 193 194 206 219 237 238 246 249
45 290 49 50 55 63 64 131 71 78 83 85 86 90 93 94 97 102 103 105 108 110 112 123 124 129 133 136 138 143 144 147 150 156 158 159 160 161 163 166 178 185 188 189 191 193 194 206 208 209 212 213 216 219 222 224 228 236 237 238 241 245 246 249
46 457 49 50 54 55 63 64 131 71 78 83 85 86 90 93 94 97 101 102 103 105 108 110 112 123 124 129 133 136 138 143 144 147 150 153 156 158 159 160 161 162 163 166 178 185 188 189 191 193 194 198 199 206 208 209 212 213 216 219 222 224 228 231 236 237 238 241 245 246 249
47 252 50 55 63 64 131 90 93 97 102 103 105 108 110 112 123 129 133 138 144 147 150 156 158 159 161 163 185 189 191 193 194 206 208 209 219 222 224 236 237 238 241 245 246 249
48 291 50 64 131 93 97 102 103 105 108 110 112 123 129 133 138 144 147 150 156 158 163 185 189 191 193 194 206 209 219 224 236 237 238 241 246 249
49 360 50 51 53 54 55 57 60 62 63 64 65 130 131 68 71 74 76 78 79 81 82 83 85 86 87 88 90 91 92 93 94 96 97 99 100 101 102 103 105 107 108 110 111 112 113 115 116 117 120 122 123 124 127 129 132 133 135 136 137 138 140 142 143 144 145 147 148 150 151 153 154 155 156 157 158 159 160 161 162 163 164 165 166 169 170 174 176 178 185 187 188 189 190 191 192 193 194 195 196 197 198 199 200 204 205 206 207 208 209 210 212 213 214 216 219 220 221 222 223 224 228 230 231 234 236 237 238 241 242 244 245 246 249
50 273 66 51 53 54 55 56 57 58 60 61 62 63 64 65 130 131 67 68 71 72 74 76 78 79 81 82 83 84 85 86 87 88 89 90 91 92 93 94 96 97 99 100 101 102 103 104 105 106 107 108 109 110 111 112 113 114 115 116 117 118 120 122 123 124 125 127 128 129 132 133 135 136 137 138 140 142 143 144 145 146 147 148 149 150 151 152 153 154 155 156 157 158 159 160 161 162 163 164 165 166 169 170 172 173 174 175 176 177 178 179 181 184 185 186 187 188 189 190 191 192 193 194 195 196 197 198 199 200 201 203 204 205 206 207 208 209 210 211 212 213 214 215 216 217 219 220 221 222 223 224 225 226 228 229 230 231 232 234 235 236 237 238 241 242 243 244 245 246 248 249
51 367 53 54 55 60 62 63 64 65 131 68 71 76 78 79 83 85 86 87 90 91 92 93 94 96 97 99 101 102 103 105 108 110 111 112 116 117 120 122 123 124 127 129 132 133 135 136 137 138 140 142 143 144 147 148 150 151 153 154 156 158 159 160 161 162 163 164 165 166 169 170 174 176 178 185 187 188 189 190 191 193 194 196 197 198 199 200 206 207 208 209 210 212 213 216 219 220 221 222 223 224 228 230 231 236 237 238 241 245 246 249
52 393 131 102 105 108 147 193 194 219 238 246 249
53 292 54 55 63 64 131 68 71 76 78 79 83 85 86 87 90 91 93 94 97 99 101 102 103 105 108 110 111 112 116 117 123 124 127 129 132 133 136 138 143 144 147 150 153 156 158 159 160 161 162 163 164 166 178 185 188 189 190 191 193 194 196 198 199 206 208 209 212 213 216 219 220 222 224 228 230 231 236 237 238 241 245 246 249
54 315 55 60 62 63 64 65 130 131 68 71 74 76 78 79 82 83 85 86 87 88 90 91 92 93 94 96 97 99 100 101 102 103 105 108 110 111 112 113 115 116 117 120 122 123 124 127 129 132 133 135 136 137 138 140 142 143 144 145 147 148 150 151 153 154 156 157 158 159 160 161 162 163 164 165 166 169 170 174 176 178 185 187 188 189 190 191 192 193 194 195 196 197 198 199 200 204 205 206 207 208 209 210 212 213 214 216 219 220 221 222 223 224 228 230 231 234 236 237 238 241 242 244 245 246 249
55 404 57 58 60 62 63 64 65 130 131 67 68 71 74 76 78 79 81 82 83 84 85 86 87 88 89 90 91 92 93 94 96 97 99 100 101 102 103 105 107 108 109 110 111 112 113 114 115 116 117 118 120 122 123 124 127 129 132 133 135 136 137 138 140 142 143 144 145 146 147 148 150 151 152 153 154 155 156 157 158 159 160 161 162 163 164 165 166 169 170 172 173 174 176 178 181 185 186 187 188 189 190 191 192 193 194 195 196 197 198 199 200 204 205 206 207 208 209 210 211 212 213 214 215 216 219 220 221 222 223 224 228 229 230 231 234 236 237 238 241 242 244 245 246 249
56 251 63 64 131 93 97 102 103 105 108 110 112 123 129 133 138 144 147 150 156 158 161 163 185 189 191 193 194 206 209 219 222 224 236 237 238 241 245 246 249
57 345 63 64 131 71 78 85 90 93 94 97 102 103 105 108 110 112 123 124 129 133 136 138 143 144 147 150 156 158 159 160 161 163 166 178 185 188 189 191 193 194 206 208 209 212 213 216 219 222 224 228 236 237 238 241 245 246 249
58 387 63 64 131 90 93 94 97 102 103 105 108 110 112 123 129 133 138 144 147 150 156 158 159 161 163 178 185 189 191 193 194 206 208 209 216 219 222 224 228 236 237 238 241 245 246 249
59 263 108 194 238
60 350 63 64 131 68 71 76 78 79 83 85 86 87 90 91 93 94 97 99 101 102 103 105 108 110 111 112 116 117 123 124 127 129 132 133 135 136 138 143 144 147 150 151 153 156 158 159 160 161 162 163 164 166 178 185 188 189 190 191 193 194 196 198 199 200 206 208 209 210 212 213 216 219 220 222 224 228 230 231 236 237 238 241 245 246 249
61 412 63 64 131 93 97 102 103 105 108 110 112 123 129 133 138 144 147 150 156 158 161 163 185 189 191 193 194 206 209 219 222 224 236 237 238 241 246 249
62 266 63 64 131 68 71 76 78 79 83 85 86 87 90 91 93 94 97 99 101 102 103 105 108 110 111 112 116 117 123 124 127 129 132 133 135 136 138 143 144 147 150 151 153 156 158 159 160 161 162 163 164 166 178 185 188 189 190 191 193 194 196 198 199 200 206 208 209 210 212 213 216 219 220 222 224 228 230 231 236 237 238 241 245 246 249
63 322 64 65 130 131 67 68 71 74 76 78 79 81 82 83 84 85 86 87 88 89 90 91 92 93 94 96 97 99 100 101 102 103 105 107 108 109 110 111 112 113 114 115 116 117 118 120 122 123 124 127 129 132 133 135 136 137 138 140 142 143 144 145 146 147 148 150 151 152 153 154 155 156 157 158 159 160 161 162 163 164 165 166 169 170 172 173 174 176 178 181 185 186 187 188 189 190 191 192 193 194 195 196 197 198 199 200 204 205 206 207 208 209 210 211 212 213 214 215 216 219 220 221 222 223 224 228 229 230 231 234 236 237 238 241 242 243 244 245 246 249
64 413 66 65 130 131 67 68 71 72 74 76 78 79 81 82 83 84 85 86 87 88 89 90 91 92 93 94 96 97 99 100 101 102 103 105 106 107 108 109 110 111 112 113 114 115 116 117 118 120 122 123 124 127 129 132 133 135 136 137 138 140 142 143 144 145 146 147 148 150 151 152 153 154 155 156 157 158 159 160 161 162 163 164 165 166 169 170 172 173 174 176 178 181 185 186 187 188 189 190 191 192 193 194 195 196 197 198 199 200 201 204 205 206 207 208 209 210 211 212 213 214 215 216 219 220 221 222 223 224 228 229 230 231 232 234 236 237 238 241 242 243 244 245 246 249
65 256 131 68 71 76 78 79 83 85 86 87 90 91 93 94 97 99 101 102 103 105 108 110 111 112 116 117 123 124 127 129 132 133 135 136 138 143 144 147 150 151 153 156 158 159 160 161 162 163 164 166 178 185 188 189 190 191 193 194 196 198 199 200 206 208 209 210 212 213 216 219 220 222 224 228 230 231 236 237 238 241 245 246 249
66 331 131 93 97 102 103 105 108 110 112 123 129 133 138 144 147 150 156 158 163 185 189 191 193 194 206 209 219 224 236 237 238 241 246 249
67 459 131 71 85 90 93 94 97 102 103 105 108 110 112 123 124 129 133 136 138 144 147 150 156 158 159 161 163 178 185 188 189 191 193 194 206 208 209 216 219 222 224 228 236 237 238 241 245 246 249
68 262 130 131 71 74 76 78 79 83 85 86 87 88 90 91 92 93 94 96 97 99 101 102 103 105 108 110 111 112 115 116 117 120 122 123 124 127 129 132 133 135 136 137 138 140 142 143 144 145 147 148 150 151 153 154 156 157 158 159 160 161 162 163 164 165 166 169 170 174 176 178 185 187 188 189 190 191 193 194 196 197 198 199 200 205 206 207 208 209 210 212 213 214 216 219 220 221 222 223 224 228 230 231 236 237 238 241 242 245 246 249
69 279 131 102 105 108 193 194 219 238 249
70 434 238
71 271 130 131 74 76 78 79 81 82 83 85 86 87 88 90 91 92 93 94 96 97 99 100 101 102 103 105 107 108 110 111 112 113 115 116 117 120 122 123 124 127 129 132 133 135 136 137 138 140 142 143 144 145 146 147 148 150 151 153 154 155 156 157 158 159 160 161 162 163 164 165 166 169 170 174 176 178 181 185 187 188 189 190 191 192 193 194 195 196 197 198 199 200 204 205 206 207 208 209 210 212 213 214 216 219 220 221 222 223 224 228 230 231 234 236 237 238 241 242 244 245 246 249
72 295 131 93 97 102 103 105 108 110 112 123 129 138 144 147 150 156 158 163 185 189 191 193 194 206 209 219 224 236 237 238 241 246 249
73 439 131 93 102 105 108 147 156 185 193 194 219 237 238 246 249
74 253 131 76 78 83 85 86 87 90 91 93 94 97 101 102 103 105 108 110 111 112 123 124 127 129 133 136 138 143 144 147 150 153 156 158 159 160 161 162 163 166 178 185 188 189 191 193 194 198 199 206 208 209 212 213 216 219 220 222 224 228 230 231 236 237 238 241 245 246 249
75 308 131 93 102 105 108 112 129 147 150 156 158 185 191 193 194 206 219 237 238 246 249
76 495 130 131 78 79 83 85 86 87 88 90 91 92 93 94 96 97 99 101 102 103 105 108 110 111 112 116 117 120 122 123 124 127 129 132 133 135 136 137 138 140 142 143 144 145 147 148 150 151 153 154 156 157 158 159 160 161 162 163 164 165 166 169 170 174 176 178 185 187 188 189 190 191 193 194 196 197 198 199 200 205 206 207 208 209 210 212 213 214 216 219 220 221 222 223 224 228 230 231 236 237 238 241 242 245 246 249
77 251 105 108 193 194 219 238
78 254 130 131 79 81 82 83 85 86 87 88 90 91 92 93 94 96 97 99 100 101 102 103 105 107 108 110 111 112 113 115 116 117 120 122 123 124 127 129 132 133 135 136 137 138 140 142 143 144 145 147 148 150 151 153 154 155 156 157 158 159 160 161 162 163 164 165 166 169 170 174 176 178 181 185 187 188 189 190 191 192 193 194 195 196 197 198 199 200 204 205 206 207 208 209 210 212 213 214 216 219 220 221 222 223 224 228 230 231 234 236 237 238 241 242 244 245 246 249
79 399 130 131 83 85 86 87 90 91 92 93 94 96 97 99 101 102 103 105 108 110 111 112 116 117 120 122 123 124 127 129 132 133 135 136 137 138 140 142 143 144 147 148 150 151 153 154 156 158 159 160 161 162 163 164 165 166 169 170 174 176 178 185 187 188 189 190 191 193 194 196 197 198 199 200 206 207 208 209 210 212 213 216 219 220 221 222 223 224 228 230 231 236 237 238 241 242 245 246 249
80 286 131 102 105 108 193 194 219 238 249
81 315 131 85 90 93 94 97 102 103 105 108 110 112 123 124 129 133 136 138 143 144 147 150 156 158 159 160 161 163 166 178 185 188 189 191 193 194 206 208 209 212 213 216 219 222 224 228 236 237 238 241 245 246 249
82 395 131 83 85 86 87 90 91 93 94 97 101 102 103 105 108 110 112 123 124 129 133 136 138 143 144 147 150 153 156 158 159 160 161 162 163 166 178 185 188 189 191 193 194 198 199 206 208 209 212 213 216 219 222 224 228 230 231 236 237 238 241 245 246 249
83 282 130 131 85 86 87 88 90 91 92 93 94 96 97 99 100 101 102 103 105 108 110 111 112 113 115 116 117 120 122 123 124 127 129 132 133 135 136 137 138 140 142 143 144 145 147 148 150 151 153 154 155 156 157 158 159 160 161 162 163 164 165 166 169 170 174 176 178 185 187 188 189 190 191 192 193 194 195 196 197 198 199 200 204 205 206 207 208 209 210 212 213 214 216 219 220 221 222 223 224 228 230 231 234 236 237 238 241 242 244 245 246 249
84 323 131 90 93 94 97 102 103 105 108 110 112 123 129 133 138 144 147 150 156 158 159 161 163 178 185 189 191 193 194 206 208 209 216 219 222 224 228 236 237 238 241 245 246 249
85 372 130 131 86 87 88 90 91 92 93 94 96 97 99 100 101 102 103 105 107 108 109 110 111 112 113 115 116 117 120 122 123 124 127 129 132 133 135 136 137 138 140 142 143 144 145 146 147 148 150 151 153 154 155 156 157 158 159 160 161 162 163 164 165 166 169 170 174 176 178 181 185 187 188 189 190 191 192 193 194 195 196 197 198 199 200 204 205 206 207 208 209 210 212 213 214 216 219 220 221 222 223 224 228 230 231 234 236 237 238 241 242 244 245 246 249
86 290 130 131 87 88 90 91 92 93 94 96 97 99 100 101 102 103 105 108 110 111 112 113 115 116 117 120 122 123 124 127 129 132 133 135 136 137 138 140 142 143 144 145 147 148 150 151 153 154 155 156 157 158 159 160 161 162 163 164 165 166 169 170 174 176 178 185 187 188 189 190 191 192 193 194 195 196 197 198 199 200 204 205 206 207 208 209 210 212 213 214 216 219 220 221 222 223 224 228 230 231 234 236 237 238 241 242 244 245 246 249
87 338 130 131 88 90 91 92 93 94 96 97 99 100 101 102 103 105 108 110 111 112 113 115 116 117 120 122 123 124 127 129 132 133 135 136 137 138 140 142 143 144 145 147 148 150 151 153 154 156 157 158 159 160 161 162 163 164 165 166 169 170 174 176 178 185 187 188 189 190 191 192 193 194 196 197 198 199 200 204 205 206 207 208 209 210 212 213 214 216 219 220 221 222 223 224 228 230 231 234 236 237 238 241 242 245 246 249
88 410 131 90 91 93 94 97 99 101 102 103 105 108 110 111 112 116 117 123 124 127 129 133 136 138 143 144 147 150 153 156 158 159 160 161 162 163 166 178 185 188 189 191 193 194 198 199 206 208 209 212 213 216 219 220 222 224 228 230 231 236 237 238 241 245 246 249
89 253 131 90 93 97 102 103 105 108 110 112 123 129 133 138 144 147 150 156 158 159 161 163 185 189 191 193 194 206 208 209 219 222 224 236 237 238 241 245 246 249
90 337 130 131 91 92 93 94 96 97 99 100 101 102 103 105 107 108 109 110 111 112 113 114 115 116 117 118 120 122 123 124 127 129 132 133 135 136 137 138 140 142 143 144 145 146 147 148 150 151 152 153 154 155 156 157 158 159 160 161 162 163 164 165 166 169 170 173 174 176 178 181 185 187 188 189 190 191 192 193 194 195 196 197 198 199 200 204 205 206 207 208 209 210 211 212 213 214 215 216 219 220 221 222 223 224 228 229 230 231 234 236 237 238 241 242 244 245 246 249
91 360 130 131 92 93 94 96 97 99 100 101 102 103 105 108 110 111 112 113 115 116 117 120 122 123 124 127 129 132 133 135 136 137 138 140 142 143 144 145 147 148 150 151 153 154 156 157 158 159 160 161 162 163 164 165 166 169 170 174 176 178 185 187 188 189 190 191 192 193 194 196 197 198 199 200 204 205 206 207 208 209 210 212 213 214 216 219 220 221 222 223 224 228 230 231 234 236 237 238 241 242 245 246 249
92 258 131 93 94 97 99 101 102 103 105 108 110 111 112 116 117 123 124 127 129 132 133 135 136 138 143 144 147 150 151 153 156 158 159 160 161 162 163 164 166 178 185 188 189 190 191 193 194 196 198 199 200 206 208 209 210 212 213 216 219 220 222 224 228 230 231 236 237 238 241 245 246 249
93 382 130 131 94 96 97 98 99 100 101 102 103 104 105 106 107 108 109 110 111 112 113 114 115 116 117 118 120 121 122 123 124 125 126 127 128 129 132 133 135 136 137 138 139 140 142 143 144 145 146 147 148 149 150 151 152 153 154 155 156 157 158 159 160 161 162 163 164 165 166 169 170 172 173 174 175 176 177 178 179 180 181 184 185 186 187 188 189 190 191 192 193 194 195 196 197 198 199 200 201 202 203 204 205 206 207 208 209 210 211 212 213 214 215 216 217 218 219 220 221 222 223 224 225 226 228 229 230 231 232 234 235 236 237 238 241 242 243 244 245 246 248 249
94 406 130 131 96 97 99 100 101 102 103 105 107 108 109 110 111 112 113 114 115 116 117 118 120 122 123 124 127 129 132 133 135 136 137 138 140 142 143 144 145 146 147 148 150 151 152 153 154 155 156 157 158 159 160 161 162 163 164 165 166 169 170 173 174 176 178 181 185 187 188 189 190 191 192 193 194 195 196 197 198 199 200 204 205 206 207 208 209 210 211 212 213 214 215 216 219 220 221 222 223 224 228 229 230 231 234 236 237 238 241 242 244 245 246 249
95 274 131 102 105 108 147 156 193 194 219 238 246 249
96 320 131 97 99 101 102 103 105 108 110 111 112 116 117 123 124 127 129 132 133 135 136 138 143 144 147 150 151 153 156 158 159 160 161 162 163 164 166 178 185 188 189 190 191 193 194 196 198 199 200 206 208 209 210 212 213 216 219 220 222 224 228 230 231 236 237 238 241 245 246 249
97 414 130 131 99 100 101 102 103 105 106 107 108 109 110 111 112 113 114 115 116 117 118 120 122 123 124 125 127 128 129 132 133 135 136 137 138 140 142 143 144 145 146 147 148 149 150 151 152 153 154 155 156 157 158 159 160 161 162 163 164 165 166 169 170 172 173 174 175 176 177 178 181 185 186 187 188 189 190 191 192 193 194 195 196 197 198 199 200 201 203 204 205 206 207 208 209 210 211 212 213 214 215 216 219 220 221 222 223 224 225 226 228 229 230 231 232 234 236 237 238 241 242 243 244 245 246 248 249
98 258 131 102 105 108 147 156 185 193 194 219 237 238 246 249
99 328 130 131 101 102 103 105 108 110 111 112 116 117 120 122 123 124 127 129 132 133 135 136 137 138 140 142 143 144 147 148 150 151 153 154 156 158 159 160 161 162 163 164 165 166 169 170 174 176 178 185 187 188 189 190 191 193 194 196 197 198 199 200 205 206 207 208 209 210 212 213 214 216 219 220 221 222 223 224 228 230 231 236 237 238 241 242 245 246 249
100 356 131 101 102 103 105 108 110 112 123 124 129 133 136 138 143 144 147 150 153 156 158 159 160 161 162 163 166 178 185 188 189 191 193 194 198 199 206 208 209 212 213 216 219 222 224 228 230 231 236 237 238 241 245 246 249
101 281 130 131 102 103 105 108 110 111 112 113 115 116 117 120 122 123 124 127 129 132 133 135 136 137 138 140 142 143 144 145 147 148 150 151 153 154 156 157 158 159 160 161 162 163 164 165 166 169 170 174 176 178 185 187 188 189 190 191 192 193 194 195 196 197 198 199 200 204 205 206 207 208 209 210 212 213 214 216 219 220 221 222 223 224 228 230 231 234 236 237 238 241 242 245 246 249
102 363 130 131 103 104 105 106 107 108 109 110 111 112 113 114 115 116 117 118 120 121 122 123 124 125 126 127 128 129 132 133 135 136 137 138 139 140 141 142 143 144 145 146 147 148 149 150 151 152 153 154 155 156 157 158 159 160 161 162 163 164 165 166 169 170 172 173 174 175 176 177 178 179 180 181 184 185 186 187 188 189 190 191 192 193 194 195 196 197 198 199 200 201 202 203 204 205 206 207 208 209 210 211 212 213 214 215 216 217 218 219 220 221 222 223 224 225 226 228 229 230 231 232 234 235 236 237 238 240 241 242 243 244 245 246 247 248 249
103 493 130 131 105 106 107 108 109 110 111 112 113 114 115 116 117 118 120 122 123 124 127 129 132 133 135 136 137 138 140 142 143 144 145 146 147 148 150 151 152 153 154 155 156 157 158 159 160 161 162 163 164 165 166 169 170 172 173 174 175 176 177 178 181 185 186 187 188 189 190 191 192 193 194 195 196 197 198 199 200 201 203 204 205 206 207 208 209 210 211 212 213 214 215 216 219 220 221 222 223 224 225 228 229 230 231 232 234 236 237 238 241 242 243 244 245 246 248 249
104 251 131 105 108 112 129 147 150 156 158 185 191 193 194 206 209 219 237 238 246 249
105 256 130 131 106 107 108 109 110 111 112 113 114 115 116 117 118 120 121 122 123 124 125 126 127 128 129 132 133 135 136 137 138 139 140 141 142 143 144 145 146 147 148 149 150 151 152 153 154 155 156 157 158 159 160 161 162 163 164 165 166 167 169 170 171 172 173 174 175 176 177 178 179 180 181 183 184 185 186 187 188 189 190 191 192 193 194 195 196 197 198 199 200 201 202 203 204 205 206 207 208 209 210 211 212 213 214 215 216 217 218 219 220 221 222 223 224 225 226 228 229 230 231 232 234 235 236 237 238 239 240 241 242 243 244 245 246 247 248 249
106 406 131 108 110 112 123 129 133 138 144 147 150 156 158 163 185 189 191 193 194 206 209 219 224 236 237 238 241 246 249
107 292 131 108 110 112 123 124 129 133 136 138 143 144 147 150 156 158 159 160 161 163 166 178 185 188 189 191 193 194 206 208 209 212 213 216 219 222 224 228 236 237 238 241 245 246 249
108 302 130 131 109 110 111 112 113 114 115 116 117 118 120 121 122 123 124 125 126 127 128 129 132 133 135 136 137 138 139 140 141 142 143 144 145 146 147 148 149 150 151 152 153 154 155 156 157 158 159 160 161 162 163 164 165 166 167 168 169 170 171 172 173 174 175 176 177 178 179 180 181 182 183 184 185 186 187 188 189 190 191 192 193 194 195 196 197 198 199 200 201 202 203 204 205 206 207 208 209 210 211 212 213 214 215 216 217 218 219 220 221 222 223 224 225 226 227 228 229 230 231 232 233 234 235 236 237 238 239 240 241 242 243 244 245 246 247 248 249
109 441 131 110 112 123 124 129 133 136 138 144 147 150 156 158 159 161 163 178 185 188 189 191 193 194 206 208 209 216 219 222 224 228 236 237 238 241 245 246 249
110 266 130 131 111 112 113 114 115 116 117 118 120 122 123 124 127 129 132 133 135 136 137 138 140 142 143 144 145 146 147 148 150 151 152 153 154 155 156 157 158 159 160 161 162 163 164 165 166 169 170 172 173 174 176 178 181 185 186 187 188 189 190 191 192 193 194 195 196 197 198 199 200 201 203 204 205 206 207 208 209 210 211 212 213 214 215 216 219 220 221 222 223 224 228 229 230 231 232 234 236 237 238 241 242 243 244 245 246 248 249
111 293 130 131 112 116 117 120 122 123 124 127 129 132 133 135 136 137 138 140 142 143 144 147 148 150 151 153 154 156 157 158 159 160 161 162 163 164 165 166 169 170 174 176 178 185 187 188 189 190 191 193 194 196 197 198 199 200 205 206 207 208 209 210 212 213 214 216 219 220 221 222 223 224 228 230 231 236 237 238 241 242 245 246 249
112 368 130 131 113 114 115 116 117 118 120 121 122 123 124 125 127 128 129 132 133 135 136 137 138 140 142 143 144 145 146 147 148 149 150 151 152 153 154 155 156 157 158 159 160 161 162 163 164 165 166 169 170 172 173 174 175 176 177 178 179 181 184 185 186 187 188 189 190 191 192 193 194 195 196 197 198 199 200 201 202 203 204 205 206 207 208 209 210 211 212 213 214 215 216 217 219 220 221 222 223 224 225 226 228 229 230 231 232 234 235 236 237 238 241 242 243 244 245 246 248 249
113 255 131 123 124 129 133 136 138 143 144 147 150 153 156 158 159 160 161 162 163 166 178 185 188 189 191 193 194 198 199 206 208 209 212 213 216 219 222 224 228 230 231 236 237 238 241 245 246 249
114 377 131 123 129 133 138 144 147 150 156 158 159 161 163 178 185 189 191 193 194 206 208 209 216 219 222 224 228 236 237 238 241 245 246 249
115 470 131 123 124 129 133 136 138 143 144 147 150 153 156 158 159 160 161 162 163 166 178 185 188 189 191 193 194 198 199 206 208 209 212 213 216 219 222 224 228 230 231 236 237 238 241 245 246 249
116 253 130 131 117 120 122 123 124 127 129 132 133 135 136 137 138 140 142 143 144 147 148 150 151 153 154 156 157 158 159 160 161 162 163 164 165 166 169 170 174 176 178 185 187 188 189 190 191 193 194 196 197 198 199 200 205 206 207 208 209 210 212 213 214 216 219 220 221 222 223 224 228 230 231 236 237 238 241 242 245 246 249
117 277 130 131 120 122 123 124 127 129 132 133 135 136 137 138 140 142 143 144 147 148 150 151 153 154 156 158 159 160 161 162 163 164 165 166 169 170 174 176 178 185 187 188 189 190 191 193 194 196 197 198 199 200 205 206 207 208 209 210 212 213 214 216 219 220 221 222 223 224 228 230 231 236 237 238 241 242 245 246 249
118 441 131 123 129 133 136 138 144 147 150 156 158 159 161 163 178 185 189 191 193 194 206 208 209 216 219 222 224 228 236 237 238 241 245 246 249
119 253
120 306 131 123 124 127 129 132 133 136 138 143 144 147 150 151 153 156 158 159 160 161 162 163 164 166 178 185 188 189 190 191 193 194 196 198 199 200 206 208 209 210 212 213 216 219 220 222 224 228 230 231 236 237 238 241 245 246 249
121 492 131 129 147 156 158 185 191 193 194 206 219 237 238 246 249
122 250 131 123 124 127 129 132 133 135 136 138 143 144 147 150 151 153 156 158 159 160 161 162 163 164 166 169 178 185 188 189 190 191 193 194 196 198 199 200 206 208 209 210 212 213 216 219 220 222 224 228 230 231 236 237 238 241 245 246 249
123 258 130 131 124 127 129 132 133 135 136 137 138 140 142 143 144 145 146 147 148 150 151 152 153 154 155 156 157 158 159 160 161 162 163 164 165 166 169 170 172 173 174 175 176 177 178 181 185 186 187 188 189 190 191 192 193 194 195 196 197 198 199 200 201 203 204 205 206 207 208 209 210 211 212 213 214 215 216 219 220 221 222 223 224 225 228 229 230 231 232 234 236 237 238 241 242 243 244 245 246 248 249
124 467 130 131 127 129 132 133 135 136 137 138 140 142 143 144 145 146 147 148 150 151 153 154 155 156 157 158 159 160 161 162 163 164 165 166 169 170 174 176 178 181 185 187 188 189 190 191 192 193 194 195 196 197 198 199 200 204 205 206 207 208 209 210 212 213 214 216 219 220 221 222 223 224 228 230 231 234 236 237 238 241 242 244 245 246 249
125 252 131 129 147 150 156 158 185 189 191 193 194 206 209 219 236 237 238 246 249
126 281 131 147 156 185 193 194 219 237 238 246 249
127 404 130 131 129 132 133 135 136 137 138 140 142 143 144 147 148 150 151 153 154 156 157 158 159 160 161 162 163 164 165 166 169 170 174 176 178 185 187 188 189 190 191 193 194 196 197 198 199 200 205 206 207 208 209 210 212 213 214 216 219 220 221 222 223 224 228 230 231 236 237 238 241 242 245 246 249
128 291 131 129 147 150 156 158 185 189 191 193 194 206 209 219 236 237 238 246 249
129 305 130 131 132 133 135 136 137 138 139 140 142 143 144 145 146 147 148 149 150 151 152 153 154 155 156 157 158 159 160 161 162 163 164 165 166 169 170 172 173 174 175 176 177 178 179 181 184 185 186 187 188 189 190 191 192 193 194 195 196 197 198 199 200 201 202 203 204 205 206 207 208 209 210 211 212 213 214 215 216 217 219 220 221 222 223 224 225 226 228 229 230 231 232 234 235 236 237 238 241 242 243 244 245 246 248 249
130 415 131 133 136 138 143 144 147 150 153 156 158 159 160 161 162 163 166 178 185 188 189 191 193 194 196 198 199 206 208 209 212 213 216 219 220 222 224 228 230 231 236 237 238 241 245 246 249
131 251 132 133 135 136 137 138 139 140 141 142 143 144 145 146 147 148 149 150 151 152 153 154 155 156 157 158 159 160 161 162 163 164 165 166 169 170 172 173 174 175 176 177 178 179 180 181 184 185 186 187 188 189 190 191 192 193 194 195 196 197 198 199 200 201 202 203 204 205 206 207 208 209 210 211 212 213 214 215 216 217 218 219 220 221 222 223 224 225 226 228 229 230 231 232 234 235 236 237 238 240 241 242 243 244 245 246 247 248 249
132 334 133 135 136 137 138 140 142 143 144 147 148 150 151 153 154 156 158 159 160 161 162 163 164 165 166 169 170 174 176 178 185 187 188 189 190 191 193 194 196 197 198 199 200 206 207 208 209 210 212 213 216 219 220 221 222 223 224 228 230 231 236 237 238 241 245 246 249
133 451 135 136 137 138 140 142 143 144 145 146 147 148 150 151 152 153 154 155 156 157 158 159 160 161 162 163 164 165 166 169 170 172 173 174 176 178 181 185 186 187 188 189 190 191 192 193 194 195 196 197 198 199 200 204 205 206 207 208 209 210 211 212 213 214 215 216 219 220 221 222 223 224 228 229 230 231 234 236 237 238 241 242 243 244 245 246 249
134 259
135 290 136 138 140 143 144 147 150 151 153 156 158 159 160 161 162 163 164 166 169 170 178 185 188 189 190 191 193 194 196 198 199 200 206 207 208 209 210 212 213 216 219 220 221 222 224 228 230 231 236 237 238 241 245 246 249
136 465 137 138 140 142 143 144 145 146 147 148 150 151 153 154 155 156 157 158 159 160 161 162 163 164 165 166 169 170 174 176 178 181 185 187 188 189 190 191 192 193 194 195 196 197 198 199 200 204 205 206 207 208 209 210 212 213 214 216 219 220 221 222 223 224 228 230 231 234 236 237 238 241 242 244 245 246 249
137 257 138 143 144 147 150 151 153 156 158 159 160 161 162 163 164 166 178 185 188 189 190 191 193 194 196 198 199 200 206 208 209 210 212 213 216 219 220 222 224 228 230 231 236 237 238 241 245 246 249
138 278 140 142 143 144 145 146 147 148 150 151 152 153 154 155 156 157 158 159 160 161 162 163 164 165 166 169 170 172 173 174 176 178 181 185 186 187 188 189 190 191 192 193 194 195 196 197 198 199 200 201 203 204 205 206 207 208 209 210 211 212 213 214 215 216 219 220 221 222 223 224 228 229 230 231 232 234 236 237 238 241 242 243 244 245 246 248 249
139 387 147 156 158 185 193 194 206 219 237 238 246 249
140 252 143 144 147 150 151 153 156 158 159 160 161 162 163 164 166 178 185 188 189 190 191 193 194 196 198 199 200 206 208 209 210 212 213 216 219 220 222 224 228 230 231 236 237 238 241 245 246 249
141 361 147 156 185 193 194 219 237 238 246 249
142 482 143 144 147 150 153 156 158 159 160 161 162 163 164 166 178 185 188 189 190 191 193 194 196 198 199 206 208 209 210 212 213 216 219 220 222 224 228 230 231 236 237 238 241 245 246 249
143 252 144 145 147 148 150 151 153 154 155 156 157 158 159 160 161 162 163 164 165 166 169 170 174 176 178 185 187 188 189 190 191 192 193 194 195 196 197 198 199 200 204 205 206 207 208 209 210 212 213 214 216 219 220 221 222 223 224 228 230 231 234 236 237 238 241 242 244 245 246 249
144 266 145 146 147 148 150 151 152 153 154 155 156 157 158 159 160 161 162 163 164 165 166 169 170 172 173 174 175 176 177 178 181 185 186 187 188 189 190 191 192 193 194 195 196 197 198 199 200 201 203 204 205 206 207 208 209 210 211 212 213 214 215 216 219 220 221 222 223 224 225 228 229 230 231 232 234 236 237 238 241 242 243 244 245 246 248 249
145 402 147 150 153 156 158 159 160 161 162 163 166 178 185 188 189 191 193 194 198 199 206 208 209 212 213 216 219 220 222 224 228 230 231 236 237 238 241 245 246 249
146 280 147 150 156 158 159 161 163 166 178 185 188 189 191 193 194 206 208 209 212 216 219 222 224 228 236 237 238 241 245 246 249
147 318 148 149 150 151 152 153 154 155 156 157 158 159 160 161 162 163 164 165 166 169 170 172 173 174 175 176 177 178 179 180 181 184 185 186 187 188 189 190 191 192 193 194 195 196 197 198 199 200 201 202 203 204 205 206 207 208 209 210 211 212 213 214 215 216 217 218 219 220 221 222 223 224 225 226 228 229 230 231 232 234 235 236 237 238 240 241 242 243 244 245 246 247 248 249
148 400 150 151 153 156 158 159 160 161 162 163 164 166 178 185 188 189 190 191 193 194 196 198 199 200 206 208 209 210 212 213 216 219 220 222 224 228 230 231 236 237 238 241 245 246 249
149 270 150 156 158 163 185 189 191 193 194 206 209 219 236 237 238 246 249
150 330 151 152 153 154 155 156 157 158 159 160 161 162 163 164 165 166 169 170 172 173 174 175 176 177 178 179 181 184 185 186 187 188 189 190 191 192 193 194 195 196 197 198 199 200 201 202 203 204 205 206 207 208 209 210 211 212 213 214 215 216 217 219 220 221 222 223 224 225 226 228 229 230 231 232 234 235 236 237 238 241 242 243 244 245 246 248 249
151 353 153 154 156 158 159 160 161 162 163 164 166 169 170 176 178 185 188 189 190 191 193 194 196 198 199 200 206 207 208 209 210 212 213 216 219 220 221 222 224 228 230 231 236 237 238 241 245 246 249
152 293 156 158 159 161 163 178 185 189 191 193 194 206 208 209 216 219 222 224 228 236 237 238 241 245 246 249
153 354 154 156 157 158 159 160 161 162 163 164 165 166 169 170 174 176 178 185 187 188 189 190 191 192 193 194 195 196 197 198 199 200 204 205 206 207 208 209 210 212 213 214 216 219 220 221 222 223 224 228 230 231 234 236 237 238 241 242 244 245 246 249
154 488 156 158 159 160 161 162 163 164 166 178 185 188 189 190 191 193 194 196 198 199 200 206 208 209 210 212 213 216 219 220 222 224 228 230 231 236 237 238 241 245 246 249
155 250 156 158 159 160 161 163 166 178 185 188 189 191 193 194 206 208 209 212 213 216 219 222 224 228 236 237 238 241 245 246 249
156 262 157 158 159 160 161 162 163 164 165 166 169 170 172 173 174 175 176 177 178 179 180 181 184 185 186 187 188 189 190 191 192 193 194 195 196 197 198 199 200 201 202 203 204 205 206 207 208 209 210 211 212 213 214 215 216 217 218 219 220 221 222 223 224 225 226 228 229 230 231 232 234 235 236 237 238 240 241 242 243 244 245 246 248 249
157 355 158 159 160 161 162 163 166 178 185 188 189 191 193 194 198 199 206 208 209 212 213 216 219 220 222 224 228 230 231 236 237 238 241 245 246 249
158 310 159 160 161 162 163 164 165 166 169 170 172 173 174 175 176 177 178 179 181 184 185 186 187 188 189 190 191 192 193 194 195 196 197 198 199 200 201 202 203 204 205 206 207 208 209 210 211 212 213 214 215 216 217 219 220 221 222 223 224 225 226 228 229 230 231 232 234 235 236 237 238 241 242 243 244 245 246 248 249
159 335 160 161 162 163 164 165 166 169 170 173 174 176 178 181 185 187 188 189 190 191 192 193 194 195 196 197 198 199 200 204 205 206 207 208 209 210 211 212 213 214 215 216 219 220 221 222 223 224 228 229 230 231 234 236 237 238 241 242 244 245 246 249
160 484 161 162 163 164 165 166 169 170 174 176 178 181 185 187 188 189 190 191 192 193 194 195 196 197 198 199 200 204 205 206 207 208 209 210 212 213 214 216 219 220 221 222 223 224 228 230 231 234 236 237 238 241 242 244 245 246 249
161 253 162 163 164 165 166 169 170 172 173 174 176 178 181 185 186 187 188 189 190 191 192 193 194 195 196 197 198 199 200 204 205 206 207 208 209 210 211 212 213 214 215 216 219 220 221 222 223 224 228 229 230 231 234 236 237 238 241 242 243 244 245 246 249
162 263 163 164 165 166 169 170 174 176 178 185 187 188 189 190 191 192 193 194 195 196 197 198 199 200 204 205 206 207 208 209 210 212 213 214 216 219 220 221 222 223 224 228 230 231 234 236 237 238 241 242 244 245 246 249
163 363 164 165 166 169 170 172 173 174 175 176 177 178 181 185 186 187 188 189 190 191 192 193 194 195 196 197 198 199 200 201 203 204 205 206 207 208 209 210 211 212 213 214 215 216 219 220 221 222 223 224 225 226 228 229 230 231 232 234 236 237 238 241 242 243 244 245 246 248 249
164 260 165 166 169 170 174 176 178 185 187 188 189 190 191 193 194 196 197 198 199 200 206 207 208 209 210 212 213 216 219 220 221 222 223 224 228 230 231 236 237 238 241 245 246 249
165 377 166 178 185 188 189 190 191 193 194 196 198 199 200 206 208 209 210 212 213 216 219 220 222 224 228 230 231 236 237 238 241 245 246 249
166 455 169 170 174 176 178 181 185 187 188 189 190 191 192 193 194 195 196 197 198 199 200 204 205 206 207 208 209 210 212 213 214 216 219 220 221 222 223 224 228 230 231 234 236 237 238 241 242 244 245 246 249
167 254 193 194 219 238
168 291 194 238
169 486 178 185 188 189 190 191 193 194 196 198 199 200 206 208 209 210 212 213 216 219 220 222 224 228 230 231 236 237 238 241 245 246 249
170 252 178 185 188 189 190 191 193 194 196 198 199 200 206 208 209 210 212 213 216 219 220 222 224 228 230 231 236 237 238 241 245 246 249
171 262 193 194 219 238
172 437 185 189 191 193 194 206 209 219 222 224 236 237 238 241 245 246 249
173 261 178 185 189 191 193 194 206 208 209 216 219 222 224 228 236 237 238 241 245 246 249
174 302 178 185 188 189 190 191 193 194 196 198 199 200 206 208 209 210 212 213 216 219 220 222 224 228 230 231 236 237 238 241 245 246 249
175 487 185 189 191 193 194 206 209 219 236 237 238 241 246 249
176 256 178 185 188 189 190 191 193 194 196 198 199 200 206 208 209 210 212 213 216 219 220 222 224 228 230 231 236 237 238 241 245 246 249
177 257 185 189 191 193 194 206 209 219 236 237 238 241 246 249
178 382 181 185 187 188 189 190 191 192 193 194 195 196 197 198 199 200 204 205 206 207 208 209 210 211 212 213 214 215 216 219 220 221 222 223 224 228 229 230 231 234 236 237 238 241 242 244 245 246 249
179 266 185 191 193 194 206 219 237 238 246 249
180 352 185 193 194 219 237 238 246 249
181 492 185 188 189 191 193 194 206 208 209 212 216 219 222 224 228 236 237 238 241 245 246 249
182 250 238
183 258 193 194 238
184 393 185 191 193 194 206 219 237 238 246 249
185 267 186 187 188 189 190 191 192 193 194 195 196 197 198 199 200 201 202 203 204 205 206 207 208 209 210 211 212 213 214 215 216 217 218 219 220 221 222 223 224 225 226 228 229 230 231 232 234 235 236 237 238 241 242 243 244 245 246 248 249
186 340 189 191 193 194 206 209 219 222 224 236 237 238 241 245 246 249
187 447 188 189 190 191 193 194 196 198 199 206 208 209 212 213 216 219 220 222 224 228 230 231 236 237 238 241 245 246 249
188 260 189 190 191 192 193 194 195 196 197 198 199 200 204 205 206 207 208 209 210 212 213 214 216 219 220 221 222 223 224 228 230 231 234 236 237 238 241 242 244 245 246 249
189 293 190 191 192 193 194 195 196 197 198 199 200 201 203 204 205 206 207 208 209 210 211 212 213 214 215 216 219 220 221 222 223 224 225 226 228 229 230 231 232 234 236 237 238 241 242 243 244 245 246 248 249
190 459 191 193 194 196 197 198 199 200 206 207 208 209 210 212 213 216 219 220 221 222 224 228 230 231 236 237 238 241 245 246 249
191 265 192 193 194 195 196 197 198 199 200 201 202 203 204 205 206 207 208 209 210 211 212 213 214 215 216 217 219 220 221 222 223 224 225 226 228 229 230 231 232 234 235 236 237 238 241 242 243 244 245 246 248 249
192 276 193 194 198 199 206 208 209 212 213 216 219 222 224 228 230 231 236 237 238 241 245 246 249
193 432 194 195 196 197 198 199 200 201 202 203 204 205 206 207 208 209 210 211 212 213 214 215 216 217 218 219 220 221 222 223 224 225 226 228 229 230 231 232 234 235 236 237 238 239 240 241 242 243 244 245 246 247 248 249
194 282 195 196 197 198 199 200 201 202 203 204 205 206 207 208 209 210 211 212 213 214 215 216 217 218 219 220 221 222 223 224 225 226 227 228 229 230 231 232 233 234 235 236 237 238 239 240 241 242 243 244 245 246 247 248 249
195 286 198 199 206 208 209 212 213 216 219 222 224 228 231 236 237 238 241 245 246 249
196 416 197 198 199 200 205 206 207 208 209 210 212 213 214 216 219 220 221 222 223 224 228 230 231 236 237 238 241 242 245 246 249
197 259 198 199 206 208 209 212 213 216 219 220 222 224 228 230 231 236 237 238 241 245 246 249
198 325 199 200 204 205 206 207 208 209 210 212 213 214 216 219 220 221 222 223 224 228 230 231 234 236 237 238 241 242 245 246 249
199 490 200 204 205 206 207 208 209 210 212 213 214 216 219 220 221 222 223 224 228 230 231 234 236 237 238 241 242 244 245 246 249
200 250 206 207 208 209 210 212 213 216 219 220 221 222 224 228 230 231 236 237 238 241 245 246 249
201 260 206 209 219 224 236 237 238 241 246 249
202 380 206 219 237 238 246 249
203 302 206 209 219 224 236 237 238 241 246 249
204 318 206 208 209 212 213 216 219 222 224 228 230 231 236 237 238 241 245 246 249
205 408 206 208 209 212 213 216 219 220 222 224 228 230 231 236 237 238 241 245 246 249
206 266 207 208 209 210 211 212 213 214 215 216 217 219 220 221 222 223 224 225 226 228 229 230 231 232 234 235 236 237 238 241 242 243 244 245 246 248 249
207 326 208 209 210 212 213 216 219 220 222 224 228 230 231 236 237 238 241 245 246 249
208 489 209 210 211 212 213 214 215 216 219 220 221 222 223 224 228 229 230 231 234 236 237 238 241 242 244 245 246 249
209 254 210 211 212 213 214 215 216 217 219 220 221 222 223 224 225 226 228 229 230 231 232 234 235 236 237 238 241 242 243 244 245 246 248 249
210 257 212 213 216 219 220 221 222 224 228 230 231 236 237 238 241 245 246 249
211 481 216 219 222 224 228 236 237 238 241 245 246 249
212 252 213 214 216 219 220 221 222 223 224 228 230 231 234 236 237 238 241 242 244 245 246 249
213 267 214 216 219 220 221 222 223 224 228 230 231 234 236 237 238 241 242 244 245 246 249
214 386 216 219 220 222 224 228 230 231 236 237 238 241 245 246 249
215 302 216 219 222 224 228 236 237 238 241 245 246 249
216 312 219 220 221 222 223 224 228 229 230 231 234 236 237 238 241 242 244 245 246 249
217 492 219 237 238 246 249
218 252 219 237 238 246 249
219 256 220 221 222 223 224 225 226 228 229 230 231 232 234 235 236 237 238 239 240 241 242 243 244 245 246 247 248 249
220 458 221 222 223 224 228 230 231 236 237 238 241 242 245 246 249
221 252 222 224 228 230 231 236 237 238 241 245 246 249
222 290 223 224 228 229 230 231 234 236 237 238 241 242 243 244 245 246 249
223 434 224 228 230 231 236 237 238 241 245 246 249
224 256 228 229 230 231 232 234 236 237 238 241 242 243 244 245 246 248 249
225 310 236 237 238 241 246 249
226 476 236 237 238 246 249
227 261 238
228 263 229 230 231 234 236 237 238 241 242 244 245 246 249
229 379 236 237 238 241 245 246 249
230 273 231 234 236 237 238 241 242 245 246 249
231 348 234 236 237 238 241 242 244 245 246 249
232 449 236 237 238 241 246 249
233 265 238
234 286 236 237 238 241 245 246 249
235 480 237 238 246 249
236 256 237 238 241 242 243 244 245 246 248 249
237 264 238 241 242 243 244 245 246 248 249
238 357 239 240 241 242 243 244 245 246 247 248 249
239 250
240 393 246 249
241 456 242 243 244 245 246 248 249
242 255 245 246 249
243 289 246 249
244 384 245 246 249
245 258 246 249
246 358 247 248 249
247 479 249
248 256 249
249 265
