249 1000
1 359
2 300 4 5 7 8 11 13 19 21 24 25 26 27 29 37 45 51 54 61 62 68 69 70 72 77 90 91 100 104 108 110 111 112 114 119 122 123 129 133 136 138 142 143 144 145 147 149 153 162 169 178 180 186 197 203 204 206 228 231 233 248
3 341
4 465 5 7 8 11 13 14 15 16 17 19 21 24 25 26 27 29 30 37 42 45 47 51 54 55 59 61 62 63 65 67 68 69 70 72 74 77 79 80 85 86 90 91 96 100 101 104 108 110 111 112 114 116 117 119 120 122 123 124 129 133 136 138 141 142 143 144 145 147 149 150 153 156 162 165 169 170 175 178 179 180 182 186 189 197 200 203 204 206 207 216 227 228 231 233 238 241 242 244 247 248 249
5 264 7 8 11 13 19 21 24 25 26 27 29 37 42 45 51 54 61 62 68 69 70 72 77 90 91 100 104 108 110 111 112 114 119 122 123 129 133 136 138 141 142 143 144 145 147 149 153 162 169 178 180 186 197 203 204 206 228 231 233 247 248
6 271
7 384 8 11 13 15 17 19 21 24 25 26 27 29 37 42 45 51 54 55 61 62 65 68 69 70 72 77 79 85 86 90 91 96 100 101 104 108 110 111 112 114 116 117 119 122 123 129 133 136 138 141 142 143 144 145 147 149 150 153 162 169 178 180 186 197 203 204 206 207 227 228 231 233 241 247 248
8 250 11 13 14 15 17 19 21 24 25 26 27 29 37 42 45 51 54 55 59 61 62 63 65 67 68 69 70 72 74 77 79 80 85 86 90 91 96 100 101 104 108 110 111 112 114 116 117 119 120 122 123 129 133 136 138 141 142 143 144 145 147 149 150 153 156 162 165 169 170 175 178 179 180 182 186 189 197 200 203 204 206 207 216 227 228 231 233 238 241 242 244 247 248 249
9 366
10 368
11 260 13 14 15 16 17 19 21 24 25 26 27 29 30 66 37 42 45 47 51 54 55 59 61 62 63 65 67 68 69 70 72 74 77 79 80 85 86 87 90 91 96 100 101 104 108 110 111 112 114 115 116 117 119 120 122 123 124 129 133 136 138 141 142 143 144 145 147 149 150 153 156 162 165 169 170 175 178 179 180 182 186 189 197 200 203 204 206 207 216 227 228 231 233 234 238 239 241 242 244 247 248 249
12 372
13 412 19 21 24 25 26 27 29 37 42 45 51 54 61 62 68 69 70 72 77 90 91 100 104 108 110 111 112 114 117 119 122 123 129 133 136 138 141 142 143 144 145 147 149 153 162 169 178 180 186 197 203 204 206 228 231 233 247 248
14 287 24 25 26 27 37 45 62 90 100 108 110 112 114 122 123 143 149 153 169 180 186 203 233
15 301 19 21 24 25 26 27 29 37 45 51 54 61 62 68 69 90 91 100 104 108 110 111 112 114 119 122 123 129 133 136 138 142 143 144 149 153 162 169 178 180 186 203 204 206 228 231 233 248
16 402 24 45 90 100 112 122 143 149 169
17 263 21 24 25 26 27 29 37 45 61 62 68 69 90 91 100 104 108 110 112 114 119 122 123 129 136 143 144 149 153 162 169 180 186 203 206 231 233
18 335
19 489 21 24 25 26 27 29 37 42 45 51 54 55 61 62 68 69 70 72 77 79 90 91 100 101 104 108 110 111 112 114 117 119 122 123 129 133 136 138 141 142 143 144 145 147 149 150 153 162 169 178 180 186 197 203 204 206 207 228 231 233 247 248
20 250
21 261 24 25 26 27 29 37 42 45 51 54 55 59 61 62 65 67 68 69 70 72 74 77 79 80 85 86 90 91 96 100 101 104 108 110 111 112 114 116 117 119 122 123 129 133 136 138 141 142 143 144 145 147 149 150 153 156 162 169 178 179 180 186 197 203 204 206 207 227 228 231 233 238 241 242 247 248
22 357
23 269
24 374 25 26 27 29 30 37 42 45 47 51 54 55 59 61 62 63 65 67 68 69 70 72 74 77 79 80 85 86 87 90 91 96 100 101 104 108 110 111 112 114 115 116 117 119 120 122 123 124 129 133 136 138 141 142 143 144 145 147 149 150 153 156 162 165 169 170 175 178 179 180 182 186 189 197 200 203 204 206 207 216 227 228 231 233 234 238 241 242 244 247 248 249
25 468 26 27 29 37 42 45 51 54 55 59 61 62 65 67 68 69 70 72 74 77 79 80 85 86 90 91 96 100 101 104 108 110 111 112 114 116 117 119 120 122 123 129 133 136 138 141 142 143 144 145 147 149 150 153 156 162 165 169 170 175 178 179 180 182 186 189 197 203 204 206 207 216 227 228 231 233 238 241 242 244 247 248 249
26 258 27 29 30 37 42 45 47 51 54 55 59 61 62 63 65 67 68 69 70 72 74 77 79 80 85 86 90 91 96 100 101 104 108 110 111 112 114 116 117 119 120 122 123 124 129 133 136 138 141 142 143 144 145 147 149 150 153 156 162 165 169 170 175 178 179 180 182 186 189 197 200 203 204 206 207 216 227 228 231 233 238 241 242 244 247 248 249
27 274 29 37 42 45 51 54 55 59 61 62 65 67 68 69 70 72 74 77 79 80 85 86 90 91 96 100 101 104 108 110 111 112 114 116 117 119 122 123 129 133 136 138 141 142 143 144 145 147 149 150 153 156 162 169 178 179 180 186 197 203 204 206 207 227 228 231 233 238 241 242 247 248
28 490
29 254 37 42 45 51 54 55 61 62 65 68 69 70 72 77 79 85 86 90 91 96 100 101 104 108 110 111 112 114 116 117 119 122 123 129 133 136 138 141 142 143 144 145 147 149 150 153 162 169 178 180 186 197 203 204 206 207 227 228 231 233 241 247 248
30 256 37 45 62 90 100 110 112 122 143 149 169 180
31 415
32 276
33 309
34 376
35 308
36 316
37 487 42 45 47 51 54 55 59 61 62 63 65 67 68 69 70 72 74 77 79 80 85 86 90 91 96 100 101 104 108 110 111 112 114 116 117 119 120 122 123 124 129 133 136 138 141 142 143 144 145 147 149 150 153 156 162 165 169 170 175 178 179 180 182 186 189 197 200 203 204 206 207 216 227 228 231 233 238 241 242 244 247 248 249
38 254
39 259
40 431
41 258
42 311 45 51 54 61 62 68 69 70 72 90 91 100 104 108 110 111 112 114 119 122 123 129 133 136 138 142 143 144 149 153 162 169 178 180 186 203 204 206 228 231 233 248
43 492
44 253
45 255 66 47 51 54 55 59 61 62 63 65 67 68 69 70 72 74 77 79 80 85 86 87 90 91 96 100 101 104 108 110 111 112 114 115 116 117 119 120 122 123 124 129 133 136 138 141 142 143 144 145 147 149 150 153 156 162 165 169 170 175 178 179 180 182 186 189 197 200 203 204 206 207 216 227 228 231 233 234 238 239 241 242 244 247 248 249
46 402
47 255 62 90 100 110 112 122 143 149 169 180
48 343
49 436
50 268
51 296 54 61 62 68 69 70 72 77 79 90 91 100 101 104 108 110 111 112 114 117 119 122 123 129 133 136 138 141 142 143 144 145 147 149 150 153 162 169 178 180 186 197 203 204 206 207 228 231 233 247 248
52 494
53 250
54 256 61 62 68 69 70 72 77 79 90 91 100 101 104 108 110 111 112 114 117 119 122 123 129 133 136 138 141 142 143 144 145 147 149 150 153 162 169 178 180 186 197 203 204 206 228 231 233 247 248
55 470 61 62 68 69 90 91 100 104 108 110 111 112 114 119 122 123 129 133 136 138 142 143 144 149 153 162 169 178 180 186 203 206 228 231 233 248
56 261
57 269
58 464
59 261 62 90 100 108 110 112 114 122 123 143 149 153 162 169 180 186 203 233
60 275
61 441 62 65 68 69 70 72 77 79 85 86 90 91 96 100 101 104 108 110 111 112 114 116 117 119 122 123 129 133 136 138 141 142 143 144 145 147 149 150 153 162 169 178 180 186 197 203 204 206 207 228 231 233 241 247 248
62 268 63 65 67 68 69 70 72 74 77 79 80 85 86 90 91 96 100 101 104 108 110 111 112 114 116 117 119 120 122 123 124 129 133 136 138 141 142 143 144 145 147 149 150 153 156 162 165 169 170 175 178 179 180 182 186 189 197 200 203 204 206 207 216 227 228 231 233 238 241 242 244 247 248 249
63 291 90 100 110 112 122 143 149 169 180 203
64 460
65 263 68 69 90 91 100 104 108 110 112 114 119 122 123 129 143 144 149 153 162 169 180 186 203 206 233
66 277 122 149 169
67 378 90 100 108 110 112 114 122 123 143 149 153 169 180 186 203 233
68 290 69 70 72 77 79 85 86 90 91 96 100 101 104 108 110 111 112 114 116 117 119 122 123 129 133 136 138 141 142 143 144 145 147 149 150 153 156 162 169 178 180 186 197 203 204 206 207 227 228 231 233 241 242 247 248
69 332 70 72 74 77 79 85 86 90 91 96 100 101 104 108 110 111 112 114 116 117 119 122 123 129 133 136 138 141 142 143 144 145 147 149 150 153 156 162 169 178 180 186 197 203 204 206 207 227 228 231 233 241 242 247 248
70 477 72 77 90 91 100 104 108 110 111 112 114 119 122 123 129 133 136 138 141 142 143 144 145 147 149 153 162 169 178 180 186 197 203 204 206 228 231 233 247 248
71 250
72 273 77 90 91 100 104 108 110 111 112 114 117 119 122 123 129 133 136 138 141 142 143 144 145 147 149 153 162 169 178 180 186 197 203 204 206 228 231 233 247 248
73 472
74 260 90 91 100 108 110 112 114 122 123 129 143 149 153 162 169 180 186 203 233
75 268
76 415
77 261 90 91 100 104 108 110 111 112 114 119 122 123 129 133 136 138 142 143 144 145 147 149 153 162 169 178 180 186 197 203 204 206 228 231 233 248
78 324
79 471 90 91 100 104 108 110 111 112 114 119 122 123 129 133 136 138 142 143 144 149 153 162 169 178 180 186 203 204 206 228 231 233 248
80 256 90 100 108 110 112 114 122 123 143 149 153 169 180 186 203 233
81 273
82 390
83 258
84 352
85 417 90 91 100 104 108 110 111 112 114 119 122 123 129 133 136 142 143 144 149 153 162 169 178 180 186 203 206 228 231 233 248
86 274 90 91 100 104 108 110 111 112 114 119 122 123 129 133 136 142 143 144 149 153 162 169 178 180 186 203 206 228 231 233 248
87 309 122 149 169
88 385
89 301
90 314 91 96 100 101 104 108 110 111 112 114 116 117 119 120 122 123 124 129 133 136 138 141 142 143 144 145 147 149 150 153 156 162 165 169 170 175 178 179 180 182 186 189 197 200 203 204 206 207 216 227 228 231 233 238 241 242 244 247 248 249
91 440 96 100 101 104 108 110 111 112 114 116 117 119 122 123 129 133 136 138 141 142 143 144 145 147 149 150 153 156 162 169 178 180 186 197 203 204 206 207 227 228 231 233 241 242 247 248
92 258
93 302
94 381
95 277
96 342 100 104 108 110 112 114 119 122 123 129 136 142 143 144 149 153 162 169 180 186 203 206 231 233 248
97 436
98 261
99 303
100 359 101 104 108 110 111 112 114 116 117 119 120 122 123 124 129 133 136 138 141 142 143 144 145 147 149 150 153 156 162 165 169 170 175 178 179 180 182 186 189 197 200 203 204 206 207 216 227 228 231 233 238 241 242 244 247 248 249
101 292 104 108 110 111 112 114 119 122 123 129 133 136 138 142 143 144 149 153 162 169 178 180 186 203 204 206 228 231 233 248
102 349
103 378
104 275 108 110 111 112 114 116 117 119 122 123 129 133 136 138 141 142 143 144 145 147 149 150 153 156 162 169 178 180 186 197 203 204 206 207 227 228 231 233 241 247 248
105 347
106 492
107 252
108 256 110 111 112 114 116 117 119 122 123 129 133 136 138 141 142 143 144 145 147 149 150 153 156 162 169 178 179 180 186 197 203 204 206 207 227 228 231 233 238 241 242 247 248
109 367
110 309 111 112 114 116 117 119 120 122 123 124 129 133 136 138 141 142 143 144 145 147 149 150 153 156 162 165 169 170 175 178 179 180 182 186 189 197 200 203 204 206 207 216 227 228 231 233 238 241 242 244 247 248 249
111 324 112 114 117 119 122 123 129 133 136 138 141 142 143 144 145 147 149 150 153 162 169 178 180 186 197 203 204 206 207 228 231 233 241 247 248
112 443 114 116 117 119 120 122 123 124 129 133 136 138 141 142 143 144 145 147 149 150 153 156 162 165 169 170 175 178 179 180 182 186 189 197 200 203 204 206 207 216 227 228 231 233 238 241 242 244 247 248 249
113 275
114 282 116 117 119 120 122 123 129 133 136 138 141 142 143 144 145 147 149 150 153 156 162 165 169 175 178 179 180 186 189 197 203 204 206 207 216 227 228 231 233 238 241 242 247 248 249
115 366 122 149 169
116 276 119 122 123 129 136 142 143 144 149 153 162 169 180 186 203 206 231 233 248
117 358 119 122 123 129 133 136 138 142 143 144 149 153 162 169 178 180 186 203 204 206 228 231 233 248
118 417
119 257 122 123 129 133 136 138 141 142 143 144 145 147 149 150 153 156 162 169 178 180 186 197 203 204 206 207 227 228 231 233 241 247 248
120 326 122 123 143 149 153 169 180 186 203 233
121 416
122 288 123 124 129 133 136 138 141 142 143 144 145 147 149 150 153 156 162 165 169 170 175 178 179 180 182 186 189 197 200 203 204 206 207 216 227 228 231 233 234 238 239 241 242 244 247 248 249
123 296 129 133 136 138 141 142 143 144 145 147 149 150 153 156 162 165 169 170 175 178 179 180 182 186 189 197 203 204 206 207 216 227 228 231 233 238 241 242 244 247 248 249
124 498 143 149 169 180
125 250
126 252
127 377
128 297
129 326 133 136 138 141 142 143 144 145 147 149 150 153 156 162 169 178 180 186 197 203 204 206 207 227 228 231 233 241 242 247 248
130 460
131 252
132 288
133 482 136 138 141 142 143 144 145 147 149 150 153 162 169 178 180 186 197 203 204 206 207 228 231 233 241 247 248
134 250
135 268
136 480 138 141 142 143 144 145 147 149 150 153 162 169 178 180 186 197 203 204 206 207 228 231 233 241 247 248
137 257
138 263 141 142 143 144 145 147 149 150 153 162 169 178 180 186 197 203 204 206 207 228 231 233 247 248
139 352
140 254
141 394 142 143 144 149 153 162 169 178 180 186 203 204 206 228 231 233 248
142 435 143 144 145 147 149 150 153 162 169 178 180 186 197 203 204 206 207 228 231 233 241 247 248
143 260 144 145 147 149 150 153 156 162 165 169 170 175 178 179 180 182 186 189 197 200 203 204 206 207 216 227 228 231 233 234 238 241 242 244 247 248 249
144 305 145 147 149 150 153 162 169 178 180 186 197 203 204 206 207 228 231 233 241 247 248
145 365 147 149 153 162 169 178 180 186 197 203 204 206 228 231 233 248
146 286
147 349 149 153 162 169 178 180 186 197 203 204 206 228 231 233 248
148 385
149 285 150 153 156 162 165 169 170 175 178 179 180 182 186 189 197 200 203 204 206 207 216 227 228 231 233 234 238 239 241 242 244 247 248 249
150 330 153 162 169 178 180 186 203 204 206 228 231 233 248
151 435
152 277
153 288 156 162 165 169 170 175 178 179 180 182 186 189 197 203 204 206 207 216 227 228 231 233 238 241 242 244 247 248 249
154 352
155 323
156 325 162 169 180 186 203 206 233
157 484
158 253
159 263
160 402
161 259
162 339 169 178 180 186 197 203 204 206 207 227 228 231 233 241 242 247 248
163 399
164 295
165 306 169 180 186 203 233
166 355
167 266
168 379
169 362 170 175 178 179 180 182 186 189 197 200 203 204 206 207 216 227 228 231 233 234 238 239 241 242 244 247 248 249
170 281 180 203
171 357
172 493
173 251
174 256
175 424 180 203 233
176 285
177 291
178 385 180 186 197 203 204 206 207 228 231 233 241 247 248
179 282 180 186 203 233
180 333 182 186 189 197 200 203 204 206 207 216 227 228 231 233 238 241 242 244 247 248 249
181 386
182 274 203
183 340
184 400
185 264
186 336 197 203 204 206 207 216 227 228 231 233 238 241 242 247 248
187 358
188 280
189 362 203 233
190 398
191 290
192 312
193 398
194 283
195 319
196 363
197 309 203 204 206 228 231 233 248
198 328
199 365
200 260 203
201 375
202 435
203 268 204 206 207 216 227 228 231 233 238 241 242 244 247 248 249
204 297 206 228 231 233 247 248
205 372
206 275 207 227 228 231 233 241 247 248
207 353 228 231 233 248
208 377
209 296
210 327
211 442
212 262
213 296
214 354
215 260
216 386 233
217 352
218 282
219 366
220 352
221 268
222 380
223 350
224 289
225 361
226 456
227 263 233
228 281 231 233 241 247 248
229 427
230 260
231 313 233 241 247 248
232 426
233 257 238 241 242 247 248 249
234 317
235 427
236 258
237 315
238 407
239 262
240 331
241 462 248
242 260
243 278
244 355
245 279
246 366
247 454 248
248 251
249 295
