60 1000
1 475
2 256
3 269
4 396 50
5 264
6 340
7 468 10 11 13 17 20 22 26 30 31 38 40 41 44 45 48 50 51 52 54
8 262
9 270 50
10 361 50
11 300 13 17 20 22 26 30 31 40 41 44 45 48 50 51 52 54
12 339
13 444 17 20 22 26 30 31 41 44 45 48 50 51 54
14 251
15 305
16 366
17 252 20 22 26 30 31 40 41 44 45 48 50 51 52 54
18 382
19 409
20 277 22 26 30 31 41 44 45 48 50 51 54
21 314
22 465 26 30 31 41 44 50 51 54
23 260
24 275
25 447
26 251 30 31 41 44 45 48 50 51 54
27 302
28 399
29 297
30 304 31 41 44 50 51 54
31 423 40 41 44 45 48 50 51 52 54
32 258
33 319
34 473
35 260
36 267
37 426
38 261 50
39 313
40 403 44 50 51 54
41 289 44 45 48 50 51 54
42 308
43 402
44 265 45 48 50 51 52 54
45 333 50 51 54
46 396
47 257
48 347 50 51 54
49 411
50 282 51 52 54
51 307 52 54
52 462 54
53 258
54 280
55 412
56 254
57 334
58 376
59 255
60 369
