60 1000
1 442 12 55
2 267 12 55
3 291
4 448
5 252
6 300 12 14 18 22 30 33 35 36 37 43 45 50 52 53 55 60
7 463
8 266 12 36 45 55
9 271 12 55
10 451
11 261
12 288 14 18 22 25 26 27 28 30 31 32 33 34 35 36 37 40 41 43 45 46 49 50 51 52 53 55 60
13 392
14 279 18 22 27 30 33 35 36 37 40 41 43 45 50 52 53 55 60
15 329
16 454
17 258
18 288 22 33 36 37 43 45 52 53 55 60
19 431
20 273
21 296
22 471 27 30 33 35 36 37 40 41 43 45 46 49 50 51 52 53 55 60
23 255
24 274
25 491 45 55
26 252
27 257 36 45 52 53 55
28 485 45 55
29 253
30 262 33 36 37 43 45 52 53 55
31 409 45 55
32 292 45 55
33 299 35 36 37 43 45 50 52 53 55 60
34 487 45 55
35 252 36 37 43 45 52 53 55
36 261 37 40 41 43 45 46 49 50 51 52 53 55 60
37 383 43 45 50 52 53 55 60
38 281
39 336
40 426 45 52 53 55
41 251 45 52 53 55
42 323
43 360 45 50 52 53 55 60
44 312
45 328 46 49 50 51 52 53 55 60
46 481 53 55
47 256
48 263
49 472 53 55
50 254 52 53 55
51 274 53 55
52 451 53 55 60
53 250 55 60
54 299
55 389 60
56 264
57 347
58 413
59 291
60 296
