60 1000
1 400
2 277 3 13 14 27 28 29 36 53 54 57 58
3 323 6 8 10 13 14 15 16 17 18 19 20 21 25 26 27 28 29 30 31 34 35 36 38 44 46 47 48 49 53 54 57 58 60
4 419 27 28 29 36 53 54 57
5 280
6 301 8 10 13 14 18 20 21 26 27 28 29 30 36 38 46 47 49 53 54 57 58 60
7 388
8 257 10 13 14 17 18 19 20 21 25 26 27 28 29 30 31 34 35 36 38 46 47 49 53 54 57 58 60
9 355
10 398 13 14 15 16 17 18 19 20 21 25 26 27 28 29 30 31 34 35 36 38 44 46 47 48 49 53 54 57 58 60
11 251
12 351
13 423 14 15 16 17 18 19 20 21 25 26 27 28 29 30 31 34 35 36 38 44 46 47 48 49 53 54 56 57 58 60
14 257 15 16 17 18 19 20 21 25 26 27 28 29 30 31 34 35 36 38 44 46 47 48 49 53 54 57 58 60
15 320 27 28 29 30 36 38 53 54 57 58
16 357 27 28 29 30 36 38 53 54 57 58
17 260 21 26 27 28 29 30 36 38 47 53 54 57 58
18 383 20 21 26 27 28 29 30 36 38 46 47 49 53 54 57 58 60
19 424 20 21 26 27 28 29 30 36 38 47 49 53 54 57 58 60
20 266 21 26 27 28 29 30 34 36 38 46 47 49 53 54 57 58 60
21 310 25 26 27 28 29 30 31 34 35 36 38 46 47 49 53 54 57 58 60
22 448
23 268
24 284
25 417 26 27 28 29 30 36 38 47 49 53 54 57 58
26 251 27 28 29 30 31 34 35 36 38 46 47 49 53 54 57 58 60
27 332 28 29 30 31 34 35 36 38 42 44 46 47 48 49 50 53 54 56 57 58 60
28 366 29 30 31 34 35 36 38 42 44 46 47 48 49 50 53 54 56 57 58 60
29 299 30 31 34 35 36 38 42 44 46 47 48 49 50 53 54 56 57 58 60
30 335 31 34 35 36 38 44 46 47 48 49 53 54 57 58 60
31 360 36 38 47 53 54 57 58
32 318
33 322 36 53 57
34 441 36 38 47 49 53 54 57 58 60
35 274 36 38 47 53 54 57 58
36 285 38 42 44 46 47 48 49 50 53 54 56 57 58 60
37 478
38 257 44 46 47 48 49 53 54 57 58 60
39 265
40 464
41 265
42 271 53 54 57
43 428
44 280 53 54 57 58
45 292
46 472 47 49 53 54 57 58 60
47 250 49 53 54 57 58 60
48 278 53 54 57 58
49 491 53 54 57 58 60
50 253 53 54 57
51 256
52 440
53 266 54 55 56 57 58 60
54 294 56 57 58 60
55 403 57
56 250 57
57 347 58 60
58 439 60
59 270
60 291
