249 1000
1 444 2 4 6 7 9 11 14 15 16 20 21 26 27 29 31 34 36 37 39 41 43 46 49 52 53 56 57 59 61 64 65 131 67 69 71 72 73 74 75 81 82 84 86 88 92 96 99 100 101 105 108 114 116 119 120 123 124 128 134 136 137 138 140 141 142 143 145 146 151 154 157 158 159 161 163 167 169 170 171 174 177 180 181 183 184 187 191 192 195 196 197 203 210 211 212 214 215 216 222 223 226 227 228 234 236 237 238 239 241 245 247 248
2 264 4 6 7 9 11 14 16 20 21 26 29 34 36 37 39 43 46 52 53 57 59 61 64 65 131 69 71 74 75 81 82 84 86 88 92 96 99 100 101 105 108 116 119 123 124 128 134 136 138 140 141 142 143 145 146 151 154 157 158 159 161 167 169 170 171 177 181 183 184 187 191 192 195 196 197 203 210 211 212 214 215 216 223 227 228 234 236 238 239 241 245 247 248
3 292
4 397 6 7 9 11 14 15 16 20 21 26 27 29 31 34 36 37 39 41 43 46 49 52 53 54 56 57 59 61 64 65 131 67 69 71 72 73 74 75 76 81 82 84 85 86 88 92 96 99 100 101 105 108 114 116 119 120 121 123 124 128 132 134 136 137 138 140 141 142 143 145 146 151 154 155 157 158 159 160 161 163 165 167 169 170 171 174 177 180 181 183 184 187 191 192 194 195 196 197 203 210 211 212 214 215 216 222 223 226 227 228 234 236 237 238 239 241 245 247 248 249
5 294 6 11 21 26 29 34 61 64 69 71 75 81 82 84 88 96 100 136 140 143 145 183 187 192 211 228 234 236 247
6 309 7 9 11 13 14 15 16 20 21 24 26 27 29 31 34 36 37 39 41 42 43 46 49 52 53 54 56 57 59 60 61 62 63 64 65 131 67 69 71 72 73 74 75 76 81 82 84 85 86 88 92 95 96 99 100 101 102 104 105 106 108 114 116 119 120 121 123 124 128 132 134 136 137 138 140 141 142 143 145 146 151 154 155 157 158 159 160 161 163 165 167 168 169 170 171 174 177 180 181 183 184 186 187 190 191 192 193 194 195 196 197 203 210 211 212 214 215 216 221 222 223 225 226 227 228 234 236 237 238 239 241 245 247 248 249
7 363 9 11 14 21 26 29 34 36 37 39 43 46 52 53 57 61 64 131 69 71 75 81 82 84 86 88 92 96 99 100 101 116 119 124 136 138 140 141 143 145 146 151 154 157 158 159 161 167 170 171 177 181 183 184 187 191 192 195 196 197 203 210 211 212 214 215 216 227 228 234 236 241 245 247 248
8 303
9 334 11 14 15 16 20 21 26 27 29 34 36 37 39 43 46 52 53 57 59 61 64 65 131 69 71 72 74 75 81 82 84 86 88 92 96 99 100 101 105 108 114 116 119 123 124 128 134 136 138 140 141 142 143 145 146 151 154 157 158 159 161 167 169 170 171 177 181 183 184 187 191 192 195 196 197 203 210 211 212 214 215 216 222 223 227 228 234 236 237 238 239 241 245 247 248
10 414
11 278 13 14 15 16 20 21 24 26 27 29 31 34 36 37 39 41 43 46 49 52 53 54 56 57 59 60 61 62 64 65 131 67 69 71 72 73 74 75 76 81 82 84 85 86 88 92 96 99 100 101 104 105 108 114 116 119 120 121 123 124 128 132 134 136 137 138 140 141 142 143 145 146 151 154 155 157 158 159 160 161 163 165 167 168 169 170 171 174 177 180 181 183 184 186 187 190 191 192 193 194 195 196 197 203 210 211 212 214 215 216 221 222 223 225 226 227 228 234 236 237 238 239 241 245 247 248 249
12 308
13 387 21 26 29 34 61 64 69 71 75 81 82 84 88 96 100 136 140 143 145 183 187 192 211 228 234 236 247
14 289 21 26 29 34 36 37 39 43 46 52 53 57 59 61 64 131 69 71 75 81 82 84 86 88 92 96 99 100 101 105 116 119 124 136 138 140 141 143 145 146 151 154 157 158 159 161 167 170 171 177 181 183 184 187 191 192 195 196 197 203 210 211 212 214 215 216 227 228 234 236 241 245 247 248
15 324 21 26 29 34 37 39 43 46 52 53 61 64 131 69 71 75 81 82 84 88 92 96 100 119 136 140 143 145 146 151 157 167 171 177 183 187 191 192 195 197 203 210 211 212 214 228 234 236 245 247 248
16 454 21 26 29 34 37 39 43 46 52 53 61 64 131 69 71 75 81 82 84 88 92 96 99 100 116 119 124 136 138 140 141 143 145 146 151 154 157 161 167 171 177 183 184 187 191 192 195 197 203 210 211 212 214 216 228 234 236 241 245 247 248
17 270
18 276
19 491
20 253 21 26 29 34 37 39 43 46 52 53 61 64 131 69 71 75 81 82 84 88 92 96 100 119 136 138 140 143 145 146 151 154 157 161 167 171 177 183 184 187 191 192 195 197 203 210 211 212 214 216 228 234 236 245 247 248
21 256 24 26 27 29 31 34 36 37 39 41 43 46 49 52 53 54 56 57 59 60 61 62 64 65 131 67 69 71 72 73 74 75 76 81 82 84 85 86 88 92 96 99 100 101 105 108 114 116 119 120 121 123 124 128 132 134 136 137 138 140 141 142 143 145 146 151 154 155 157 158 159 160 161 163 165 167 168 169 170 171 174 177 180 181 183 184 186 187 190 191 192 193 194 195 196 197 203 210 211 212 214 215 216 221 222 223 226 227 228 234 236 237 238 239 241 245 247 248 249
22 420
23 276
24 304 26 29 34 61 64 69 71 75 81 82 84 88 96 100 136 140 143 145 183 187 192 211 228 234 236 247
25 495
26 251 27 29 31 34 36 37 39 41 42 43 46 49 52 53 54 56 57 59 60 61 62 63 64 65 131 67 69 71 72 73 74 75 76 81 82 84 85 86 88 92 95 96 99 100 101 102 104 105 106 108 114 116 119 120 121 123 124 128 132 134 136 137 138 140 141 142 143 145 146 151 154 155 157 158 159 160 161 163 165 167 168 169 170 171 174 177 180 181 183 184 186 187 190 191 192 193 194 195 196 197 203 210 211 212 214 215 216 221 222 223 225 226 227 228 234 236 237 238 239 241 245 247 248 249
27 254 29 34 37 39 43 46 52 53 61 64 131 69 71 75 81 82 84 88 92 96 100 119 136 138 140 143 145 146 151 154 157 167 171 177 183 184 187 191 192 195 197 203 210 211 212 214 228 234 236 245 247 248
28 442
29 276 31 34 36 37 39 41 42 43 46 49 52 53 54 56 57 59 60 61 62 63 64 65 131 67 69 71 72 73 74 75 76 81 82 84 85 86 88 92 95 96 99 100 101 104 105 108 114 116 119 120 121 123 124 128 132 134 136 137 138 140 141 142 143 145 146 151 154 155 157 158 159 160 161 163 165 167 168 169 170 171 174 177 180 181 183 184 186 187 190 191 192 193 194 195 196 197 203 210 211 212 214 215 216 221 222 223 225 226 227 228 234 236 237 238 239 241 245 247 248 249
30 282 75 84 136 145 183 236
31 374 34 39 46 53 61 64 69 71 75 81 82 84 88 92 96 100 119 136 140 143 145 146 151 157 177 183 187 192 195 203 211 214 228 234 236 245 247
32 260
33 366
34 489 36 37 39 41 42 43 46 49 52 53 54 56 57 59 60 61 62 63 64 65 131 67 69 71 72 73 74 75 76 81 82 84 85 86 88 92 95 96 99 100 101 104 105 108 114 116 119 120 121 123 124 128 132 134 136 137 138 140 141 142 143 145 146 151 154 155 157 158 159 160 161 163 165 167 168 169 170 171 174 177 180 181 183 184 186 187 190 191 192 193 194 195 196 197 203 210 211 212 214 215 216 221 222 223 225 226 227 228 234 236 237 238 239 241 245 247 248 249
35 250
36 261 37 39 43 46 52 53 57 59 61 64 131 69 71 75 81 82 84 86 88 92 96 99 100 101 105 116 119 124 136 138 140 141 143 145 146 151 154 157 158 159 161 167 170 171 177 181 183 184 187 191 192 195 196 197 203 210 211 212 214 215 216 227 228 234 236 241 245 247 248
37 494 39 43 46 52 53 57 59 61 64 65 131 69 71 72 74 75 81 82 84 86 88 92 96 99 100 101 105 108 114 116 119 120 123 124 128 134 136 138 140 141 142 143 145 146 151 154 157 158 159 161 167 169 170 171 174 177 181 183 184 187 191 192 195 196 197 203 210 211 212 214 215 216 222 223 227 228 234 236 237 238 239 241 245 247 248
38 251
39 255 41 43 46 52 53 56 57 59 61 64 65 131 67 69 71 72 73 74 75 81 82 84 86 88 92 96 99 100 101 105 108 114 116 119 120 123 124 128 134 136 138 140 141 142 143 145 146 151 154 157 158 159 161 163 167 169 170 171 174 177 180 181 183 184 187 191 192 195 196 197 203 210 211 212 214 215 216 222 223 226 227 228 234 236 237 238 239 241 245 247 248
40 484
41 251 46 53 61 64 69 71 75 81 82 84 88 92 96 100 119 136 140 143 145 146 151 157 177 183 187 192 195 203 211 214 228 234 236 245 247
42 265 61 64 71 75 81 84 88 96 136 140 143 145 183 187 211 228 234 236
43 466 46 52 53 57 59 61 64 65 131 69 71 72 74 75 81 82 84 86 88 92 96 99 100 101 105 108 114 116 119 123 124 128 134 136 138 140 141 142 143 145 146 151 154 157 158 159 161 167 169 170 171 177 181 183 184 187 191 192 195 196 197 203 210 211 212 214 215 216 222 223 227 228 234 236 237 238 239 241 245 247 248
44 251
45 283
46 499 49 52 53 54 56 57 59 61 64 65 131 67 69 71 72 73 74 75 81 82 84 85 86 88 92 96 99 100 101 105 108 114 116 119 120 123 124 128 132 134 136 137 138 140 141 142 143 145 146 151 154 155 157 158 159 160 161 163 165 167 169 170 171 174 177 180 181 183 184 187 191 192 195 196 197 203 210 211 212 214 215 216 222 223 226 227 228 234 236 237 238 239 241 245 247 248 249
47 250
48 251
49 418 61 64 69 71 75 81 82 84 88 92 96 100 119 136 140 143 145 151 157 177 183 187 192 195 203 211 214 228 234 236 245 247
50 270
51 312 84 136 183
52 419 53 57 59 61 64 65 131 69 71 72 74 75 81 82 84 86 88 92 96 99 100 101 105 108 114 116 119 123 124 128 134 136 138 140 141 142 143 145 146 151 154 157 158 159 161 167 169 170 171 177 181 183 184 187 191 192 195 196 197 203 210 211 212 214 215 216 222 223 227 228 234 236 237 238 239 241 245 247 248
53 270 56 57 59 61 64 65 131 69 71 72 74 75 81 82 84 86 88 92 96 99 100 101 105 108 114 116 119 120 123 124 128 134 136 138 140 141 142 143 145 146 151 154 157 158 159 161 167 169 170 171 174 177 181 183 184 187 191 192 195 196 197 203 210 211 212 214 215 216 222 223 226 227 228 234 236 237 238 239 241 245 247 248
54 311 61 64 69 71 75 81 82 84 88 92 96 100 119 136 140 143 145 151 157 183 187 192 195 211 214 228 234 236 245 247
55 380
56 281 61 64 69 71 75 81 82 84 88 92 96 100 119 136 140 143 145 146 151 157 177 183 187 192 195 203 211 214 228 234 236 245 247
57 339 61 64 131 69 71 75 81 82 84 86 88 92 96 99 100 101 116 119 124 136 138 140 141 143 145 146 151 154 157 159 161 167 171 177 181 183 184 187 191 192 195 196 197 203 210 211 212 214 216 227 228 234 236 241 245 247 248
58 482
59 251 61 64 131 69 71 75 81 82 84 86 88 92 96 99 100 116 119 124 136 138 140 141 143 145 146 151 154 157 161 167 171 177 181 183 184 187 191 192 195 197 203 210 211 212 214 216 227 228 234 236 241 245 247 248
60 267 61 64 69 71 75 81 82 84 88 96 100 136 140 143 145 157 183 187 192 211 228 234 236 247
61 489 62 63 64 65 131 67 69 71 72 73 74 75 76 81 82 84 85 86 88 92 95 96 99 100 101 102 104 105 106 108 114 116 119 120 121 123 124 128 132 134 136 137 138 140 141 142 143 145 146 151 154 155 157 158 159 160 161 163 165 167 168 169 170 171 174 177 180 181 183 184 186 187 190 191 192 193 194 195 196 197 203 210 211 212 214 215 216 221 222 223 225 226 227 228 234 236 237 238 239 241 245 247 248 249
62 251 64 69 71 75 81 82 84 88 96 100 136 140 143 145 157 183 187 192 211 228 234 236 247
63 260 64 71 75 81 84 88 96 136 140 143 145 183 187 211 228 234 236
64 407 65 131 67 69 71 72 73 74 75 76 81 82 84 85 86 88 92 95 96 99 100 101 102 104 105 106 108 114 116 119 120 121 123 124 128 132 134 136 137 138 140 141 142 143 145 146 151 154 155 157 158 159 160 161 163 165 167 168 169 170 171 174 177 180 181 183 184 186 187 190 191 192 193 194 195 196 197 203 210 211 212 214 215 216 221 222 223 225 226 227 228 234 236 237 238 239 241 245 247 248 249
65 272 131 69 71 75 81 82 84 88 92 96 99 100 116 119 124 136 138 140 141 143 145 146 151 154 157 161 167 171 177 183 184 187 191 192 195 197 203 210 211 212 214 216 228 234 236 241 245 247 248
66 321
67 367 69 71 75 81 82 84 88 92 96 100 119 136 140 143 145 151 157 177 183 187 192 195 203 211 214 228 234 236 245 247
68 303
69 330 131 71 72 73 74 75 76 81 82 84 85 86 88 92 96 99 100 101 105 108 114 116 119 120 121 123 124 128 132 134 136 137 138 140 141 142 143 145 146 151 154 155 157 158 159 160 161 163 165 167 168 169 170 171 174 177 180 181 183 184 186 187 191 192 194 195 196 197 203 210 211 212 214 215 216 221 222 223 226 227 228 234 236 237 238 239 241 245 247 248 249
70 356
71 289 131 72 73 74 75 76 81 82 84 85 86 88 92 95 96 99 100 101 102 104 105 106 108 114 116 119 120 121 123 124 128 132 134 136 137 138 140 141 142 143 145 146 151 154 155 157 158 159 160 161 163 165 167 168 169 170 171 174 177 180 181 183 184 186 187 190 191 192 193 194 195 196 197 203 210 211 212 214 215 216 221 222 223 225 226 227 228 234 236 237 238 239 241 245 247 248 249
72 355 131 75 81 82 84 88 92 96 100 119 136 138 140 143 145 146 151 154 157 167 171 177 183 184 187 191 192 195 197 203 210 211 212 214 228 234 236 245 247 248
73 368 75 81 82 84 88 92 96 100 119 136 140 143 145 146 151 157 177 183 187 192 195 203 211 214 228 234 236 245 247
74 265 131 75 81 82 84 88 92 96 100 119 136 138 140 143 145 146 151 154 157 161 167 171 177 183 184 187 191 192 195 197 203 210 211 212 214 216 228 234 236 245 247 248
75 367 131 76 81 82 84 85 86 88 92 95 96 99 100 101 102 104 105 106 108 114 116 119 120 121 123 124 128 132 134 136 137 138 140 141 142 143 145 146 151 154 155 157 158 159 160 161 163 165 167 168 169 170 171 174 177 180 181 183 184 186 187 190 191 192 193 194 195 196 197 203 210 211 212 214 215 216 221 222 223 225 226 227 228 234 236 237 238 239 241 245 247 248 249
76 492 81 82 84 88 96 100 136 140 143 145 157 183 187 192 211 228 234 236 247
77 252
78 256
79 448
80 257
81 295 131 82 84 85 86 88 92 95 96 99 100 101 102 104 105 106 108 114 116 119 120 121 123 124 128 132 134 136 137 138 140 141 142 143 145 146 151 154 155 157 158 159 160 161 163 165 167 168 169 170 171 174 177 180 181 183 184 186 187 190 191 192 193 194 195 196 197 203 210 211 212 214 215 216 221 222 223 225 226 227 228 234 236 237 238 239 241 245 247 248 249
82 474 131 84 85 86 88 92 96 99 100 101 105 108 114 116 119 120 121 123 124 128 132 134 136 137 138 140 141 142 143 145 146 151 154 155 157 158 159 160 161 163 165 167 168 169 170 171 174 177 180 181 183 184 186 187 190 191 192 193 194 195 196 197 203 210 211 212 214 215 216 221 222 223 226 227 228 234 236 237 238 239 241 245 247 248 249
83 254
84 272 131 85 86 88 92 95 96 99 100 101 102 104 105 106 108 114 116 119 120 121 123 124 128 132 133 134 136 137 138 140 141 142 143 145 146 151 154 155 157 158 159 160 161 163 165 167 168 169 170 171 174 177 180 181 183 184 186 187 190 191 192 193 194 195 196 197 203 207 210 211 212 214 215 216 221 222 223 225 226 227 228 234 236 237 238 239 241 245 247 248 249
85 412 88 92 96 100 119 136 140 143 145 151 157 177 183 187 192 195 211 214 228 234 236 245 247
86 286 131 88 92 96 99 100 101 105 116 119 123 124 136 138 140 141 143 145 146 151 154 157 158 159 161 167 170 171 177 181 183 184 187 191 192 195 196 197 203 210 211 212 214 215 216 227 228 234 236 238 241 245 247 248
87 302
88 458 131 92 95 96 99 100 101 102 104 105 106 108 114 116 119 120 121 123 124 128 132 134 136 137 138 140 141 142 143 145 146 151 154 155 157 158 159 160 161 163 165 167 168 169 170 171 174 177 180 181 183 184 186 187 190 191 192 193 194 195 196 197 203 210 211 212 214 215 216 221 222 223 225 226 227 228 234 236 237 238 239 241 245 247 248 249
89 270
90 272
91 476
92 254 131 96 99 100 101 105 108 114 116 119 120 123 124 128 132 134 136 137 138 140 141 142 143 145 146 151 154 155 157 158 159 160 161 163 167 169 170 171 174 177 180 181 183 184 187 191 192 195 196 197 203 210 211 212 214 215 216 222 223 226 227 228 234 236 237 238 239 241 245 247 248 249
93 270
94 488
95 255 136 140 143 145 183 187 211 228 236
96 257 131 99 100 101 104 105 108 114 116 119 120 121 123 124 128 132 134 136 137 138 140 141 142 143 145 146 151 154 155 157 158 159 160 161 163 165 167 168 169 170 171 174 177 180 181 183 184 186 187 190 191 192 193 194 195 196 197 203 210 211 212 214 215 216 221 222 223 225 226 227 228 234 236 237 238 239 241 245 247 248 249
97 489
98 254
99 257 131 100 101 105 108 116 119 123 124 128 134 136 138 140 141 143 145 146 151 154 157 158 159 161 167 169 170 171 177 181 183 184 187 191 192 195 196 197 203 210 211 212 214 215 216 223 227 228 234 236 238 239 241 245 247 248
100 381 131 101 104 105 108 114 116 119 120 121 123 124 128 132 134 136 137 138 140 141 142 143 145 146 151 154 155 157 158 159 160 161 163 165 167 168 169 170 171 174 177 180 181 183 184 186 187 190 191 192 193 194 195 196 197 203 210 211 212 214 215 216 221 222 223 225 226 227 228 234 236 237 238 239 241 245 247 248 249
101 272 131 116 119 124 136 138 140 141 143 145 146 151 154 157 158 159 161 167 170 171 177 181 183 184 187 191 192 195 196 197 203 210 211 212 214 216 227 228 234 236 241 245 247 248
102 347 136 140 143 145 183 187 228 236
103 430
104 259 136 140 143 145 183 187 192 211 228 234 236 247
105 311 131 116 119 124 136 138 140 141 143 145 146 151 154 157 161 167 171 177 181 183 184 187 191 192 195 197 203 210 211 212 214 216 227 228 234 236 241 245 247 248
106 373 136 140 143 145 183 187 228 236
107 298
108 329 131 116 119 124 136 138 140 141 143 145 146 151 154 157 161 167 171 177 183 184 187 191 192 195 197 203 210 211 212 214 216 228 234 236 241 245 247 248
109 472
110 255
111 273
112 463
113 259
114 278 131 119 136 138 140 143 145 146 151 154 157 161 167 171 177 183 184 187 191 192 195 197 203 210 211 212 214 216 228 234 236 245 247 248
115 425
116 270 131 119 123 124 128 134 136 138 140 141 142 143 145 146 151 154 157 158 159 161 167 169 170 171 177 181 183 184 187 191 192 195 196 197 203 210 211 212 214 215 216 223 227 228 234 236 238 239 241 245 247 248
117 305
118 482
119 253 131 120 123 124 128 132 134 136 137 138 140 141 142 143 145 146 151 154 155 157 158 159 160 161 163 167 169 170 171 174 177 180 181 183 184 187 191 192 195 196 197 203 210 211 212 214 215 216 222 223 226 227 228 234 236 237 238 239 241 245 247 248 249
120 265 136 140 143 145 146 151 157 167 177 183 187 191 192 195 203 211 214 228 234 236 245 247 248
121 420 136 140 143 145 157 183 187 192 195 211 228 234 236 247
122 263
123 317 131 124 136 138 140 141 143 145 146 151 154 157 161 167 171 177 181 183 184 187 191 192 195 197 203 210 211 212 214 216 227 228 234 236 241 245 247 248
124 477 131 128 134 136 138 140 141 143 145 146 151 154 157 158 159 161 167 169 170 171 177 181 183 184 187 191 192 195 196 197 203 210 211 212 214 215 216 223 227 228 234 236 238 239 241 245 247 248
125 253
126 270
127 431
128 256 131 136 138 140 141 143 145 146 151 154 157 161 167 171 177 183 184 187 191 192 195 197 203 210 211 212 214 216 227 228 234 236 241 245 247 248
129 313
130 385
131 253 134 136 138 140 141 142 143 145 146 151 154 157 158 159 161 167 169 170 171 177 181 183 184 187 191 192 195 196 197 203 210 211 212 214 215 216 222 223 227 228 234 236 237 238 239 241 245 247 248
132 362 136 140 143 145 157 183 187 192 195 211 214 228 234 236 245 247
133 442 136 183
134 278 136 138 140 141 143 145 146 151 154 157 161 167 171 177 181 183 184 187 191 192 195 197 203 210 211 212 214 216 227 228 234 236 241 245 247 248
135 280
136 363 137 138 140 141 142 143 145 146 151 154 155 157 158 159 160 161 163 165 167 168 169 170 171 174 177 180 181 183 184 186 187 190 191 192 193 194 195 196 197 203 207 210 211 212 214 215 216 221 222 223 225 226 227 228 234 236 237 238 239 241 245 247 248 249
137 313 140 143 145 151 157 177 183 187 192 195 203 211 214 228 234 236 245 247
138 324 140 141 142 143 145 146 151 154 157 158 159 161 167 169 170 171 177 181 183 184 187 191 192 195 196 197 203 210 211 212 214 215 216 223 227 228 234 236 238 239 241 245 247 248
139 391
140 269 141 142 143 145 146 151 154 155 157 158 159 160 161 163 165 167 168 169 170 171 174 177 180 181 183 184 186 187 190 191 192 193 194 195 196 197 203 210 211 212 214 215 216 221 222 223 225 226 227 228 234 236 237 238 239 241 245 247 248 249
141 340 143 145 146 151 154 157 158 159 161 167 169 170 171 177 181 183 184 187 191 192 195 196 197 203 210 211 212 214 215 216 223 227 228 234 236 238 239 241 245 247 248
142 435 143 145 146 151 154 157 161 167 171 177 183 184 187 191 192 195 197 203 210 211 212 214 216 228 234 236 245 247 248
143 260 145 146 151 154 155 157 158 159 160 161 163 165 167 168 169 170 171 174 177 180 181 183 184 186 187 190 191 192 193 194 195 196 197 203 210 211 212 214 215 216 221 222 223 225 226 227 228 234 236 237 238 239 241 245 247 248 249
144 305
145 395 146 151 154 155 157 158 159 160 161 163 165 167 168 169 170 171 174 177 180 181 183 184 186 187 190 191 192 193 194 195 196 197 203 210 211 212 214 215 216 221 222 223 225 226 227 228 234 236 237 238 239 241 245 247 248 249
146 264 151 154 157 158 159 161 167 169 170 171 174 177 180 181 183 184 187 191 192 195 196 197 203 210 211 212 214 215 216 222 223 226 227 228 234 236 237 238 239 241 245 247 248
147 341
148 385
149 288
150 327
151 443 154 155 157 158 159 160 161 163 167 169 170 171 174 177 180 181 183 184 187 191 192 195 196 197 203 210 211 212 214 215 216 222 223 226 227 228 234 236 237 238 239 241 245 247 248
152 258
153 299
154 451 157 158 159 161 167 169 170 171 177 181 183 184 187 191 192 195 196 197 203 210 211 212 214 215 216 223 227 228 234 236 238 239 241 245 247 248
155 270 157 183 187 192 195 211 214 228 234 236 245 247
156 279
157 486 158 159 160 161 163 165 167 169 170 171 174 177 180 181 183 184 187 191 192 194 195 196 197 203 210 211 212 214 215 216 222 223 226 227 228 234 236 237 238 239 241 245 247 248 249
158 250 159 161 167 171 177 181 183 184 187 191 192 195 196 197 203 210 211 212 214 216 227 228 234 236 241 245 247 248
159 264 161 167 170 171 177 181 183 184 187 191 192 195 196 197 203 210 211 212 214 215 216 227 228 234 236 241 245 247 248
160 424 183 187 192 195 211 214 228 234 236 245 247
161 281 167 169 170 171 177 181 183 184 187 191 192 195 196 197 203 210 211 212 214 215 216 223 227 228 234 236 238 239 241 245 247 248
162 295
163 371 177 183 187 192 195 203 211 214 228 234 236 245 247
164 282
165 347 183 187 192 195 211 228 234 236 247
166 424
167 273 169 170 171 174 177 181 183 184 187 191 192 195 196 197 203 210 211 212 214 215 216 222 223 227 228 234 236 237 238 239 241 245 247 248
168 303 183 187 192 211 228 234 236 247
169 364 171 177 183 184 187 191 192 195 197 203 210 211 212 214 216 228 234 236 241 245 247 248
170 258 171 177 181 183 184 187 191 192 195 196 197 203 210 211 212 214 216 227 228 234 236 241 245 247 248
171 378 177 181 183 184 187 191 192 195 196 197 203 210 211 212 214 215 216 222 223 227 228 234 236 237 238 239 241 245 247 248
172 400
173 252
174 348 177 183 187 191 192 195 197 203 211 214 228 234 236 245 247 248
175 427
176 275
177 298 180 181 183 184 187 191 192 195 196 197 203 210 211 212 214 215 216 222 223 226 227 228 234 236 237 238 239 241 245 247 248
178 398
179 263
180 339 183 187 192 195 203 211 214 228 234 236 245 247
181 458 183 184 187 191 192 195 196 197 203 210 211 212 214 215 216 223 227 228 234 236 238 241 245 247 248
182 266
183 276 184 186 187 190 191 192 193 194 195 196 197 203 210 211 212 214 215 216 221 222 223 225 226 227 228 234 236 237 238 239 241 245 247 248 249
184 414 187 191 192 195 196 197 203 210 211 212 214 215 216 223 227 228 234 236 238 239 241 245 247 248
185 282
186 304 187 192 211 228 234 236 247
187 392 190 191 192 193 194 195 196 197 203 210 211 212 214 215 216 221 222 223 225 226 227 228 234 236 237 238 239 241 245 247 248 249
188 275
189 333
190 461 192 211 228 234 236 247
191 257 192 195 196 197 203 210 211 212 214 215 216 222 223 227 228 234 236 237 238 239 241 245 247 248
192 282 193 194 195 196 197 203 210 211 212 214 215 216 221 222 223 225 226 227 228 234 236 237 238 239 241 245 247 248 249
193 393 211 228 234 236 247
194 282 195 211 228 234 236 247
195 325 196 197 203 210 211 212 214 215 216 222 223 226 227 228 234 236 237 238 239 241 245 247 248 249
196 441 197 203 210 211 212 214 215 216 227 228 234 236 241 245 247 248
197 269 203 210 211 212 214 215 216 222 223 227 228 234 236 237 238 239 241 245 247 248
198 290
199 405
200 259
201 336
202 396
203 295 210 211 212 214 215 216 222 223 226 227 228 234 236 237 238 239 241 245 247 248
204 309
205 487
206 255
207 258
208 373
209 265
210 362 211 212 214 215 216 222 223 227 228 234 236 237 238 239 241 245 247 248
211 459 212 214 215 216 221 222 223 225 226 227 228 234 236 237 238 239 241 245 247 248 249
212 256 214 215 216 222 223 227 228 234 236 237 238 239 241 245 247 248
213 285
214 438 215 216 222 223 226 227 228 234 236 237 238 239 241 245 247 248 249
215 277 216 227 228 234 236 241 245 247 248
216 285 223 227 228 234 236 238 239 241 245 247 248
217 405
218 272
219 323
220 473
221 250 228 234 236 247
222 277 228 234 236 245 247 248
223 451 227 228 234 236 241 245 247 248
224 263
225 286 228 234 236 247
226 391 228 234 236 245 247
227 272 228 234 236 238 241 245 247 248
228 337 234 236 237 238 239 241 245 247 248 249
229 444
230 264
231 292
232 396
233 283
234 321 236 237 238 239 241 245 247 248 249
235 354
236 285 237 238 239 241 245 247 248 249
237 361 245 247 248
238 393 241 245 247 248
239 289 241 245 247 248
240 318
241 493 245 247 248
242 250
243 257
244 369
245 296 247 248 249
246 335
247 359 248 249
248 284
249 357
