249 1000
1 484
2 257 4 6 8 13 15 16 17 18 19 20 21 23 25 26 28 30 32 33 34 35 36 38 39 42 44 45 46 47 48 51 53 55 58 59 60 63 65 70 73 74 75 76 77 82 83 85 87 94 99 101 103 104 106 107 108 110 111 113 115 116 117 121 122 125 127 129 132 133 134 136 137 138 139 142 143 144 145 146 150 151 152 156 158 162 163 170 171 176 180 182 183 185 186 188 190 191 196 199 201 203 204 207 209 210 212 214 215 216 217 222 224 225 227 228 230 231 236 238 239 240 242 243 244 245 246 247 248
3 259
4 456 6 8 13 15 16 17 18 19 20 21 23 25 26 28 30 32 33 34 35 36 38 39 44 45 46 47 48 51 53 55 58 59 60 63 65 70 73 74 75 76 82 83 85 87 94 99 101 103 104 106 107 108 110 111 115 116 117 121 127 129 132 133 134 136 137 139 142 143 144 145 146 151 152 156 158 171 176 182 185 186 188 190 191 196 199 203 204 207 209 212 214 216 217 222 224 225 227 228 230 231 236 238 239 240 244 245 246 247 248
5 259
6 285 13 16 17 18 19 21 23 28 30 33 34 35 36 38 46 47 48 51 53 55 59 60 63 65 70 74 75 76 82 83 85 99 103 104 107 108 110 111 115 116 121 129 132 133 136 139 143 146 151 152 158 171 176 182 185 186 188 196 203 204 207 209 214 216 217 222 227 231 236 238 239 244 245 246 247
7 353 18 19 28 46 48 55 70 83 85 103 104 107 108 116 121 129 132 136 139 151 152 158 176 182 185 188 196 216 222 239 247
8 250 13 16 18 19 21 23 28 30 38 46 48 51 55 59 60 63 70 74 82 83 85 99 103 104 107 108 110 111 115 116 121 129 132 136 139 146 151 152 158 171 176 182 185 188 196 207 214 216 217 222 227 231 236 238 239 245 246 247
9 397
10 367
11 260
12 373
13 405 15 16 17 18 19 20 21 23 25 26 28 30 32 33 34 35 36 38 39 44 45 46 47 48 51 53 55 58 59 60 63 65 70 73 74 75 76 77 82 83 85 87 94 99 101 103 104 106 107 108 110 111 113 115 116 117 121 122 125 127 129 132 133 134 136 137 138 139 142 143 144 145 146 151 152 156 158 163 170 171 176 180 182 183 185 186 188 190 191 196 199 201 203 204 207 209 212 214 216 217 222 224 225 227 228 230 231 236 238 239 240 242 243 244 245 246 247 248
14 256
15 339 16 18 19 21 23 28 30 38 46 48 51 55 59 63 70 74 82 83 85 99 103 104 107 108 110 111 115 116 121 129 132 136 139 146 151 152 158 171 176 182 185 188 196 207 214 216 217 222 227 231 236 238 239 245 246 247
16 431 17 18 19 20 21 23 25 26 28 30 32 33 34 35 36 38 39 44 45 46 47 48 51 53 55 58 59 60 63 65 70 73 74 75 76 77 82 83 85 87 94 99 101 103 104 106 107 108 110 111 115 116 117 121 127 129 132 133 134 136 137 138 139 142 143 144 145 146 151 152 156 158 163 171 176 180 182 183 185 186 188 190 191 196 199 201 203 204 207 209 212 214 216 217 222 224 225 227 228 230 231 236 238 239 240 242 244 245 246 247 248
17 269 18 19 21 23 25 26 28 30 33 34 35 36 38 44 46 47 48 51 53 55 58 59 60 63 65 70 74 75 76 82 83 85 99 101 103 104 107 108 110 111 115 116 121 127 129 132 133 136 137 139 142 143 145 146 151 152 158 171 176 182 185 186 188 190 191 196 203 204 207 209 212 214 216 217 222 225 227 228 230 231 236 238 239 240 244 245 246 247
18 300 19 20 21 23 25 26 28 30 32 33 34 35 36 38 39 42 44 45 46 47 48 50 51 53 55 58 59 60 62 63 65 70 73 74 75 76 77 82 83 85 87 90 94 97 99 101 103 104 106 107 108 110 111 113 115 116 117 120 121 122 125 127 129 132 133 134 136 137 138 139 142 143 144 145 146 150 151 152 156 158 159 162 163 166 170 171 176 177 180 182 183 185 186 187 188 190 191 196 199 201 203 204 205 207 209 210 212 214 215 216 217 221 222 224 225 227 228 230 231 234 236 238 239 240 242 243 244 245 246 247 248
19 494 20 21 23 25 26 28 30 32 33 34 35 36 38 39 42 44 45 46 47 48 50 51 53 55 58 59 60 62 63 65 70 73 74 75 76 77 82 83 85 87 90 94 97 99 101 103 104 106 107 108 110 111 113 115 116 117 120 121 122 125 127 129 132 133 134 136 137 138 139 142 143 144 145 146 150 151 152 156 158 159 162 163 166 170 171 176 177 180 182 183 185 186 187 188 190 191 196 199 201 203 204 205 207 209 210 212 214 215 216 217 221 222 224 225 227 228 230 231 234 236 238 239 240 242 243 244 245 246 247 248
20 250 21 23 28 30 36 38 46 47 48 51 55 59 60 63 65 70 74 82 83 85 99 103 104 107 108 110 111 115 116 121 129 132 136 139 146 151 152 158 171 176 182 185 186 188 196 207 209 214 216 217 222 227 231 236 238 239 244 245 246 247
21 256 23 25 26 28 30 32 33 34 35 36 38 39 44 45 46 47 48 51 53 55 58 59 60 63 65 70 73 74 75 76 77 82 83 85 87 94 99 101 103 104 106 107 108 110 111 113 115 116 117 121 122 127 129 132 133 134 136 137 138 139 142 143 144 145 146 151 152 156 158 163 170 171 176 180 182 183 185 186 188 190 191 196 199 201 203 204 207 209 212 214 216 217 222 224 225 227 228 230 231 236 238 239 240 242 243 244 245 246 247 248
22 443
23 270 25 26 28 30 32 33 34 35 36 38 39 44 45 46 47 48 51 53 55 58 59 60 63 65 70 73 74 75 76 77 82 83 85 87 94 99 101 103 104 106 107 108 110 111 115 116 117 121 127 129 132 133 134 136 137 139 142 143 144 145 146 151 152 156 158 171 176 182 185 186 188 190 191 196 199 203 204 207 209 212 214 216 217 222 224 225 227 228 230 231 236 238 239 240 244 245 246 247 248
24 287
25 373 28 30 33 34 35 36 38 44 46 47 48 51 53 55 59 60 63 65 70 74 75 76 82 83 85 99 103 104 107 108 110 111 115 116 121 129 132 133 136 139 143 146 151 152 158 171 176 182 185 186 188 196 203 204 207 209 214 216 217 222 227 231 236 238 239 244 245 246 247
26 288 28 30 33 35 36 38 46 47 48 51 53 55 59 60 63 65 70 74 76 82 83 85 99 103 104 107 108 110 111 115 116 121 129 132 136 139 143 146 151 152 158 171 176 182 185 186 188 196 203 204 207 209 214 216 217 222 227 231 236 238 239 244 245 246 247
27 339
28 401 30 32 33 34 35 36 38 39 42 44 45 46 47 48 50 51 53 55 58 59 60 62 63 65 70 73 74 75 76 77 82 83 85 87 90 94 97 99 101 103 104 106 107 108 110 111 113 115 116 117 120 121 122 125 127 129 132 133 134 136 137 138 139 142 143 144 145 146 150 151 152 156 158 159 162 163 166 170 171 176 177 180 182 183 185 186 187 188 190 191 196 199 201 203 204 205 207 209 210 212 214 215 216 217 221 222 224 225 227 228 230 231 234 236 238 239 240 242 243 244 245 246 247 248
29 266
30 333 32 33 34 35 36 38 39 44 45 46 47 48 51 53 55 58 59 60 63 65 70 73 74 75 76 77 82 83 85 87 94 99 101 103 104 106 107 108 110 111 115 116 117 121 127 129 132 133 134 136 137 139 142 143 144 145 146 151 152 156 158 171 176 182 185 186 188 190 191 196 199 203 204 207 209 212 214 216 217 222 224 225 227 228 230 231 236 238 239 240 244 245 246 247 248
31 374
32 281 33 36 38 46 47 48 51 53 55 59 60 63 65 70 74 82 83 85 99 103 104 107 108 110 111 115 116 121 129 132 136 139 143 146 151 152 158 171 176 182 185 186 188 196 207 209 214 216 217 222 227 231 236 238 239 244 245 246 247
33 345 34 35 36 38 44 46 47 48 51 53 55 58 59 60 63 65 70 74 75 76 82 83 85 99 101 103 104 107 108 110 111 115 116 121 127 129 132 133 134 136 137 139 142 143 145 146 151 152 158 171 176 182 185 186 188 190 191 196 203 204 207 209 212 214 216 217 222 225 227 228 230 231 236 238 239 240 244 245 246 247
34 441 35 36 38 44 46 47 48 51 53 55 58 59 60 63 65 70 74 75 76 82 83 85 99 101 103 104 107 108 110 111 115 116 121 127 129 132 133 136 137 139 142 143 145 146 151 152 158 171 176 182 185 186 188 196 203 204 207 209 212 214 216 217 222 225 227 231 236 238 239 240 244 245 246 247
35 258 36 38 44 46 47 48 51 53 55 58 59 60 63 65 70 74 75 76 82 83 85 99 101 103 104 107 108 110 111 115 116 121 127 129 132 133 136 137 139 142 143 145 146 151 152 158 171 176 182 185 186 188 190 191 196 203 204 207 209 212 214 216 217 222 225 227 228 230 231 236 238 239 240 244 245 246 247
36 301 38 39 44 46 47 48 51 53 55 58 59 60 63 65 70 74 75 76 82 83 85 99 101 103 104 107 108 110 111 115 116 117 121 127 129 132 133 134 136 137 139 142 143 145 146 151 152 156 158 171 176 182 185 186 188 190 191 196 203 204 207 209 212 214 216 217 222 225 227 228 230 231 236 238 239 240 244 245 246 247
37 374
38 270 39 44 45 46 47 48 51 53 55 58 59 60 63 65 70 73 74 75 76 82 83 85 87 94 99 101 103 104 106 107 108 110 111 115 116 117 121 127 129 132 133 134 136 137 139 142 143 144 145 146 151 152 156 158 171 176 182 185 186 188 190 191 196 199 203 204 207 209 212 214 216 217 222 224 225 227 228 230 231 236 238 239 240 244 245 246 247 248
39 356 46 47 48 51 55 59 60 63 65 70 74 82 83 85 99 103 104 107 108 110 111 115 116 121 129 132 136 139 146 151 152 158 171 176 182 185 186 188 196 207 209 214 216 217 222 227 231 236 238 239 244 245 246 247
40 365 55 70 83 107 116 129 132 139 176 188 196 216 239
41 290
42 345 46 48 55 70 83 85 103 104 107 108 116 121 129 132 136 139 151 152 158 176 182 185 188 196 216 222 231 239 247
43 443
44 263 46 47 48 51 53 55 58 59 60 63 65 70 74 75 76 82 83 85 99 101 103 104 107 108 110 111 115 116 121 127 129 132 133 136 137 139 142 143 145 146 151 152 158 171 176 182 185 186 188 196 203 204 207 209 212 214 216 217 222 225 227 231 236 238 239 244 245 246 247
45 294 46 47 48 51 55 59 60 63 70 74 82 83 85 99 103 104 107 108 110 111 115 116 121 129 132 136 139 146 151 152 158 171 176 182 185 186 188 196 207 214 216 217 222 227 231 236 238 239 245 246 247
46 484 47 48 50 51 53 55 58 59 60 62 63 65 70 73 74 75 76 77 82 83 85 87 90 94 97 99 101 103 104 106 107 108 110 111 113 115 116 117 120 121 122 125 127 129 132 133 134 136 137 138 139 142 143 144 145 146 150 151 152 156 158 159 162 163 166 170 171 176 177 180 182 183 185 186 187 188 190 191 196 199 201 203 204 205 207 209 210 212 214 215 216 217 221 222 224 225 227 228 230 231 234 236 238 239 240 242 243 244 245 246 247 248
47 253 48 51 53 55 58 59 60 63 65 70 74 75 76 82 83 85 99 101 103 104 107 108 110 111 115 116 117 121 127 129 132 133 134 136 137 139 142 143 145 146 151 152 156 158 171 176 182 185 186 188 190 191 196 199 203 204 207 209 212 214 216 217 222 224 225 227 228 230 231 236 238 239 240 244 245 246 247 248
48 263 50 51 53 55 58 59 60 63 65 70 73 74 75 76 77 82 83 85 87 94 97 99 101 103 104 106 107 108 110 111 113 115 116 117 120 121 122 125 127 129 132 133 134 136 137 138 139 142 143 144 145 146 150 151 152 156 158 162 163 166 170 171 176 177 180 182 183 185 186 188 190 191 196 199 201 203 204 205 207 209 210 212 214 215 216 217 221 222 224 225 227 228 230 231 236 238 239 240 242 243 244 245 246 247 248
49 419
50 255 55 70 83 85 103 104 107 108 116 121 129 132 136 139 151 152 158 176 182 185 188 196 216 222 239 247
51 326 53 55 58 59 60 63 65 70 73 74 75 76 82 83 85 87 94 99 101 103 104 106 107 108 110 111 115 116 117 121 127 129 132 133 134 136 137 139 142 143 144 145 146 151 152 156 158 171 176 182 185 186 188 190 191 196 199 203 204 207 209 212 214 216 217 222 224 225 227 228 230 231 236 238 239 240 244 245 246 247 248
52 459 55 70 83 116 132 139 176 188 196 216 239
53 261 55 58 59 60 63 65 70 74 75 76 82 83 85 99 101 103 104 107 108 110 111 115 116 121 127 129 132 133 134 136 137 139 142 143 145 146 151 152 158 171 176 182 185 186 188 190 191 196 203 204 207 209 212 214 216 217 222 225 227 228 230 231 236 238 239 240 244 245 246 247
54 280
55 360 58 59 60 62 63 65 131 70 73 74 75 76 77 82 83 85 87 90 93 94 97 99 101 103 104 106 107 108 110 111 113 115 116 117 120 121 122 125 127 129 132 133 134 136 137 138 139 142 143 144 145 146 150 151 152 156 158 159 162 163 166 170 171 174 176 177 180 182 183 185 186 187 188 190 191 196 199 201 203 204 205 207 209 210 212 213 214 215 216 217 221 222 224 225 227 228 230 231 234 236 238 239 240 242 243 244 245 246 247 248
56 263
57 377
58 407 59 60 63 65 70 74 75 76 82 83 85 99 103 104 107 108 110 111 115 116 121 127 129 132 133 136 139 142 143 146 151 152 158 171 176 182 185 186 188 196 203 204 207 209 212 214 216 217 222 225 227 231 236 238 239 244 245 246 247
59 282 60 63 65 70 73 74 75 76 77 82 83 85 87 94 99 101 103 104 106 107 108 110 111 113 115 116 117 121 122 127 129 132 133 134 136 137 138 139 142 143 144 145 146 151 152 156 158 163 170 171 176 180 182 183 185 186 188 190 191 196 199 201 203 204 207 209 212 214 216 217 222 224 225 227 228 230 231 236 238 239 240 242 243 244 245 246 247 248
60 311 63 65 70 73 74 75 76 82 83 85 87 99 101 103 104 107 108 110 111 115 116 117 121 127 129 132 133 134 136 137 139 142 143 144 145 146 151 152 156 158 171 176 182 185 186 188 190 191 196 199 203 204 207 209 212 214 216 217 222 224 225 227 228 230 231 236 238 239 240 244 245 246 247 248
61 372
62 260 70 83 85 103 107 108 116 121 129 132 139 152 176 182 185 188 196 216 239
63 368 65 70 73 74 75 76 77 82 83 85 87 94 99 101 103 104 106 107 108 110 111 113 115 116 117 121 122 125 127 129 132 133 134 136 137 138 139 142 143 144 145 146 150 151 152 156 158 162 163 170 171 176 180 182 183 185 186 188 190 191 196 199 201 203 204 207 209 210 212 214 215 216 217 222 224 225 227 228 230 231 236 238 239 240 242 243 244 245 246 247 248
64 445
65 272 70 74 75 76 82 83 85 99 101 103 104 107 108 110 111 115 116 117 121 127 129 132 133 134 136 137 139 142 143 145 146 151 152 156 158 171 176 182 185 186 188 190 191 196 203 204 207 209 212 214 216 217 222 225 227 228 230 231 236 238 239 240 244 245 246 247
66 283
67 357
68 311
69 332
70 494 131 71 73 74 75 76 77 82 83 85 87 90 93 94 97 99 101 102 103 104 106 107 108 110 111 113 115 116 117 120 121 122 125 127 129 132 133 134 136 137 138 139 142 143 144 145 146 150 151 152 156 158 159 162 163 166 170 171 174 176 177 180 182 183 185 186 187 188 190 191 196 199 201 203 204 205 207 209 210 212 213 214 215 216 217 219 221 222 224 225 227 228 230 231 234 236 238 239 240 242 243 244 245 246 247 248
71 251 116 132 176 216 239
72 255
73 391 74 82 83 85 99 103 104 107 108 110 111 115 116 121 129 132 136 139 146 151 152 158 171 176 182 185 188 196 207 214 216 217 222 227 231 236 238 239 245 246 247
74 286 75 76 77 82 83 85 87 94 99 101 103 104 106 107 108 110 111 113 115 116 117 121 122 125 127 129 132 133 134 136 137 138 139 142 143 144 145 146 151 152 156 158 162 163 170 171 176 180 182 183 185 186 188 190 191 196 199 201 203 204 207 209 210 212 214 216 217 222 224 225 227 228 230 231 236 238 239 240 242 243 244 245 246 247 248
75 323 76 82 83 85 99 101 103 104 107 108 110 111 115 116 121 127 129 132 133 136 137 139 142 143 145 146 151 152 158 171 176 182 185 186 188 196 203 204 207 209 212 214 216 217 222 225 227 231 236 238 239 240 244 245 246 247
76 390 82 83 85 99 101 103 104 107 108 110 111 115 116 121 127 129 132 133 136 137 139 142 143 145 146 151 152 158 171 176 182 185 186 188 190 191 196 203 204 207 209 212 214 216 217 222 225 227 230 231 236 238 239 240 244 245 246 247
77 281 82 83 85 99 103 104 107 108 110 111 115 116 121 129 132 136 139 146 151 152 158 176 182 185 188 196 207 214 216 222 231 236 238 239 245 247
78 329
79 476
80 250
81 274
82 458 83 85 87 94 99 101 103 104 106 107 108 110 111 115 116 117 121 127 129 132 133 134 136 137 138 139 142 143 144 145 146 151 152 156 158 163 171 176 180 182 185 186 188 190 191 196 199 203 204 207 209 212 214 216 217 222 224 225 227 228 230 231 236 238 239 240 244 245 246 247 248
83 252 131 85 87 90 93 94 97 99 101 103 104 106 107 108 110 111 113 115 116 117 120 121 122 125 127 129 132 133 134 136 137 138 139 142 143 144 145 146 150 151 152 156 158 159 162 163 166 170 171 176 177 180 182 183 185 186 187 188 190 191 196 199 201 203 204 205 207 209 210 212 214 215 216 217 221 222 224 225 227 228 230 231 234 236 238 239 240 242 243 244 245 246 247 248
84 290
85 448 87 90 94 97 99 101 103 104 106 107 108 110 111 113 115 116 117 120 121 122 125 127 129 132 133 134 136 137 138 139 142 143 144 145 146 150 151 152 156 158 159 162 163 166 170 171 176 177 180 182 183 185 186 187 188 190 191 196 199 201 203 204 205 207 209 210 212 214 215 216 217 221 222 224 225 227 228 230 231 234 236 238 239 240 242 243 244 245 246 247 248
86 271
87 281 99 103 104 107 108 110 111 115 116 121 129 132 136 139 146 151 152 158 171 176 182 185 186 188 196 207 214 216 217 222 227 231 236 238 239 245 246 247
88 394
89 287
90 319 103 107 108 116 121 129 132 139 152 176 182 185 188 196 216 239
91 357
92 256
93 387 107 116 132 139 176 188 196 216 239
94 449 99 103 104 107 108 110 111 115 116 121 129 132 136 139 146 151 152 158 171 176 182 185 188 196 207 214 216 217 222 231 236 238 239 245 247
95 264
96 287
97 384 103 104 107 108 116 121 129 132 136 139 151 152 158 176 182 185 188 196 216 222 239
98 281
99 335 101 103 104 106 107 108 110 111 115 116 117 121 127 129 132 133 134 136 137 139 142 143 144 145 146 151 152 156 158 171 176 182 185 186 188 190 191 196 199 203 204 207 209 212 214 216 217 222 224 225 227 228 230 231 236 238 239 240 244 245 246 247 248
100 433
101 271 103 104 107 108 110 111 115 116 121 127 129 132 133 136 139 142 143 146 151 152 158 171 176 182 185 186 188 196 203 204 207 209 212 214 216 217 222 225 227 231 236 238 239 244 245 246 247
102 296 116 132 176 188 196 216 239
103 424 104 106 107 108 110 111 113 115 116 117 120 121 122 125 127 129 132 133 134 136 137 138 139 142 143 144 145 146 150 151 152 156 158 159 162 163 166 170 171 176 177 180 182 183 185 186 187 188 190 191 196 199 201 203 204 205 207 209 210 212 214 215 216 217 221 222 224 225 227 228 230 231 234 236 238 239 240 242 243 244 245 246 247 248
104 265 106 107 108 110 111 113 115 116 117 120 121 122 125 127 129 132 133 134 136 137 138 139 142 143 144 145 146 150 151 152 156 158 162 163 166 170 171 176 177 180 182 183 185 186 187 188 190 191 196 199 201 203 204 205 207 209 210 212 214 215 216 217 221 222 224 225 227 228 230 231 236 238 239 240 242 243 244 245 246 247 248
105 311
106 391 107 108 110 111 115 116 121 129 132 136 139 146 151 152 158 171 176 182 185 188 196 207 214 216 217 222 227 231 236 238 239 245 246 247
107 259 131 108 110 111 113 115 116 117 120 121 122 125 127 129 132 133 134 136 137 138 139 142 143 144 145 146 150 151 152 156 158 159 162 163 166 170 171 176 177 180 182 183 185 186 187 188 190 191 196 199 201 203 204 205 207 209 210 212 214 215 216 217 221 222 224 225 227 228 230 231 234 236 238 239 240 242 243 244 245 246 247 248
108 350 110 111 113 115 116 117 120 121 122 125 127 129 132 133 134 136 137 138 139 142 143 144 145 146 150 151 152 156 158 159 162 163 166 170 171 176 177 180 182 183 185 186 187 188 190 191 196 199 201 203 204 205 207 209 210 212 214 215 216 217 221 222 224 225 227 228 230 231 234 236 238 239 240 242 243 244 245 246 247 248
109 467
110 254 111 115 116 117 121 127 129 132 133 134 136 137 139 142 143 144 145 146 151 152 156 158 163 171 176 182 185 186 188 190 191 196 199 203 204 207 209 212 214 216 217 222 224 225 227 228 230 231 236 238 239 240 244 245 246 247 248
111 279 115 116 117 121 127 129 132 133 134 136 137 139 142 143 144 145 146 151 152 156 158 163 171 176 182 185 186 188 190 191 196 199 203 204 207 209 212 214 216 217 222 224 225 227 228 230 231 236 238 239 240 244 245 246 247 248
112 387
113 264 116 121 129 132 136 139 146 151 152 158 176 182 185 188 196 214 216 222 231 239 247
114 349
115 463 116 117 121 127 129 132 133 134 136 137 139 142 143 144 145 146 151 152 156 158 171 176 182 185 186 188 190 191 196 199 203 204 207 209 212 214 216 217 222 224 225 227 228 230 231 236 238 239 240 244 245 246 247 248
116 257 131 117 120 121 122 125 127 129 132 133 134 136 137 138 139 142 143 144 145 146 150 151 152 153 156 158 159 162 163 166 170 171 174 176 177 178 180 182 183 185 186 187 188 190 191 196 199 201 203 204 205 207 209 210 212 213 214 215 216 217 219 221 222 224 225 227 228 230 231 234 236 238 239 240 242 243 244 245 246 247 248
117 280 121 129 132 136 139 146 151 152 158 171 176 182 185 186 188 196 207 209 214 216 217 222 227 231 236 238 239 244 245 246 247
118 421
119 255
120 324 121 129 132 136 139 151 152 158 176 182 185 188 196 216 222 231 239 247
121 442 122 125 127 129 132 133 134 136 137 138 139 142 143 144 145 146 150 151 152 156 158 159 162 163 166 170 171 176 177 180 182 183 185 186 187 188 190 191 196 199 201 203 204 205 207 209 210 212 214 215 216 217 221 222 224 225 227 228 230 231 234 236 238 239 240 242 243 244 245 246 247 248
122 270 129 132 136 139 151 152 158 176 182 185 188 196 216 222 231 239 247
123 288
124 421
125 255 129 132 136 139 151 152 158 176 182 185 188 196 216 222 231 239 247
126 324
127 410 129 132 133 136 137 139 142 143 145 146 151 152 158 171 176 182 185 186 188 196 203 204 207 209 212 214 216 217 222 225 227 231 236 238 239 244 245 246 247
128 286
129 304 131 132 133 134 136 137 138 139 142 143 144 145 146 150 151 152 156 158 159 162 163 166 170 171 176 177 180 182 183 185 186 187 188 190 191 196 199 201 203 204 205 207 209 210 212 214 215 216 217 221 222 224 225 227 228 230 231 234 236 238 239 240 242 243 244 245 246 247 248
130 392
131 273 132 139 176 188 196 216 239
132 335 133 134 136 137 138 139 142 143 144 145 146 150 151 152 153 156 158 159 162 163 166 170 171 174 176 177 178 180 182 183 185 186 187 188 190 191 196 199 201 203 204 205 207 209 210 212 213 214 215 216 217 219 221 222 224 225 227 228 230 231 234 236 238 239 240 242 243 244 245 246 247 248
133 397 136 137 139 142 143 145 146 151 152 158 171 176 182 185 186 188 196 203 204 207 209 212 214 216 217 222 225 227 231 236 238 239 240 244 245 246 247
134 252 136 139 143 146 151 152 158 171 176 182 185 186 188 196 207 209 214 216 217 222 227 231 236 238 239 244 245 246 247
135 351
136 414 137 138 139 142 143 144 145 146 150 151 152 156 158 162 163 166 170 171 176 177 180 182 183 185 186 187 188 190 191 196 199 201 203 204 205 207 209 210 212 214 215 216 217 221 222 224 225 227 228 230 231 236 238 239 240 242 243 244 245 246 247 248
137 278 139 143 146 151 152 158 171 176 182 185 186 188 196 203 204 207 209 214 216 217 222 227 231 236 238 239 244 245 246 247
138 308 139 146 151 152 158 176 182 185 188 196 214 216 222 231 236 238 239 245 247
139 390 142 143 144 145 146 150 151 152 156 158 159 162 163 166 170 171 176 177 180 182 183 185 186 187 188 190 191 196 199 201 203 204 205 207 209 210 212 214 215 216 217 221 222 224 225 227 228 230 231 234 236 238 239 240 242 243 244 245 246 247 248
140 281
141 329
142 450 143 146 151 152 158 171 176 182 185 186 188 196 203 204 207 209 212 214 216 217 222 225 227 231 236 238 239 244 245 246 247
143 252 145 146 151 152 158 171 176 182 185 186 188 190 191 196 203 204 207 209 212 214 216 217 222 225 227 228 230 231 236 238 239 240 244 245 246 247
144 298 146 151 152 158 171 176 182 185 186 188 196 207 214 216 217 222 227 231 236 238 239 245 246 247
145 377 146 151 152 158 171 176 182 185 186 188 196 203 204 207 209 214 216 217 222 227 231 236 238 239 244 245 246 247
146 299 151 152 156 158 163 170 171 176 180 182 183 185 186 188 190 191 196 199 201 203 204 207 209 212 214 216 217 222 224 225 227 228 230 231 236 238 239 240 242 243 244 245 246 247 248
147 324
148 434
149 264
150 302 151 152 158 176 182 185 188 196 216 222 231 239 247
151 453 152 156 158 162 163 166 170 171 176 177 180 182 183 185 186 187 188 190 191 196 199 201 203 204 205 207 209 210 212 214 215 216 217 221 222 224 225 227 228 230 231 236 238 239 240 242 243 244 245 246 247 248
152 271 156 158 159 162 163 166 170 171 176 177 180 182 183 185 186 187 188 190 191 196 199 201 203 204 205 207 209 210 212 214 215 216 217 221 222 224 225 227 228 230 231 234 236 238 239 240 242 243 244 245 246 247 248
153 276 176 239
154 469
155 257
156 274 158 171 176 182 185 186 188 196 207 209 214 216 217 222 227 231 236 238 239 244 245 246 247
157 401
158 256 162 163 166 170 171 176 177 180 182 183 185 186 187 188 190 191 196 199 201 203 204 205 207 209 210 212 214 215 216 217 221 222 224 225 227 228 230 231 236 238 239 240 242 243 244 245 246 247 248
159 343 176 182 185 188 196 216 239
160 396
161 285
162 319 176 182 185 188 196 216 222 231 239 247
163 413 176 182 185 188 196 214 216 222 231 236 238 239 245 247
164 290
165 297
166 366 176 182 185 188 196 216 222 239 247
167 259
168 375
169 461
170 253 176 182 185 188 196 214 216 222 231 239 247
171 286 176 182 185 186 188 190 191 196 199 203 204 207 209 212 214 216 217 222 224 225 227 228 230 231 236 238 239 240 244 245 246 247 248
172 374
173 263
174 363 176 188 196 216 239
175 390
176 292 177 180 182 183 185 186 187 188 190 191 196 199 201 203 204 205 207 209 210 212 213 214 215 216 217 219 221 222 224 225 227 228 230 231 234 236 238 239 240 242 243 244 245 246 247 248
177 318 182 185 188 196 216 222 239 247
178 414 239
179 257
180 329 182 185 188 196 214 216 222 231 236 238 239 245 247
181 490
182 254 183 185 186 187 188 190 191 196 199 201 203 204 205 207 209 210 212 214 215 216 217 221 222 224 225 227 228 230 231 234 236 238 239 240 242 243 244 245 246 247 248
183 256 185 188 196 214 216 222 231 236 238 239 245 247
184 350
185 258 186 187 188 190 191 196 199 201 203 204 205 207 209 210 212 214 215 216 217 221 222 224 225 227 228 230 231 234 236 238 239 240 242 243 244 245 246 247 248
186 392 188 190 191 196 199 203 204 207 209 212 214 216 217 222 224 225 227 228 230 231 236 238 239 240 244 245 246 247 248
187 488 188 196 216 222 239
188 250 190 191 196 199 201 203 204 205 207 209 210 212 213 214 215 216 217 219 221 222 224 225 227 228 230 231 234 236 238 239 240 242 243 244 245 246 247 248
189 262
190 459 196 203 204 207 209 214 216 217 222 227 231 236 238 239 244 245 246 247
191 269 196 203 204 207 209 214 216 217 222 227 231 236 238 239 244 245 246 247
192 272
193 383
194 303
195 314
196 477 199 201 203 204 205 207 209 210 212 213 214 215 216 217 219 221 222 224 225 227 228 230 231 234 236 238 239 240 242 243 244 245 246 247 248
197 252
198 271
199 457 207 214 216 217 222 227 231 236 238 239 245 246 247
200 265
201 278 214 216 222 231 236 238 239 245 247
202 496
203 250 204 207 209 212 214 216 217 222 225 227 228 230 231 236 238 239 240 244 245 246 247
204 254 207 209 212 214 216 217 222 225 227 228 230 231 236 238 239 240 244 245 246 247
205 356 216 222 239
206 271
207 373 209 212 214 216 217 222 224 225 227 228 230 231 236 238 239 240 244 245 246 247 248
208 373
209 281 212 214 216 217 222 225 227 228 230 231 236 238 239 240 244 245 246 247 248
210 346 216 222 231 239 247
211 368
212 315 214 216 217 222 225 227 231 236 238 239 244 245 246 247
213 317 216 239
214 403 216 217 222 224 225 227 228 230 231 236 238 239 240 242 243 244 245 246 247 248
215 290 216 222 231 239 247
216 307 217 219 221 222 224 225 227 228 230 231 234 236 238 239 240 242 243 244 245 246 247 248
217 374 222 224 225 227 228 230 231 236 238 239 240 244 245 246 247 248
218 264
219 362 239
220 487
221 253 222 239
222 260 224 225 227 228 230 231 236 238 239 240 242 243 244 245 246 247 248
223 407
224 253 227 231 236 238 239 245 246 247
225 340 227 231 236 238 239 244 245 246 247
226 466
227 254 228 230 231 236 238 239 240 244 245 246 247 248
228 280 231 236 238 239 244 245 246 247
229 382
230 285 231 236 238 239 244 245 246 247
231 333 236 238 239 240 242 243 244 245 246 247 248
232 369
233 269
234 362 239
235 433
236 267 238 239 240 242 244 245 246 247 248
237 300
238 367 239 240 242 244 245 246 247 248
239 311 240 242 243 244 245 246 247 248
240 322 244 245 246 247
241 381
242 273 245 247
243 346 247
244 481 245 246 247
245 250 246 247 248
246 269 247 248
247 430 248
248 260
249 310
