60 1000
1 470 38 40
2 260
3 270 5 11 13 21 23 32 38 40 45 48 51 53
4 464
5 258 8 11 13 14 20 21 23 32 38 40 45 48 51 53 55
6 278
7 367 13 21 23 38 40 45 48 53
8 266 11 13 21 23 32 38 40 45 48 51 53
9 367 13 21 23 38 40 45 48 53
10 492
11 251 12 13 14 20 21 23 32 38 40 41 44 45 47 48 51 52 53 55 58 59
12 257 13 21 23 38 40 45 48 53
13 491 14 20 21 23 26 28 32 35 38 40 41 42 44 45 47 48 51 52 53 54 55 57 58 59
14 252 21 23 32 38 40 45 48 51 53
15 257
16 415
17 282
18 303
19 429
20 260 21 23 32 38 40 45 48 51 53
21 311 23 26 32 38 40 41 42 44 45 47 48 51 52 53 54 55 57 58 59
22 450
23 273 26 32 38 40 41 42 44 45 47 48 51 52 53 54 55 57 58 59
24 277
25 484
26 254 38 40 45 53
27 262
28 399 38 40 53
29 274
30 327
31 448
32 270 38 40 45 48 51 53 55
33 282
34 361
35 250 38 40 53
36 389
37 360
38 300 40 41 42 44 45 47 48 50 51 52 53 54 55 57 58 59
39 340
40 415 41 42 44 45 47 48 51 52 53 54 55 57 58 59
41 251 45 48 53
42 334 45 48 53
43 353
44 311 45 48 53
45 336 47 48 51 52 53 54 55 57 58 59
46 460
47 259 48 53
48 281 51 52 53 54 55 57 58 59
49 474
50 254
51 272 53 55
52 400 53
53 264 54 55 57 58 59
54 336
55 365
56 269
57 366
58 412
59 279
60 309
