249 1000
1 372 3 4 5 7 13 14 15 17 19 21 22 23 26 28 33 66 37 39 45 46 48 49 52 55 57 58 65 67 72 77 78 79 81 87 92 97 100 102 103 104 108 109 113 115 116 117 120 123 125 126 128 137 143 147 148 149 151 152 156 160 162 163 177 178 181 182 184 192 200 205 210 212 216 220 221 222 224 225 230 233 234 240 242 246 249
2 289 3 4 5 7 11 13 14 15 17 18 19 20 21 22 23 26 28 29 33 66 34 36 37 39 42 44 45 46 48 49 51 52 53 55 56 57 58 60 61 63 65 131 67 68 71 72 73 76 77 78 79 81 82 83 85 86 87 88 91 92 96 97 100 101 102 103 104 105 108 109 111 112 113 115 116 117 119 120 122 123 124 125 126 128 132 135 137 142 143 145 146 147 148 149 150 151 152 153 156 159 160 162 163 171 173 174 177 178 179 180 181 182 184 185 188 192 193 194 195 200 203 204 205 206 207 210 211 212 216 217 219 220 221 222 223 224 225 228 229 230 231 233 234 237 238 240 242 243 246 248 249
3 339 4 5 7 8 9 10 11 12 13 14 15 16 17 18 19 20 21 22 23 26 27 28 29 31 32 33 66 34 35 36 37 39 40 41 42 43 44 45 46 47 48 49 51 52 53 55 56 57 58 60 61 63 64 65 130 131 67 68 69 70 71 72 73 74 75 76 77 78 79 80 81 82 83 85 86 87 88 89 90 91 92 93 96 97 98 99 100 101 102 103 104 105 108 109 110 111 112 113 115 116 117 118 119 120 121 122 123 124 125 126 128 129 132 133 134 135 137 140 141 142 143 144 145 146 147 148 149 150 151 152 153 154 155 156 157 158 159 160 162 163 164 165 166 167 168 169 170 171 172 173 174 175 177 178 179 180 181 182 183 184 185 186 187 188 189 190 191 192 193 194 195 197 198 200 202 203 204 205 206 207 210 211 212 215 216 217 218 219 220 221 222 223 224 225 226 227 228 229 230 231 233 234 235 236 237 238 239 240 241 242 243 244 245 246 247 248 249
4 387 5 7 8 9 10 11 12 13 14 15 16 17 18 19 20 21 22 23 26 27 28 29 31 32 33 66 34 35 36 37 39 40 41 42 43 44 45 46 47 48 49 51 52 53 55 56 57 58 60 61 63 64 65 130 131 67 68 69 70 71 72 73 74 75 76 77 78 79 80 81 82 83 85 86 87 88 89 90 91 92 93 94 95 96 97 98 99 100 101 102 103 104 105 108 109 110 111 112 113 115 116 117 118 119 120 121 122 123 124 125 126 128 129 132 133 134 135 137 140 141 142 143 144 145 146 147 148 149 150 151 152 153 154 155 156 157 158 159 160 162 163 164 165 166 167 168 169 170 171 172 173 174 175 176 177 178 179 180 181 182 183 184 185 186 187 188 189 190 191 192 193 194 195 197 198 200 202 203 204 205 206 207 210 211 212 215 216 217 218 219 220 221 222 223 224 225 226 227 228 229 230 231 233 234 235 236 237 238 239 240 241 242 243 244 245 246 247 248 249
5 297 7 9 11 12 13 14 15 17 18 19 20 21 22 23 26 28 29 31 33 66 34 36 37 39 42 44 45 46 47 48 49 51 52 53 55 56 57 58 60 61 63 65 130 131 67 68 71 72 73 76 77 78 79 81 82 83 85 86 87 88 91 92 96 97 100 101 102 103 104 105 108 109 111 112 113 115 116 117 118 119 120 121 122 123 124 125 126 128 132 134 135 137 142 143 144 145 146 147 148 149 150 151 152 153 156 159 160 162 163 171 173 174 177 178 179 180 181 182 183 184 185 188 191 192 193 194 195 198 200 202 203 204 205 206 207 210 211 212 216 217 219 220 221 222 223 224 225 227 228 229 230 231 233 234 237 238 240 242 243 244 246 247 248 249
6 316 48 58 92 97 103 109 115 116 117 149 163 182 192 200 220 222 225 230 242 249
7 351 9 11 12 13 14 15 17 18 19 20 21 22 23 26 28 29 31 33 66 34 36 37 39 42 44 45 46 47 48 49 51 52 53 55 56 57 58 60 61 63 65 130 131 67 68 70 71 72 73 76 77 78 79 81 82 83 85 86 87 88 91 92 96 97 100 101 102 103 104 105 108 109 111 112 113 115 116 117 118 119 120 121 122 123 124 125 126 128 132 133 134 135 137 142 143 144 145 146 147 148 149 150 151 152 153 156 159 160 162 163 171 172 173 174 177 178 179 180 181 182 183 184 185 188 191 192 193 194 195 197 198 200 202 203 204 205 206 207 210 211 212 216 217 219 220 221 222 223 224 225 227 228 229 230 231 233 234 237 238 240 242 243 244 246 247 248 249
8 257 13 15 17 21 22 23 26 28 33 66 37 45 48 52 55 57 58 65 67 72 77 78 79 81 87 92 97 100 103 108 109 113 115 116 117 123 125 126 137 143 147 148 149 151 152 156 160 162 163 177 178 181 182 192 200 205 210 212 216 220 221 222 225 230 233 234 242 249
9 392 13 15 17 19 21 22 23 26 28 33 66 37 39 45 46 48 49 52 55 57 58 65 67 72 77 78 79 81 87 92 97 100 102 103 108 109 113 115 116 117 123 125 126 128 137 143 147 148 149 151 152 156 160 162 163 177 178 181 182 184 192 200 205 210 212 216 220 221 222 224 225 230 233 234 240 242 246 249
10 393 17 21 22 23 26 28 33 66 45 48 55 57 58 78 79 81 92 97 100 103 108 109 115 116 117 123 125 137 143 147 148 149 156 160 162 163 177 178 181 182 192 200 205 210 212 216 220 221 222 225 230 233 242 249
11 261 13 14 15 17 18 19 20 21 22 23 26 28 29 33 66 36 37 39 42 44 45 46 48 49 51 52 53 55 57 58 60 63 65 67 71 72 73 76 77 78 79 81 82 83 85 86 87 88 91 92 96 97 100 101 102 103 104 105 108 109 111 113 115 116 117 120 123 124 125 126 128 132 135 137 143 145 147 148 149 151 152 153 156 160 162 163 171 173 174 177 178 180 181 182 184 185 188 192 194 200 203 205 206 207 210 211 212 216 217 219 220 221 222 223 224 225 229 230 231 233 234 237 240 242 243 246 248 249
12 346 13 14 15 17 19 21 22 23 26 28 33 66 37 39 45 46 48 49 52 55 57 58 65 67 72 77 78 79 81 87 92 97 100 102 103 104 108 109 113 115 116 117 120 123 125 126 128 137 143 147 148 149 151 152 156 160 162 163 177 178 181 182 184 192 200 205 210 212 216 220 221 222 224 225 230 233 234 240 242 246 249
13 429 14 15 17 18 19 20 21 22 23 26 28 29 31 33 66 34 35 36 37 39 40 41 42 44 45 46 47 48 49 51 52 53 55 56 57 58 60 61 63 65 130 131 67 68 70 71 72 73 76 77 78 79 81 82 83 85 86 87 88 90 91 92 93 96 97 100 101 102 103 104 105 108 109 111 112 113 115 116 117 118 119 120 121 122 123 124 125 126 128 129 132 133 134 135 137 141 142 143 144 145 146 147 148 149 150 151 152 153 155 156 158 159 160 162 163 165 167 168 170 171 172 173 174 177 178 179 180 181 182 183 184 185 188 191 192 193 194 195 197 198 200 202 203 204 205 206 207 210 211 212 216 217 219 220 221 222 223 224 225 226 227 228 229 230 231 233 234 235 236 237 238 240 242 243 244 246 247 248 249
14 277 15 17 18 19 20 21 22 23 26 28 29 31 33 66 34 36 37 39 42 44 45 46 48 49 51 52 53 55 56 57 58 60 61 63 65 130 131 67 68 71 72 73 76 77 78 79 81 82 83 85 86 87 88 91 92 96 97 100 101 102 103 104 105 108 109 111 112 113 115 116 117 119 120 122 123 124 125 126 128 132 135 137 142 143 144 145 146 147 148 149 150 151 152 153 156 159 160 162 163 171 173 174 177 178 179 180 181 182 183 184 185 188 191 192 193 194 195 198 200 202 203 204 205 206 207 210 211 212 216 217 219 220 221 222 223 224 225 227 228 229 230 231 233 234 237 238 240 242 243 244 246 247 248 249
15 294 17 18 19 20 21 22 23 26 28 29 31 33 66 34 36 37 39 41 42 44 45 46 47 48 49 51 52 53 55 56 57 58 60 61 63 65 130 131 67 68 70 71 72 73 76 77 78 79 81 82 83 85 86 87 88 90 91 92 96 97 100 101 102 103 104 105 108 109 111 112 113 115 116 117 118 119 120 121 122 123 124 125 126 128 129 132 133 134 135 137 142 143 144 145 146 147 148 149 150 151 152 153 155 156 158 159 160 162 163 167 168 171 172 173 174 177 178 179 180 181 182 183 184 185 188 191 192 193 194 195 197 198 200 202 203 204 205 206 207 210 211 212 216 217 219 220 221 222 223 224 225 226 227 228 229 230 231 233 234 236 237 238 240 242 243 244 246 247 248 249
16 366 17 21 22 26 28 33 45 48 57 58 78 79 81 92 97 100 103 108 109 115 116 117 125 137 143 147 149 156 162 163 181 182 192 200 205 210 220 221 222 225 230 233 242 249
17 282 18 19 20 21 22 23 25 26 27 28 29 31 32 33 66 34 35 36 37 38 39 40 41 42 43 44 45 46 47 48 49 51 52 53 55 56 57 58 60 61 63 64 65 130 131 67 68 69 70 71 72 73 74 75 76 77 78 79 80 81 82 83 85 86 87 88 89 90 91 92 93 94 95 96 97 98 99 100 101 102 103 104 105 106 108 109 110 111 112 113 114 115 116 117 118 119 120 121 122 123 124 125 126 127 128 129 132 133 134 135 137 140 141 142 143 144 145 146 147 148 149 150 151 152 153 154 155 156 157 158 159 160 162 163 164 165 166 167 168 169 170 171 172 173 174 175 176 177 178 179 180 181 182 183 184 185 186 187 188 189 190 191 192 193 194 195 197 198 200 202 203 204 205 206 207 210 211 212 215 216 217 218 219 220 221 222 223 224 225 226 227 228 229 230 231 233 234 235 236 237 238 239 240 241 242 243 244 245 246 247 248 249
18 352 19 20 21 22 23 26 28 29 33 66 37 39 42 44 45 46 48 49 51 52 55 57 58 60 63 65 67 72 76 77 78 79 81 83 85 87 92 97 100 101 102 103 104 105 108 109 113 115 116 117 120 123 124 125 126 128 132 135 137 143 147 148 149 151 152 156 160 162 163 174 177 178 181 182 184 188 192 194 200 203 205 206 207 210 211 212 216 217 219 220 221 222 223 224 225 230 231 233 234 240 242 246 248 249
19 497 20 21 22 23 26 28 29 31 33 66 34 36 37 39 41 42 44 45 46 47 48 49 51 52 53 55 56 57 58 60 61 63 65 130 131 67 68 70 71 72 73 76 77 78 79 81 82 83 85 86 87 88 90 91 92 96 97 100 101 102 103 104 105 108 109 111 112 113 115 116 117 118 119 120 121 122 123 124 125 126 128 132 133 134 135 137 142 143 144 145 146 147 148 149 150 151 152 153 156 159 160 162 163 167 171 172 173 174 177 178 179 180 181 182 183 184 185 188 191 192 193 194 195 197 198 200 202 203 204 205 206 207 210 211 212 216 217 219 220 221 222 223 224 225 227 228 229 230 231 233 234 237 238 240 242 243 244 246 247 248 249
20 250 21 22 23 26 28 29 31 33 66 34 36 37 39 42 44 45 46 48 49 51 52 53 55 56 57 58 60 61 63 65 131 67 68 71 72 73 76 77 78 79 81 82 83 85 86 87 88 91 92 96 97 100 101 102 103 104 105 108 109 111 112 113 115 116 117 119 120 122 123 124 125 126 128 132 135 137 142 143 144 145 146 147 148 149 150 151 152 153 156 159 160 162 163 171 173 174 177 178 179 180 181 182 183 184 185 188 191 192 193 194 195 198 200 202 203 204 205 206 207 210 211 212 216 217 219 220 221 222 223 224 225 227 228 229 230 231 233 234 237 238 240 242 243 244 246 247 248 249
21 253 22 23 26 28 29 31 32 33 66 34 35 36 37 39 40 41 42 43 44 45 46 47 48 49 51 52 53 55 56 57 58 60 61 63 65 130 131 67 68 69 70 71 72 73 74 75 76 77 78 79 80 81 82 83 85 86 87 88 90 91 92 93 96 97 99 100 101 102 103 104 105 108 109 110 111 112 113 115 116 117 118 119 120 121 122 123 124 125 126 128 129 132 133 134 135 137 141 142 143 144 145 146 147 148 149 150 151 152 153 154 155 156 157 158 159 160 162 163 165 166 167 168 170 171 172 173 174 177 178 179 180 181 182 183 184 185 188 190 191 192 193 194 195 197 198 200 202 203 204 205 206 207 210 211 212 216 217 218 219 220 221 222 223 224 225 226 227 228 229 230 231 233 234 235 236 237 238 239 240 241 242 243 244 245 246 247 248 249
22 414 23 26 27 28 29 31 32 33 66 34 35 36 37 39 40 41 42 43 44 45 46 47 48 49 51 52 53 55 56 57 58 60 61 63 64 65 130 131 67 68 69 70 71 72 73 74 75 76 77 78 79 80 81 82 83 85 86 87 88 89 90 91 92 93 94 95 96 97 98 99 100 101 102 103 104 105 108 109 110 111 112 113 115 116 117 118 119 120 121 122 123 124 125 126 128 129 132 133 134 135 137 140 141 142 143 144 145 146 147 148 149 150 151 152 153 154 155 156 157 158 159 160 162 163 164 165 166 167 168 169 170 171 172 173 174 175 176 177 178 179 180 181 182 183 184 185 186 187 188 189 190 191 192 193 194 195 197 198 200 202 203 204 205 206 207 210 211 212 215 216 217 218 219 220 221 222 223 224 225 226 227 228 229 230 231 233 234 235 236 237 238 239 240 241 242 243 244 245 246 247 248 249
23 255 26 28 29 31 33 66 34 35 36 37 39 40 41 42 44 45 46 47 48 49 51 52 53 55 56 57 58 60 61 63 65 130 131 67 68 69 70 71 72 73 76 77 78 79 81 82 83 85 86 87 88 90 91 92 93 96 97 100 101 102 103 104 105 108 109 111 112 113 115 116 117 118 119 120 121 122 123 124 125 126 128 129 132 133 134 135 137 141 142 143 144 145 146 147 148 149 150 151 152 153 155 156 158 159 160 162 163 165 167 168 170 171 172 173 174 177 178 179 180 181 182 183 184 185 188 191 192 193 194 195 197 198 200 202 203 204 205 206 207 210 211 212 216 217 218 219 220 221 222 223 224 225 226 227 228 229 230 231 233 234 235 236 237 238 240 242 243 244 245 246 247 248 249
24 331 103 117 182 192 230 249
25 357 45 48 58 78 92 97 103 108 109 115 116 117 143 149 163 182 192 200 220 222 225 230 242 249
26 263 27 28 29 31 32 33 66 34 35 36 37 39 40 41 42 43 44 45 46 47 48 49 51 52 53 55 56 57 58 60 61 63 64 65 130 131 67 68 69 70 71 72 73 74 75 76 77 78 79 80 81 82 83 85 86 87 88 89 90 91 92 93 94 95 96 97 98 99 100 101 102 103 104 105 106 108 109 110 111 112 113 115 116 117 118 119 120 121 122 123 124 125 126 128 129 132 133 134 135 137 140 141 142 143 144 145 146 147 148 149 150 151 152 153 154 155 156 157 158 159 160 162 163 164 165 166 167 168 169 170 171 172 173 174 175 176 177 178 179 180 181 182 183 184 185 186 187 188 189 190 191 192 193 194 195 197 198 200 202 203 204 205 206 207 210 211 212 215 216 217 218 219 220 221 222 223 224 225 226 227 228 229 230 231 233 234 235 236 237 238 239 240 241 242 243 244 245 246 247 248 249
27 380 28 33 45 48 57 58 78 92 97 103 108 109 115 116 117 125 143 149 163 182 192 200 205 210 220 221 222 225 230 233 242 249
28 415 29 31 32 33 66 34 35 36 37 39 40 41 42 43 44 45 46 47 48 49 51 52 53 55 56 57 58 60 61 63 64 65 130 131 67 68 69 70 71 72 73 74 75 76 77 78 79 80 81 82 83 85 86 87 88 89 90 91 92 93 96 97 99 100 101 102 103 104 105 108 109 110 111 112 113 115 116 117 118 119 120 121 122 123 124 125 126 128 129 132 133 134 135 137 141 142 143 144 145 146 147 148 149 150 151 152 153 154 155 156 157 158 159 160 162 163 164 165 166 167 168 170 171 172 173 174 175 177 178 179 180 181 182 183 184 185 187 188 189 190 191 192 193 194 195 197 198 200 202 203 204 205 206 207 210 211 212 216 217 218 219 220 221 222 223 224 225 226 227 228 229 230 231 233 234 235 236 237 238 239 240 241 242 243 244 245 246 247 248 249
29 250 31 33 66 34 36 37 39 42 44 45 46 48 49 51 52 53 55 56 57 58 60 61 63 65 131 67 68 71 72 73 76 77 78 79 81 82 83 85 86 87 88 91 92 96 97 100 101 102 103 104 105 108 109 111 112 113 115 116 117 119 120 122 123 124 125 126 128 132 135 137 142 143 144 145 146 147 148 149 150 151 152 153 156 159 160 162 163 171 173 174 177 178 179 180 181 182 183 184 185 188 191 192 193 194 195 198 200 202 203 204 205 206 207 210 211 212 216 217 219 220 221 222 223 224 225 227 228 229 230 231 233 234 237 238 240 242 243 244 246 247 248 249
30 335 103 116 117 182 192 230 249
31 395 33 66 37 39 45 46 48 49 52 55 57 58 63 65 67 72 77 78 79 81 87 92 97 100 102 103 104 108 109 113 115 116 117 120 123 125 126 128 135 137 143 147 148 149 151 152 156 160 162 163 177 178 181 182 184 192 200 205 210 212 216 220 221 222 224 225 230 233 234 240 242 246 249
32 284 33 45 48 57 58 78 81 92 97 100 103 108 109 115 116 117 125 137 143 147 149 162 163 182 192 200 205 210 220 221 222 225 230 233 242 249
33 321 66 34 35 36 37 39 40 41 42 43 44 45 46 47 48 49 51 52 53 55 56 57 58 60 61 63 64 65 130 131 67 68 69 70 71 72 73 74 75 76 77 78 79 80 81 82 83 85 86 87 88 89 90 91 92 93 96 97 98 99 100 101 102 103 104 105 108 109 110 111 112 113 115 116 117 118 119 120 121 122 123 124 125 126 128 129 132 133 134 135 137 141 142 143 144 145 146 147 148 149 150 151 152 153 154 155 156 157 158 159 160 162 163 164 165 166 167 168 170 171 172 173 174 175 177 178 179 180 181 182 183 184 185 186 187 188 189 190 191 192 193 194 195 197 198 200 202 203 204 205 206 207 210 211 212 215 216 217 218 219 220 221 222 223 224 225 226 227 228 229 230 231 233 234 235 236 237 238 239 240 241 242 243 244 245 246 247 248 249
34 461 66 37 39 42 45 46 48 49 51 52 55 57 58 63 65 67 72 77 78 79 81 83 87 92 97 100 102 103 104 105 108 109 113 115 116 117 120 123 124 125 126 128 135 137 143 147 148 149 151 152 156 160 162 163 174 177 178 181 182 184 188 192 194 200 205 207 210 211 212 216 217 220 221 222 224 225 230 231 233 234 240 242 246 248 249
35 255 66 45 48 55 57 58 72 77 78 79 81 87 92 97 100 103 108 109 115 116 117 123 125 137 143 147 148 149 156 160 162 163 177 178 181 182 192 200 205 210 212 216 220 221 222 225 230 233 242 249
36 284 66 37 39 42 44 45 46 48 49 51 52 55 57 58 63 65 67 72 76 77 78 79 81 83 85 87 92 97 100 101 102 103 104 105 108 109 113 115 116 117 120 123 124 125 126 128 132 135 137 143 147 148 149 151 152 156 160 162 163 174 177 178 181 182 184 188 192 194 200 203 205 206 207 210 211 212 216 217 219 220 221 222 223 224 225 230 231 233 234 240 242 246 248 249
37 357 66 39 41 42 44 45 46 47 48 49 51 52 53 55 56 57 58 60 61 63 65 130 131 67 68 70 71 72 73 76 77 78 79 81 82 83 85 86 87 88 90 91 92 96 97 100 101 102 103 104 105 108 109 111 112 113 115 116 117 118 119 120 121 122 123 124 125 126 128 129 132 133 134 135 137 142 143 144 145 146 147 148 149 150 151 152 153 155 156 158 159 160 162 163 165 167 168 171 172 173 174 177 178 179 180 181 182 183 184 185 188 191 192 193 194 195 197 198 200 202 203 204 205 206 207 210 211 212 216 217 219 220 221 222 223 224 225 226 227 228 229 230 231 233 234 236 237 238 240 242 243 244 246 247 248 249
38 274 48 58 92 97 103 108 109 115 116 117 143 149 163 182 192 200 220 222 225 230 242 249
39 369 66 42 44 45 46 47 48 49 51 52 53 55 56 57 58 60 61 63 65 130 131 67 68 70 71 72 73 76 77 78 79 81 82 83 85 86 87 88 91 92 96 97 100 101 102 103 104 105 108 109 111 112 113 115 116 117 118 119 120 121 122 123 124 125 126 128 132 133 134 135 137 142 143 144 145 146 147 148 149 150 151 152 153 156 159 160 162 163 171 172 173 174 177 178 179 180 181 182 183 184 185 188 191 192 193 194 195 197 198 200 202 203 204 205 206 207 210 211 212 216 217 219 220 221 222 223 224 225 227 228 229 230 231 233 234 237 238 240 242 243 244 246 247 248 249
40 466 66 45 48 55 57 58 72 77 78 79 81 87 92 97 100 103 108 109 115 116 117 123 125 137 143 147 148 149 156 160 162 163 177 178 181 182 192 200 205 210 212 216 220 221 222 225 230 233 242 249
41 251 66 45 48 52 55 57 58 65 67 72 77 78 79 81 87 92 97 100 103 108 109 113 115 116 117 123 125 126 137 143 147 148 149 151 152 156 160 162 163 177 178 181 182 192 200 205 210 212 216 220 221 222 224 225 230 233 234 242 249
42 283 66 44 45 46 48 49 51 52 53 55 57 58 60 63 65 67 68 71 72 73 76 77 78 79 81 82 83 85 86 87 88 91 92 96 97 100 101 102 103 104 105 108 109 111 113 115 116 117 120 123 124 125 126 128 132 135 137 142 143 145 146 147 148 149 150 151 152 153 156 159 160 162 163 171 173 174 177 178 180 181 182 184 185 188 192 194 195 200 203 204 205 206 207 210 211 212 216 217 219 220 221 222 223 224 225 229 230 231 233 234 237 240 242 243 246 248 249
43 427 45 48 57 58 78 81 92 97 100 103 108 109 115 116 117 125 137 143 147 149 162 163 182 192 200 205 210 220 221 222 225 230 233 242 249
44 284 66 45 46 48 49 51 52 53 55 57 58 60 63 65 67 71 72 73 76 77 78 79 81 82 83 85 86 87 88 91 92 96 97 100 101 102 103 104 105 108 109 111 113 115 116 117 120 123 124 125 126 128 132 135 137 143 145 147 148 149 151 152 153 156 160 162 163 171 173 174 177 178 181 182 184 185 188 192 194 200 203 205 206 207 210 211 212 216 217 219 220 221 222 223 224 225 229 230 231 233 234 237 240 242 243 246 248 249
45 289 66 46 47 48 49 51 52 53 55 56 57 58 60 61 63 64 65 130 131 67 68 69 70 71 72 73 74 75 76 77 78 79 80 81 82 83 85 86 87 88 89 90 91 92 93 94 95 96 97 98 99 100 101 102 103 104 105 106 108 109 110 111 112 113 115 116 117 118 119 120 121 122 123 124 125 126 128 129 132 133 134 135 137 140 141 142 143 144 145 146 147 148 149 150 151 152 153 154 155 156 157 158 159 160 162 163 164 165 166 167 168 169 170 171 172 173 174 175 176 177 178 179 180 181 182 183 184 185 186 187 188 189 190 191 192 193 194 195 197 198 200 202 203 204 205 206 207 210 211 212 215 216 217 218 219 220 221 222 223 224 225 226 227 228 229 230 231 233 234 235 236 237 238 239 240 241 242 243 244 245 246 247 248 249
46 480 66 48 49 51 52 53 55 56 57 58 60 61 63 65 130 131 67 68 71 72 73 76 77 78 79 81 82 83 85 86 87 88 91 92 96 97 100 101 102 103 104 105 108 109 111 112 113 115 116 117 118 119 120 121 122 123 124 125 126 128 132 134 135 137 142 143 144 145 146 147 148 149 150 151 152 153 156 159 160 162 163 171 173 174 177 178 179 180 181 182 183 184 185 188 191 192 193 194 195 198 200 202 203 204 205 206 207 210 211 212 216 217 219 220 221 222 223 224 225 227 228 229 230 231 233 234 237 238 240 242 243 244 246 247 248 249
47 250 66 48 52 55 57 58 65 67 72 77 78 79 81 87 92 97 100 102 103 108 109 113 115 116 117 123 125 126 128 137 143 147 148 149 151 152 156 160 162 163 177 178 181 182 192 200 205 210 212 216 220 221 222 224 225 230 233 234 240 242 246 249
48 270 66 49 51 52 53 54 55 56 57 58 59 60 61 63 64 65 130 131 67 68 69 70 71 72 73 74 75 76 77 78 79 80 81 82 83 84 85 86 87 88 89 90 91 92 93 94 95 96 97 98 99 100 101 102 103 104 105 106 107 108 109 110 111 112 113 114 115 116 117 118 119 120 121 122 123 124 125 126 127 128 129 132 133 134 135 136 137 138 139 140 141 142 143 144 145 146 147 148 149 150 151 152 153 154 155 156 157 158 159 160 161 162 163 164 165 166 167 168 169 170 171 172 173 174 175 176 177 178 179 180 181 182 183 184 185 186 187 188 189 190 191 192 193 194 195 197 198 199 200 201 202 203 204 205 206 207 210 211 212 215 216 217 218 219 220 221 222 223 224 225 226 227 228 229 230 231 233 234 235 236 237 238 239 240 241 242 243 244 245 246 247 248 249
49 366 66 51 52 53 55 56 57 58 60 61 63 65 130 131 67 68 71 72 73 76 77 78 79 81 82 83 85 86 87 88 91 92 96 97 100 101 102 103 104 105 108 109 111 112 113 115 116 117 119 120 121 122 123 124 125 126 128 132 134 135 137 142 143 144 145 146 147 148 149 150 151 152 153 156 159 160 162 163 171 173 174 177 178 179 180 181 182 183 184 185 188 191 192 193 194 195 198 200 202 203 204 205 206 207 210 211 212 216 217 219 220 221 222 223 224 225 227 228 229 230 231 233 234 237 238 240 242 243 244 246 247 248 249
50 282 103 117 182 192 230 249
51 352 66 52 53 55 56 57 58 60 61 63 65 131 67 68 71 72 73 76 77 78 79 81 82 83 85 86 87 88 91 92 96 97 100 101 102 103 104 105 108 109 111 112 113 115 116 117 119 120 122 123 124 125 126 128 132 135 137 142 143 145 146 147 148 149 150 151 152 153 156 159 160 162 163 171 173 174 177 178 179 180 181 182 184 185 188 191 192 193 194 195 198 200 202 203 204 205 206 207 210 211 212 216 217 219 220 221 222 223 224 225 228 229 230 231 233 234 237 238 240 242 243 246 247 248 249
52 396 66 53 55 56 57 58 60 61 63 65 130 131 67 68 70 71 72 73 76 77 78 79 81 82 83 85 86 87 88 90 91 92 96 97 100 101 102 103 104 105 108 109 111 112 113 115 116 117 118 119 120 121 122 123 124 125 126 128 129 132 133 134 135 137 142 143 144 145 146 147 148 149 150 151 152 153 155 156 158 159 160 162 163 165 167 168 171 172 173 174 177 178 179 180 181 182 183 184 185 188 191 192 193 194 195 197 198 200 202 203 204 205 206 207 210 211 212 216 217 219 220 221 222 223 224 225 226 227 228 229 230 231 233 234 236 237 238 240 242 243 244 246 247 248 249
53 269 66 55 57 58 60 63 65 67 72 73 76 77 78 79 81 82 83 85 86 87 91 92 97 100 101 102 103 104 105 108 109 113 115 116 117 120 123 124 125 126 128 132 135 137 143 145 147 148 149 151 152 153 156 160 162 163 171 173 174 177 178 181 182 184 188 192 194 200 203 205 206 207 210 211 212 216 217 219 220 221 222 223 224 225 229 230 231 233 234 237 240 242 246 248 249
54 335 103 109 116 117 149 182 192 225 230 242 249
55 491 66 56 57 58 60 61 63 65 130 131 67 68 69 70 71 72 73 76 77 78 79 81 82 83 85 86 87 88 90 91 92 93 96 97 100 101 102 103 104 105 108 109 111 112 113 115 116 117 118 119 120 121 122 123 124 125 126 128 129 132 133 134 135 137 141 142 143 144 145 146 147 148 149 150 151 152 153 155 156 157 158 159 160 162 163 165 167 168 170 171 172 173 174 177 178 179 180 181 182 183 184 185 188 191 192 193 194 195 197 198 200 202 203 204 205 206 207 210 211 212 216 217 218 219 220 221 222 223 224 225 226 227 228 229 230 231 233 234 235 236 237 238 240 242 243 244 245 246 247 248 249
56 253 66 57 58 63 65 67 72 77 78 79 81 83 87 92 97 100 102 103 104 105 108 109 113 115 116 117 120 123 124 125 126 128 135 137 143 147 148 149 151 152 156 160 162 163 177 178 181 182 184 188 192 194 200 205 207 210 211 212 216 217 220 221 222 224 225 230 231 233 234 240 242 246 248 249
57 256 66 58 60 61 63 64 65 130 131 67 68 69 70 71 72 73 74 75 76 77 78 79 80 81 82 83 85 86 87 88 89 90 91 92 93 96 97 98 99 100 101 102 103 104 105 108 109 110 111 112 113 115 116 117 118 119 120 121 122 123 124 125 126 128 129 132 133 134 135 137 141 142 143 144 145 146 147 148 149 150 151 152 153 154 155 156 157 158 159 160 162 163 164 165 166 167 168 170 171 172 173 174 175 177 178 179 180 181 182 183 184 185 186 187 188 189 190 191 192 193 194 195 197 198 200 202 203 204 205 206 207 210 211 212 215 216 217 218 219 220 221 222 223 224 225 226 227 228 229 230 231 233 234 235 236 237 238 239 240 241 242 243 244 245 246 247 248 249
58 479 66 60 61 63 64 65 130 131 67 68 69 70 71 72 73 74 75 76 77 78 79 80 81 82 83 85 86 87 88 89 90 91 92 93 94 95 96 97 98 99 100 101 102 103 104 105 106 108 109 110 111 112 113 114 115 116 117 118 119 120 121 122 123 124 125 126 127 128 129 132 133 134 135 137 140 141 142 143 144 145 146 147 148 149 150 151 152 153 154 155 156 157 158 159 160 162 163 164 165 166 167 168 169 170 171 172 173 174 175 176 177 178 179 180 181 182 183 184 185 186 187 188 189 190 191 192 193 194 195 197 198 200 202 203 204 205 206 207 210 211 212 215 216 217 218 219 220 221 222 223 224 225 226 227 228 229 230 231 233 234 235 236 237 238 239 240 241 242 243 244 245 246 247 248 249
59 259 92 97 103 109 115 116 117 149 163 182 192 200 220 222 225 230 242 249
60 262 66 63 65 67 71 72 73 76 77 78 79 81 82 83 85 86 87 88 91 92 97 100 101 102 103 104 105 108 109 111 113 115 116 117 120 123 124 125 126 128 132 135 137 143 145 147 148 149 151 152 153 156 160 162 163 171 173 174 177 178 181 182 184 185 188 192 194 200 203 205 206 207 210 211 212 216 217 219 220 221 222 223 224 225 229 230 231 233 234 237 240 242 246 248 249
61 495 66 63 65 67 72 77 78 79 81 87 92 97 100 102 103 104 108 109 113 115 116 117 120 123 125 126 128 135 137 143 147 148 149 151 152 156 160 162 163 177 178 181 182 184 188 192 194 200 205 207 210 211 212 216 220 221 222 224 225 230 233 234 240 242 246 249
62 250 103
63 255 66 65 131 67 68 71 72 73 76 77 78 79 81 82 83 85 86 87 88 91 92 96 97 100 101 102 103 104 105 108 109 111 112 113 115 116 117 119 120 122 123 124 125 126 128 132 135 137 142 143 144 145 146 147 148 149 150 151 152 153 156 159 160 162 163 171 173 174 177 178 179 180 181 182 183 184 185 188 191 192 193 194 195 198 200 202 203 204 205 206 207 210 211 212 216 217 219 220 221 222 223 224 225 227 228 229 230 231 233 234 237 238 240 242 243 244 246 247 248 249
64 460 78 92 97 100 103 108 109 115 116 117 125 143 149 163 182 192 200 205 210 220 221 222 225 230 233 242 249
65 269 66 130 131 67 68 70 71 72 73 76 77 78 79 81 82 83 85 86 87 88 90 91 92 96 97 100 101 102 103 104 105 108 109 111 112 113 115 116 117 118 119 120 121 122 123 124 125 126 128 132 133 134 135 137 142 143 144 145 146 147 148 149 150 151 152 153 156 158 159 160 162 163 167 171 172 173 174 177 178 179 180 181 182 183 184 185 188 191 192 193 194 195 197 198 200 202 203 204 205 206 207 210 211 212 216 217 219 220 221 222 223 224 225 227 228 229 230 231 233 234 237 238 240 242 243 244 246 247 248 249
66 271 130 131 67 68 69 70 71 72 73 76 77 78 79 80 81 82 83 85 86 87 88 90 91 92 93 96 97 100 101 102 103 104 105 108 109 111 112 113 115 116 117 118 119 120 121 122 123 124 125 126 128 129 132 133 134 135 137 141 142 143 144 145 146 147 148 149 150 151 152 153 155 156 157 158 159 160 162 163 165 167 168 170 171 172 173 174 177 178 179 180 181 182 183 184 185 188 191 192 193 194 195 197 198 200 202 203 204 205 206 207 210 211 212 216 217 218 219 220 221 222 223 224 225 226 227 228 229 230 231 233 234 235 236 237 238 240 242 243 244 245 246 247 248 249
67 371 130 131 68 70 71 72 73 76 77 78 79 81 82 83 85 86 87 88 90 91 92 96 97 100 101 102 103 104 105 108 109 111 112 113 115 116 117 118 119 120 121 122 123 124 125 126 128 132 133 134 135 137 142 143 144 145 146 147 148 149 150 151 152 153 155 156 158 159 160 162 163 167 171 172 173 174 177 178 179 180 181 182 183 184 185 188 191 192 193 194 195 197 198 200 202 203 204 205 206 207 210 211 212 216 217 219 220 221 222 223 224 225 227 228 229 230 231 233 234 237 238 240 242 243 244 246 247 248 249
68 308 72 77 78 79 81 83 87 92 97 100 102 103 104 105 108 109 113 115 116 117 120 123 124 125 126 128 135 137 143 147 148 149 151 152 156 160 162 163 174 177 178 181 182 184 188 192 194 200 205 207 210 211 212 216 217 220 221 222 224 225 230 231 233 234 240 242 246 248 249
69 321 78 79 81 92 97 100 103 108 109 115 116 117 123 125 137 143 147 149 156 160 162 163 177 178 181 182 192 200 205 210 212 216 220 221 222 225 230 233 242 249
70 496 72 77 78 79 81 87 92 97 100 102 103 108 109 113 115 116 117 123 125 126 137 143 147 148 149 151 152 156 160 162 163 177 178 181 182 192 200 205 210 212 216 220 221 222 224 225 230 233 234 240 242 246 249
71 250 72 76 77 78 79 81 83 85 87 92 97 100 101 102 103 104 105 108 109 113 115 116 117 120 123 124 125 126 128 132 135 137 143 147 148 149 151 152 156 160 162 163 174 177 178 181 182 184 188 192 194 200 203 205 206 207 210 211 212 216 217 219 220 221 222 223 224 225 230 231 233 234 240 242 246 248 249
72 254 130 131 73 76 77 78 79 81 82 83 85 86 87 88 90 91 92 93 96 97 100 101 102 103 104 105 108 109 111 112 113 115 116 117 118 119 120 121 122 123 124 125 126 128 129 132 133 134 135 137 141 142 143 144 145 146 147 148 149 150 151 152 153 155 156 158 159 160 162 163 165 167 168 170 171 172 173 174 177 178 179 180 181 182 183 184 185 188 191 192 193 194 195 197 198 200 202 203 204 205 206 207 210 211 212 216 217 218 219 220 221 222 223 224 225 226 227 228 229 230 231 233 234 235 236 237 238 240 242 243 244 246 247 248 249
73 428 76 77 78 79 81 82 83 85 86 87 92 97 100 101 102 103 104 105 108 109 113 115 116 117 120 123 124 125 126 128 132 135 137 143 145 147 148 149 151 152 153 156 160 162 163 171 173 174 177 178 181 182 184 188 192 194 200 203 205 206 207 210 211 212 216 217 219 220 221 222 223 224 225 229 230 231 233 234 237 240 242 246 248 249
74 258 78 92 97 100 103 108 109 115 116 117 125 137 143 149 162 163 182 192 200 205 210 220 221 222 225 230 233 242 249
75 314 78 79 81 92 97 100 103 108 109 115 116 117 125 137 143 147 149 156 160 162 163 177 181 182 192 200 205 210 220 221 222 225 230 233 242 249
76 465 77 78 79 81 82 83 85 86 87 88 91 92 97 100 101 102 103 104 105 108 109 111 113 115 116 117 120 123 124 125 126 128 132 135 137 143 145 147 148 149 151 152 153 156 160 162 163 171 173 174 177 178 181 182 184 185 188 192 194 200 203 205 206 207 210 211 212 216 217 219 220 221 222 223 224 225 229 230 231 233 234 237 240 242 243 246 248 249
77 253 130 131 78 79 81 82 83 85 86 87 88 90 91 92 93 96 97 100 101 102 103 104 105 108 109 111 112 113 115 116 117 118 119 120 121 122 123 124 125 126 128 129 132 133 134 135 137 141 142 143 144 145 146 147 148 149 150 151 152 153 155 156 158 159 160 162 163 165 167 168 170 171 172 173 174 177 178 179 180 181 182 183 184 185 188 191 192 193 194 195 197 198 200 202 203 204 205 206 207 210 211 212 216 217 218 219 220 221 222 223 224 225 226 227 228 229 230 231 233 234 235 236 237 238 240 242 243 244 245 246 247 248 249
78 282 130 131 79 80 81 82 83 85 86 87 88 89 90 91 92 93 94 95 96 97 98 99 100 101 102 103 104 105 106 108 109 110 111 112 113 115 116 117 118 119 120 121 122 123 124 125 126 128 129 132 133 134 135 137 140 141 142 143 144 145 146 147 148 149 150 151 152 153 154 155 156 157 158 159 160 162 163 164 165 166 167 168 169 170 171 172 173 174 175 176 177 178 179 180 181 182 183 184 185 186 187 188 189 190 191 192 193 194 195 197 198 200 202 203 204 205 206 207 210 211 212 215 216 217 218 219 220 221 222 223 224 225 226 227 228 229 230 231 233 234 235 236 237 238 239 240 241 242 243 244 245 246 247 248 249
79 352 130 131 80 81 82 83 85 86 87 88 90 91 92 93 96 97 99 100 101 102 103 104 105 108 109 110 111 112 113 115 116 117 118 119 120 121 122 123 124 125 126 128 129 132 133 134 135 137 141 142 143 144 145 146 147 148 149 150 151 152 153 155 156 157 158 159 160 162 163 165 167 168 170 171 172 173 174 177 178 179 180 181 182 183 184 185 188 191 192 193 194 195 197 198 200 202 203 204 205 206 207 210 211 212 216 217 218 219 220 221 222 223 224 225 226 227 228 229 230 231 233 234 235 236 237 238 239 240 241 242 243 244 245 246 247 248 249
80 298 81 92 97 100 103 108 109 115 116 117 125 137 143 147 149 156 160 162 163 177 181 182 192 200 205 210 220 221 222 225 230 233 242 249
81 350 130 131 82 83 85 86 87 88 90 91 92 93 96 97 99 100 101 102 103 104 105 108 109 110 111 112 113 115 116 117 118 119 120 121 122 123 124 125 126 128 129 132 133 134 135 137 141 142 143 144 145 146 147 148 149 150 151 152 153 154 155 156 157 158 159 160 162 163 165 166 167 168 170 171 172 173 174 177 178 179 180 181 182 183 184 185 188 190 191 192 193 194 195 197 198 200 202 203 204 205 206 207 210 211 212 216 217 218 219 220 221 222 223 224 225 226 227 228 229 230 231 233 234 235 236 237 238 239 240 241 242 243 244 245 246 247 248 249
82 410 83 85 86 87 92 97 100 101 102 103 104 105 108 109 113 115 116 117 120 123 124 125 126 128 132 135 137 143 145 147 148 149 151 152 153 156 160 162 163 171 173 174 177 178 181 182 184 188 192 194 200 203 205 206 207 210 211 212 216 217 219 220 221 222 223 224 225 229 230 231 233 234 237 240 242 246 248 249
83 254 85 86 87 88 91 92 96 97 100 101 102 103 104 105 108 109 111 112 113 115 116 117 120 123 124 125 126 128 132 135 137 142 143 145 146 147 148 149 150 151 152 153 156 159 160 162 163 171 173 174 177 178 180 181 182 184 185 188 192 193 194 195 200 203 204 205 206 207 210 211 212 216 217 219 220 221 222 223 224 225 229 230 231 233 234 237 240 242 243 246 248 249
84 336 103 109 116 117 149 182 192 230 242 249
85 407 86 87 88 91 92 96 97 100 101 102 103 104 105 108 109 111 113 115 116 117 120 123 124 125 126 128 132 135 137 142 143 145 146 147 148 149 150 151 152 153 156 160 162 163 171 173 174 177 178 180 181 182 184 185 188 192 194 195 200 203 205 206 207 210 211 212 216 217 219 220 221 222 223 224 225 229 230 231 233 234 237 240 242 243 246 248 249
86 293 87 91 92 97 100 101 102 103 104 105 108 109 113 115 116 117 120 123 124 125 126 128 132 135 137 143 145 147 148 149 151 152 153 156 160 162 163 171 173 174 177 178 181 182 184 188 192 194 200 203 205 206 207 210 211 212 216 217 219 220 221 222 223 224 225 229 230 231 233 234 237 240 242 246 248 249
87 300 130 131 88 90 91 92 96 97 100 101 102 103 104 105 108 109 111 112 113 115 116 117 118 119 120 121 122 123 124 125 126 128 129 132 133 134 135 137 141 142 143 144 145 146 147 148 149 150 151 152 153 155 156 158 159 160 162 163 165 167 168 171 172 173 174 177 178 179 180 181 182 183 184 185 188 191 192 193 194 195 197 198 200 202 203 204 205 206 207 210 211 212 216 217 219 220 221 222 223 224 225 226 227 228 229 230 231 233 234 235 236 237 238 240 242 243 244 246 247 248 249
88 389 92 97 100 101 102 103 104 105 108 109 113 115 116 117 120 123 124 125 126 128 132 135 137 143 147 148 149 151 152 156 160 162 163 173 174 177 178 181 182 184 188 192 194 200 203 205 206 207 210 211 212 216 217 219 220 221 222 223 224 225 230 231 233 234 240 242 246 248 249
89 295 92 97 103 108 109 115 116 117 125 143 149 163 182 192 200 205 210 220 221 222 225 230 242 249
90 316 92 97 100 103 108 109 113 115 116 117 123 125 126 137 143 147 148 149 151 152 156 160 162 163 177 178 181 182 192 200 205 210 212 216 220 221 222 224 225 230 233 234 242 249
91 453 92 97 100 101 102 103 104 105 108 109 113 115 116 117 120 123 124 125 126 128 132 135 137 143 147 148 149 151 152 156 160 162 163 173 174 177 178 181 182 184 188 192 194 200 203 205 206 207 210 211 212 216 217 219 220 221 222 223 224 225 230 231 233 234 240 242 246 248 249
92 269 130 131 93 94 95 96 97 98 99 100 101 102 103 104 105 106 108 109 110 111 112 113 114 115 116 117 118 119 120 121 122 123 124 125 126 127 128 129 132 133 134 135 137 140 141 142 143 144 145 146 147 148 149 150 151 152 153 154 155 156 157 158 159 160 161 162 163 164 165 166 167 168 169 170 171 172 173 174 175 176 177 178 179 180 181 182 183 184 185 186 187 188 189 190 191 192 193 194 195 197 198 199 200 202 203 204 205 206 207 210 211 212 215 216 217 218 219 220 221 222 223 224 225 226 227 228 229 230 231 233 234 235 236 237 238 239 240 241 242 243 244 245 246 247 248 249
93 278 97 100 103 108 109 115 116 117 123 125 137 143 147 148 149 156 160 162 163 177 178 181 182 192 200 205 210 212 216 220 221 222 225 230 233 242 249
94 448 97 103 108 109 115 116 117 125 143 149 163 182 192 200 220 222 225 230 242 249
95 274 97 103 108 109 115 116 117 143 149 163 182 192 200 220 222 225 230 242 249
96 278 97 100 102 103 104 105 108 109 113 115 116 117 120 123 124 125 126 128 132 135 137 143 147 148 149 151 152 156 160 162 163 174 177 178 181 182 184 188 192 194 200 203 205 206 207 210 211 212 216 217 219 220 221 222 224 225 230 231 233 234 240 242 246 248 249
97 479 130 131 98 99 100 101 102 103 104 105 106 108 109 110 111 112 113 114 115 116 117 118 119 120 121 122 123 124 125 126 127 128 129 132 133 134 135 136 137 139 140 141 142 143 144 145 146 147 148 149 150 151 152 153 154 155 156 157 158 159 160 161 162 163 164 165 166 167 168 169 170 171 172 173 174 175 176 177 178 179 180 181 182 183 184 185 186 187 188 189 190 191 192 193 194 195 197 198 199 200 202 203 204 205 206 207 210 211 212 215 216 217 218 219 220 221 222 223 224 225 226 227 228 229 230 231 233 234 235 236 237 238 239 240 241 242 243 244 245 246 247 248 249
98 258 103 108 109 115 116 117 125 143 149 163 182 192 200 210 220 221 222 225 230 242 249
99 263 100 103 108 109 115 116 117 125 137 143 147 149 156 160 162 163 177 181 182 192 200 205 210 220 221 222 225 230 233 242 249
100 457 130 131 101 102 103 104 105 108 109 110 111 112 113 115 116 117 118 119 120 121 122 123 124 125 126 128 129 132 133 134 135 137 141 142 143 144 145 146 147 148 149 150 151 152 153 154 155 156 157 158 159 160 162 163 165 166 167 168 170 171 172 173 174 175 177 178 179 180 181 182 183 184 185 187 188 190 191 192 193 194 195 197 198 200 202 203 204 205 206 207 210 211 212 216 217 218 219 220 221 222 223 224 225 226 227 228 229 230 231 233 234 235 236 237 238 239 240 241 242 243 244 245 246 247 248 249
101 254 102 103 104 105 108 109 111 113 115 116 117 120 123 124 125 126 128 132 135 137 143 145 147 148 149 151 152 153 156 160 162 163 171 173 174 177 178 181 182 184 185 188 192 194 200 203 205 206 207 210 211 212 216 217 219 220 221 222 223 224 225 229 230 231 233 234 237 240 242 243 246 248 249
102 289 130 131 103 104 105 108 109 111 112 113 115 116 117 118 119 120 121 122 123 124 125 126 128 132 133 134 135 137 142 143 144 145 146 147 148 149 150 151 152 153 156 159 160 162 163 167 171 172 173 174 177 178 179 180 181 182 183 184 185 188 191 192 193 194 195 197 198 200 202 203 204 205 206 207 210 211 212 216 217 219 220 221 222 223 224 225 227 228 229 230 231 233 234 237 238 240 242 243 244 246 247 248 249
103 478 130 131 104 105 106 107 108 109 110 111 112 113 114 115 116 117 118 119 120 121 122 123 124 125 126 127 128 129 132 133 134 135 136 137 138 139 140 141 142 143 144 145 146 147 148 149 150 151 152 153 154 155 156 157 158 159 160 161 162 163 164 165 166 167 168 169 170 171 172 173 174 175 176 177 178 179 180 181 182 183 184 185 186 187 188 189 190 191 192 193 194 195 196 197 198 199 200 201 202 203 204 205 206 207 208 209 210 211 212 213 214 215 216 217 218 219 220 221 222 223 224 225 226 227 228 229 230 231 232 233 234 235 236 237 238 239 240 241 242 243 244 245 246 247 248 249
104 254 130 131 105 108 109 111 112 113 115 116 117 119 120 121 122 123 124 125 126 128 132 134 135 137 142 143 144 145 146 147 148 149 150 151 152 153 156 159 160 162 163 171 173 174 177 178 179 180 181 182 183 184 185 188 191 192 193 194 195 198 200 202 203 204 205 206 207 210 211 212 216 217 219 220 221 222 223 224 225 227 228 229 230 231 233 234 237 238 240 242 243 244 246 247 248 249
105 268 108 109 111 112 113 115 116 117 120 123 124 125 126 128 132 135 137 142 143 145 146 147 148 149 150 151 152 153 156 159 160 162 163 171 173 174 177 178 180 181 182 184 185 188 192 193 194 195 200 203 204 205 206 207 210 211 212 216 217 219 220 221 222 223 224 225 229 230 231 233 234 237 240 242 243 246 248 249
106 374 108 109 115 116 117 143 149 163 182 192 200 220 222 225 230 242 249
107 294 109 116 117 149 182 192 230 242 249
108 332 130 131 109 110 111 112 113 114 115 116 117 118 119 120 121 122 123 124 125 126 127 128 129 132 133 134 135 137 140 141 142 143 144 145 146 147 148 149 150 151 152 153 154 155 156 157 158 159 160 162 163 164 165 166 167 168 169 170 171 172 173 174 175 176 177 178 179 180 181 182 183 184 185 186 187 188 189 190 191 192 193 194 195 197 198 200 202 203 204 205 206 207 210 211 212 215 216 217 218 219 220 221 222 223 224 225 226 227 228 229 230 231 233 234 235 236 237 238 239 240 241 242 243 244 245 246 247 248 249
109 415 130 131 110 111 112 113 114 115 116 117 118 119 120 121 122 123 124 125 126 127 128 129 132 133 134 135 136 137 138 139 140 141 142 143 144 145 146 147 148 149 150 151 152 153 154 155 156 157 158 159 160 161 162 163 164 165 166 167 168 169 170 171 172 173 174 175 176 177 178 179 180 181 182 183 184 185 186 187 188 189 190 191 192 193 194 195 196 197 198 199 200 201 202 203 204 205 206 207 210 211 212 214 215 216 217 218 219 220 221 222 223 224 225 226 227 228 229 230 231 232 233 234 235 236 237 238 239 240 241 242 243 244 245 246 247 248 249
110 275 115 116 117 125 137 143 147 149 156 160 162 163 181 182 192 200 205 210 220 221 222 225 230 233 242 249
111 310 113 115 116 117 120 123 124 125 126 128 132 135 137 143 147 148 149 151 152 156 160 162 163 174 177 178 181 182 184 188 192 194 200 203 205 206 207 210 211 212 216 217 219 220 221 222 223 224 225 230 231 233 234 240 242 246 248 249
112 352 113 115 116 117 120 123 124 125 126 128 135 137 143 147 148 149 151 152 156 160 162 163 177 178 181 182 184 188 192 194 200 205 207 210 211 212 216 217 220 221 222 224 225 230 233 234 240 242 246 248 249
113 265 130 131 115 116 117 118 119 120 121 122 123 124 125 126 128 129 132 133 134 135 137 142 143 144 145 146 147 148 149 150 151 152 153 155 156 158 159 160 162 163 165 167 168 171 172 173 174 177 178 179 180 181 182 183 184 185 188 191 192 193 194 195 197 198 200 202 203 204 205 206 207 210 211 212 216 217 219 220 221 222 223 224 225 226 227 228 229 230 231 233 234 236 237 238 240 242 243 244 246 247 248 249
114 383 115 116 117 143 149 163 182 192 200 220 222 225 230 242 249
115 403 130 131 116 117 118 119 120 121 122 123 124 125 126 127 128 129 132 133 134 135 137 140 141 142 143 144 145 146 147 148 149 150 151 152 153 154 155 156 157 158 159 160 161 162 163 164 165 166 167 168 169 170 171 172 173 174 175 176 177 178 179 180 181 182 183 184 185 186 187 188 189 190 191 192 193 194 195 197 198 199 200 202 203 204 205 206 207 210 211 212 215 216 217 218 219 220 221 222 223 224 225 226 227 228 229 230 231 233 234 235 236 237 238 239 240 241 242 243 244 245 246 247 248 249
116 284 130 131 117 118 119 120 121 122 123 124 125 126 127 128 129 132 133 134 135 136 137 138 139 140 141 142 143 144 145 146 147 148 149 150 151 152 153 154 155 156 157 158 159 160 161 162 163 164 165 166 167 168 169 170 171 172 173 174 175 176 177 178 179 180 181 182 183 184 185 186 187 188 189 190 191 192 193 194 195 196 197 198 199 200 201 202 203 204 205 206 207 209 210 211 212 214 215 216 217 218 219 220 221 222 223 224 225 226 227 228 229 230 231 232 233 234 235 236 237 238 239 240 241 242 243 244 245 246 247 248 249
117 313 130 131 118 119 120 121 122 123 124 125 126 127 128 129 132 133 134 135 136 137 138 139 140 141 142 143 144 145 146 147 148 149 150 151 152 153 154 155 156 157 158 159 160 161 162 163 164 165 166 167 168 169 170 171 172 173 174 175 176 177 178 179 180 181 182 183 184 185 186 187 188 189 190 191 192 193 194 195 196 197 198 199 200 201 202 203 204 205 206 207 208 209 210 211 212 213 214 215 216 217 218 219 220 221 222 223 224 225 226 227 228 229 230 231 232 233 234 235 236 237 238 239 240 241 242 243 244 245 246 247 248 249
118 414 123 125 126 128 137 143 147 148 149 151 152 156 160 162 163 177 178 181 182 184 192 200 205 210 212 216 220 221 222 224 225 230 233 234 240 242 246 249
119 278 120 123 125 126 128 135 137 143 147 148 149 151 152 156 160 162 163 177 178 181 182 184 188 192 194 200 205 207 210 211 212 216 220 221 222 224 225 230 233 234 240 242 246 248 249
120 308 130 131 121 122 123 124 125 126 128 132 134 135 137 142 143 144 145 146 147 148 149 150 151 152 153 156 159 160 162 163 171 173 174 177 178 179 180 181 182 183 184 185 188 191 192 193 194 195 198 200 202 203 204 205 206 207 210 211 212 216 217 219 220 221 222 223 224 225 227 228 229 230 231 233 234 237 238 240 242 243 244 246 247 248 249
121 447 123 125 126 128 137 143 147 148 149 151 152 156 160 162 163 177 178 181 182 184 192 200 205 210 212 216 220 221 222 224 225 230 233 234 240 242 246 249
122 264 123 125 126 128 135 137 143 147 148 149 151 152 156 160 162 163 177 178 181 182 184 188 192 194 200 205 207 210 211 212 216 217 220 221 222 224 225 230 233 234 240 242 246 248 249
123 289 130 131 124 125 126 128 129 132 133 134 135 137 141 142 143 144 145 146 147 148 149 150 151 152 153 155 156 158 159 160 162 163 165 167 168 170 171 172 173 174 177 178 179 180 181 182 183 184 185 188 191 192 193 194 195 197 198 200 202 203 204 205 206 207 210 211 212 216 217 218 219 220 221 222 223 224 225 226 227 228 229 230 231 233 234 235 236 237 238 240 242 243 244 245 246 247 248 249
124 432 125 126 128 132 135 137 142 143 145 146 147 148 149 150 151 152 153 156 159 160 162 163 171 173 174 177 178 180 181 182 184 185 188 192 193 194 195 200 203 204 205 206 207 210 211 212 216 217 219 220 221 222 223 224 225 229 230 231 233 234 237 240 242 243 246 248 249
125 251 130 131 126 128 129 132 133 134 135 137 140 141 142 143 144 145 146 147 148 149 150 151 152 153 154 155 156 157 158 159 160 162 163 164 165 166 167 168 169 170 171 172 173 174 175 176 177 178 179 180 181 182 183 184 185 186 187 188 189 190 191 192 193 194 195 197 198 200 202 203 204 205 206 207 210 211 212 215 216 217 218 219 220 221 222 223 224 225 226 227 228 229 230 231 233 234 235 236 237 238 239 240 241 242 243 244 245 246 247 248 249
126 317 130 131 128 132 133 134 135 137 142 143 144 145 146 147 148 149 150 151 152 153 155 156 158 159 160 162 163 167 171 172 173 174 177 178 179 180 181 182 183 184 185 188 191 192 193 194 195 197 198 200 202 203 204 205 206 207 210 211 212 216 217 219 220 221 222 223 224 225 227 228 229 230 231 233 234 237 238 240 242 243 244 246 247 248 249
127 443 143 149 163 182 192 200 220 222 225 230 242 249
128 257 130 131 132 134 135 137 142 143 144 145 146 147 148 149 150 151 152 153 156 159 160 162 163 171 173 174 177 178 179 180 181 182 183 184 185 188 191 192 193 194 195 197 198 200 202 203 204 205 206 207 210 211 212 216 217 219 220 221 222 223 224 225 227 228 229 230 231 233 234 237 238 240 242 243 244 246 247 248 249
129 300 137 143 147 148 149 151 152 156 160 162 163 177 178 181 182 192 200 205 210 212 216 220 221 222 225 230 233 234 242 249
130 467 137 143 147 148 149 151 152 156 160 162 163 177 178 181 182 184 192 200 205 210 212 216 220 221 222 224 225 230 233 234 240 242 246 249
131 259 135 137 143 147 148 149 151 152 156 160 162 163 177 178 181 182 184 188 192 194 200 205 207 210 211 212 216 220 221 222 224 225 230 233 234 240 242 246 248 249
132 274 135 137 143 145 147 148 149 151 152 153 156 160 162 163 171 173 174 177 178 180 181 182 184 185 188 192 194 200 203 205 206 207 210 211 212 216 217 219 220 221 222 223 224 225 229 230 231 233 234 237 240 242 243 246 248 249
133 493 137 143 147 148 149 151 152 156 160 162 163 177 178 181 182 192 200 205 210 212 216 220 221 222 224 225 230 233 234 240 242 249
134 251 137 143 147 148 149 151 152 156 160 162 163 177 178 181 182 184 192 200 205 210 212 216 220 221 222 224 225 230 233 234 240 242 246 249
135 256 137 142 143 144 145 146 147 148 149 150 151 152 153 156 159 160 162 163 171 173 174 177 178 179 180 181 182 183 184 185 188 191 192 193 194 195 198 200 202 203 204 205 206 207 210 211 212 216 217 219 220 221 222 223 224 225 227 228 229 230 231 233 234 237 238 240 242 243 244 246 247 248 249
136 436 149 163 182 192 200 220 225 230 242 249
137 264 141 142 143 144 145 146 147 148 149 150 151 152 153 154 155 156 157 158 159 160 162 163 165 166 167 168 170 171 172 173 174 177 178 179 180 181 182 183 184 185 188 190 191 192 193 194 195 197 198 200 202 203 204 205 206 207 210 211 212 216 217 218 219 220 221 222 223 224 225 226 227 228 229 230 231 233 234 235 236 237 238 239 240 241 242 243 244 245 246 247 248 249
138 300 149 182 192 225 230 242 249
139 394 149 163 182 192 200 220 225 230 242 249
140 264 143 149 163 182 192 200 220 221 222 225 230 242 249
141 342 143 147 148 149 152 156 160 162 163 177 178 181 182 192 200 205 210 212 216 220 221 222 225 230 233 234 242 249
142 492 143 147 148 149 151 152 156 160 162 163 174 177 178 181 182 184 188 192 194 200 205 207 210 211 212 216 217 220 221 222 224 225 230 231 233 234 240 242 246 248 249
143 252 144 145 146 147 148 149 150 151 152 153 154 155 156 157 158 159 160 162 163 164 165 166 167 168 169 170 171 172 173 174 175 176 177 178 179 180 181 182 183 184 185 186 187 188 189 190 191 192 193 194 195 197 198 200 202 203 204 205 206 207 210 211 212 215 216 217 218 219 220 221 222 223 224 225 226 227 228 229 230 231 233 234 235 236 237 238 239 240 241 242 243 244 245 246 247 248 249
144 256 147 148 149 151 152 156 160 162 163 177 178 181 182 184 192 200 205 210 212 216 220 221 222 224 225 230 233 234 240 242 246 249
145 482 147 148 149 151 152 153 156 160 162 163 171 173 174 177 178 181 182 184 188 192 194 200 203 205 206 207 210 211 212 216 217 219 220 221 222 223 224 225 229 230 231 233 234 237 240 242 246 248 249
146 252 147 148 149 151 152 156 160 162 163 174 177 178 181 182 184 188 192 194 200 205 206 207 210 211 212 216 217 219 220 221 222 224 225 230 231 233 234 240 242 246 248 249
147 266 148 149 150 151 152 153 154 155 156 157 158 159 160 162 163 165 166 167 168 170 171 172 173 174 177 178 179 180 181 182 183 184 185 188 190 191 192 193 194 195 197 198 200 202 203 204 205 206 207 210 211 212 216 217 218 219 220 221 222 223 224 225 226 227 228 229 230 231 233 234 235 236 237 238 239 240 241 242 243 244 245 246 247 248 249
148 420 149 150 151 152 153 155 156 158 159 160 162 163 165 167 168 170 171 172 173 174 177 178 179 180 181 182 183 184 185 188 191 192 193 194 195 197 198 200 202 203 204 205 206 207 210 211 212 216 217 218 219 220 221 222 223 224 225 226 227 228 229 230 231 233 234 235 236 237 238 240 242 243 244 245 246 247 248 249
149 270 150 151 152 153 154 155 156 157 158 159 160 161 162 163 164 165 166 167 168 169 170 171 172 173 174 175 176 177 178 179 180 181 182 183 184 185 186 187 188 189 190 191 192 193 194 195 197 198 199 200 201 202 203 204 205 206 207 210 211 212 215 216 217 218 219 220 221 222 223 224 225 226 227 228 229 230 231 233 234 235 236 237 238 239 240 241 242 243 244 245 246 247 248 249
150 310 151 152 156 160 162 163 174 177 178 181 182 184 188 192 194 200 205 206 207 210 211 212 216 217 220 221 222 224 225 230 231 233 234 240 242 246 248 249
151 375 152 153 155 156 158 159 160 162 163 165 167 168 171 172 173 174 177 178 179 180 181 182 183 184 185 188 191 192 193 194 195 197 198 200 202 203 204 205 206 207 210 211 212 216 217 219 220 221 222 223 224 225 226 227 228 229 230 231 233 234 236 237 238 240 242 243 244 246 247 248 249
152 285 153 155 156 158 159 160 162 163 165 167 168 171 172 173 174 177 178 179 180 181 182 183 184 185 188 191 192 193 194 195 197 198 200 202 203 204 205 206 207 210 211 212 216 217 219 220 221 222 223 224 225 226 227 228 229 230 231 233 234 235 236 237 238 240 242 243 244 246 247 248 249
153 340 156 160 162 163 171 173 174 177 178 181 182 184 188 192 194 200 203 205 206 207 210 211 212 216 217 219 220 221 222 223 224 225 229 230 231 233 234 237 240 242 246 248 249
154 376 162 163 182 192 200 205 210 220 221 222 225 230 233 242 249
155 306 156 160 162 163 177 178 181 182 192 200 205 210 212 216 220 221 222 225 230 233 234 242 249
156 318 157 158 159 160 162 163 165 167 168 170 171 172 173 174 177 178 179 180 181 182 183 184 185 188 191 192 193 194 195 197 198 200 202 203 204 205 206 207 210 211 212 216 217 218 219 220 221 222 223 224 225 226 227 228 229 230 231 233 234 235 236 237 238 239 240 241 242 243 244 245 246 247 248 249
157 423 160 162 163 177 181 182 192 200 205 210 220 221 222 225 230 233 242 249
158 264 160 162 163 177 178 181 182 192 200 205 210 212 216 220 221 222 225 230 233 234 242 249
159 313 160 162 163 174 177 178 181 182 184 188 192 194 200 205 207 210 211 212 216 217 220 221 222 224 225 230 231 233 234 240 242 246 248 249
160 452 162 163 165 167 168 170 171 172 173 174 177 178 179 180 181 182 183 184 185 188 191 192 193 194 195 197 198 200 202 203 204 205 206 207 210 211 212 216 217 218 219 220 221 222 223 224 225 226 227 228 229 230 231 233 234 235 236 237 238 239 240 242 243 244 245 246 247 248 249
161 263 163 182 192 200 220 225 230 242 249
162 285 163 165 166 167 168 170 171 172 173 174 177 178 179 180 181 182 183 184 185 188 190 191 192 193 194 195 197 198 200 202 203 204 205 206 207 210 211 212 216 217 218 219 220 221 222 223 224 225 226 227 228 229 230 231 233 234 235 236 237 238 239 240 241 242 243 244 245 246 247 248 249
163 364 164 165 166 167 168 169 170 171 172 173 174 175 176 177 178 179 180 181 182 183 184 185 186 187 188 189 190 191 192 193 194 195 197 198 199 200 202 203 204 205 206 207 210 211 212 215 216 217 218 219 220 221 222 223 224 225 226 227 228 229 230 231 233 234 235 236 237 238 239 240 241 242 243 244 245 246 247 248 249
164 252 182 192 200 205 210 220 221 222 225 230 242 249
165 384 177 178 181 182 192 200 205 210 212 216 220 221 222 225 230 233 234 242 249
166 494 182 192 200 205 210 220 221 222 225 230 233 242 249
167 251 177 178 181 182 192 200 205 210 212 216 220 221 222 224 225 230 233 234 240 242 249
168 255 177 178 181 182 192 200 205 210 212 216 220 221 222 225 230 233 234 242 249
169 363 182 192 200 220 221 222 225 230 242 249
170 257 177 178 181 182 192 200 205 210 212 216 220 221 222 225 230 233 242 249
171 380 173 174 177 178 181 182 184 188 192 194 200 203 205 206 207 210 211 212 216 217 219 220 221 222 223 224 225 229 230 231 233 234 237 240 242 246 248 249
172 369 177 178 181 182 192 200 205 210 212 216 220 221 222 224 225 230 233 234 240 242 249
173 261 174 177 178 181 182 184 188 192 194 200 203 205 206 207 210 211 212 216 217 219 220 221 222 223 224 225 229 230 231 233 234 237 240 242 246 248 249
174 370 177 178 180 181 182 184 185 188 192 194 195 200 203 204 205 206 207 210 211 212 216 217 219 220 221 222 223 224 225 229 230 231 233 234 237 240 242 243 246 248 249
175 395 182 192 200 205 210 220 221 222 225 230 233 242 249
176 259 182 192 200 220 222 225 230 242 249
177 346 178 179 180 181 182 183 184 185 188 191 192 193 194 195 197 198 200 202 203 204 205 206 207 210 211 212 216 217 218 219 220 221 222 223 224 225 226 227 228 229 230 231 233 234 235 236 237 238 240 242 243 244 245 246 247 248 249
178 386 179 180 181 182 183 184 185 188 191 192 193 194 195 197 198 200 202 203 204 205 206 207 210 211 212 216 217 218 219 220 221 222 223 224 225 226 227 228 229 230 231 233 234 235 236 237 238 240 242 243 244 245 246 247 248 249
179 260 181 182 184 188 192 194 200 205 207 210 211 212 216 217 220 221 222 224 225 230 233 234 240 242 246 248 249
180 354 181 182 184 188 192 194 200 203 205 206 207 210 211 212 216 217 219 220 221 222 224 225 230 231 233 234 240 242 246 248 249
181 453 182 183 184 185 188 191 192 193 194 195 197 198 200 202 203 204 205 206 207 210 211 212 216 217 218 219 220 221 222 223 224 225 226 227 228 229 230 231 233 234 235 236 237 238 239 240 241 242 243 244 245 246 247 248 249
182 257 183 184 185 186 187 188 189 190 191 192 193 194 195 196 197 198 199 200 201 202 203 204 205 206 207 208 209 210 211 212 213 214 215 216 217 218 219 220 221 222 223 224 225 226 227 228 229 230 231 232 233 234 235 236 237 238 239 240 241 242 243 244 245 246 247 248 249
183 290 184 188 192 194 200 205 207 210 212 216 220 221 222 224 225 230 233 234 240 242 246 249
184 412 185 188 191 192 193 194 195 198 200 202 203 204 205 206 207 210 211 212 216 217 219 220 221 222 223 224 225 227 228 229 230 231 233 234 237 238 240 242 243 244 246 247 248 249
185 256 188 192 194 200 203 205 206 207 210 211 212 216 217 219 220 221 222 223 224 225 230 231 233 234 240 242 246 248 249
186 332 192 200 220 221 222 225 230 242 249
187 362 192 200 205 210 220 221 222 225 230 233 242 249
188 313 191 192 193 194 195 198 200 202 203 204 205 206 207 210 211 212 216 217 219 220 221 222 223 224 225 228 229 230 231 233 234 237 238 240 242 243 246 247 248 249
189 325 192 200 205 210 220 221 222 225 230 233 242 249
190 453 192 200 205 210 220 221 222 225 230 233 242 249
191 258 192 194 200 205 207 210 211 212 216 220 221 222 224 225 230 233 234 240 242 246 249
192 289 193 194 195 196 197 198 199 200 201 202 203 204 205 206 207 208 209 210 211 212 213 214 215 216 217 218 219 220 221 222 223 224 225 226 227 228 229 230 231 232 233 234 235 236 237 238 239 240 241 242 243 244 245 246 247 248 249
193 439 194 200 205 207 210 211 212 216 217 220 221 222 224 225 230 233 234 240 242 246 248 249
194 252 195 198 200 202 203 204 205 206 207 210 211 212 216 217 219 220 221 222 223 224 225 228 229 230 231 233 234 237 238 240 242 243 246 247 248 249
195 309 200 205 206 207 210 211 212 216 217 220 221 222 224 225 230 231 233 234 240 242 246 248 249
196 457 230 249
197 250 200 205 210 212 216 220 221 222 224 225 230 233 234 240 242 246 249
198 293 200 205 207 210 212 216 220 221 222 224 225 230 233 234 240 242 246 249
199 414 200 220 225 230 242 249
200 291 202 203 204 205 206 207 210 211 212 215 216 217 218 219 220 221 222 223 224 225 226 227 228 229 230 231 233 234 235 236 237 238 239 240 241 242 243 244 245 246 247 248 249
201 295 225 230 242 249
202 432 205 207 210 211 212 216 220 221 222 224 225 230 233 234 240 242 246 249
203 256 205 206 207 210 211 212 216 217 219 220 221 222 223 224 225 229 230 231 233 234 237 240 242 243 246 248 249
204 312 205 207 210 211 212 216 217 220 221 222 224 225 230 231 233 234 240 242 246 248 249
205 444 206 207 210 211 212 216 217 218 219 220 221 222 223 224 225 226 227 228 229 230 231 233 234 235 236 237 238 239 240 241 242 243 244 245 246 247 248 249
206 256 207 210 211 212 216 217 219 220 221 222 223 224 225 229 230 231 233 234 237 240 242 243 246 248 249
207 300 210 211 212 216 217 219 220 221 222 223 224 225 228 229 230 231 233 234 237 238 240 242 243 246 247 248 249
208 479 230 249
209 250 230 249
210 271 211 212 215 216 217 218 219 220 221 222 223 224 225 226 227 228 229 230 231 233 234 235 236 237 238 239 240 241 242 243 244 245 246 247 248 249
211 494 212 216 217 219 220 221 222 223 224 225 228 229 230 231 233 234 237 238 240 242 243 246 247 248 249
212 251 216 217 218 219 220 221 222 223 224 225 226 227 228 229 230 231 233 234 235 236 237 238 240 242 243 244 245 246 247 248 249
213 255 230 249
214 408 230 249
215 290 220 221 222 225 230 242 249
216 302 217 218 219 220 221 222 223 224 225 226 227 228 229 230 231 233 234 235 236 237 238 240 242 243 244 245 246 247 248 249
217 499 219 220 221 222 223 224 225 228 229 230 231 233 234 237 240 242 243 246 248 249
218 250 220 221 222 225 230 233 242 249
219 251 220 221 222 223 224 225 229 230 231 233 234 237 240 242 243 246 248 249
220 440 221 222 223 224 225 226 227 228 229 230 231 233 234 235 236 237 238 239 240 241 242 243 244 245 246 247 248 249
221 257 222 223 224 225 226 227 228 229 230 231 233 234 235 236 237 238 239 240 241 242 243 244 245 246 247 248 249
222 303 223 224 225 226 227 228 229 230 231 233 234 235 236 237 238 239 240 241 242 243 244 245 246 247 248 249
223 406 224 225 229 230 231 233 234 237 240 242 243 246 248 249
224 280 225 227 228 229 230 231 233 234 237 238 240 242 243 244 246 247 248 249
225 314 226 227 228 229 230 231 233 234 235 236 237 238 239 240 241 242 243 244 245 246 247 248 249
226 442 230 233 234 242 249
227 253 230 233 234 240 242 246 249
228 305 230 233 234 240 242 246 248 249
229 475 230 231 233 234 237 240 242 246 248 249
230 262 231 232 233 234 235 236 237 238 239 240 241 242 243 244 245 246 247 248 249
231 263 233 234 237 240 242 243 246 248 249
232 413 249
233 266 234 235 236 237 238 239 240 241 242 243 244 245 246 247 248 249
234 321 235 236 237 238 240 242 243 244 246 247 248 249
235 356 242 249
236 293 242 249
237 351 240 242 246 248 249
238 393 240 242 246 248 249
239 266 242 249
240 341 242 243 244 246 247 248 249
241 468 242 249
242 259 243 244 245 246 247 248 249
243 273 246 248 249
244 448 246 249
245 254 249
246 298 247 248 249
247 350 249
248 250 249
249 400
