60 1000
1 480
2 256
3 264
4 373
5 297
6 330 16 32 33 37 38 42 46 57
7 412
8 281
9 307
10 392
11 286
12 322
13 432
14 265
15 303
16 478 33 38 46 57
17 255
18 267
19 406
20 268
21 326
22 365 33 57
23 255
24 380
25 407
26 279
27 314
28 378
29 293
30 329
31 362 33
32 273 33 38 46 57
33 365 37 38 42 45 46 49 57
34 487
35 252
36 261
37 422 38 42 46 57
38 260 42 45 46 49 57
39 318
40 410
41 266
42 324 46 57
43 410
44 263
45 327 57
46 370 57
47 260
48 370
49 454 57
50 250
51 296
52 366
53 281
54 353
55 476
56 260
57 264
58 465
59 256
60 279
