60 1000
1 493 2 3 4 6 8 9 10 11 13 14 15 16 17 19 20 21 22 23 24 26 28 29 31 33 37 39 40 41 44 46 47 48 49 52 54 55 56 58 59
2 251 3 4 5 6 8 9 10 11 13 14 15 16 17 18 19 20 21 22 23 24 25 26 28 29 31 33 35 36 37 38 39 40 41 44 46 47 48 49 52 53 54 55 56 58 59
3 256 4 6 8 9 10 11 13 14 15 16 17 18 19 20 21 22 23 24 26 28 29 31 33 35 37 38 39 40 41 44 46 47 48 49 52 54 55 56 58 59
4 492 6 8 9 10 11 13 14 16 17 19 21 23 24 26 28 29 31 33 37 39 41 46 47 49 52 54 55 56 58 59
5 251 6 9 13 16
6 257 8 9 10 11 13 14 15 16 17 18 19 20 21 22 23 24 25 26 28 29 31 33 35 36 37 38 39 40 41 44 46 47 48 49 52 53 54 55 56 58 59
7 396
8 268 9 10 11 13 14 15 16 17 18 19 20 21 22 23 24 26 28 29 31 33 35 37 39 40 41 44 46 47 48 49 52 54 55 56 58 59
9 336 10 11 13 14 15 16 17 18 19 20 21 22 23 24 25 26 28 29 31 33 35 36 37 38 39 40 41 44 46 47 48 49 52 53 54 55 56 58 59
10 392 13 14 16 17 19 21 23 26 28 29 31 33 37 39 41 46 47 49 54 55 56 58
11 256 13 14 16 17 19 21 23 24 26 28 29 31 33 37 39 41 46 47 49 54 55 56 58
12 352
13 492 14 15 16 17 18 19 20 21 22 23 24 25 26 28 29 31 33 35 36 37 38 39 40 41 44 46 47 48 49 52 53 54 55 56 58 59 60
14 253 15 16 17 19 20 21 22 23 24 26 28 29 31 33 37 39 40 41 44 46 47 48 49 52 54 55 56 58 59
15 255 16 17 19 21 23 26 28 29 31 33 37 39 41 46 47 49 54 55 58
16 447 17 18 19 20 21 22 23 24 25 26 28 29 31 33 35 36 37 38 39 40 41 44 46 47 48 49 52 53 54 55 56 58 59 60
17 270 19 20 21 22 23 24 26 28 29 31 33 37 39 40 41 44 46 47 48 49 52 54 55 56 58 59
18 283 19 21 28 29 33 46 47 49 58
19 470 20 21 22 23 24 26 28 29 31 33 35 37 39 40 41 44 46 47 48 49 52 54 55 56 58 59
20 252 21 23 26 28 29 31 33 37 39 41 46 47 49 54 55 58
21 278 22 23 24 26 28 29 31 33 35 37 39 40 41 44 46 47 48 49 52 54 55 56 58 59
22 378 28 29 33 37 39 46 47 49 58
23 253 24 26 28 29 31 33 37 39 41 46 47 48 49 52 54 55 56 58 59
24 369 26 28 29 31 33 37 39 41 46 47 49 54 55 56 58
25 389 29 47
26 280 28 29 31 33 37 39 41 46 47 48 49 52 54 55 56 58 59
27 331
28 372 29 31 33 35 37 39 40 41 44 46 47 48 49 52 54 55 56 58 59
29 258 31 33 35 37 38 39 40 41 44 46 47 48 49 52 53 54 55 56 58 59
30 370
31 481 33 37 39 40 41 46 47 48 49 52 54 55 56 58 59
32 253
33 266 35 37 39 40 41 44 46 47 48 49 52 54 55 56 58 59
34 395
35 278 46 47 49 58
36 327
37 409 39 40 41 44 46 47 48 49 52 54 55 56 58 59
38 268 47
39 323 40 41 44 46 47 48 49 52 54 55 56 58 59
40 450 41 46 47 49 55 58
41 266 46 47 48 49 52 54 55 56 58 59
42 284
43 398
44 295 46 47 49 58
45 307
46 391 47 48 49 52 54 55 56 58 59
47 296 48 49 52 53 54 55 56 58 59
48 313 49 54 55 58
49 495 52 54 55 56 58 59
50 252
51 253
52 399 54 55 56 58
53 288
54 313 55 56 58 59
55 352 56 58 59
56 267 58 59
57 381
58 385 59
59 284
60 331
