249 1000
1 444 6 18 20 21 28 37 41 42 43 44 46 59 83 86 87 88 92 99 112 113 132 149 150 158 161 169 174 176 189 195 198 202 203 209 214 217 222 239 242
2 264 4 5 6 8 9 11 12 13 14 16 18 20 21 23 24 26 28 29 31 32 33 34 35 37 39 41 42 43 44 45 46 47 48 49 51 52 55 56 57 58 59 61 62 63 64 65 130 131 68 70 71 72 73 75 76 77 78 80 81 83 84 86 87 88 89 91 92 94 96 98 99 103 104 105 107 110 112 113 114 115 117 120 121 122 123 126 128 129 132 133 137 138 140 143 144 146 148 149 150 151 153 156 157 158 159 161 163 164 166 168 169 170 171 173 174 175 176 177 178 180 182 183 184 186 187 188 189 190 192 193 194 195 197 198 200 202 203 204 206 208 209 210 212 213 214 217 219 220 221 222 223 225 227 228 229 230 231 237 239 241 242 243 244 247 248
3 292
4 397 6 18 20 21 23 28 37 41 42 43 44 46 59 63 64 72 75 78 83 84 86 87 88 91 92 94 99 112 113 123 128 129 132 133 140 143 149 150 156 157 158 161 163 164 169 170 174 176 182 189 190 192 195 198 202 203 206 208 209 214 217 222 230 239 242 248
5 294 6 8 9 14 18 20 21 23 24 26 28 37 41 42 43 44 46 47 51 52 55 56 59 62 63 64 65 130 70 72 73 75 77 78 81 83 84 86 87 88 89 91 92 94 98 99 105 110 112 113 114 115 120 123 126 128 129 132 133 138 140 143 148 149 150 151 153 156 157 158 159 161 163 164 166 168 169 170 173 174 176 177 178 182 184 189 190 192 193 194 195 197 198 202 203 204 206 208 209 212 213 214 217 219 222 225 227 228 229 230 239 242 244 247 248
6 309 7 8 9 11 12 13 14 15 16 18 20 21 23 24 26 28 29 30 31 32 33 34 35 37 39 41 42 43 44 45 46 47 48 49 51 52 53 55 56 57 58 59 60 61 62 63 64 65 130 131 68 70 71 72 73 75 76 77 78 80 81 83 84 85 86 87 88 89 91 92 94 95 96 98 99 103 104 105 107 108 110 111 112 113 114 115 116 117 119 120 121 122 123 124 126 127 128 129 132 133 134 137 138 139 140 141 143 144 146 147 148 149 150 151 153 156 157 158 159 161 162 163 164 166 168 169 170 171 173 174 175 176 177 178 180 182 183 184 186 187 188 189 190 191 192 193 194 195 197 198 200 202 203 204 205 206 207 208 209 210 212 213 214 215 217 218 219 220 221 222 223 224 225 226 227 228 229 230 231 232 236 237 239 241 242 243 244 247 248 249
7 363 20 21 28 43 46 86 92 113 169 176 189 198 202 203 214 242
8 303 9 12 13 14 18 20 21 23 24 26 28 29 37 41 42 43 44 45 46 47 51 52 55 56 59 61 62 63 64 65 130 70 71 72 73 75 77 78 80 81 83 84 86 87 88 89 91 92 94 98 99 103 104 105 107 110 112 113 114 115 117 120 122 123 126 128 129 132 133 137 138 140 143 144 146 148 149 150 151 153 156 157 158 159 161 163 164 166 168 169 170 173 174 176 177 178 182 184 186 188 189 190 192 193 194 195 197 198 202 203 204 206 208 209 212 213 214 217 219 220 222 225 227 228 229 230 239 242 244 247 248
9 334 14 18 20 21 23 24 28 37 41 42 43 44 46 47 51 52 55 56 59 62 63 64 65 130 70 72 73 75 77 78 81 83 84 86 87 88 89 91 92 94 98 99 105 110 112 113 114 120 123 126 128 129 132 133 140 143 149 150 153 156 157 158 161 163 164 166 169 170 174 176 177 178 182 184 189 190 192 194 195 197 198 202 203 204 206 208 209 212 214 217 219 222 225 227 228 229 230 239 242 244 247 248
10 414
11 278 18 20 21 23 28 37 41 42 43 44 46 59 63 64 72 75 78 83 84 86 87 88 91 92 99 112 113 123 128 129 132 133 140 143 149 150 156 157 158 161 163 164 169 170 174 176 182 189 190 192 195 198 202 203 206 208 209 214 217 222 230 239 242 248
12 308 18 20 21 23 24 28 37 41 42 43 44 46 51 52 55 59 63 64 130 72 73 75 78 81 83 84 86 87 88 91 92 94 98 99 105 112 113 114 120 123 128 129 132 133 140 143 149 150 156 157 158 161 163 164 169 170 174 176 177 182 184 189 190 192 194 195 197 198 202 203 204 206 208 209 214 217 219 222 225 227 229 230 239 242 244 248
13 387 14 18 20 21 23 24 28 37 41 42 43 44 46 51 52 55 59 62 63 64 130 72 73 75 78 81 83 84 86 87 88 91 92 94 98 99 105 112 113 114 120 123 128 129 132 133 140 143 149 150 156 157 158 161 163 164 169 170 174 176 177 182 184 189 190 192 194 195 197 198 202 203 204 206 208 209 212 214 217 219 222 225 227 228 229 230 239 242 244 248
14 289 18 20 21 23 24 26 28 37 41 42 43 44 46 47 51 52 55 56 59 62 63 64 65 130 70 72 73 75 77 78 81 83 84 86 87 88 89 91 92 94 98 99 105 110 112 113 114 115 117 120 123 126 128 129 132 133 138 140 143 146 148 149 150 151 153 156 157 158 159 161 163 164 166 168 169 170 173 174 176 177 178 182 184 189 190 192 193 194 195 197 198 202 203 204 206 208 209 212 213 214 217 219 222 225 227 228 229 230 239 242 244 247 248
15 324 20 21 28 43 46 86 92 176 189 198 202 203 214 242
16 454 18 20 21 28 37 41 42 43 44 46 59 83 86 87 88 91 92 99 112 113 132 140 149 150 158 161 169 174 176 189 195 198 202 203 209 214 217 222 230 239 242
17 270
18 276 20 21 23 24 26 28 29 31 32 33 34 35 37 39 41 42 43 44 45 46 47 48 49 51 52 55 56 57 58 59 60 61 62 63 64 65 130 131 68 70 71 72 73 75 76 77 78 80 81 83 84 85 86 87 88 89 91 92 94 95 96 98 99 103 104 105 107 110 112 113 114 115 117 119 120 121 122 123 126 128 129 132 133 137 138 140 141 143 144 146 147 148 149 150 151 153 156 157 158 159 161 162 163 164 166 168 169 170 171 173 174 175 176 177 178 180 182 183 184 186 187 188 189 190 191 192 193 194 195 197 198 200 202 203 204 205 206 208 209 210 212 213 214 217 218 219 220 221 222 223 224 225 227 228 229 230 231 236 237 239 241 242 243 244 247 248 249
19 491
20 253 21 23 24 26 28 29 30 31 32 33 34 35 37 39 41 42 43 44 45 46 47 48 49 51 52 53 55 56 57 58 59 60 61 62 63 64 65 130 131 68 70 71 72 73 75 76 77 78 80 81 83 84 85 86 87 88 89 91 92 94 95 96 98 99 103 104 105 107 110 111 112 113 114 115 116 117 119 120 121 122 123 124 126 128 129 132 133 134 137 138 139 140 141 143 144 146 147 148 149 150 151 153 156 157 158 159 161 162 163 164 166 168 169 170 171 173 174 175 176 177 178 180 182 183 184 186 187 188 189 190 191 192 193 194 195 197 198 200 202 203 204 205 206 207 208 209 210 212 213 214 217 218 219 220 221 222 223 224 225 227 228 229 230 231 232 236 237 239 241 242 243 244 247 248 249
21 256 23 24 26 28 29 31 32 33 34 35 37 39 41 42 43 44 45 46 47 48 49 51 52 53 55 56 57 58 59 60 61 62 63 64 65 130 131 68 70 71 72 73 75 76 77 78 80 81 83 84 85 86 87 88 89 91 92 94 95 96 98 99 103 104 105 107 110 111 112 113 114 115 116 117 119 120 121 122 123 124 126 128 129 132 133 134 137 138 139 140 141 143 144 146 147 148 149 150 151 153 156 157 158 159 161 162 163 164 166 168 169 170 171 173 174 175 176 177 178 180 182 183 184 186 187 188 189 190 191 192 193 194 195 197 198 200 202 203 204 205 206 207 208 209 210 212 213 214 217 218 219 220 221 222 223 224 225 227 228 229 230 231 232 236 237 239 241 242 243 244 247 248 249
22 420
23 276 24 26 28 29 33 34 37 41 42 43 44 45 46 47 49 51 52 55 56 59 61 62 63 64 65 130 70 71 72 73 75 77 78 80 81 83 84 86 87 88 89 91 92 94 98 99 103 104 105 107 110 112 113 114 115 117 120 121 122 123 126 128 129 132 133 137 138 140 143 144 146 148 149 150 151 153 156 157 158 159 161 163 164 166 168 169 170 171 173 174 176 177 178 182 184 186 188 189 190 192 193 194 195 197 198 200 202 203 204 206 208 209 212 213 214 217 219 220 222 225 227 228 229 230 231 237 239 242 243 244 247 248
24 304 26 28 29 33 34 37 41 42 43 44 45 46 47 51 52 55 56 59 61 62 63 64 65 130 70 71 72 73 75 77 78 80 81 83 84 86 87 88 89 91 92 94 98 99 103 104 105 107 110 112 113 114 115 117 120 121 122 123 126 128 129 132 133 137 138 140 143 144 146 148 149 150 151 153 156 157 158 159 161 163 164 166 168 169 170 171 173 174 176 177 178 182 184 186 188 189 190 192 193 194 195 197 198 200 202 203 204 206 208 209 212 213 214 217 219 220 222 225 227 228 229 230 239 242 243 244 247 248
25 495
26 251 28 37 41 42 43 44 46 47 51 52 55 56 59 62 63 64 65 130 72 73 75 78 81 83 84 86 87 88 89 91 92 94 98 99 105 112 113 114 120 123 128 129 132 133 140 143 149 150 153 156 157 158 161 163 164 169 170 174 176 177 178 182 184 189 190 192 194 195 197 198 202 203 204 206 208 209 212 214 217 219 222 225 227 228 229 230 239 242 244 247 248
27 254
28 442 29 30 31 32 33 34 35 37 39 41 42 43 44 45 46 47 48 49 51 52 53 55 56 57 58 59 60 61 62 63 64 65 130 131 68 70 71 72 73 75 76 77 78 80 81 83 84 85 86 87 88 89 91 92 94 95 96 98 99 103 104 105 107 110 111 112 113 114 115 116 117 119 120 121 122 123 124 126 128 129 132 133 134 137 138 139 140 141 143 144 146 147 148 149 150 151 153 156 157 158 159 161 162 163 164 166 168 169 170 171 173 174 175 176 177 178 180 182 183 184 186 187 188 189 190 191 192 193 194 195 197 198 200 202 203 204 205 206 207 208 209 210 212 213 214 217 218 219 220 221 222 223 224 225 227 228 229 230 231 232 236 237 239 241 242 243 244 247 248 249
29 276 37 41 42 43 44 46 51 52 59 63 64 130 72 75 78 81 83 84 86 87 88 91 92 94 98 99 112 113 114 123 128 129 132 133 140 143 149 150 156 157 158 161 163 164 169 170 174 176 182 189 190 192 195 197 198 202 203 204 206 208 209 214 217 222 230 239 242 248
30 282 43 46 86 92 176 189 198 203 214 242
31 374 37 41 42 43 44 46 59 83 86 87 88 91 92 99 112 113 123 132 140 143 149 150 158 161 169 174 176 189 195 198 202 203 209 214 217 222 230 239 242
32 260 37 41 42 43 44 46 59 64 72 78 83 84 86 87 88 91 92 99 112 113 123 132 140 143 149 150 156 158 161 163 164 169 170 174 176 189 195 198 202 203 209 214 217 222 230 239 242
33 366 37 41 42 43 44 46 51 59 63 64 130 72 75 78 81 83 84 86 87 88 91 92 94 99 112 113 114 123 128 129 132 133 140 143 149 150 156 157 158 161 163 164 169 170 174 176 182 189 190 192 195 198 202 203 206 208 209 214 217 222 230 239 242 248
34 489 37 41 42 43 44 46 51 52 59 63 64 130 72 75 78 81 83 84 86 87 88 91 92 94 99 112 113 114 123 128 129 132 133 140 143 149 150 156 157 158 161 163 164 169 170 174 176 182 189 190 192 195 198 202 203 206 208 209 214 217 222 230 239 242 248
35 250 37 41 42 43 44 46 59 72 78 83 86 87 88 91 92 99 112 113 123 132 140 143 149 150 158 161 163 169 174 176 189 195 198 202 203 209 214 217 222 230 239 242
36 261
37 494 39 41 42 43 44 45 46 47 48 49 51 52 55 56 57 58 59 61 62 63 64 65 130 131 68 70 71 72 73 75 76 77 78 80 81 83 84 85 86 87 88 89 91 92 94 95 96 98 99 103 104 105 107 110 112 113 114 115 117 120 121 122 123 126 128 129 132 133 137 138 140 143 144 146 147 148 149 150 151 153 156 157 158 159 161 163 164 166 168 169 170 171 173 174 175 176 177 178 180 182 183 184 186 187 188 189 190 192 193 194 195 197 198 200 202 203 204 206 208 209 210 212 213 214 217 218 219 220 221 222 223 224 225 227 228 229 230 231 237 239 241 242 243 244 247 248 249
38 251
39 255 41 42 43 44 46 59 72 78 83 86 87 88 91 92 99 112 113 123 132 140 143 149 150 156 158 161 163 164 169 170 174 176 189 195 198 202 203 209 214 217 222 230 239 242
40 484
41 251 42 43 44 45 46 47 48 49 51 52 55 56 57 58 59 61 62 63 64 65 130 131 68 70 71 72 73 75 76 77 78 80 81 83 84 85 86 87 88 89 91 92 94 95 96 98 99 103 104 105 107 110 112 113 114 115 117 120 121 122 123 126 128 129 132 133 137 138 140 143 144 146 148 149 150 151 153 156 157 158 159 161 163 164 166 168 169 170 171 173 174 175 176 177 178 180 182 183 184 186 187 188 189 190 192 193 194 195 197 198 200 202 203 204 206 208 209 210 212 213 214 217 218 219 220 221 222 223 224 225 227 228 229 230 231 237 239 241 242 243 244 247 248 249
42 265 43 44 45 46 47 48 49 51 52 55 56 57 58 59 60 61 62 63 64 65 130 131 68 70 71 72 73 75 76 77 78 80 81 83 84 85 86 87 88 89 91 92 94 95 96 98 99 103 104 105 107 110 112 113 114 115 117 119 120 121 122 123 126 128 129 132 133 137 138 140 141 143 144 146 147 148 149 150 151 153 156 157 158 159 161 162 163 164 166 168 169 170 171 173 174 175 176 177 178 180 182 183 184 186 187 188 189 190 191 192 193 194 195 197 198 200 202 203 204 205 206 208 209 210 212 213 214 217 218 219 220 221 222 223 224 225 227 228 229 230 231 236 237 239 241 242 243 244 247 248 249
43 466 44 45 46 47 48 49 51 52 53 55 56 57 58 59 60 61 62 63 64 65 130 131 68 70 71 72 73 75 76 77 78 80 81 83 84 85 86 87 88 89 91 92 94 95 96 98 99 103 104 105 107 108 110 111 112 113 114 115 116 117 119 120 121 122 123 124 126 128 129 132 133 134 137 138 139 140 141 143 144 146 147 148 149 150 151 153 156 157 158 159 161 162 163 164 166 168 169 170 171 173 174 175 176 177 178 180 182 183 184 186 187 188 189 190 191 192 193 194 195 197 198 200 202 203 204 205 206 207 208 209 210 212 213 214 217 218 219 220 221 222 223 224 225 227 228 229 230 231 232 236 237 239 241 242 243 244 247 248 249
44 251 45 46 47 48 49 51 52 55 56 57 58 59 60 61 62 63 64 65 130 131 68 70 71 72 73 75 76 77 78 80 81 83 84 85 86 87 88 89 91 92 94 95 96 98 99 103 104 105 107 110 112 113 114 115 117 119 120 121 122 123 126 128 129 132 133 137 138 140 141 143 144 146 147 148 149 150 151 153 156 157 158 159 161 162 163 164 166 168 169 170 171 173 174 175 176 177 178 180 182 183 184 186 187 188 189 190 191 192 193 194 195 197 198 200 202 203 204 205 206 208 209 210 212 213 214 217 218 219 220 221 222 223 224 225 227 228 229 230 231 236 237 239 241 242 243 244 247 248 249
45 283 46 51 52 59 63 64 130 72 75 78 81 83 84 86 87 88 91 92 94 98 99 112 113 114 123 128 129 132 133 140 143 149 150 156 157 158 161 163 164 169 170 174 176 182 189 190 192 195 197 198 202 203 204 206 208 209 214 217 222 230 239 242 248
46 499 47 48 49 51 52 53 55 56 57 58 59 60 61 62 63 64 65 130 131 68 70 71 72 73 75 76 77 78 80 81 83 84 85 86 87 88 89 91 92 94 95 96 98 99 103 104 105 107 108 110 111 112 113 114 115 116 117 119 120 121 122 123 124 126 128 129 132 133 134 137 138 139 140 141 143 144 146 147 148 149 150 151 153 156 157 158 159 161 162 163 164 166 168 169 170 171 173 174 175 176 177 178 180 182 183 184 186 187 188 189 190 191 192 193 194 195 197 198 200 202 203 204 205 206 207 208 209 210 212 213 214 217 218 219 220 221 222 223 224 225 227 228 229 230 231 232 236 237 239 241 242 243 244 247 248 249
47 250 51 52 55 56 59 62 63 64 65 130 70 72 73 75 77 78 81 83 84 86 87 88 89 91 92 94 98 99 105 110 112 113 114 115 120 123 126 128 129 132 133 138 140 143 148 149 150 151 153 156 157 158 159 161 163 164 166 168 169 170 173 174 176 177 178 182 184 189 190 192 193 194 195 197 198 202 203 204 206 208 209 212 213 214 217 219 222 225 227 228 229 230 239 242 244 247 248
48 251 59 83 86 87 88 91 92 99 112 113 132 140 149 150 158 161 169 174 176 189 195 198 202 203 209 214 217 222 230 239 242
49 418 59 63 64 72 75 78 83 84 86 87 88 91 92 99 112 113 123 128 129 132 140 143 149 150 156 157 158 161 163 164 169 170 174 176 182 189 190 192 195 198 202 203 206 208 209 214 217 222 230 239 242 248
50 270
51 312 52 55 56 59 61 62 63 64 65 130 70 71 72 73 75 77 78 80 81 83 84 86 87 88 89 91 92 94 98 99 103 104 105 107 110 112 113 114 115 117 120 121 122 123 126 128 129 132 133 137 138 140 143 144 146 148 149 150 151 153 156 157 158 159 161 163 164 166 168 169 170 171 173 174 176 177 178 182 184 186 188 189 190 192 193 194 195 197 198 200 202 203 204 206 208 209 212 213 214 217 219 220 222 225 227 228 229 230 237 239 242 243 244 247 248
52 419 55 56 59 61 62 63 64 65 130 70 71 72 73 75 77 78 80 81 83 84 86 87 88 89 91 92 94 98 99 103 104 105 107 110 112 113 114 115 117 120 121 122 123 126 128 129 132 133 137 138 140 143 144 146 148 149 150 151 153 156 157 158 159 161 163 164 166 168 169 170 173 174 176 177 178 182 184 186 188 189 190 192 193 194 195 197 198 200 202 203 204 206 208 209 212 213 214 217 219 220 222 225 227 228 229 230 239 242 244 247 248
53 270 86 92 113 169 176 189 198 202 203 214 242
54 311
55 380 56 59 61 62 63 64 65 130 70 71 72 73 75 77 78 81 83 84 86 87 88 89 91 92 94 98 99 103 105 110 112 113 114 115 117 120 122 123 126 128 129 132 133 138 140 143 146 148 149 150 151 153 156 157 158 159 161 163 164 166 168 169 170 173 174 176 177 178 182 184 189 190 192 193 194 195 197 198 202 203 204 206 208 209 212 213 214 217 219 220 222 225 227 228 229 230 239 242 244 247 248
56 281 59 62 63 64 65 130 70 72 73 75 77 78 81 83 84 86 87 88 89 91 92 94 98 99 105 110 112 113 114 115 120 123 126 128 129 132 133 138 140 143 149 150 151 153 156 157 158 159 161 163 164 166 168 169 170 173 174 176 177 178 182 184 189 190 192 193 194 195 197 198 202 203 204 206 208 209 212 213 214 217 219 222 225 227 228 229 230 239 242 244 247 248
57 339 59 64 72 78 83 84 86 87 88 91 92 99 112 113 123 132 140 143 149 150 156 158 161 163 164 169 170 174 176 189 195 198 202 203 209 214 217 222 230 239 242 248
58 482 59 83 86 87 88 92 99 112 113 132 140 149 150 158 161 169 174 176 189 195 198 202 203 209 214 217 222 230 239 242
59 251 60 61 62 63 64 65 130 131 68 70 71 72 73 75 76 77 78 80 81 83 84 85 86 87 88 89 91 92 94 95 96 98 99 103 104 105 107 110 112 113 114 115 117 120 121 122 123 126 128 129 132 133 137 138 140 141 143 144 146 147 148 149 150 151 153 156 157 158 159 161 162 163 164 166 168 169 170 171 173 174 175 176 177 178 180 182 183 184 186 187 188 189 190 191 192 193 194 195 197 198 200 202 203 204 205 206 208 209 210 212 213 214 217 218 219 220 221 222 223 224 225 227 228 229 230 231 236 237 239 241 242 243 244 247 248 249
60 267 86 87 88 92 112 113 149 150 158 161 169 174 176 189 195 198 202 203 214 217 222 239 242
61 489 63 64 130 72 73 75 78 81 83 84 86 87 88 91 92 94 98 99 105 112 113 114 120 123 128 129 132 133 140 143 149 150 156 157 158 161 163 164 169 170 174 176 177 182 184 189 190 192 194 195 197 198 202 203 204 206 208 209 214 217 219 222 225 227 229 230 239 242 244 248
62 251 63 64 65 130 70 72 73 75 77 78 81 83 84 86 87 88 89 91 92 94 98 99 105 110 112 113 114 115 120 123 126 128 129 132 133 138 140 143 146 148 149 150 151 153 156 157 158 159 161 163 164 166 168 169 170 173 174 176 177 178 182 184 189 190 192 193 194 195 197 198 202 203 204 206 208 209 212 213 214 217 219 222 225 227 228 229 230 239 242 244 247 248
63 260 64 65 130 70 71 72 73 75 77 78 80 81 83 84 86 87 88 89 91 92 94 98 99 103 104 105 107 110 112 113 114 115 117 120 121 122 123 126 128 129 132 133 137 138 140 143 144 146 148 149 150 151 153 156 157 158 159 161 163 164 166 168 169 170 171 173 174 176 177 178 182 184 186 188 189 190 192 193 194 195 197 198 200 202 203 204 206 208 209 212 213 214 217 219 220 222 225 227 228 229 230 231 237 239 242 243 244 247 248
64 407 65 130 68 70 71 72 73 75 76 77 78 80 81 83 84 86 87 88 89 91 92 94 96 98 99 103 104 105 107 110 112 113 114 115 117 120 121 122 123 126 128 129 132 133 137 138 140 143 144 146 148 149 150 151 153 156 157 158 159 161 163 164 166 168 169 170 171 173 174 176 177 178 182 184 186 188 189 190 192 193 194 195 197 198 200 202 203 204 206 208 209 212 213 214 217 219 220 221 222 223 225 227 228 229 230 231 237 239 242 243 244 247 248
65 272 130 70 72 73 75 77 78 81 83 84 86 87 88 89 91 92 94 98 99 105 110 112 113 114 115 120 123 126 128 129 132 133 138 140 143 149 150 151 153 156 157 158 159 161 163 164 166 168 169 170 173 174 176 177 178 182 184 189 190 192 193 194 195 197 198 202 203 204 206 208 209 212 214 217 219 222 225 227 228 229 230 239 242 244 247 248
66 321
67 367
68 303 72 78 83 84 86 87 88 91 92 99 112 113 123 132 140 143 149 150 156 158 161 163 164 169 170 174 176 189 195 198 202 203 209 214 217 222 230 239 242 248
69 330
70 356 130 72 73 75 78 81 83 84 86 87 88 89 91 92 94 98 99 105 110 112 113 114 120 123 126 128 129 132 133 140 143 149 150 153 156 157 158 161 163 164 166 169 170 174 176 177 178 182 184 189 190 192 194 195 197 198 202 203 204 206 208 209 212 214 217 219 222 225 227 228 229 230 239 242 244 247 248
71 289 130 72 73 75 78 81 83 84 86 87 88 91 92 94 98 99 105 112 113 114 120 123 128 129 132 133 140 143 149 150 156 157 158 161 163 164 169 170 174 176 177 182 184 189 190 192 194 195 197 198 202 203 204 206 208 209 214 217 219 222 225 227 229 230 239 242 244 248
72 355 130 73 75 76 77 78 80 81 83 84 86 87 88 89 91 92 94 96 98 99 103 104 105 107 110 112 113 114 115 117 120 121 122 123 126 128 129 132 133 137 138 140 143 144 146 148 149 150 151 153 156 157 158 159 161 163 164 166 168 169 170 171 173 174 176 177 178 182 184 186 187 188 189 190 192 193 194 195 197 198 200 202 203 204 206 208 209 212 213 214 217 219 220 221 222 223 225 227 228 229 230 231 237 239 241 242 243 244 247 248
73 368 130 75 77 78 80 81 83 84 86 87 88 89 91 92 94 98 99 103 104 105 107 110 112 113 114 115 117 120 122 123 126 128 129 132 133 138 140 143 144 146 148 149 150 151 153 156 157 158 159 161 163 164 166 168 169 170 173 174 176 177 178 182 184 188 189 190 192 193 194 195 197 198 202 203 204 206 208 209 212 213 214 217 219 220 222 225 227 228 229 230 239 242 244 247 248
74 265 86 189 203
75 367 130 77 78 80 81 83 84 86 87 88 89 91 92 94 98 99 103 104 105 107 110 112 113 114 115 117 120 121 122 123 126 128 129 132 133 137 138 140 143 144 146 148 149 150 151 153 156 157 158 159 161 163 164 166 168 169 170 171 173 174 176 177 178 182 184 186 188 189 190 192 193 194 195 197 198 200 202 203 204 206 208 209 212 213 214 217 219 220 222 225 227 228 229 230 231 237 239 242 243 244 247 248
76 492 78 83 84 86 87 88 91 92 99 112 113 123 132 140 143 149 150 156 158 161 163 164 169 170 174 176 189 195 198 202 203 209 214 217 222 230 239 242
77 252 130 78 81 83 84 86 87 88 89 91 92 94 98 99 105 112 113 114 120 123 126 128 129 132 133 140 143 149 150 153 156 157 158 161 163 164 169 170 174 176 177 178 182 184 189 190 192 194 195 197 198 202 203 204 206 208 209 212 214 217 219 222 225 227 228 229 230 239 242 244 247 248
78 256 130 80 81 83 84 86 87 88 89 91 92 94 96 98 99 103 104 105 107 110 112 113 114 115 117 120 121 122 123 126 128 129 132 133 137 138 140 143 144 146 148 149 150 151 153 156 157 158 159 161 163 164 166 168 169 170 171 173 174 176 177 178 182 184 186 187 188 189 190 192 193 194 195 197 198 200 202 203 204 206 208 209 212 213 214 217 219 220 221 222 223 225 227 228 229 230 231 237 239 241 242 243 244 247 248
79 448
80 257 130 81 83 84 86 87 88 91 92 94 98 99 112 113 114 120 123 128 129 132 133 140 143 149 150 156 157 158 161 163 164 169 170 174 176 182 189 190 192 194 195 197 198 202 203 204 206 208 209 214 217 222 230 239 242 244 248
81 295 130 83 84 86 87 88 89 91 92 94 98 99 103 104 105 107 110 112 113 114 115 117 120 121 122 123 126 128 129 132 133 137 138 140 143 144 146 148 149 150 151 153 156 157 158 159 161 163 164 166 168 169 170 173 174 176 177 178 182 184 186 188 189 190 192 193 194 195 197 198 200 202 203 204 206 208 209 212 213 214 217 219 220 222 225 227 228 229 230 239 242 243 244 247 248
82 474
83 254 130 131 84 85 86 87 88 89 91 92 94 95 96 98 99 103 104 105 107 110 112 113 114 115 117 120 121 122 123 126 128 129 132 133 137 138 140 143 144 146 147 148 149 150 151 153 156 157 158 159 161 162 163 164 166 168 169 170 171 173 174 175 176 177 178 180 182 183 184 186 187 188 189 190 191 192 193 194 195 197 198 200 202 203 204 206 208 209 210 212 213 214 217 218 219 220 221 222 223 224 225 227 228 229 230 231 236 237 239 241 242 243 244 247 248 249
84 272 130 86 87 88 89 91 92 94 96 98 99 103 104 105 107 110 112 113 114 115 117 120 121 122 123 126 128 129 132 133 137 138 140 143 144 146 148 149 150 151 153 156 157 158 159 161 163 164 166 168 169 170 171 173 174 176 177 178 182 184 186 188 189 190 192 193 194 195 197 198 200 202 203 204 206 208 209 212 213 214 217 219 220 221 222 223 225 227 228 229 230 231 237 239 242 243 244 247 248
85 412 86 87 88 92 99 112 113 132 149 150 158 161 169 174 176 189 195 198 202 203 209 214 217 222 239 242
86 286 130 131 87 88 89 91 92 94 95 96 97 98 99 103 104 105 107 108 110 111 112 113 114 115 116 117 119 120 121 122 123 124 126 127 128 129 132 133 134 137 138 139 140 141 143 144 146 147 148 149 150 151 153 156 157 158 159 161 162 163 164 166 168 169 170 171 173 174 175 176 177 178 180 182 183 184 186 187 188 189 190 191 192 193 194 195 197 198 200 202 203 204 205 206 207 208 209 210 211 212 213 214 215 217 218 219 220 221 222 223 224 225 226 227 228 229 230 231 232 236 237 239 241 242 243 244 247 248 249
87 302 130 131 88 89 91 92 94 95 96 98 99 103 104 105 107 110 112 113 114 115 117 119 120 121 122 123 126 128 129 132 133 137 138 140 141 143 144 146 147 148 149 150 151 153 156 157 158 159 161 162 163 164 166 168 169 170 171 173 174 175 176 177 178 180 182 183 184 186 187 188 189 190 191 192 193 194 195 197 198 200 202 203 204 205 206 208 209 210 212 213 214 217 218 219 220 221 222 223 224 225 227 228 229 230 231 236 237 239 241 242 243 244 247 248 249
88 458 130 131 89 91 92 94 95 96 98 99 103 104 105 107 110 112 113 114 115 117 119 120 121 122 123 126 128 129 132 133 137 138 140 141 143 144 146 147 148 149 150 151 153 156 157 158 159 161 162 163 164 166 168 169 170 171 173 174 175 176 177 178 180 182 183 184 186 187 188 189 190 191 192 193 194 195 197 198 200 202 203 204 205 206 208 209 210 212 213 214 217 218 219 220 221 222 223 224 225 227 228 229 230 231 236 237 239 241 242 243 244 247 248 249
89 270 130 91 92 94 98 99 105 110 112 113 114 115 120 123 126 128 129 132 133 138 140 143 148 149 150 151 153 156 157 158 159 161 163 164 166 168 169 170 173 174 176 177 178 182 184 189 190 192 193 194 195 197 198 202 203 204 206 208 209 212 213 214 217 219 222 225 227 228 229 230 239 242 244 247 248
90 272
91 476 130 131 92 94 96 98 99 103 104 105 107 110 112 113 114 115 117 120 121 122 123 126 128 129 132 133 137 138 140 143 144 146 148 149 150 151 153 156 157 158 159 161 163 164 166 168 169 170 171 173 174 175 176 177 178 180 182 183 184 186 187 188 189 190 192 193 194 195 197 198 200 202 203 204 206 208 209 210 212 213 214 217 219 220 221 222 223 225 227 228 229 230 231 237 239 241 242 243 244 247 248
92 254 130 131 94 95 96 98 99 103 104 105 107 108 110 111 112 113 114 115 116 117 119 120 121 122 123 124 126 128 129 132 133 134 137 138 139 140 141 143 144 146 147 148 149 150 151 153 156 157 158 159 161 162 163 164 166 168 169 170 171 173 174 175 176 177 178 180 182 183 184 186 187 188 189 190 191 192 193 194 195 197 198 200 202 203 204 205 206 207 208 209 210 212 213 214 217 218 219 220 221 222 223 224 225 227 228 229 230 231 232 236 237 239 241 242 243 244 247 248 249
93 270
94 488 130 98 99 103 104 105 107 110 112 113 114 115 117 120 121 122 123 126 128 129 132 133 137 138 140 143 144 146 148 149 150 151 153 156 157 158 159 161 163 164 166 168 169 170 171 173 174 176 177 178 182 184 186 188 189 190 192 193 194 195 197 198 200 202 203 204 206 208 209 212 213 214 217 219 220 222 225 227 228 229 230 231 237 239 242 243 244 247 248
95 255 99 112 113 132 149 150 158 161 169 174 176 189 195 198 202 203 209 214 217 222 239 242
96 257 99 112 113 123 132 140 143 149 150 156 158 161 163 164 169 170 174 176 189 195 198 202 203 209 214 217 222 230 239 242
97 489 189 203
98 254 130 99 103 104 105 107 110 112 113 114 115 117 120 122 123 126 128 129 132 133 137 138 140 143 144 146 148 149 150 151 153 156 157 158 159 161 163 164 166 168 169 170 173 174 176 177 178 182 184 188 189 190 192 193 194 195 197 198 202 203 204 206 208 209 212 213 214 217 219 220 222 225 227 228 229 230 239 242 244 247 248
99 257 130 131 103 104 105 107 110 112 113 114 115 117 120 121 122 123 126 128 129 132 133 137 138 140 143 144 146 147 148 149 150 151 153 156 157 158 159 161 162 163 164 166 168 169 170 171 173 174 175 176 177 178 180 182 183 184 186 187 188 189 190 191 192 193 194 195 197 198 200 202 203 204 206 208 209 210 212 213 214 217 218 219 220 221 222 223 224 225 227 228 229 230 231 236 237 239 241 242 243 244 247 248 249
100 381
101 272
102 347
103 430 130 105 112 113 114 120 123 128 129 132 133 140 143 149 150 156 157 158 161 163 164 169 170 174 176 182 184 189 190 192 194 195 197 198 202 203 204 206 208 209 214 217 219 222 225 227 229 230 239 242 244 248
104 259 130 112 113 114 120 123 128 129 132 133 140 143 149 150 156 157 158 161 163 164 169 170 174 176 182 189 190 192 194 195 197 198 202 203 204 206 208 209 214 217 219 222 225 227 230 239 242 244 248
105 311 130 110 112 113 114 115 117 120 122 123 126 128 129 132 133 138 140 143 146 148 149 150 151 153 156 157 158 159 161 163 164 166 168 169 170 173 174 176 177 178 182 184 189 190 192 193 194 195 197 198 202 203 204 206 208 209 212 213 214 217 219 220 222 225 227 228 229 230 239 242 244 247 248
106 373
107 298 130 112 113 114 120 123 128 129 132 133 140 143 149 150 156 157 158 161 163 164 169 170 174 176 182 189 190 192 194 195 197 198 202 203 204 206 208 209 214 217 219 222 225 227 230 239 242 244 248
108 329 176 189 198 203 214
109 472
110 255 130 112 113 114 120 123 126 128 129 132 133 140 143 149 150 153 156 157 158 161 163 164 166 169 170 174 176 177 178 182 184 189 190 192 194 195 197 198 202 203 204 206 208 209 212 214 217 219 222 225 227 228 229 230 239 242 244 247 248
111 273 113 169 176 189 198 202 203 214 242
112 463 130 131 113 114 115 117 119 120 121 122 123 126 128 129 132 133 137 138 140 141 143 144 146 147 148 149 150 151 153 156 157 158 159 161 162 163 164 166 168 169 170 171 173 174 175 176 177 178 180 182 183 184 186 187 188 189 190 191 192 193 194 195 197 198 200 202 203 204 205 206 208 209 210 212 213 214 217 218 219 220 221 222 223 224 225 227 228 229 230 231 236 237 239 241 242 243 244 247 248 249
113 259 130 131 114 115 116 117 119 120 121 122 123 124 126 128 129 132 133 134 137 138 139 140 141 143 144 146 147 148 149 150 151 153 156 157 158 159 161 162 163 164 166 168 169 170 171 173 174 175 176 177 178 180 182 183 184 186 187 188 189 190 191 192 193 194 195 197 198 200 202 203 204 205 206 207 208 209 210 212 213 214 217 218 219 220 221 222 223 224 225 227 228 229 230 231 232 236 237 239 241 242 243 244 247 248 249
114 278 130 115 117 120 121 122 123 126 128 129 132 133 137 138 140 143 144 146 148 149 150 151 153 156 157 158 159 161 163 164 166 168 169 170 171 173 174 176 177 178 182 184 186 188 189 190 192 193 194 195 197 198 200 202 203 204 206 208 209 212 213 214 217 219 220 222 225 227 228 229 230 237 239 242 243 244 247 248
115 425 130 120 123 128 129 132 133 140 143 149 150 153 156 157 158 161 163 164 169 170 174 176 177 178 182 184 189 190 192 194 195 197 198 202 203 204 206 208 209 212 214 217 219 222 225 227 228 229 230 239 242 244 247 248
116 270 169 176 189 198 202 203 214 242
117 305 130 120 123 128 129 132 133 140 143 149 150 156 157 158 161 163 164 169 170 174 176 177 182 184 189 190 192 194 195 197 198 202 203 204 206 208 209 212 214 217 219 222 225 227 228 229 230 239 242 244 248
118 482
119 253 149 150 158 161 169 174 176 189 195 198 202 203 214 217 222 239 242
120 265 130 122 123 126 128 129 132 133 138 140 143 144 146 148 149 150 151 153 156 157 158 159 161 163 164 166 168 169 170 173 174 176 177 178 182 184 188 189 190 192 193 194 195 197 198 202 203 204 206 208 209 212 213 214 217 219 220 222 225 227 228 229 230 239 242 244 247 248
121 420 130 123 128 129 132 133 140 143 149 150 156 157 158 161 163 164 169 170 174 176 182 189 190 192 195 198 202 203 206 208 209 214 217 222 230 239 242 248
122 263 130 123 128 129 132 133 140 143 149 150 156 157 158 161 163 164 169 170 174 176 177 182 184 189 190 192 194 195 197 198 202 203 204 206 208 209 214 217 219 222 225 227 229 230 239 242 244 248
123 317 130 131 126 128 129 132 133 137 138 140 143 144 146 148 149 150 151 153 156 157 158 159 161 163 164 166 168 169 170 171 173 174 175 176 177 178 180 182 183 184 186 187 188 189 190 192 193 194 195 197 198 200 202 203 204 206 208 209 212 213 214 217 219 220 221 222 223 225 227 228 229 230 231 237 239 241 242 243 244 247 248
124 477 169 176 189 198 202 203 214 242
125 253
126 270 130 128 129 132 133 140 143 149 150 153 156 157 158 161 163 164 166 169 170 174 176 177 178 182 184 189 190 192 194 195 197 198 202 203 204 206 208 209 212 214 217 219 222 225 227 228 229 230 239 242 244 247 248
127 431 189 198 203
128 256 130 129 132 133 137 138 140 143 144 146 148 149 150 151 153 156 157 158 159 161 163 164 166 168 169 170 171 173 174 176 177 178 182 184 186 188 189 190 192 193 194 195 197 198 200 202 203 204 206 208 209 212 213 214 217 219 220 221 222 225 227 228 229 230 231 237 239 242 243 244 247 248
129 313 130 132 133 137 138 140 143 144 146 148 149 150 151 153 156 157 158 159 161 163 164 166 168 169 170 171 173 174 176 177 178 182 184 186 188 189 190 192 193 194 195 197 198 200 202 203 204 206 208 209 212 213 214 217 219 220 222 225 227 228 229 230 231 237 239 242 243 244 247 248
130 385 132 133 137 138 140 143 144 146 148 149 150 151 153 156 157 158 159 161 163 164 166 168 169 170 173 174 176 177 178 182 184 186 188 189 190 192 193 194 195 197 198 200 202 203 204 206 208 209 212 213 214 217 219 220 222 225 227 228 229 230 239 242 243 244 247 248
131 253 132 140 143 149 150 158 161 169 174 176 189 195 198 202 203 209 214 217 222 230 239 242
132 362 133 137 138 140 143 144 146 147 148 149 150 151 153 156 157 158 159 161 162 163 164 166 168 169 170 171 173 174 175 176 177 178 180 182 183 184 186 187 188 189 190 191 192 193 194 195 197 198 200 202 203 204 206 208 209 210 212 213 214 217 218 219 220 221 222 223 224 225 227 228 229 230 231 236 237 239 241 242 243 244 247 248 249
133 442 137 138 140 143 144 146 148 149 150 151 153 156 157 158 159 161 163 164 166 168 169 170 171 173 174 176 177 178 182 184 186 188 189 190 192 193 194 195 197 198 200 202 203 204 206 208 209 212 213 214 217 219 220 222 225 227 228 229 230 231 237 239 242 243 244 247 248
134 278 161 169 176 189 198 202 203 214 222 239 242
135 280
136 363
137 313 140 143 149 150 156 157 158 161 163 164 169 170 174 176 182 189 190 192 195 197 198 202 203 204 206 208 209 214 217 222 230 239 242 248
138 324 140 143 149 150 153 156 157 158 161 163 164 169 170 174 176 177 178 182 184 189 190 192 194 195 197 198 202 203 204 206 208 209 212 214 217 219 222 225 227 228 229 230 239 242 244 247 248
139 391 169 176 189 198 202 203 214 242
140 269 143 144 146 148 149 150 151 153 156 157 158 159 161 163 164 166 168 169 170 171 173 174 175 176 177 178 180 182 183 184 186 187 188 189 190 192 193 194 195 197 198 200 202 203 204 206 208 209 210 212 213 214 217 219 220 221 222 223 225 227 228 229 230 231 237 239 241 242 243 244 247 248
141 340 149 150 158 161 169 174 176 189 195 198 202 203 209 214 217 222 239 242
142 435
143 260 144 146 148 149 150 151 153 156 157 158 159 161 163 164 166 168 169 170 171 173 174 175 176 177 178 180 182 183 184 186 187 188 189 190 192 193 194 195 197 198 200 202 203 204 206 208 209 212 213 214 217 219 220 221 222 223 225 227 228 229 230 231 237 239 241 242 243 244 247 248
144 305 149 150 156 157 158 161 163 164 169 170 174 176 182 189 190 192 194 195 197 198 202 203 204 206 208 209 214 217 222 230 239 242 244 248
145 395
146 264 149 150 156 157 158 161 163 164 169 170 174 176 177 182 184 189 190 192 194 195 197 198 202 203 204 206 208 209 212 214 217 219 222 225 227 228 229 230 239 242 244 248
147 341 149 150 158 161 169 174 176 189 195 198 202 203 209 214 217 222 239 242
148 385 149 150 156 157 158 161 163 164 169 170 174 176 177 178 182 184 189 190 192 194 195 197 198 202 203 204 206 208 209 212 214 217 219 222 225 227 228 229 230 239 242 244 248
149 288 150 151 153 156 157 158 159 161 162 163 164 166 168 169 170 171 173 174 175 176 177 178 180 182 183 184 186 187 188 189 190 191 192 193 194 195 197 198 200 202 203 204 205 206 208 209 210 212 213 214 217 218 219 220 221 222 223 224 225 227 228 229 230 231 236 237 239 241 242 243 244 247 248 249
150 327 151 153 156 157 158 159 161 162 163 164 166 168 169 170 171 173 174 175 176 177 178 180 182 183 184 186 187 188 189 190 191 192 193 194 195 197 198 200 202 203 204 205 206 208 209 210 212 213 214 217 218 219 220 221 222 223 224 225 227 228 229 230 231 236 237 239 241 242 243 244 247 248 249
151 443 153 156 157 158 161 163 164 169 170 174 176 177 178 182 184 189 190 192 194 195 197 198 202 203 204 206 208 209 212 214 217 219 222 225 227 228 229 230 239 242 244 247 248
152 258
153 299 156 157 158 159 161 163 164 166 168 169 170 173 174 176 177 178 182 184 189 190 192 193 194 195 197 198 202 203 204 206 208 209 212 214 217 219 222 225 227 228 229 230 239 242 244 247 248
154 451
155 270
156 279 157 158 159 161 163 164 166 168 169 170 171 173 174 176 177 178 182 184 186 187 188 189 190 192 193 194 195 197 198 200 202 203 204 206 208 209 212 213 214 217 219 220 221 222 223 225 227 228 229 230 231 237 239 241 242 243 244 247 248
157 486 158 159 161 163 164 166 168 169 170 171 173 174 176 177 178 182 184 186 188 189 190 192 193 194 195 197 198 200 202 203 204 206 208 209 212 213 214 217 219 220 221 222 225 227 228 229 230 231 237 239 242 243 244 247 248
158 250 159 161 162 163 164 166 168 169 170 171 173 174 175 176 177 178 180 182 183 184 186 187 188 189 190 191 192 193 194 195 197 198 200 202 203 204 205 206 208 209 210 212 213 214 217 218 219 220 221 222 223 224 225 227 228 229 230 231 236 237 239 241 242 243 244 247 248 249
159 264 161 163 164 169 170 174 176 177 178 182 184 189 190 192 194 195 197 198 202 203 204 206 208 209 212 214 217 219 222 225 227 228 229 230 239 242 244 247 248
160 424
161 281 162 163 164 166 168 169 170 171 173 174 175 176 177 178 180 182 183 184 186 187 188 189 190 191 192 193 194 195 197 198 200 202 203 204 205 206 208 209 210 212 213 214 217 218 219 220 221 222 223 224 225 227 228 229 230 231 232 236 237 239 241 242 243 244 247 248 249
162 295 169 174 176 189 195 198 202 203 209 214 217 222 239 242
163 371 164 166 168 169 170 171 173 174 176 177 178 182 184 186 187 188 189 190 192 193 194 195 197 198 200 202 203 204 206 208 209 212 213 214 217 219 220 221 222 223 225 227 228 229 230 231 237 239 241 242 243 244 247 248
164 282 166 168 169 170 171 173 174 176 177 178 182 184 186 187 188 189 190 192 193 194 195 197 198 200 202 203 204 206 208 209 212 213 214 217 219 220 221 222 223 225 227 228 229 230 231 237 239 242 243 244 247 248
165 347
166 424 169 170 174 176 177 178 182 184 189 190 192 194 195 197 198 202 203 204 206 208 209 212 214 217 219 222 225 227 228 229 230 239 242 244 247 248
167 273
168 303 169 170 174 176 177 178 182 184 189 190 192 194 195 197 198 202 203 204 206 208 209 212 214 217 219 222 225 227 228 229 230 239 242 244 247 248
169 364 170 171 173 174 175 176 177 178 180 182 183 184 186 187 188 189 190 191 192 193 194 195 197 198 200 202 203 204 205 206 207 208 209 210 212 213 214 217 218 219 220 221 222 223 224 225 227 228 229 230 231 232 236 237 239 241 242 243 244 247 248 249
170 258 171 173 174 176 177 178 182 184 186 187 188 189 190 192 193 194 195 197 198 200 202 203 204 206 208 209 212 213 214 217 219 220 221 222 223 225 227 228 229 230 231 237 239 241 242 243 244 247 248
171 378 174 176 182 189 190 192 195 198 202 203 206 208 209 214 217 222 230 239 242 248
172 400
173 252 174 176 177 178 182 184 189 190 192 194 195 197 198 202 203 204 206 208 209 212 214 217 219 222 225 227 228 229 230 239 242 244 247 248
174 348 175 176 177 178 180 182 183 184 186 187 188 189 190 191 192 193 194 195 197 198 200 202 203 204 205 206 208 209 210 212 213 214 217 218 219 220 221 222 223 224 225 227 228 229 230 231 236 237 239 241 242 243 244 247 248 249
175 427 176 189 195 198 202 203 209 214 217 222 230 239 242
176 275 177 178 180 182 183 184 186 187 188 189 190 191 192 193 194 195 197 198 200 202 203 204 205 206 207 208 209 210 212 213 214 217 218 219 220 221 222 223 224 225 227 228 229 230 231 232 236 237 239 241 242 243 244 247 248 249
177 298 178 182 184 189 190 192 193 194 195 197 198 202 203 204 206 208 209 212 213 214 217 219 222 225 227 228 229 230 239 242 244 247 248
178 398 182 184 189 190 192 193 194 195 197 198 202 203 204 206 208 209 212 213 214 217 219 222 225 227 228 229 230 239 242 244 247 248
179 263
180 339 189 195 198 202 203 209 214 217 222 230 239 242
181 458
182 266 184 186 188 189 190 192 193 194 195 197 198 200 202 203 204 206 208 209 212 213 214 217 219 220 222 225 227 228 229 230 231 237 239 242 243 244 247 248
183 276 189 195 198 202 203 209 214 217 222 230 239 242
184 414 189 190 192 193 194 195 197 198 202 203 204 206 208 209 212 213 214 217 219 220 222 225 227 228 229 230 239 242 244 247 248
185 282
186 304 189 190 192 195 197 198 202 203 204 206 208 209 214 217 222 230 239 242 248
187 392 189 195 198 202 203 209 214 217 222 230 239 242
188 275 189 190 192 194 195 197 198 202 203 204 206 208 209 214 217 219 222 225 227 230 239 242 244 248
189 333 190 191 192 193 194 195 197 198 200 202 203 204 205 206 207 208 209 210 211 212 213 214 215 217 218 219 220 221 222 223 224 225 226 227 228 229 230 231 232 236 237 239 241 242 243 244 247 248 249
190 461 192 193 194 195 197 198 200 202 203 204 206 208 209 212 213 214 217 219 220 222 225 227 228 229 230 231 237 239 242 243 244 247 248
191 257 195 198 202 203 209 214 217 222 239 242
192 282 193 194 195 197 198 200 202 203 204 206 208 209 212 213 214 217 219 220 222 225 227 228 229 230 231 237 239 242 243 244 247 248
193 393 194 195 197 198 202 203 204 206 208 209 212 214 217 219 222 225 227 228 229 230 239 242 244 247 248
194 282 195 197 198 202 203 204 206 208 209 212 213 214 217 219 220 222 225 227 228 229 230 239 242 244 247 248
195 325 197 198 200 202 203 204 205 206 208 209 210 212 213 214 217 218 219 220 221 222 223 224 225 227 228 229 230 231 236 237 239 241 242 243 244 247 248 249
196 441
197 269 198 202 203 204 206 208 209 212 213 214 217 219 220 222 225 227 228 229 230 239 242 244 247 248
198 290 200 202 203 204 205 206 207 208 209 210 212 213 214 215 217 218 219 220 221 222 223 224 225 226 227 228 229 230 231 232 236 237 239 241 242 243 244 247 248 249
199 405
200 259 202 203 206 208 209 214 217 222 230 239 242 248
201 336
202 396 203 204 205 206 207 208 209 210 212 213 214 217 218 219 220 221 222 223 224 225 227 228 229 230 231 232 236 237 239 241 242 243 244 247 248 249
203 295 204 205 206 207 208 209 210 211 212 213 214 215 217 218 219 220 221 222 223 224 225 226 227 228 229 230 231 232 236 237 239 241 242 243 244 246 247 248 249
204 309 206 208 209 212 213 214 217 219 220 222 225 227 228 229 230 239 242 244 247 248
205 487 214 217 222 239 242
206 255 208 209 212 213 214 217 219 220 222 225 227 228 229 230 231 237 239 242 243 244 247 248
207 258 214 242
208 373 209 212 213 214 217 219 220 222 225 227 228 229 230 231 237 239 242 243 244 247 248
209 265 210 212 213 214 217 218 219 220 221 222 223 224 225 227 228 229 230 231 236 237 239 241 242 243 244 247 248 249
210 362 214 217 222 230 239 242
211 459
212 256 213 214 217 219 222 225 227 228 229 230 239 242 244 247 248
213 285 214 217 219 222 225 227 228 229 230 239 242 244 247 248
214 438 217 218 219 220 221 222 223 224 225 227 228 229 230 231 232 236 237 239 241 242 243 244 247 248 249
215 277
216 285
217 405 218 219 220 221 222 223 224 225 227 228 229 230 231 236 237 239 241 242 243 244 247 248 249
218 272 222 239 242
219 323 220 222 225 227 228 229 230 239 242 244 247 248
220 473 222 225 227 229 230 239 242 244 248
221 250 222 230 239 242 248
222 277 223 224 225 227 228 229 230 231 236 237 239 241 242 243 244 247 248 249
223 451 230 239 242
224 263 239 242
225 286 227 228 229 230 239 242 244 247 248
226 391
227 272 228 229 230 239 242 244 247 248
228 337 229 230 239 242 244 247 248
229 444 230 239 242 244 247 248
230 264 231 237 239 241 242 243 244 247 248
231 292 239 242 248
232 396 239 242
233 283
234 321
235 354
236 285 239 242
237 361 239 242 248
238 393
239 289 241 242 243 244 247 248 249
240 318
241 493 242
242 250 243 244 247 248 249
243 257 248
244 369 247 248
245 296
246 335
247 359 248
248 284
249 357
