60 1000
1 485 2 3 5 9 10 11 12 13 14 15 17 20 21 22 24 25 26 29 33 34 38 39 40 44 45 46 48 49 50 51 52 54 55 56 58 59 60
2 256 3 5 10 11 12 14 17 20 21 24 33 34 48 50 54
3 259 5 9 10 11 12 13 14 15 17 20 21 22 24 25 26 29 33 34 38 40 44 45 46 48 49 50 51 52 54 55 56 58 59 60
4 491
5 251 9 10 11 12 13 14 15 17 20 21 22 24 25 26 29 33 34 38 40 44 45 46 48 49 50 51 52 54 56 58 60
6 258 10 33 34
7 353
8 312
9 335 10 11 12 14 17 20 21 22 24 29 33 34 45 46 48 49 50 52 54 60
10 498 11 12 13 14 15 17 20 21 22 24 25 26 29 33 34 36 37 38 39 40 44 45 46 47 48 49 50 51 52 54 55 56 58 59 60
11 250 12 13 14 15 17 20 21 22 24 25 26 29 33 34 36 38 39 40 44 45 46 47 48 49 50 51 52 54 55 56 58 59 60
12 252 13 14 15 17 20 21 22 24 25 26 29 33 34 36 37 38 39 40 44 45 46 47 48 49 50 51 52 54 55 56 58 59 60
13 361 14 17 20 21 24 33 34 48 50 54
14 293 15 17 20 21 22 24 25 26 29 33 34 38 40 44 45 46 48 49 50 51 52 54 56 58 60
15 346 17 20 21 22 24 29 33 34 45 46 48 49 50 52 54 60
16 378 33 34
17 252 20 21 22 24 25 26 29 33 34 38 40 44 45 46 48 49 50 51 52 54 55 56 58 59 60
18 370 34
19 451
20 256 21 22 24 25 26 29 33 34 38 39 40 44 45 46 47 48 49 50 51 52 54 55 56 58 59 60
21 293 22 24 25 26 29 33 34 38 40 44 45 46 48 49 50 51 52 54 55 56 58 59 60
22 439 24 26 29 33 34 38 40 44 45 46 48 49 50 51 52 54 56 58 60
23 269 34
24 292 25 26 29 33 34 38 40 44 45 46 48 49 50 51 52 54 55 56 58 60
25 453 33 34 48 49 50 54 60
26 263 33 34 45 48 49 50 54 60
27 284
28 398
29 259 33 34 38 40 44 45 46 48 49 50 51 52 54 58 60
30 343
31 391
32 255
33 354 34 36 37 38 39 40 44 45 46 47 48 49 50 51 52 54 55 56 58 59 60
34 462 36 37 38 39 40 44 45 46 47 48 49 50 51 52 54 55 56 58 59 60
35 252
36 286 54
37 363 54
38 254 40 44 45 46 48 49 50 52 54 60
39 383 54
40 381 44 45 46 48 49 50 52 54 60
41 278
42 341
43 454
44 251 45 46 48 49 50 52 54 60
45 295 46 48 49 50 51 52 54 56 58 60
46 356 48 49 50 51 52 54 58 60
47 283 54
48 361 49 50 51 52 54 55 56 58 60
49 453 50 51 52 54 56 58 60
50 272 51 52 54 55 56 58 59 60
51 275 52 54 60
52 357 54 58 60
53 275
54 368 55 56 58 59 60
55 468
56 250 60
57 282
58 352 60
59 280
60 368
