249 1000
1 444 3 4 9 21 23 25 28 29 32 33 35 40 41 43 44 45 46 47 50 52 55 61 64 130 67 70 71 73 77 80 82 86 89 94 95 97 103 109 111 116 118 121 122 123 126 127 128 132 136 139 141 142 143 148 149 151 156 157 158 162 163 165 167 168 169 170 171 172 179 183 187 188 189 190 192 195 200 202 204 205 210 212 214 220 221 235 236 240 246 248
2 264
3 292 9 25 29 33 44 50 61 130 70 82 86 89 94 109 111 121 123 128 139 141 143 149 156 162 165 167 169 170 171 183 200 204 214 236 246
4 397 9 25 29 32 33 44 46 50 61 64 130 70 82 86 89 94 97 109 111 121 122 123 128 132 139 141 143 149 151 156 157 162 165 167 169 170 171 183 188 189 200 204 205 214 236 246
5 294
6 309
7 363
8 303
9 334 21 23 25 28 29 32 33 35 40 41 43 44 45 46 47 50 52 55 61 64 130 67 69 70 71 72 73 74 77 80 82 86 89 94 95 97 103 109 111 116 118 121 122 123 126 127 128 132 136 137 139 141 142 143 148 149 151 156 157 158 162 163 165 167 168 169 170 171 172 179 183 187 188 189 190 192 193 195 200 202 204 205 206 210 211 212 214 217 220 221 225 235 236 240 241 246 247 248
10 414
11 278
12 308 29 121 128 139 165 183 204 236
13 387
14 289
15 324
16 454
17 270
18 276
19 491
20 253
21 256 25 28 29 32 33 44 46 50 61 64 130 70 82 86 89 94 97 109 111 118 121 122 123 128 132 139 141 143 148 149 151 156 157 158 162 163 165 167 168 169 170 171 172 183 187 188 189 200 204 205 214 221 236 240 246
22 420
23 276 25 29 33 44 50 82 86 89 94 109 111 121 123 128 139 141 143 149 156 165 167 169 170 171 183 204 214 236 246
24 304
25 495 28 29 32 33 35 40 41 44 45 46 47 50 55 61 64 130 67 70 71 73 77 80 82 86 89 94 95 97 103 109 111 116 118 121 122 123 126 127 128 132 136 139 141 142 143 148 149 151 156 157 158 162 163 165 167 168 169 170 171 172 179 183 187 188 189 192 195 200 202 204 205 210 212 214 220 221 235 236 240 246
26 251
27 254 29 121 128 139 165 183 204 236
28 442 29 32 33 44 46 50 61 64 130 70 82 86 89 94 97 109 111 118 121 122 123 128 132 139 141 143 148 149 151 156 157 158 162 163 165 167 168 169 170 171 172 183 187 188 189 200 204 205 214 221 236 240 246
29 276 32 33 35 40 41 43 44 45 46 47 50 52 55 57 61 64 130 67 69 70 71 72 73 74 77 78 80 82 86 89 94 95 97 103 109 111 116 118 121 122 123 126 127 128 132 136 137 139 141 142 143 148 149 150 151 156 157 158 162 163 165 167 168 169 170 171 172 175 179 183 187 188 189 190 192 193 195 200 202 204 205 206 210 211 212 214 217 220 221 225 230 235 236 240 241 246 247 248
30 282
31 374
32 260 33 44 46 47 50 55 61 64 130 70 82 86 89 94 97 109 111 118 121 122 123 128 132 136 139 141 143 148 149 151 156 157 158 162 163 165 167 168 169 170 171 172 183 187 188 189 200 204 205 214 221 236 240 246
33 366 35 40 41 43 44 45 46 47 50 52 55 61 64 130 67 70 71 73 77 80 82 86 89 94 95 97 103 109 111 116 118 121 122 123 126 127 128 132 136 139 141 142 143 148 149 151 156 157 158 162 163 165 167 168 169 170 171 172 179 183 187 188 189 190 192 195 200 202 204 205 210 212 214 220 221 235 236 240 246 248
34 489
35 250 44 50 61 130 70 82 86 89 94 109 111 121 122 123 128 139 141 143 149 156 162 165 167 169 170 171 183 200 204 214 236 246
36 261
37 494
38 251
39 255 236
40 484 44 50 61 64 130 70 82 86 89 94 97 109 111 121 122 123 128 139 141 143 149 156 162 165 167 169 170 171 183 189 200 204 214 236 246
41 251 44 50 130 82 86 89 94 109 111 121 123 128 139 141 143 149 156 162 165 167 169 170 171 183 200 204 214 236 246
42 265
43 466 44 50 82 86 89 94 109 111 121 123 128 139 141 143 149 156 165 167 169 170 171 183 204 214 236 246
44 251 45 46 47 50 52 55 61 64 130 67 70 71 73 77 80 82 86 89 94 95 97 103 109 111 116 118 121 122 123 126 127 128 132 136 137 139 141 142 143 148 149 151 156 157 158 162 163 165 167 168 169 170 171 172 179 183 187 188 189 190 192 193 195 200 202 204 205 206 210 212 214 217 220 221 225 235 236 240 241 246 248
45 283 50 61 64 130 70 82 86 89 94 97 109 111 121 122 123 128 139 141 143 149 156 157 162 165 167 169 170 171 183 189 200 204 214 236 246
46 499 47 50 55 61 64 130 70 82 86 89 94 97 109 111 118 121 122 123 128 132 136 139 141 143 148 149 151 156 157 158 162 163 165 167 168 169 170 171 172 183 187 188 189 200 204 205 214 221 236 240 246
47 250 50 61 64 130 70 82 86 89 94 97 109 111 121 122 123 128 139 141 143 149 156 157 162 165 167 169 170 171 183 188 189 200 204 205 214 236 246
48 251
49 418
50 270 52 55 57 61 64 130 67 69 70 71 72 73 74 77 80 82 86 89 94 95 97 103 109 111 116 118 121 122 123 126 127 128 132 136 137 139 141 142 143 148 149 151 156 157 158 162 163 165 167 168 169 170 171 172 179 183 187 188 189 190 192 193 195 200 202 204 205 206 210 211 212 214 217 220 221 225 235 236 240 241 246 247 248
51 312
52 419 82 86 89 94 111 121 128 139 141 143 149 165 167 169 170 183 204 214 236 246
53 270
54 311
55 380 61 64 130 70 82 86 89 94 97 109 111 121 122 123 128 132 139 141 143 149 151 156 157 162 165 167 169 170 171 183 188 189 200 204 205 214 236 246
56 281
57 339 111 121 128 139 165 183 204 236
58 482
59 251
60 267
61 489 64 130 70 71 77 80 82 86 89 94 97 109 111 116 118 121 122 123 128 132 136 139 141 143 148 149 151 156 157 158 162 163 165 167 168 169 170 171 172 183 187 188 189 192 195 200 204 205 212 214 221 236 240 246
62 251
63 260
64 407 130 70 77 82 86 89 94 97 109 111 116 118 121 122 123 128 132 136 139 141 143 148 149 151 156 157 158 162 163 165 167 168 169 170 171 172 183 187 188 189 192 200 204 205 214 221 236 240 246
65 272
66 321
67 367 130 82 86 89 94 109 111 121 123 128 139 141 143 149 156 162 165 167 169 170 171 183 200 204 214 236 246
68 303
69 330 82 86 111 121 128 139 165 169 170 183 204 236
70 356 130 71 77 80 82 86 89 94 97 109 111 116 118 121 122 123 128 132 136 139 141 143 148 149 151 156 157 158 162 163 165 167 168 169 170 171 172 183 187 188 189 192 195 200 204 205 212 214 221 236 240 246
71 289 130 82 86 89 94 109 111 121 123 128 139 141 143 149 156 162 165 167 169 170 171 183 200 204 214 236 246
72 355 82 86 111 121 128 139 165 169 170 183 204 236
73 368 130 82 86 89 94 109 111 121 123 128 139 141 143 149 156 162 165 167 169 170 171 183 200 204 214 236 246
74 265 82 86 111 121 128 139 165 169 170 183 204 236
75 367
76 492
77 252 130 82 86 89 94 97 109 111 121 122 123 128 139 141 143 149 156 162 165 167 169 170 171 183 189 200 204 214 236 246
78 256 121 128 139 165 183 204 236
79 448
80 257 130 82 86 89 94 109 111 121 122 123 128 139 141 143 149 156 162 165 167 169 170 171 183 200 204 214 236 246
81 295
82 474 130 86 89 94 95 97 103 109 111 116 118 121 122 123 126 127 128 132 136 137 139 141 142 143 148 149 151 156 157 158 162 163 165 167 168 169 170 171 172 179 183 187 188 189 190 192 193 195 200 202 204 205 206 210 212 214 217 220 221 225 235 236 240 241 246 248
83 254
84 272
85 412
86 286 130 89 94 95 97 103 109 111 116 118 121 122 123 126 127 128 132 136 137 139 141 142 143 148 149 151 156 157 158 162 163 165 167 168 169 170 171 172 179 183 187 188 189 190 192 193 195 200 202 204 205 206 210 212 214 217 220 221 225 235 236 240 241 246 248
87 302
88 458
89 270 130 94 95 97 103 109 111 116 118 121 122 123 126 127 128 132 136 139 141 142 143 148 149 151 156 157 158 162 163 165 167 168 169 170 171 172 179 183 187 188 189 190 192 195 200 202 204 205 210 212 214 220 221 235 236 240 246 248
90 272
91 476
92 254
93 270
94 488 130 95 97 103 109 111 116 118 121 122 123 126 127 128 132 136 139 141 142 143 148 149 151 156 157 158 162 163 165 167 168 169 170 171 172 179 183 187 188 189 190 192 195 200 202 204 205 210 212 214 220 221 225 235 236 240 241 246 248
95 255 130 109 111 121 123 128 139 141 143 149 156 165 167 169 170 171 183 204 214 236 246
96 257
97 489 130 109 111 116 118 121 122 123 128 132 136 139 141 143 148 149 151 156 157 158 162 163 165 167 168 169 170 171 172 183 187 188 189 192 200 204 205 214 221 236 240 246
98 254
99 257
100 381
101 272
102 347
103 430 130 109 111 121 123 128 139 141 143 149 156 165 167 169 170 171 183 204 214 236 246
104 259
105 311
106 373
107 298
108 329
109 472 130 111 116 118 121 122 123 126 127 128 132 136 139 141 142 143 148 149 151 156 157 158 162 163 165 167 168 169 170 171 172 179 183 187 188 189 190 192 195 200 202 204 205 210 212 214 220 221 235 236 240 246 248
110 255
111 273 130 116 118 121 122 123 126 127 128 132 136 137 139 141 142 143 148 149 151 156 157 158 162 163 165 167 168 169 170 171 172 179 183 187 188 189 190 192 193 195 200 202 204 205 206 210 211 212 214 217 220 221 225 235 236 240 241 246 247 248
112 463
113 259
114 278
115 425
116 270 130 121 122 123 128 139 141 143 149 156 157 162 165 167 169 170 171 183 189 200 204 214 236 246
117 305
118 482 130 121 122 123 128 132 139 141 143 149 151 156 157 158 162 165 167 169 170 171 172 183 188 189 200 204 205 214 236 246
119 253
120 265
121 420 130 122 123 126 127 128 132 136 137 139 141 142 143 148 149 150 151 156 157 158 162 163 165 167 168 169 170 171 172 175 179 183 187 188 189 190 192 193 195 200 202 204 205 206 210 211 212 214 217 220 221 225 230 235 236 240 241 246 247 248
122 263 130 123 128 132 136 139 141 143 148 149 151 156 157 158 162 163 165 167 168 169 170 171 172 183 187 188 189 192 200 204 205 214 221 236 240 246
123 317 130 126 127 128 132 136 139 141 142 143 148 149 151 156 157 158 162 163 165 167 168 169 170 171 172 179 183 187 188 189 190 192 195 200 202 204 205 210 212 214 220 221 235 236 240 246 248
124 477
125 253
126 270 130 128 139 141 143 149 156 162 165 167 169 170 171 183 200 204 214 236 246
127 431 130 128 139 141 143 149 156 162 165 167 169 170 171 183 200 204 214 236 246
128 256 130 132 136 137 139 141 142 143 148 149 150 151 156 157 158 162 163 165 167 168 169 170 171 172 175 179 183 187 188 189 190 192 193 195 200 202 204 205 206 210 211 212 214 217 220 221 225 235 236 240 241 246 247 248
129 313
130 385 132 136 139 141 142 143 148 149 151 156 157 158 162 163 165 167 168 169 170 171 172 183 187 188 189 192 195 200 202 204 205 210 212 214 220 221 235 236 240 246
131 253
132 362 139 141 143 148 149 151 156 157 158 162 163 165 167 168 169 170 171 172 183 187 188 189 200 204 205 214 221 236 240 246
133 442
134 278
135 280
136 363 139 141 143 149 156 157 162 165 167 169 170 171 183 188 189 200 204 205 214 236 246
137 313 139 141 143 165 167 169 170 183 204 236
138 324
139 391 141 142 143 148 149 150 151 156 157 158 162 163 165 167 168 169 170 171 172 179 183 187 188 189 190 192 193 195 200 202 204 205 206 210 211 212 214 217 220 221 225 235 236 240 241 246 247 248
140 269
141 340 142 143 148 149 151 156 157 158 162 163 165 167 168 169 170 171 172 179 183 187 188 189 190 192 193 195 200 202 204 205 206 210 212 214 220 221 225 235 236 240 241 246 248
142 435 143 149 156 165 167 169 170 171 183 204 214 236 246
143 260 148 149 151 156 157 158 162 163 165 167 168 169 170 171 172 179 183 187 188 189 190 192 193 195 200 202 204 205 206 210 212 214 220 221 225 235 236 240 241 246 248
144 305
145 395
146 264
147 341
148 385 149 151 156 157 158 162 163 165 167 168 169 170 171 172 183 187 188 189 200 204 205 214 221 236 240 246
149 288 151 156 157 158 162 163 165 167 168 169 170 171 172 179 183 187 188 189 190 192 195 200 202 204 205 210 212 214 220 221 225 235 236 240 241 246 248
150 327 165 183 204 236
151 443 156 157 158 162 163 165 167 168 169 170 171 172 183 187 188 189 200 204 205 214 221 236 240 246
152 258
153 299
154 451
155 270
156 279 157 158 162 163 165 167 168 169 170 171 172 179 183 187 188 189 190 192 195 200 202 204 205 210 212 214 220 221 235 236 240 246 248
157 486 158 162 163 165 167 168 169 170 171 172 183 187 188 189 192 200 204 205 214 221 236 240 246
158 250 162 163 165 167 168 169 170 171 172 183 187 188 189 200 204 205 214 221 236 240 246
159 264
160 424
161 281
162 295 163 165 167 168 169 170 171 172 183 187 188 189 192 195 200 202 204 205 212 214 220 221 236 240 246
163 371 165 167 169 170 171 172 183 188 189 200 204 205 214 221 236 240 246
164 282
165 347 167 168 169 170 171 172 179 183 187 188 189 190 192 193 195 200 202 204 205 206 210 211 212 214 217 220 221 225 235 236 240 241 246 247 248
166 424
167 273 168 169 170 171 172 179 183 187 188 189 190 192 193 195 200 202 204 205 206 210 212 214 217 220 221 225 235 236 240 241 246 248
168 303 169 170 171 172 183 188 189 200 204 205 214 221 236 240 246
169 364 170 171 172 179 183 187 188 189 190 192 193 195 200 202 204 205 206 210 211 212 214 217 220 221 225 235 236 240 241 246 248
170 258 171 172 179 183 187 188 189 190 192 193 195 200 202 204 205 206 210 212 214 217 220 221 225 235 236 240 241 246 248
171 378 172 179 183 187 188 189 190 192 195 200 202 204 205 210 212 214 220 221 235 236 240 246 248
172 400 183 187 188 189 200 204 205 214 221 236 240 246
173 252
174 348
175 427 204 236
176 275
177 298
178 398
179 263 183 204 214 236 246
180 339
181 458
182 266
183 276 187 188 189 190 192 193 195 200 202 204 205 206 210 211 212 214 217 220 221 225 235 236 240 241 246 247 248
184 414
185 282
186 304
187 392 188 189 200 204 205 214 221 236 240 246
188 275 189 200 204 205 214 221 236 240 246
189 333 192 200 204 205 214 221 236 240 246
190 461 204 214 236 246
191 257
192 282 200 204 214 236 246
193 393 204 236
194 282
195 325 200 204 214 236 246
196 441
197 269
198 290
199 405
200 259 202 204 205 212 214 220 221 236 240 246
201 336
202 396 204 214 236 246
203 295
204 309 205 206 210 211 212 214 217 220 221 225 230 235 236 240 241 246 247 248
205 487 214 221 236 240 246
206 255 236
207 258
208 373
209 265
210 362 214 236 246
211 459 236
212 256 214 236 246
213 285
214 438 220 221 235 236 240 246 248
215 277
216 285
217 405 236
218 272
219 323
220 473 236 246
221 250 236 240 246
222 277
223 451
224 263
225 286 236
226 391
227 272
228 337
229 444
230 264 236
231 292
232 396
233 283
234 321
235 354 236 246
236 285 240 241 246 247 248
237 361
238 393
239 289
240 318 246
241 493
242 250
243 257
244 369
245 296
246 335 248
247 359
248 284
249 357
