249 1000
1 438
2 266
3 296
4 363
5 271
6 366
7 384 10 14 18 29 30 66 34 36 44 45 46 47 49 50 51 57 59 63 64 65 68 70 71 72 74 79 84 88 89 91 96 98 101 102 105 109 111 116 117 120 127 143 145 146 152 153 154 156 157 165 169 171 179 185 193 195 196 199 203 204 208 213 216 217 227 229 233 234 239 241 242 243 244 245 249
8 277
9 339
10 469 14 18 29 30 66 34 44 45 46 47 49 50 59 63 64 65 68 70 71 72 74 84 88 89 91 101 102 105 109 111 116 120 127 143 145 146 152 154 156 157 165 169 171 179 185 193 195 196 199 204 208 213 216 217 229 233 239 241 242 243 244 249
11 261
12 270
13 353
14 287 18 29 30 66 34 44 45 46 47 49 50 51 59 63 64 65 68 70 71 72 74 84 88 89 91 96 98 101 102 105 109 111 116 120 127 143 145 146 152 153 154 156 157 165 169 171 179 185 193 195 196 199 204 208 213 216 217 229 233 239 241 242 243 244 249
15 360
16 457
17 265
18 278 44 45 47 50 59 63 65 71 72 101 105 109 116 120 143 157 165 179 185 195 199 208 229 239 241 242 244 249
19 384
20 254
21 362 179 199
22 488
23 254
24 258
25 471
26 254
27 275
28 412
29 272 44 45 47 50 59 63 65 71 72 101 105 109 116 120 143 156 157 165 179 185 195 199 208 229 239 241 242 244 249
30 316 44 45 47 50 59 63 65 71 72 101 105 109 116 120 143 156 157 165 171 179 185 195 199 208 229 239 241 242 244 249
31 459
32 261
33 280
34 449 66 44 45 46 47 49 50 59 63 65 70 71 72 84 89 91 101 102 105 109 111 116 120 127 143 146 152 156 157 165 169 171 179 185 193 195 196 199 208 217 229 233 239 241 242 243 244 249
35 263
36 288 59 65 71 105 120 157 165 179 185 195 199 241 242 244
37 363
38 289
39 348
40 360
41 271
42 369
43 489
44 250 66 45 46 47 49 50 51 59 63 64 65 68 70 71 72 74 84 88 89 91 96 98 101 102 105 109 111 116 120 127 143 145 146 152 153 154 156 157 165 169 171 179 185 193 195 196 199 204 208 213 216 217 229 233 239 241 242 243 244 249
45 261 66 46 47 49 50 51 59 63 64 65 68 70 71 72 74 84 88 89 91 96 98 101 102 105 109 111 116 120 127 143 145 146 152 153 154 156 157 165 169 171 179 185 193 195 196 199 204 208 213 216 217 229 233 239 241 242 243 244 249
46 414 66 47 50 59 63 65 70 71 72 84 89 91 101 102 105 109 111 116 120 127 143 146 152 156 157 165 169 171 179 185 195 196 199 208 217 229 233 239 241 242 243 244 249
47 258 66 49 50 59 63 64 65 68 70 71 72 74 84 88 89 91 96 101 102 105 109 111 116 120 127 143 145 146 152 154 156 157 165 169 171 179 185 193 195 196 199 204 208 213 216 217 229 233 239 241 242 243 244 249
48 328
49 363 66 50 59 63 65 71 72 101 105 109 116 120 143 156 157 165 171 179 185 195 199 208 229 233 239 241 242 244 249
50 276 66 51 59 63 64 65 68 70 71 72 74 84 88 89 91 96 101 102 105 109 111 116 120 127 143 145 146 152 153 154 156 157 165 169 171 179 185 193 195 196 199 204 208 213 216 217 229 233 239 241 242 243 244 249
51 361 59 63 65 71 101 105 120 143 157 165 179 185 195 199 241 242 244 249
52 355
53 279
54 366
55 375
56 269
57 356 59 65 71 105 120 157 165 179 185 195 199 241 242 244
58 433
59 279 66 63 64 65 68 70 71 72 74 79 84 88 89 91 96 98 101 102 105 109 111 116 117 120 127 143 145 146 152 153 154 156 157 165 169 171 179 185 193 195 196 199 203 204 208 213 216 217 227 229 233 234 239 241 242 243 244 245 249
60 288
61 354
62 294
63 352 66 64 65 68 70 71 72 74 84 88 89 91 96 101 102 105 109 111 116 120 127 143 145 146 152 153 154 156 157 165 169 171 179 185 193 195 196 199 204 208 213 216 217 229 233 239 241 242 243 244 249
64 378 65 71 72 101 105 109 116 120 143 156 157 165 171 179 185 195 199 208 229 239 241 242 244 249
65 297 66 68 70 71 72 73 74 77 79 84 88 89 91 96 98 101 102 105 109 111 116 117 120 127 143 145 146 152 153 154 156 157 165 169 171 179 185 193 195 196 199 203 204 208 213 214 216 217 227 229 233 234 239 241 242 243 244 245 249
66 325 70 71 72 84 89 91 101 102 105 109 111 116 120 127 143 146 152 156 157 165 169 171 179 185 193 195 196 199 208 217 229 233 239 241 242 243 244 249
67 368
68 286 71 72 101 105 109 116 120 143 156 157 165 179 185 195 199 208 229 239 241 242 244 249
69 346 179 185 199
70 380 71 72 89 91 101 105 109 116 120 143 146 156 157 165 171 179 185 195 199 208 217 229 233 239 241 242 243 244 249
71 278 72 74 79 84 88 89 91 96 98 101 102 105 109 111 116 117 120 127 143 145 146 152 153 154 156 157 165 169 171 179 185 193 195 196 199 203 204 208 213 216 217 227 229 233 234 239 241 242 243 244 245 249
72 342 74 84 88 89 91 101 102 105 109 111 116 120 127 143 145 146 152 154 156 157 165 169 171 179 185 193 195 196 199 204 208 213 216 217 229 233 239 241 242 243 244 249
73 468 105 157 179 185 199
74 255 101 105 109 116 120 143 156 157 165 179 185 195 199 208 229 239 241 242 244 249
75 277
76 473
77 256 105 157 179 185 199
78 271
79 378 105 120 157 165 179 185 199
80 256
81 366
82 418
83 250
84 332 91 101 105 109 116 120 143 146 156 157 165 171 179 185 195 199 208 229 233 239 241 242 243 244 249
85 436
86 253
87 311
88 456 101 105 109 116 120 143 156 157 165 179 185 195 199 208 229 239 241 242 244 249
89 256 91 101 105 109 111 116 120 143 146 152 156 157 165 171 179 185 195 196 199 208 217 229 233 239 241 242 243 244 249
90 288
91 384 101 102 105 109 111 116 120 127 143 146 152 156 157 165 169 171 179 185 195 196 199 208 217 229 233 239 241 242 243 244 249
92 280
93 336
94 380
95 267
96 353 101 105 120 143 157 165 179 185 195 199 241 242 244 249
97 353
98 301 105 120 143 157 165 179 185 195 199 241 242 244 249
99 346
100 486
101 254 102 105 109 111 116 120 127 143 145 146 152 153 154 156 157 165 169 171 179 185 193 195 196 199 204 208 213 216 217 229 233 239 241 242 243 244 249
102 260 105 109 116 120 143 156 157 165 171 179 185 195 199 208 229 233 239 241 242 243 244 249
103 377
104 251
105 372 109 110 111 116 117 120 127 143 145 146 152 153 154 156 157 165 169 171 179 185 193 195 196 199 203 204 205 208 213 214 216 217 227 229 233 234 239 241 242 243 244 245 249
106 494 179 185 199
107 252
108 254
109 445 111 116 120 127 143 145 146 152 154 156 157 165 169 171 179 185 193 195 196 199 204 208 213 216 217 229 233 239 241 242 243 244 249
110 257 179 185 199
111 298 116 120 143 146 156 157 165 171 179 185 195 199 208 217 229 233 239 241 242 243 244 249
112 376
113 290
114 334
115 363
116 300 120 127 143 145 146 152 154 156 157 165 169 171 179 185 193 195 196 199 204 208 213 216 217 229 233 239 241 242 243 244 249
117 337 120 157 165 179 185 195 199
118 425
119 269
120 306 127 143 145 146 152 153 154 156 157 165 169 171 179 185 193 195 196 199 203 204 208 213 216 217 227 229 233 234 239 241 242 243 244 245 249
121 409
122 256
123 335
124 385
125 276
126 339
127 469 143 156 157 165 171 179 185 195 199 208 229 233 239 241 242 243 244 249
128 257
129 274
130 478
131 260
132 262
133 427
134 260
135 313
136 358
137 295
138 347 199
139 432
140 250
141 318
142 491
143 253 145 146 152 153 154 156 157 165 169 171 179 185 193 195 196 199 204 208 213 216 217 229 233 239 241 242 243 244 249
144 256
145 409 156 157 165 179 185 195 199 208 229 239 241 242 244 249
146 274 152 156 157 165 169 171 179 185 195 196 199 208 217 229 233 239 241 242 243 244 249
147 317
148 418
149 250
150 332
151 351
152 276 156 157 165 171 179 185 195 199 208 217 229 233 239 241 242 243 244 249
153 373 157 165 179 185 195 199 241 242 244 249
154 493 156 157 165 179 185 195 199 208 229 239 241 242 244 249
155 250
156 257 157 165 169 171 179 185 193 195 196 199 204 208 213 216 217 229 233 239 241 242 243 244 249
157 438 165 169 171 179 185 193 195 196 199 203 204 205 208 213 214 216 217 227 229 233 234 239 241 242 243 244 245 249
158 267
159 295
160 381
161 291
162 328
163 355
164 259
165 386 169 171 179 185 193 195 196 199 203 204 208 213 216 217 227 229 233 234 239 241 242 243 244 245 249
166 397
167 259
168 344
169 478 171 179 185 195 199 208 229 233 239 241 242 243 244 249
170 251
171 271 179 185 193 195 196 199 204 208 217 229 233 239 241 242 243 244 249
172 401
173 275
174 324
175 425
176 262
177 313
178 455
179 257 185 193 195 196 199 203 204 205 208 213 214 216 217 219 227 229 233 234 239 241 242 243 244 245 249
180 288
181 442
182 253
183 305
184 455
185 269 193 195 196 199 203 204 205 208 213 214 216 217 227 229 233 234 239 241 242 243 244 245 249
186 276
187 360
188 295
189 345
190 407
191 295
192 298
193 433 195 199 208 229 233 239 241 242 244 249
194 275
195 292 196 199 203 204 208 213 216 217 227 229 233 234 239 241 242 243 244 245 249
196 448 199 208 217 229 233 239 241 242 243 244 249
197 251
198 301
199 357 203 204 205 208 213 214 216 217 219 220 227 229 233 234 239 241 242 243 244 245 249
200 312
201 331
202 431
203 277 244
204 292 208 229 239 241 242 244 249
205 352
206 257
207 391
208 370 213 216 217 229 233 239 241 242 243 244 249
209 296
210 334
211 446
212 276
213 278 229 239 241 242 244 249
214 396
215 296
216 308 229 239 241 242 244 249
217 453 229 233 239 241 242 243 244 249
218 253
219 294
220 372
221 310
222 318
223 414
224 270
225 316
226 421
227 275
228 304
229 431 233 239 241 242 243 244 249
230 267
231 302
232 439
233 264 239 241 242 243 244 249
234 297 241 242 244
235 481
236 250
237 269
238 474
239 256 241 242 243 244 249
240 270
241 472 242 243 244 249
242 256 243 244 249
243 272 244 249
244 372 249
245 256
246 372
247 403
248 252
249 345
