60 1000
1 495 3 5 6 7 8 9 12 13 14 15 16 17 18 24 25 26 29 30 31 32 33 34 35 36 39 41 42 43 44 45 46 48 49 50 52 54 55 56 57 58 59
2 250 5 12 13 24 30 33 34 43 44 45 49 54
3 255 5 6 7 8 12 13 14 15 16 17 18 24 25 26 29 30 31 32 33 34 35 36 39 41 42 43 44 45 46 48 49 50 52 54 56 58 59
4 373 5 7 12 13 14 15 24 25 26 30 32 33 34 39 42 43 44 45 49 50 52 54 56 58
5 296 6 7 8 9 10 11 12 13 14 15 16 17 18 19 20 21 22 23 24 25 26 27 28 29 30 31 32 33 34 35 36 37 38 39 40 41 42 43 44 45 46 47 48 49 50 51 52 53 54 55 56 57 58 59 60
6 331 7 8 12 13 14 15 16 17 18 24 25 26 30 31 32 33 34 35 36 39 42 43 44 45 46 48 49 50 52 54 56 58
7 366 8 9 12 13 14 15 16 17 18 20 21 22 23 24 25 26 28 29 30 31 32 33 34 35 36 38 39 41 42 43 44 45 46 47 48 49 50 52 53 54 55 56 57 58 59
8 254 9 12 13 14 15 16 17 18 24 25 26 29 30 31 32 33 34 35 36 39 41 42 43 44 45 46 48 49 50 52 54 55 56 57 58 59
9 380 12 13 14 15 16 18 24 25 26 30 32 33 34 35 36 39 42 43 44 45 48 49 50 52 54 56 58
10 471 12 13 24 30 32 33 34 42 43 44 45 49 54 56
11 252 12 13 14 24 26 30 32 33 34 39 42 43 44 45 49 50 52 54 56
12 277 13 14 15 16 17 18 19 20 21 22 23 24 25 26 27 28 29 30 31 32 33 34 35 36 37 38 39 40 41 42 43 44 45 46 47 48 49 50 51 52 53 54 55 56 57 58 59 60
13 420 14 15 16 17 18 19 20 21 22 23 24 25 26 27 28 29 30 31 32 33 34 35 36 37 38 39 40 41 42 43 44 45 46 47 48 49 50 51 52 53 54 55 56 57 58 59 60
14 256 15 16 17 18 19 20 21 22 23 24 25 26 28 29 30 31 32 33 34 35 36 37 38 39 40 41 42 43 44 45 46 47 48 49 50 51 52 53 54 55 56 57 58 59 60
15 324 16 17 18 20 21 22 23 24 25 26 28 29 30 31 32 33 34 35 36 38 39 40 41 42 43 44 45 46 47 48 49 50 52 53 54 55 56 57 58 59
16 434 17 18 24 25 26 29 30 31 32 33 34 35 36 39 41 42 43 44 45 46 48 49 50 52 54 55 56 57 58 59
17 275 18 24 25 26 29 30 31 32 33 34 35 36 39 42 43 44 45 46 48 49 50 52 54 56 58 59
18 291 24 25 26 29 30 31 32 33 34 35 36 39 41 42 43 44 45 46 48 49 50 52 54 55 56 57 58 59
19 439 24 26 30 32 33 34 39 42 43 44 45 49 50 54 56
20 271 24 25 26 30 32 33 34 39 42 43 44 45 49 50 52 54 56 58
21 290 24 25 26 30 32 33 34 39 42 43 44 45 49 50 52 54 56 58
22 377 24 25 26 30 32 33 34 39 42 43 44 45 49 50 52 54 56 58
23 253 24 25 26 30 32 33 34 39 42 43 44 45 49 50 52 54 56 58
24 370 25 26 27 28 29 30 31 32 33 34 35 36 37 38 39 40 41 42 43 44 45 46 47 48 49 50 51 52 53 54 55 56 57 58 59 60
25 443 26 28 29 30 31 32 33 34 35 36 38 39 41 42 43 44 45 46 47 48 49 50 52 53 54 55 56 57 58 59
26 276 28 29 30 31 32 33 34 35 36 37 38 39 40 41 42 43 44 45 46 47 48 49 50 51 52 53 54 55 56 57 58 59 60
27 281 30 32 33 34 43 44 45 49 54
28 424 30 32 33 34 39 42 43 44 45 49 50 52 54 56 58
29 261 30 32 33 34 35 36 39 42 43 44 45 46 48 49 50 52 54 56 58
30 315 31 32 33 34 35 36 37 38 39 40 41 42 43 44 45 46 47 48 49 50 51 52 53 54 55 56 57 58 59 60
31 352 32 33 34 35 36 39 42 43 44 45 46 48 49 50 52 54 56 58
32 290 33 34 35 36 37 38 39 40 41 42 43 44 45 46 47 48 49 50 51 52 53 54 55 56 57 58 59 60
33 358 34 35 36 37 38 39 40 41 42 43 44 45 46 47 48 49 50 51 52 53 54 55 56 57 58 59 60
34 466 35 36 37 38 39 40 41 42 43 44 45 46 47 48 49 50 51 52 53 54 55 56 57 58 59 60
35 261 36 39 41 42 43 44 45 46 48 49 50 52 54 55 56 57 58 59
36 273 39 41 42 43 44 45 46 48 49 50 52 54 55 56 57 58 59
37 399 39 42 43 44 45 49 54 56
38 254 39 42 43 44 45 49 50 52 54 56 58
39 347 40 41 42 43 44 45 46 47 48 49 50 51 52 53 54 55 56 57 58 59
40 385 42 43 44 45 49 50 52 54 56
41 278 42 43 44 45 48 49 50 52 54 56 58
42 337 43 44 45 46 47 48 49 50 51 52 53 54 55 56 57 58 59 60
43 377 44 45 46 47 48 49 50 51 52 53 54 55 56 57 58 59 60
44 304 45 46 47 48 49 50 51 52 53 54 55 56 57 58 59 60
45 319 46 47 48 49 50 51 52 53 54 55 56 57 58 59 60
46 493 48 49 50 52 54 56 58 59
47 251 49 50 52 54 56 58
48 256 49 50 52 54 55 56 57 58 59
49 492 50 51 52 53 54 55 56 57 58 59 60
50 253 52 53 54 55 56 57 58 59
51 255 54 56
52 453 53 54 55 56 57 58 59
53 252 54 56
54 295 55 56 57 58 59 60
55 479 56 58
56 251 57 58 59 60
57 270 58
58 364 59
59 275
60 361
