60 1000
1 400
2 277
3 323 4 20 21 28 44 51 58 60
4 419 6 8 10 12 14 17 19 20 21 23 24 25 26 28 29 31 32 34 35 36 39 41 42 43 44 47 48 49 51 54 57 58 59 60
5 280 20 21 28 44 60
6 301 10 17 19 20 21 23 24 25 26 28 31 34 35 36 39 41 42 43 44 49 51 54 57 58 59 60
7 388
8 257 20 21 28 36 44 51 58 60
9 355 20
10 398 12 14 17 19 20 21 23 24 25 26 28 31 34 35 36 39 41 42 43 44 48 49 51 54 57 58 59 60
11 251 20 21 60
12 351 20 21 26 28 36 42 44 49 51 57 58 60
13 423
14 257 20 21 25 26 28 34 36 39 42 44 49 51 57 58 60
15 320
16 357 20 60
17 260 19 20 21 23 24 25 26 28 31 34 35 36 39 41 42 43 44 49 51 54 57 58 59 60
18 383
19 424 20 21 24 25 26 28 31 34 35 36 39 41 42 43 44 49 51 54 57 58 60
20 266 21 23 24 25 26 27 28 29 31 32 34 35 36 37 39 41 42 43 44 46 47 48 49 50 51 53 54 55 57 58 59 60
21 310 23 24 25 26 27 28 29 31 32 34 35 36 39 41 42 43 44 47 48 49 50 51 53 54 55 57 58 59 60
22 448
23 268 24 25 26 28 34 36 39 41 42 43 44 49 51 54 57 58 60
24 284 25 26 28 31 34 35 36 39 41 42 43 44 49 51 54 57 58 59 60
25 417 26 28 31 34 35 36 39 41 42 43 44 49 51 54 57 58 59 60
26 251 28 31 34 35 36 39 41 42 43 44 48 49 51 54 57 58 59 60
27 332 28 60
28 366 29 31 32 34 35 36 39 41 42 43 44 47 48 49 50 51 54 55 57 58 59 60
29 299 36 44 51 58 60
30 335
31 360 34 35 36 39 41 42 43 44 49 51 54 57 58 60
32 318 44 51 58 60
33 322
34 441 35 36 39 41 42 43 44 49 51 54 57 58 59 60
35 274 36 39 41 42 43 44 49 51 54 57 58 60
36 285 39 41 42 43 44 47 48 49 51 54 57 58 59 60
37 478 60
38 257
39 265 41 42 43 44 48 49 51 54 57 58 59 60
40 464
41 265 42 43 44 49 51 54 57 58 59 60
42 271 43 44 48 49 51 54 57 58 59 60
43 428 44 49 51 54 57 58 59 60
44 280 47 48 49 51 54 57 58 59 60
45 292
46 472
47 250 51 58 60
48 278 49 51 57 58 60
49 491 51 54 57 58 59 60
50 253 60
51 256 54 57 58 59 60
52 440
53 266 60
54 294 57 58 59 60
55 403 60
56 250
57 347 58 59 60
58 439 59 60
59 270 60
60 291
