60 1000
1 495
2 250
3 255
4 373
5 296
6 331 10 44 51
7 366
8 254 10 26 44 51 52
9 380 10 19 21 23 26 28 30 43 44 45 47 50 51 52 60
10 471 19 20 21 23 26 28 30 43 44 45 47 50 51 52 57 60
11 252
12 277
13 420
14 256
15 324
16 434
17 275
18 291
19 439 21 23 26 28 43 44 45 47 51 52
20 271 44 51
21 290 23 26 28 30 43 44 45 47 50 51 52 60
22 377
23 253 26 44 45 51 52
24 370
25 443
26 276 28 30 43 44 45 47 50 51 52 60
27 281
28 424 43 44 45 47 51 52
29 261
30 315 44 51 52
31 352
32 290
33 358
34 466
35 261
36 273
37 399
38 254
39 347
40 385
41 278
42 337
43 377 44 45 47 51 52
44 304 45 47 50 51 52 57 60
45 319 47 50 51 52 60
46 493
47 251 51 52
48 256
49 492
50 253 51 52
51 255 52 57 60
52 453 60
53 252
54 295
55 479
56 251
57 270
58 364
59 275
60 361
