120 1000
1 366
2 268
3 366
4 430 23 78 107
5 263 23 42 54 73 76 78 88 93 101 104 107 120
6 307 23 78 107
7 414
8 287 107
9 299
10 495
11 251
12 254
13 474
14 252
15 274
16 370
17 269
18 361
19 473 23 42 54 73 76 78 88 93 101 104 107 120
20 252
21 275
22 472
23 259 24 26 38 42 53 54 56 68 73 76 78 88 92 93 98 101 104 107 114 116 120
24 269 26 42 54 73 76 78 88 93 101 104 107 120
25 444
26 258 42 53 54 73 76 78 88 93 101 104 107 120
27 298
28 439
29 273 107
30 288
31 445
32 272 107
33 283
34 419
35 261
36 320
37 363
38 271 42 54 76 78 101 104 107 120
39 366
40 355
41 273
42 372 53 54 56 73 76 78 88 93 101 104 107 114 116 120
43 466
44 262
45 272
46 357
47 292
48 351
49 395
50 255
51 350
52 350
53 303 54 73 76 78 88 93 101 104 107 120
54 347 56 73 76 78 88 93 101 104 107 114 116 120
55 450
56 252 76 78 101 104 107 120
57 298
58 410
59 275
60 315
61 407
62 260
63 333
64 366
65 271
66 363
67 350
68 294 78 104 107 120
69 356
70 480
71 253
72 267
73 446 76 78 88 93 101 104 107 114 116 120
74 259
75 295
76 376 78 88 93 101 104 107 114 116 120
77 267
78 357 88 92 93 98 101 104 107 114 116 120
79 366
80 282
81 352
82 478
83 256
84 266
85 420
86 251
87 329
88 434 93 101 104 107 114 120
89 252
90 314
91 470
92 254 107
93 276 101 104 107 114 120
94 497
95 250
96 253
97 497
98 250 107 120
99 253
100 445
101 254 104 107 114 116 120
102 301
103 412
104 263 107 114 116 120
105 325
106 400
107 298 114 116 120
108 302
109 362
110 282
111 356
112 405
113 259
114 336 120
115 397
116 290 120
117 313
118 485
119 253
120 262
