60 1000
1 493 2 3 5 6 7 8 9 10 11 12 13 14 15 16 17 18 19 20 21 22 23 24 25 29 30 31 32 33 36 38 39 40 41 42 43 44 46 47 48 49 50 51 52 53 54 56 57 58 59
2 253 3 5 6 7 8 10 12 13 15 16 18 19 20 21 22 23 24 25 29 30 31 32 33 36 38 41 42 43 46 47 48 49 50 51 52 56 58
3 254 5 6 7 8 10 12 13 15 16 18 19 20 22 23 24 25 29 30 31 32 33 36 38 42 43 46 47 48 49 50 51 52 56 58
4 456 5 6 20 23 29 31 33 38 43
5 258 6 7 8 9 10 11 12 13 14 15 16 17 18 19 20 21 22 23 24 25 27 28 29 30 31 32 33 35 36 37 38 39 40 41 42 43 44 45 46 47 48 49 50 51 52 53 54 56 57 58 59 60
6 286 7 8 9 10 11 12 13 14 15 16 17 18 19 20 21 22 23 24 25 27 28 29 30 31 32 33 35 36 37 38 39 40 41 42 43 44 45 46 47 48 49 50 51 52 53 54 56 57 58 59 60
7 429 8 10 12 13 15 16 18 19 20 21 22 23 24 25 29 30 31 32 33 36 38 41 42 43 46 47 48 49 50 51 52 56 58
8 278 9 10 11 12 13 14 15 16 17 18 19 20 21 22 23 24 25 27 29 30 31 32 33 35 36 37 38 39 40 41 42 43 44 46 47 48 49 50 51 52 53 54 56 57 58 59
9 293 10 12 20 22 23 25 29 31 33 36 38 43 46 47 48
10 356 11 12 13 14 15 16 18 19 20 21 22 23 24 25 29 30 31 32 33 36 38 39 40 41 42 43 44 46 47 48 49 50 51 52 53 54 56 57 58 59
11 317 12 20 22 23 25 29 31 33 36 38 43 46 47 48
12 327 13 14 15 16 17 18 19 20 21 22 23 24 25 29 30 31 32 33 36 38 39 40 41 42 43 44 46 47 48 49 50 51 52 53 54 56 57 58 59
13 492 15 16 18 19 20 21 22 23 24 25 29 30 31 32 33 36 38 41 42 43 46 47 48 49 50 51 52 54 56 57 58
14 251 15 16 18 20 22 23 25 29 30 31 33 36 38 43 46 47 48 56
15 257 16 18 19 20 21 22 23 24 25 29 30 31 32 33 36 38 39 41 42 43 46 47 48 49 50 51 52 53 54 56 57 58
16 488 18 19 20 21 22 23 24 25 29 30 31 32 33 36 38 39 40 41 42 43 44 46 47 48 49 50 51 52 53 54 56 57 58 59
17 251 20 23 29 31 33 36 38 43 47 48
18 261 19 20 21 22 23 24 25 29 30 31 32 33 36 38 39 40 41 42 43 44 46 47 48 49 50 51 52 53 54 56 57 58
19 448 20 22 23 24 25 29 30 31 32 33 36 38 42 43 46 47 48 49 50 51 52 56 58
20 256 21 22 23 24 25 26 27 28 29 30 31 32 33 34 35 36 37 38 39 40 41 42 43 44 45 46 47 48 49 50 51 52 53 54 55 56 57 58 59 60
21 296 22 23 25 29 30 31 32 33 36 38 42 43 46 47 48 49 50 51 52 56 58
22 369 23 24 25 29 30 31 32 33 36 38 39 40 41 42 43 44 46 47 48 49 50 51 52 53 54 56 57 58 59
23 291 24 25 26 27 28 29 30 31 32 33 34 35 36 37 38 39 40 41 42 43 44 45 46 47 48 49 50 51 52 53 54 55 56 57 58 59 60
24 340 25 29 30 31 32 33 36 38 42 43 46 47 48 49 50 51 52 56 58
25 480 29 30 31 32 33 36 38 39 40 41 42 43 44 46 47 48 49 50 51 52 53 54 56 57 58 59
26 258
27 262 29 31 33 36 38 43 47 48
28 381 29 31 33 38 43 48
29 296 30 31 32 33 35 36 37 38 39 40 41 42 43 44 45 46 47 48 49 50 51 52 53 54 56 57 58 59 60
30 323 31 32 33 36 38 39 41 42 43 46 47 48 49 50 51 52 53 54 56 57 58
31 485 32 33 35 36 37 38 39 40 41 42 43 44 45 46 47 48 49 50 51 52 53 54 56 57 58 59 60
32 256 33 36 38 41 42 43 46 47 48 49 50 51 52 56 57 58
33 259 35 36 37 38 39 40 41 42 43 44 45 46 47 48 49 50 51 52 53 54 56 57 58 59 60
34 419
35 264 38 43 47 48
36 317 37 38 39 40 41 42 43 44 46 47 48 49 50 51 52 53 54 56 57 58 59
37 459 38 43 47 48
38 254 39 40 41 42 43 44 45 46 47 48 49 50 51 52 53 54 56 57 58 59 60
39 287 43 46 47 48 50 51 56 58
40 444 43 46 47 48 56
41 260 42 43 46 47 48 49 50 51 52 56 58
42 296 43 46 47 48 49 50 51 52 56 57 58
43 421 44 45 46 47 48 49 50 51 52 53 54 56 57 58 59 60
44 280 46 47 48 56
45 299 48
46 495 47 48 49 50 51 52 53 54 56 57 58 59
47 250 48 49 50 51 52 53 54 56 57 58 59
48 255 49 50 51 52 53 54 56 57 58 59
49 452 50 51 52 54 56 57 58
50 267 51 52 53 54 56 57 58
51 281 52 53 54 56 57 58
52 350 54 56 57 58
53 297 56 58
54 353 56 58
55 361
56 253 57 58
57 386 58
58 434
59 278
60 288
