60 1000
1 378 32 45 49
2 275
3 347
4 462
5 261
6 277
7 429
8 273 13 14 32 35 39 45 49 50 53 56 59
9 298
10 495 49
11 250
12 255 32 45 49
13 371 14 32 35 39 43 45 49 50 53 56 59
14 262 32 35 39 43 45 49 50 53 56 59
15 367
16 391
17 293
18 316
19 493
20 252
21 255
22 405
23 250
24 345 49
25 461
26 258
27 281
28 478
29 257
30 265
31 354
32 278 35 39 43 45 49 50 53 56 59
33 368
34 451
35 256 39 45 49 50 53 56 59
36 293
37 485
38 254
39 261 45 49 50 53 56 59
40 477
41 258
42 265
43 369 45 49 50 53 56 59
44 270
45 361 49 50 53 56 59
46 375
47 268
48 357
49 414 50 53 56 59
50 254 53 56 59
51 332
52 459
53 263 56 59
54 278
55 456
56 263 59
57 281
58 426
59 277
60 297
