60 1000
1 312 33 59 21 53 38 2 18 41 48 19 24 57 23 31 27 17 60 3 51 39 50 36 8 9 55 35 43 26 14 37 34 16 49 45 30 28 44 20 7 5 58 10 15 11 54 6 29 47
2 414 21 43 17 41 16 52 45 33 15 36 57 54 4 35 50 40 48 60 26 31 8 22 10 34 27 19 3 5 23 32 24 25 51 49 12 6 56 9 20 42 14 53 18 7 46 37 47 59
3 274 23 19 48 44 11 58 12 41 4 16 39 46 22 27 13 30 42 15 34 33 14 37 31 60 32 45 17 9 59 25 7 21 38 49 5 6 50 8 52 57 51 18 35 40 47 55 24 26 10
4 375 44 36 25 8 38 29 59 33 45 20 56 31 48 30 46 41 5 6 47 60 12 13 43 27 18 58 42 11 7 9 49 16 34 19 10 51 39 26 21 17 54 28 35 37 55 52 40 23 50 32
5 306 45 13 46 29 22 24 21 44 32 48 34 56 58 47 14 60 39 16 19 41 23 12 9 10 33 15 11 51 26 49 35 53 30 54 18 27 38 50 43 8 42
6 319 47 36 55 21 52 46 58 15 37 45 12 48 24 19 23 27 38 28 22 10 16 50 30 11 44 49 57 8 20 42 53 35 33 51 40 14 9 25 26 32 43
7 294 60 45 55 17 57 14 25 32 34 59 51 42 50 11 43 58 22 48 13 36 18 27 38 53 9 26 35 24 52 19 29 28 49 54 30 33 44 21 31
8 435 27 46 57 54 9 12 50 49 33 37 24 40 60 26 28 55 53 15 14 38 52 17 56 32 23 58 21 25 34 30 31 10 43 35 47 19 16 18 39 20 51 22 45 59
9 271 14 40 59 33 18 41 49 10 11 52 44 46 57 55 26 50 31 42 37 23 28 60 43 53 56 58 20 16 51 48 35 22 27 36 45 13 17 30 21
10 293 40 34 44 59 39 56 52 31 11 18 49 20 30 23 45 42 46 32 13 51 58 19 36 21 60 24 57 53 14 50 55 47 17 29 41 38 35 27 25 15 16 33 28
11 421 25 34 57 37 23 48 22 35 52 32 50 59 56 19 33 29 58 54 27 60 17 39 21 38 36 13 15 41 46 43 26 31 16 53 28 47 55 12
12 286 15 27 43 35 42 36 47 26 17 60 31 34 22 56 44 49 32 50 30 19 13 28 54 25 52 39 29 45 55 14 53 33 41 38 51 58 37 23
13 294 45 21 26 16 54 27 28 50 55 22 42 48 25 46 40 24 47 60 17 52 44 49 15 19 37 51 43 41 53 33 23 14 35 31 57 18 36 39 34 30 20 59 38
14 399 25 26 59 19 41 55 53 38 48 49 45 15 34 58 31 43 21 30 20 16 44 46 17 56 60 35 50 37 52 29 28 22 23 33 18 40 36 32 24
15 307 42 33 37 48 28 58 22 25 31 59 32 45 44 21 41 47 26 30 40 24 57 53 52 60 51 19 50 18 49 56 29 38 17
16 360 40 19 38 53 50 27 45 48 54 24 17 44 23 32 25 51 57 36 47 43 30 20 34 21 33 60 31 59 56 28 35 46 37 22 29 41
17 296 42 52 39 28 26 55 24 18 46 57 38 59 31 30 50 19 45 40 51 37 20 49 34 21 58 33 43 36 53 60 23 25 35 54 47 22 27
18 344 52 54 21 50 40 48 24 30 35 58 29 26 19 45 23 25 37 47 59 41 43 22 55 49 56 53 57 42 46 60 33 27 38
19 332 59 39 38 20 35 26 43 33 34 31 40 21 24 41 23 22 57 32 60 42 54 30 51 52 58 29 28 37 47 45 55 56 50
20 314 42 32 50 35 31 51 27 56 53 43 48 24 49 40 36 60 22 41 45 34 21 28 25 57 47 52 46 59 38 58 39 33
21 354 25 46 39 27 33 41 45 26 60 22 40 59 30 52 56 54 28 34 44 58 24 57 29 50
22 277 56 39 27 52 28 36 49 44 46 48 43 24 59 32 33 35 23 30 25 57 53 31 55 42 34 50 26 60 45
23 407 50 44 35 37 38 47 30 54 49 55 34 32 45 42 26 51 36 48 46 33 40 53 58 52 31 41 25 28 57 27
24 316 36 33 48 55 53 51 60 28 56 41 38 29 52 54 31 58 30 44 43 42 40 26 39 50 34 57 46 25 35
25 388 42 40 53 60 35 52 56 51 54 46 43 29 47 58 31 26 57 45 59 39 55 37 28 30 33 48 27 49
26 339 59 35 52 54 47 51 40 42 33 56 44 58 48 41 34 45 37 27 36 49 55 38 30 28 53 46
27 273 36 35 34 38 50 33 58 55 28 37 40 41 44 47 45 57 53 31 39 49 60 48 46 56 51
28 421 32 47 39 55 38 43 48 44 45 53 30 34 37 60 54 51 40 31 52 49 59 36 57 56 41 46 58
29 289 53 44 30 32 48 46 36 49 40 37 41 60 59 45 38 43 57 33 47 39 35 42 58 34 56 55
30 290 45 57 47 56 39 43 36 46 38 49 32 54 48 51 50 59 31 58 35 42 33 40 37 55
31 415 34 57 59 36 38 52 47 50 56 54 46 44 33 42 53 55
32 311 38 42 58 37 59 46 39 35 40 52 48 54 33 56 41 50 47 53 60 36 43 57 44 49 34 45
33 274 54 45 55 59 39 51 50 42 56 40 57 38 35 47 58 60 34 48 43 49 37 41
34 406 43 41 52 36 46 40 47 53 54 56 42 35 49 37 60 59 57 58 44 50 38 55 51 45
35 265 41 44 47 38 52 60 55 46 56 43 57 36 59 37 50 49 45 48 58
36 329 38 48 44 40 58 42 50 57 60 59 51 37 45 55 53 41 46 56 43 52
37 263 53 59 56 45 41 38 50 47 58 48 43 60 44 52 54 49 40
38 487 45 41 55 42 57 58 50 51 47 40 54 56 46 44 43
39 250 52 49 59 57 46 58 60 51 54 43 48 50 45 56 53 47 41 55 40
40 307 55 59 45 46 44 60 47 42 54 41 57 48 58 49 56 53 43 51 52
41 291 42 57 58 55 59 56 53 50 45 43 51 52 44 48 49 46
42 402 47 50 54 49 53 51 57 52 56 55 43 58 45 60 59
43 290 50 56 54 51 58 60 47 45 57 44
44 349 53 50 58 60 54 46 48 45 52 57 47 59
45 361 46 50 55 51 48 52 47 56 58 54 49 53 60 59
46 339 57 55 58 52 54 47 48 51 56 53 49 50
47 343 51 57 49 48 59 58 52 54
48 318 53 58 49 59 57 51 60 54 56 52 55
49 427 59 55 60 53 58 56 52 54 51
50 283 51 56 58 59 55 60 54
51 290 60 52 56 53 54 57 58
52 331 59 53 60
53 418 60 54 57 58 56 59
54 251 56 60 57 59 58 55
55 451 58 57 56
56 278 58 57 60
57 271 58 60
58 263 59 60
59 298 60
60 439
