249 1000
1 372 69 125 177 77 13 225 47 104 242 204 83 15 42 54 226 134 102 4 34 236 206 181 141 183 49 9 217 7 28 50 189 73 205 68 163 31 98 114 37 127 41 25 44 174 87 165 227 106 202 210 70 235 222 243 5 159 153 80 195 215 240 224 168 143 148 187 90 126 121 60 74 93 16 192 88 142 244 129 63 24 219 128 92 194 86 112 175 115 186 171 216 91 75 232 36 29 108 97 48 156 105 164 160 167 166 20 249 207 96 99 3 38 45 65 211 6 67 120 12 201 52 230 32 182 33 71 43 239 103 118 149 144 62 53 78 84 220 131 58 241 145 56 212 179 109 22
2 333 39 148 110 99 137 176 126 87 175 20 35 3 205 18 58 125 212 72 36 56 34 88 19 193 219 152 166 143 229 116 111 216 210 54 178 173 23 127 245 179 134 142 190 105 241 25 24 59 96 244 11 17 9 112 240 196 233 100 181 140 71 115 101 136 207 165 26 7 5 232 236 217 44 67 191 14 132 16 169 202 177 46 33 131 8 198 157 209 228 183 53 204 186 214 82 104 172 60 103 220 93 64 156 57 184 28 65 89 135 6 200 242 79 66 38 92 231 68 91 226 113 170 106 76 108 247 129 223 160 107 180 235 86 146 123 97 12 189 109 243 249 234 208 95 155 211 224 90 27 75 42 61 81 144 221 139 120 62 237
3 295 211 243 85 184 32 199 152 67 183 216 144 194 247 37 151 223 129 228 139 241 206 93 58 14 79 187 73 163 94 10 95 82 66 69 174 76 116 196 99 74 218 189 77 63 229 27 195 210 137 35 175 205 68 234 124 39 84 118 86 48 201 248 57 109 143 127 113 227 135 160 42 24 244 167 224 89 7 18 149 65 192 28 4 191 26 12 60 83 98 203 214 51 173 17 92 233 43 171 208 207 81 96 132 117 121 105 162 5 220 157 87 70 238 100 62 44 202 111 54 198 110 21 226 46 219 20 31 131 112 11 25 230 170 140 142 169 22 245 33 180 188 213 13 133 126 52 101 155 179 9 6 29 159 212 34 136 185 156 97 80 190 236 114
4 401 142 139 221 99 249 52 35 161 227 28 48 140 11 45 9 241 113 66 206 133 73 136 202 135 167 155 131 237 96 54 123 203 173 152 164 34 188 248 60 37 242 53 236 119 25 149 87 214 231 165 29 226 22 145 153 208 138 197 125 104 209 83 218 246 238 109 244 78 112 233 77 81 59 105 207 103 50 194 134 20 63 223 44 71 86 175 198 106 32 137 187 76 56 181 79 151 91 68 65 6 240 160 55 100 171 162 75 64 141 121 17 51 190 146 97 102 41 42 199 179 98 232 239 127 148 219 95 90 43 220 182 82 16 211 108 74 229 40 88 243 118 195 176 36 8 62 61 69 49 38 30
5 256 243 44 20 7 45 199 72 176 84 120 15 81 103 52 222 61 174 78 226 143 38 156 18 49 218 166 160 148 11 96 192 212 184 135 43 101 207 245 31 205 167 50 82 67 180 29 200 157 83 244 186 188 34 185 23 223 113 145 149 173 121 87 88 92 14 137 181 89 51 187 85 128 164 219 125 229 97 224 70 191 77 234 209 100 242 183 127 105 27 177 54 196 76 227 117 35 8 171 108 132 37 6 236 151 59 57 153 169 119 65 130 228 216 13 204 39 93 158 36 122 208 154 86 203 95 64 238 98 215 126 24 17 240 213 206 110 210 195 102 28 32 114 190 214 74 144 152 182 62 40 225 47
6 343 233 111 160 97 136 70 223 119 61 116 232 206 28 162 72 163 126 100 77 76 115 237 140 172 158 23 196 166 93 50 224 25 181 135 138 94 245 175 219 33 89 184 193 200 212 22 188 150 134 26 86 52 96 208 197 14 44 216 59 117 43 151 157 199 201 17 34 169 149 146 198 10 171 65 21 204 108 229 112 178 37 159 221 9 241 161 12 18 143 73 179 210 187 107 38 244 247 155 226 246 174 215 230 68 130 123 69 95 63 186 102 239 55 228 168 148 225 164 124 19 192 74 109 231 145 84 57 8 82 99 238 32 132 24 190 202 147 106 45 177
7 251 106 163 201 240 52 105 172 204 143 170 78 111 57 211 147 30 228 140 188 26 190 36 207 107 56 237 22 246 219 101 128 178 192 100 149 104 92 117 98 239 215 79 80 194 200 12 141 63 84 11 227 21 221 19 166 160 191 167 31 134 218 40 145 88 32 165 69 35 65 43 236 70 226 68 41 164 142 151 120 83 214 168 116 112 132 184 18 91 181 59 224 216 75 90 113 48 173 114 249 34 28 233 71 212 109 125 74 196 16 223 189 220 119 213 54 122 186 133 195 96 37 124 152 245 231 62 42 102 209 154 115 17 171 180 9 33 136 159 76 150 13 156 8 29 14 217 99 242 49 146 72 126 205 174
8 357 177 93 127 212 208 195 94 239 82 173 42 122 121 224 225 242 123 153 108 26 146 170 141 132 14 65 92 22 164 51 179 126 249 12 232 43 69 57 30 68 86 117 162 202 160 209 66 9 101 188 90 47 105 154 206 83 136 241 76 13 233 229 245 60 217 112 134 219 64 74 28 248 37 19 150 197 128 165 79 161 17 35 171 244 131 243 29 63 159 81 203 23 102 156 104 174 214 228 186 110 80 75 220 49 226 98 247 235 192 55 187 89 175 18 124 58 147 157 120 167 41 182 84 99 168 199 27 125 31 103 204 137 210 109 155 10 223 21 54 221 40 111 190 106 166 70 205 56 97 240 107 169 191 216 45 201 140 11 207 78 53 178 163 87 184
9 392 204 52 75 164 210 19 59 34 18 68 50 81 214 189 73 146 205 123 236 241 224 227 247 140 117 203 198 179 145 238 170 69 183 231 97 29 138 213 200 141 130 184 169 33 136 192 54 217 25 165 63 94 131 185 83 151 28 82 148 112 101 177 139 212 122 14 113 132 174 85 133 119 71 235 234 21 22 93 178 100 70 233 47 120 64 161 99 109 67 143 10 218 61 23 105 35 37 80 246 201 134 222 208 84 167 128 159 57 86 226 211 116 172 77 111 110 193 240 232 242 249 62 244 53 89 225 58 237 106 42 147 125 155 92 48 44 186 163 150
10 261 113 14 81 179 184 66 101 163 23 132 189 122 171 130 90 242 97 191 80 193 36 126 107 105 83 11 41 85 60 133 100 116 65 114 20 18 98 138 55 61 162 175 64 63 188 235 95 204 161 212 158 143 25 34 69 219 111 56 33 115 167 78 49 68 249 153 119 121 172 93 141 127 46 151 244 236 17 180 152 241 19 243 227 106 214 183 216 228 136 71 15 118 232 47 217 94 102 32 181 160 110 170 43 125 233 31 82 215 156 117 194 187 72 173 70 155 139 186 197 13 247 38 238 52 39 148 87 202 96 169 62 108 29 134 223 88 157 53 35
11 357 247 86 230 50 104 174 190 125 22 215 231 164 64 133 242 36 112 113 35 29 142 93 160 46 185 191 106 193 45 65 124 92 235 187 198 28 107 132 182 166 165 59 116 97 21 58 33 224 90 71 229 145 226 102 241 158 15 192 213 54 98 101 172 24 137 209 75 214 83 34 186 27 178 217 196 120 194 170 151 134 249 129 208 155 60 30 85 232 67 168 127 62 56 141 245 14 32 146 66 68 222 70 26 84 156 13 77 12 202 80 240 200 238 180 223 47 136 205 52 243 207 25 203 189 201 163 96 126 131 40 19 103 42 49 147 188 39 150 72 108 130 44 128 53 154 117 55 248 176 219 76 138 227 48 218 20
12 382 94 127 16 156 71 144 108 196 115 96 215 240 29 77 222 51 73 201 65 210 173 243 57 168 149 248 129 27 200 193 213 199 88 24 13 81 103 161 141 44 159 135 183 91 228 237 169 112 28 89 185 163 171 170 19 223 105 236 25 231 225 53 49 162 152 90 75 188 216 235 148 155 35 58 217 33 31 26 247 48 46 82 227 55 36 204 195 244 42 23 154 43 233 211 79 167 116 110 60 97 218 147 187 114 137 113 38 102 157 214 84 206 133 229 234 131 47 22 122 221 181 239 174 74 95 151 66 209 176 175 78 126 123 32 92 99 59 39
13 308 63 173 178 151 76 70 211 108 224 138 195 141 104 65 213 230 134 140 180 90 38 223 241 185 197 40 37 183 49 95 106 231 79 28 50 175 120 137 212 72 123 220 118 127 226 36 17 26 196 215 52 169 83 163 105 171 232 126 130 100 192 206 57 86 22 160 200 143 219 149 162 103 172 135 29 94 64 23 81 234 69 115 78 174 136 165 82 67 233 205 66 238 41 51 166 47 152 204 201 125 187 236 128 93 117 222 239 55 21 75 227 42 240 176 154 142 62 101 31 80 98 112 167 59 157 193 19 133 89 122 208 246 159 84 132 218 235 170 191 32 129 139 248 203 179 186 216
14 405 106 115 214 75 249 34 184 157 230 41 130 68 56 92 80 69 144 198 94 126 238 149 234 57 46 237 186 65 112 236 205 43 20 212 189 39 191 239 247 35 136 118 101 164 203 52 160 201 99 91 217 248 176 114 246 169 116 209 178 124 58 185 145 54 202 233 193 245 150 66 195 168 123 172 139 199 244 143 210 95 226 179 171 48 83 224 231 228 131 167 78 192 51 222 86 173 129 47 211 242 84 26 135 161 132 53 85 213 23 117 122 97 141 111 225 110 120 151 76 220 67 72 229 50 37 119 197 109 232 208 156 182 187 74 218 107 215 60 17 28 240 93 227 163 128 133 18 96 31
15 287 193 102 90 54 77 188 207 246 205 106 169 219 117 36 137 127 114 147 32 93 242 17 210 244 245 50 22 34 221 30 171 157 249 139 69 172 20 189 70 42 236 222 185 41 126 80 234 203 170 107 135 142 131 145 143 167 201 178 238 35 159 113 61 95 190 208 133 71 235 118 216 166 121 73 16 29 96 223 173 74 130 62 136 154 37 141 225 158 183 56 83 51 129 134 97 125 65 240 174 232 44 230 75 27 100 151 218 57 38 224 202 192 99 63 231 195 124 153 227 115 68 72 55 18 58 168 82 81
16 332 89 40 124 84 73 178 83 183 21 155 242 224 241 58 35 61 143 156 187 36 134 203 198 49 170 135 169 114 20 153 200 162 71 222 244 219 25 128 19 192 85 234 65 129 173 186 50 82 133 220 52 140 196 233 225 120 207 235 30 210 76 28 217 221 172 96 121 223 81 237 159 139 99 66 166 64 195 59 86 95 87 131 94 126 75 67 111 108 185 249 53 115 27 23 24 199 107 105 179 214 45 238 202 38 248 180 164 101 80 182 44 62 109 230 78 72 184 213 22 168 37 226 163 154 77 68 43 218 112 175 136 31 205 197 145 97 98 194 191 54 216 102 157 147 33 57 60 151 167 32 47 127 158 240 51 188 228 181 46
17 409 80 230 167 93 44 118 130 47 119 129 226 46 135 227 73 77 150 131 202 82 176 52 153 43 60 128 168 245 127 199 114 215 30 120 165 222 62 200 149 85 144 209 236 175 59 106 19 53 72 145 21 186 61 174 191 24 204 142 244 68 86 237 105 56 94 23 87 221 211 162 249 193 54 39 240 69 100 194 166 29 201 185 159 232 233 139 67 111 217 104 172 155 126 97 246 224 223 152 41 171 63 48 101 179 160 183 212 92 228 151 184 51 110 219 177 22 83 208 78 27 95 143 218 45 20 37 136 164 81 234 225 18 113 33 79 58 122
18 259 91 87 59 247 55 207 178 186 170 211 187 88 114 101 68 73 49 67 195 123 150 128 81 26 43 156 233 108 111 154 238 98 209 184 139 120 214 176 31 33 177 37 244 36 102 129 190 229 50 24 225 153 206 105 185 145 159 76 213 61 21 191 198 79 235 157 175 20 63 132 240 231 131 82 109 46 75 66 205 72 56 162 47 97 85 41 180 167 147 192 51 193 243 124 35 149 203 166 89 248 121 28 245 80 146 164 202 249 39 222 65 92 130 107 32 29 71 151 48 118 96 228 103 74 19 69 181 179 133 86 60 196 122 194 44 144 188 208 106 210 160 140 52
19 314 177 208 103 126 231 118 88 178 23 207 64 182 214 26 78 158 122 187 225 69 179 169 228 145 247 183 168 202 86 175 108 40 198 102 148 186 84 51 45 147 111 76 204 61 218 234 66 142 205 90 101 153 96 114 242 211 56 235 152 216 57 106 29 43 233 99 75 30 112 224 138 129 48 156 60 124 146 72 20 109 150 240 151 47 203 210 125 172 39 49 154 139 21 130 113 115 59 161 192 134 149 62 180 221 219 70 44 209 227 215 120 193 79 68 173 65 213 95 167 34 136 119 197 89 248 104 165 117 140 163 230 38 244 223 46 188 190 41 176 143 131 132 35 144 141
20 325 115 151 96 30 131 56 158 93 176 175 135 210 228 122 117 180 165 29 59 53 186 168 234 105 57 136 114 72 147 201 187 25 177 150 55 60 74 230 70 97 84 109 71 204 237 91 58 118 236 125 215 229 46 185 233 133 38 134 152 155 88 217 33 149 207 104 98 203 73 153 159 75 195 116 169 37 54 22 21 239 173 78 92 144 85 235 24 120 232 216 211 86 222 130 161 182 94 80 192 121 40 156 128 248 238 143 41 62 50 83 123 226 63 212 44 145 157 223 170 193 47 51 127 197 49 82 148 167 34 95 172 188 69 191 101 68
21 361 56 110 238 93 147 150 199 53 194 125 213 130 220 202 219 89 208 235 228 64 43 41 207 226 151 162 154 203 135 233 76 42 242 86 72 65 51 247 58 121 180 158 81 170 191 198 152 169 83 217 106 79 137 136 44 94 63 74 32 49 52 36 181 211 237 134 161 90 184 172 210 47 164 119 196 122 225 131 28 246 39 75 175 132 224 82 24 45 34 84 120 204 129 113 108 244 190 229 87 166 62 116 143 230 33 156 138 249 239 234 192 80 29 173 222 100 71 124 117 57 88 232 105 26 153 102 245 174 187 193 127 167 69 77 200 98 197 114 50 221 92 40 248 55 68 240 165 111 99 185 212 107 186 104
22 295 71 152 130 31 86 191 142 34 151 223 120 54 56 199 88 183 141 143 176 84 98 146 235 81 189 43 211 203 159 95 104 170 148 52 114 136 224 184 246 168 40 107 212 139 78 215 110 190 96 145 90 122 37 174 30 216 178 94 225 155 23 164 62 171 113 182 123 230 32 105 231 248 150 121 194 46 115 209 125 47 60 213 210 243 33 72 65 126 61 193 218 200 188 64 192 201 70 147 76 59 175 238 135 128 160 242 206 232 226 217 27 73 138 89 108 220 118 68 233 48 97 247 45 101 186 163 180 228 85 134 241 137 53 202 51
23 266 225 199 128 62 73 196 34 123 87 132 109 37 26 232 104 136 228 138 156 141 103 169 78 155 180 119 185 125 164 130 188 144 205 122 208 137 147 54 200 43 69 178 140 44 143 39 95 52 227 220 194 101 64 31 93 89 118 92 120 158 172 83 202 146 70 203 106 234 58 81 173 216 80 45 238 36 153 186 117 161 142 182 191 108 42 197 230 160 131 98 114 100 99 150 110 231 213 28 66 84 96 247 193 65 248 24 116 53 210 68 163 32 204 189 179 61 229 159 222 127 239 171 215 126 209 75 90 139 121 72 166 214 129 67 27 152 184 235 82 48 176 63 167 38 236 242
24 439 164 92 116 207 33 84 54 53 197 63 245 231 95 215 108 222 226 46 201 166 224 208 48 109 25 169 78 62 74 204 127 247 96 241 154 191 180 152 214 47 174 188 244 55 80 187 111 28 160 219 93 113 193 99 196 58 243 248 30 76 60 235 192 77 124 32 147 31 107 153 81 249 104 175 195 135 149 220 172 129 136 79 26 128 223 242 229 221 237 43 141 70 130 27 57 150 72 134 97 156 82 205 209 38 140 41 100 133 106 173 115 142 198 236 213 45 103 232 138 203 118 83 165 228 151 56 117 52 158 217 73 163 88 168 194 189 206 171 119 59 239 170 233 131 179
25 349 183 91 46 177 147 212 215 102 132 31 137 206 133 169 95 163 70 117 186 41 40 27 118 94 211 128 143 194 141 114 34 139 191 33 101 180 73 148 217 227 200 123 248 87 188 80 109 86 166 38 59 193 162 228 202 66 244 107 157 92 121 187 134 64 63 236 74 182 71 97 105 81 111 241 230 48 203 237 170 221 223 220 216 146 93 122 189 125 61 58 195 55 225 174 124 26 54 175 205 131 245 110 45 239 218 138 126 103 172 222 165 167 72 184 209 62 192 219 238 129 231 142 199 196 79 120 179
26 339 40 130 182 193 204 211 160 242 151 64 171 198 218 60 183 187 81 158 94 135 202 233 59 172 234 228 192 162 185 147 141 138 106 73 186 240 189 54 223 49 71 124 131 221 188 72 80 227 210 246 43 155 93 201 99 62 89 86 30 126 88 29 176 168 41 215 70 225 230 102 178 239 161 133 90 238 36 153 125 101 148 244 195 184 63 154 115 213 249 144 156 190 85 77 140 127 199 222 83 205 143 100 232 235 95 61 220 137 136 132 196 197 111 66 120 112 97 212 98 56 69 167 217 50 165
27 312 105 192 193 113 165 225 33 138 207 237 96 198 216 38 89 186 60 124 148 44 143 160 140 221 181 119 174 228 234 227 242 162 213 137 188 247 67 218 129 154 173 136 194 82 169 72 45 34 36 55 31 101 155 139 59 177 112 83 241 93 182 187 197 231 223 68 179 95 58 175 88 170 50 52 204 176 43 163 48 134 133 46 203 71 210 66 54 161 85 114 49 79 244 189 35 145 206 53 41 104 130 226 73 248 147 135 106 122 99 184 229 91 141 39 208 200 120 40 98 164 190 202 146 86 100 30 118 249 212 87 152
28 250 30 124 244 56 53 116 168 224 236 32 119 225 43 103 151 121 83 222 167 165 113 111 240 204 197 184 170 140 36 62 117 50 187 180 246 171 229 102 228 112 41 55 66 89 233 245 243 230 68 135 145 191 133 149 200 159 92 60 139 231 88 59 73 238 172 169 202 220 61 54 100 101 104 209 79 126 42 125 132 156 219 215 234 115 189 144 48 212 138 52 186 196 166 57 239 142 248 70 78 193 35 179 69 64 174 86 46 134 235 175 158 47 80 152 194 232 201 122 208 223 161 173 90 190 183
29 265 204 151 45 129 85 146 86 181 144 139 179 121 228 198 206 178 207 32 219 241 215 59 114 138 195 73 69 152 162 43 110 120 92 48 112 34 142 160 191 118 128 125 39 56 176 88 109 233 170 145 214 78 154 107 247 62 71 183 79 58 111 119 226 41 75 173 141 248 135 150 205 230 167 229 127 31 36 101 180 60 74 66 202 99 57 153 186 105 30 35 174 83 136 70 123 175 84 222 68 44 213 244 50 81 192 159 72 208 163 171 188 224 65 184 53 37 242 225 63 54 76 47 217 234 108 130
30 485 95 224 192 222 120 144 210 178 164 64 82 136 220 59 194 219 189 62 162 173 232 200 102 195 181 103 197 140 226 112 77 185 48 132 138 150 38 93 35 47 106 170 33 96 217 60 97 111 207 41 190 127 167 182 87 44 49 148 155 58 241 228 57 242 187 52 78 179 206 72 117 202 152 51 157 143 68 69 34 130 86 71 115 109 213 88 249 214 67 215 183 56 230 79 107 65 101 122 119 245 159 83 99 227 229 36 128 218 237 75 118 110 31 113 168 216 212 172 146 205 188
31 280 92 210 100 235 135 42 171 172 106 209 163 168 179 230 196 53 150 204 149 44 187 238 139 72 214 215 131 177 240 180 99 32 161 51 167 143 41 74 47 85 144 185 164 133 184 208 160 146 76 159 201 245 227 83 71 115 197 49 121 224 191 236 37 140 223 176 200 217 50 182 67 94 40 101 116 165 134 189 228 137 58 56 48 61 155 70 65 103 79 86 114 152 213 183 221 93 158 241 132 142 226 66 109 147 39 195 119 151 154 60 231 136 107 198 130 218 82 33 237 148 91 206
32 254 151 131 90 84 103 153 165 218 195 166 199 190 157 38 85 146 34 39 65 221 92 137 76 140 130 176 54 170 164 180 70 162 186 105 193 125 191 120 173 155 93 74 61 144 56 117 161 212 145 207 247 206 220 171 57 63 215 50 129 52 229 35 123 87 198 211 240 82 200 116 73 53 167 232 149 201 187 214 244 88 99 71 136 75 114 224 148 182 58 239 237 163 36 216 192 121 122 115 46 184 42 203 147 132 107 174 181 243 217 152 168 98 60 48 133 197 110 222 225 134 100 95 150 113 33 189 175 208 204 185
33 466 37 82 150 43 203 195 62 237 137 123 175 235 50 70 222 147 246 239 108 130 152 102 118 192 111 125 200 54 124 71 95 162 161 212 247 61 83 244 224 194 34 225 223 189 231 211 38 72 132 174 96 79 159 179 120 193 218 67 207 180 245 40 97 232 89 80 227 85 168 110 213 112 51 100 121 115 243 149 126 59 164 63 165 214 47 86 139 153 242 134 206 173 74 151 35 88 176 91 184 65 197 187 160 233 166 198 217 155 188 167 157 92 73 196 229 117 148 55 177 45 98 221 249 101 191 226 122 99 215 114 204 178 42 127 216 104 210 105 77 170 81 41 133 208 209
34 328 242 170 169 223 37 138 178 68 160 240 87 41 211 168 135 205 79 73 193 237 57 229 104 114 89 126 85 172 58 214 48 95 238 66 156 52 152 69 210 234 117 236 83 62 198 122 132 243 35 45 50 239 146 191 233 231 179 220 103 248 101 246 195 77 80 157 84 190 171 113 150 204 222 131 137 110 115 203 175 82 107 249 134 141 245 61 139 197 165 67 218 119 125 51 65 145 64 201 140 164 163 43 46 75 55 124 102 147 217 130 109 151 63 116 98 128 78 94 202 192 182 56 159 100 228 230 206 86 176
35 400 203 177 225 137 180 96 176 155 79 133 215 158 200 247 61 201 211 189 121 143 184 166 196 164 187 106 194 93 85 49 216 53 140 186 81 95 136 243 204 123 122 84 107 125 162 72 100 183 127 163 58 91 214 151 226 173 41 167 193 165 233 126 246 47 124 66 192 80 191 206 198 160 212 149 90 197 213 242 94 228 230 205 244 113 99 65 222 245 97 178 39 135 51 101 188 240 103 36 109 73 44 63 148 231 71 108 112 174 144 56 38 118 119 239 235 237 241 111 52 88 179 132 199 89 172 42 115 54 202 169
36 272 76 105 177 51 140 222 75 145 124 58 96 116 243 123 238 130 131 248 202 233 78 195 61 85 55 52 125 95 126 199 225 237 242 230 162 62 154 211 108 91 81 135 241 185 129 156 48 114 209 68 101 189 163 70 150 104 40 180 234 53 247 115 144 94 99 43 226 60 49 152 245 218 98 184 73 50 206 160 198 84 171 86 109 66 106 196 187 239 146 193 119 112 178 67 219 157 217 87 232 249 136 221 173 100 64 182 215 190 147 212 165 122 175 37 47 88 229 102 200 45 197 183 148 194 240 120 39 167 201 138
37 370 244 72 215 122 55 94 129 124 45 153 133 51 222 90 100 80 188 240 156 224 227 74 60 62 152 89 231 235 56 225 245 84 242 180 58 209 103 121 239 91 183 249 63 61 141 146 101 109 64 88 107 76 211 193 230 164 52 154 168 75 116 213 210 136 73 246 217 166 39 219 202 165 189 238 150 171 113 110 143 155 197 169 53 120 241 191 218 111 177 160 203 68 128 83 167 139 49 71 112 221 181 216 147 179 149 104 161 184 214 201 96 186 226 199 115 66 118 206 151 192 86 95 232 229 106 132 187 247 194 248 78 228
38 292 157 222 203 112 160 225 126 71 150 249 84 154 87 52 116 74 207 180 175 53 237 68 244 184 214 159 77 146 94 189 40 234 130 199 148 144 245 108 133 95 235 79 121 191 216 240 166 165 185 89 81 149 102 238 151 105 164 243 155 109 111 232 62 167 66 201 60 171 143 248 72 75 198 210 119 196 230 92 69 186 85 217 158 213 169 106 228 104 178 99 70 47 153 64 188 125 194 208 80 242 182 215 48 78 173 202 137 50 67 246 100 229 118 134 54 204 174 187 93 179 136 219 132 58 152 45 82 90 83 197 142
39 338 126 45 116 138 124 107 151 51 206 225 41 130 88 214 187 145 104 221 59 162 148 235 133 175 80 180 188 66 185 183 201 146 111 171 94 167 217 91 129 101 243 239 69 105 99 147 65 122 219 202 102 89 207 127 156 237 228 106 43 241 174 231 139 78 205 192 112 57 79 157 64 72 176 210 215 56 144 189 58 166 84 44 119 193 197 169 196 211 218 118 173 208 117 223 136 68 135 121 50 232 81 248 216 40 83 82 179 236 97 141 238 198 125 95 75 181 172 120 54 131 77 73 115 154 47 55 93 233
40 480 74 233 155 180 209 249 99 72 242 218 116 246 59 69 58 50 236 120 70 182 56 196 173 166 102 48 219 226 84 91 195 179 214 49 137 94 118 119 132 151 244 135 117 145 212 136 235 170 97 229 248 220 141 152 169 81 100 78 245 112 232 92 107 181 222 186 76 124 147 187 168 165 45 191 80 61 93 129 188 64 86 211 223 156 53 105 239 88 153 43 108 122 60 160 185 109 205 228 138 103 126 46 247 243 140 148 190 210 207 71 83 52 150 189 200 134 175 98 164 176 203 206 230
41 270 163 48 246 224 146 79 109 145 220 50 219 123 199 242 210 174 222 67 140 118 216 151 135 176 228 74 159 144 165 221 148 134 87 89 200 60 190 203 153 155 143 43 69 205 138 188 42 189 237 158 204 108 192 57 98 72 125 75 141 92 225 195 55 82 51 46 238 201 167 197 214 105 156 119 172 191 128 93 230 160 100 63 107 117 232 182 76 181 124 88 196 161 59 101 147 65 95 187 245 110 64 131 173 139 217 103 58 198 244 47 162 236 61 127 168 80 94
42 250 43 219 248 197 148 195 151 112 178 128 117 239 101 246 89 244 201 199 153 120 53 142 176 233 196 107 145 174 77 136 241 231 88 184 71 44 157 46 161 150 207 76 235 85 185 67 167 212 200 170 165 137 147 139 75 73 81 103 152 198 229 160 149 171 104 143 236 194 228 65 182 237 138 190 93 61 74 238 134 192 72 99 205 129 230 106 78 193 96 57 79 144 245 47 86 84 119 140 63 48 159 68 121 109 100 102 60 56 166 223 155 243 111 216 59 249 64 164 132 215 146 50 172 158 97 90 222 98 177 91 82
43 253 117 196 178 234 232 150 44 137 165 103 187 76 174 86 166 81 109 206 84 125 214 215 169 156 228 200 135 238 230 114 161 52 226 244 243 48 223 88 241 140 96 149 75 197 173 97 222 107 87 56 198 211 213 69 60 126 233 152 70 191 131 220 199 235 82 177 108 219 54 248 119 100 193 124 79 221 147 194 133 203 102 188 175 111 49 128 53 129 55 51 59 104 168 89 120 92 247 195 231 77 45 138 171 229 78 134 208 202 65 83 155 115 249 245 110 158 98 91 181 240 123
44 459 182 239 249 247 138 171 108 169 248 240 216 47 97 172 170 212 179 149 114 143 211 124 129 200 70 183 152 134 45 189 224 223 82 234 89 163 150 71 133 148 180 96 145 116 66 104 246 222 210 174 153 235 243 238 176 185 231 213 130 226 230 62 85 111 137 94 215 48 84 144 140 100 208 86 88 69 197 79 155 205 194 110 115 184 160 220 120 159 81 218 61 191 67 75 139 142 93 80 195 175 156 227 109 161 54 178 51 228 181 106 164 57 63 204 56 78 241 199 73 65
45 288 184 142 225 48 135 210 52 133 197 106 129 134 84 90 86 172 101 180 190 226 131 71 147 200 228 150 212 114 126 166 201 69 211 144 240 104 178 248 140 188 99 51 168 55 139 221 111 167 232 58 63 53 245 164 60 83 181 47 56 220 214 183 156 108 176 112 219 199 155 118 154 75 46 62 127 67 54 224 70 222 160 123 110 243 132 162 96 65 116 186 215 174 94 202 76 81 148 159 50 198 171 117 143 119 216 217 97 89 191 249 241 68 78 233 229 141 149
46 287 142 120 102 129 233 187 229 199 76 222 88 166 242 198 170 220 214 183 206 232 165 202 151 98 144 157 243 77 94 70 140 182 141 90 158 53 224 106 139 74 113 231 104 67 215 62 103 109 124 168 210 241 249 150 238 138 126 218 205 217 244 93 54 69 128 179 145 192 239 55 59 50 85 201 204 58 48 107 219 114 230 181 143 208 130 173 216 190 247 75 161 52 64 196 99 167 236 148 136 200 191 213 112 83 49 81 57 127 60 66 133 171 175 82 116 207 240 68 80 121 193 185 235 176
47 408 188 70 158 227 60 157 159 195 148 193 242 127 135 82 248 187 110 223 73 226 86 139 68 77 112 91 153 154 65 74 137 190 246 63 201 182 172 89 76 238 192 50 213 102 144 98 80 78 147 204 132 48 199 224 219 203 231 166 106 129 194 125 228 79 183 175 99 55 218 184 146 241 62 243 235 202 198 124 97 92 196 64 173 52 109 143 214 104 81 205 229 174 88 116 133 84 111 53 186 149 161 57 177 101 151 87 167 72 69 134 113 176 51 54 128 130 210 247 123 96 209 162 170 240
48 305 134 93 125 178 90 145 249 137 216 77 60 205 135 97 164 141 76 166 238 102 186 100 110 107 180 195 62 154 214 124 57 242 174 142 211 50 58 87 131 111 69 222 138 148 103 139 151 229 95 94 224 181 147 243 52 132 173 220 237 248 183 219 170 113 54 196 59 115 74 114 209 232 120 201 119 218 203 247 73 187 210 244 53 144 104 158 85 122 160 161 221 185 70 121 217 63 80 179 66 212 98 168 129 109 96 202 72 188 169 162 112 199 106 230 56 78 118
49 340 194 195 97 84 215 166 186 240 72 124 158 52 188 239 199 102 168 78 99 116 63 142 111 129 187 164 121 58 125 75 181 156 198 155 197 117 81 76 169 104 222 243 193 206 123 203 182 82 96 148 79 113 167 109 100 57 103 171 88 248 224 73 101 136 85 133 128 137 144 190 94 51 61 244 89 226 90 247 221 225 140 237 56 131 234 205 143 236 50 70 218 163 53 170 54 173 219 141 86 62 114 242 146 233 202 135 93 210 106 153 105 69 232 122 217 165 108 231 230 67 126 119 149 212 150 145 192 65 214 178
50 303 69 63 138 173 164 157 71 78 248 132 124 217 184 158 54 122 130 98 244 65 155 195 160 176 74 87 199 190 111 191 249 81 92 143 189 177 126 52 243 114 108 56 204 128 175 117 93 213 60 82 242 107 136 239 134 200 147 129 105 83 139 233 66 168 84 145 110 221 216 231 169 224 230 186 237 97 91 238 192 125 151 240 101 197 127 235 208 234 89 53 174 146 211 212 194 121 106 226 103 100 207 223 141 227 205 170 67 150 153 104 68 85 51 116 206 218 161 171 86 120 201 80 64 62 135 142 236
51 357 192 136 138 64 60 115 152 71 134 232 205 216 66 59 194 78 218 176 182 109 249 210 123 230 240 114 185 144 180 242 112 184 188 101 187 196 82 81 85 88 217 130 140 214 65 175 96 172 83 118 220 124 90 161 181 113 150 171 157 243 79 158 105 58 159 149 206 178 72 226 146 127 247 235 126 132 191 238 179 52 162 54 73 87 186 76 166 104 148 183 129 97 67 208 165 245 190 95 246 174 227 153 209 236 223 63 169 92 198 94 103 135 143 84 204 221 241
52 274 108 159 172 184 124 206 216 186 82 86 188 62 245 76 164 166 98 104 114 70 144 195 240 169 102 193 239 224 235 202 222 147 99 196 221 201 197 110 134 58 211 185 69 199 127 160 205 233 163 61 107 59 209 65 178 174 60 220 214 73 198 203 212 179 158 242 80 146 249 71 243 88 143 118 200 103 91 112 151 66 106 230 192 139 208 165 218 67 228 232 138 55 241 72 182 204 95 126 152 175 93 123 227 133 145 244 157 237 128 181 57 116 75 248 153 173 84 154 68 183 217
53 447 88 86 118 237 235 217 199 95 172 111 110 223 209 216 243 226 249 105 218 89 201 80 206 64 184 192 177 175 146 130 134 231 205 224 182 124 96 244 97 151 94 93 166 70 122 247 116 91 71 69 72 215 183 176 103 140 221 186 240 85 102 119 59 67 155 90 189 61 144 68 142 222 230 135 158 220 179 211 56 236 149 128 153 57 196 188 214 191 208 136 241 225 152 162 147 227 76 219 55 132 98 62 123 248 58 107 204 193 187 239 84 139 164 125 246 213
54 279 124 70 158 238 58 214 207 148 116 164 221 101 172 98 78 248 222 230 118 134 239 182 113 77 242 199 176 202 244 120 234 209 180 68 141 185 218 195 149 76 247 97 64 125 131 74 135 226 92 108 142 154 160 96 115 236 137 85 67 130 144 245 127 200 228 80 201 136 163 102 198 249 109 190 66 128 165 220 122 224 61 187 110 79 157 103 119 89 117 213 123 99 188 87 171 55 60 111 168 204 150 189 181 177 72 227 104
55 360 87 92 184 80 219 134 131 192 174 178 157 189 229 171 132 244 222 66 200 241 88 156 179 183 125 175 242 116 188 76 130 153 191 102 163 64 144 95 117 119 101 182 176 124 90 96 197 94 79 230 129 109 214 173 168 91 160 106 162 100 98 122 195 128 203 218 138 231 227 186 246 237 97 226 136 224 166 74 202 249 82 70 223 104 205 201 58 143 172 145 238 103 111 154 235 123 139 211 81 187 86 225 210 233 177 63 209 194 146 155 59 115 247 93 206 167 165 164 248 112 159
56 253 68 104 105 83 190 158 91 208 186 62 93 70 237 218 239 174 61 165 185 150 109 99 231 78 82 79 153 202 213 176 59 112 147 140 205 216 183 95 215 64 220 184 163 229 115 125 222 118 161 139 57 151 94 198 192 197 129 228 242 77 123 160 159 180 235 194 84 92 189 245 107 65 101 102 156 170 249 130 187 90 210 162 241 211 234 223 152 97 124 181 63 182 122 134 87 127 96 164 177 175 74 75 58 167 224 201 71 100 246 171 227 121 131 230 137 244 149 141 207 88 233 81
57 387 71 101 75 219 214 201 113 92 186 231 233 239 85 117 95 127 189 132 135 246 208 137 130 183 160 204 80 128 228 122 156 221 209 248 172 67 102 223 124 121 149 159 181 74 169 73 171 165 144 164 218 78 97 64 93 81 222 217 192 191 212 69 245 142 199 215 111 68 205 196 180 151 185 225 60 194 115 235 63 226 176 203 125 83 211 108 133 58 104 129 87 114 166 234 139 106 173 236 157 61 66 243 112 150 70 232 220 242 118 249 76 206 170 240 86 79 136 100
58 390 194 161 216 61 101 202 136 97 117 168 103 129 175 227 142 220 147 182 170 108 120 215 92 132 106 124 122 233 174 73 95 154 94 172 221 75 114 149 131 189 207 67 81 64 104 113 165 173 150 69 212 68 230 151 100 169 115 238 179 141 186 199 145 234 78 239 116 123 107 60 87 82 84 204 244 71 184 153 63 126 137 139 163 203 80 70 127 209 102 237 134 144 176 167 225 231 197 214 91 98 156 246 162 240 187 99 213 235 198 135 76 105 148 242 241 196 143
59 347 137 124 175 134 86 149 148 145 243 179 96 240 182 221 77 206 128 167 125 183 67 210 247 78 85 245 236 111 132 248 165 212 116 65 227 184 100 189 202 223 163 164 203 95 190 141 155 233 103 216 218 166 225 117 99 226 71 169 157 241 83 194 170 82 113 136 119 177 102 142 105 173 90 198 108 76 91 73 195 196 147 191 186 237 62 222 174 181 92 79 68 161 220 87 230 204 146 207 159 122 188 135
60 263 191 211 99 147 233 244 228 118 167 242 216 185 141 73 196 225 248 117 105 175 86 101 133 125 214 213 236 79 64 169 240 226 181 70 77 139 61 121 137 246 179 232 156 103 110 239 157 126 111 131 203 138 210 98 112 190 144 115 83 223 173 184 199 178 198 106 153 197 170 159 134 146 72 241 145 119 245 130 71 206 209 81 176 154 151 195 243 202 66 235 222 62 91 149 229 200 142 172 132 113 150 96 127 76 88 183 227 194 164 109 107 224 114 171 205
61 444 139 156 136 63 169 120 96 129 102 126 138 219 160 204 68 108 90 187 246 72 119 248 233 117 62 214 149 174 168 67 190 212 215 66 65 178 87 116 130 75 227 247 175 188 80 202 100 184 208 185 179 193 113 209 163 189 132 135 200 83 155 101 84 170 234 145 107 244 196 195 180 115 144 223 106 150 167 222 218 88 171 205 74 98 94 226 217 157 125 177 147 114 134 241 221 71 186 199 228 238 122 79 232 165 194 242 181 229 206 131 141 197 91 85 86 152 235 231 153 76
62 297 79 203 178 210 113 143 197 156 168 218 103 199 181 137 115 76 245 74 69 179 200 208 212 163 96 207 202 66 91 170 130 166 249 180 99 146 108 139 77 154 211 214 198 147 122 95 73 188 101 174 248 185 114 215 183 88 175 98 225 81 190 89 205 110 68 187 157 148 219 117 85 191 86 133 230 239 223 136 105 116 238 135 227 84 140 165 158 224 171 222 240 90 159 195 63 232 65 164 82 153 121 126 141 201 226 152
63 259 99 146 130 153 106 139 136 239 78 210 145 241 174 90 171 84 143 188 206 173 242 72 230 193 158 183 233 228 107 133 168 226 121 179 187 222 170 164 128 66 151 79 80 215 207 234 86 91 212 156 111 214 205 245 238 204 122 81 116 224 141 76 161 180 98 92 87 83 225 167 110 220 209 216 119 147 95 67 229 135 235 201 132 191 208 199 236 144 219 148 70 118 114 103 192 85 89 237 176 73 75 185 93 197 202 213 249 65 88 198 203 218 142 64
64 379 91 129 178 240 86 74 112 205 140 137 244 66 126 89 248 73 72 198 114 206 173 213 127 121 186 107 233 194 115 232 134 227 95 237 77 239 181 222 122 241 221 190 123 193 216 113 103 219 102 124 185 81 246 207 168 145 172 150 159 76 158 235 118 69 197 108 236 229 75 182 210 87 177 96 199 100 223 119 166 98 136 131 204 224 110 106 238 195 143 84 225 196 231 117 169 101 142 135 180 78 148 200 174 99 68 79 220 191
65 286 171 240 191 228 104 168 204 70 236 158 120 67 237 68 231 118 119 123 194 100 157 142 77 181 121 135 111 109 187 88 198 186 131 167 89 147 91 161 160 82 224 217 141 145 243 98 232 234 99 86 139 124 113 218 84 179 87 151 242 209 140 66 149 233 177 155 136 183 83 172 134 241 132 69 143 81 116 166 207 74 148 117 73 205 174 72 170 146 216 97 201 71 189 156 184 96 90 137 95 203 206 105 85 219 127 159 193
66 335 141 110 188 83 98 239 161 136 91 134 178 231 102 210 226 185 86 93 235 234 177 68 219 97 162 101 133 193 143 69 130 80 131 70 238 246 223 165 170 137 153 147 179 171 144 200 87 176 166 194 108 146 84 79 195 73 135 116 182 151 212 119 142 140 247 94 75 114 236 120 217 232 109 163 175 249 192 138 127 218 100 209 213 160 174 183 128 180 240 196 156 157 106 221 126 216 181 229 220 245 76 186 224 129 230
67 320 71 70 91 140 239 196 168 169 221 208 150 123 228 73 164 77 215 76 246 89 134 222 133 245 237 130 166 94 233 78 75 185 149 202 240 154 83 105 110 175 87 236 172 213 111 183 106 235 184 212 104 189 176 192 206 180 241 93 82 247 136 199 163 244 144 226 107 143 141 157 99 109 155 205 103 231 224 186 210 177 181 151 92 203 96 148 195 128 137 114 69 120 200 207 159 84 179 90 214 79 142 146 125 153 167 72 113 122 74 98 193 216 227 218 116 80 100 223 229 238 219 188 178 174
68 295 104 92 116 114 222 145 109 233 117 71 190 89 189 72 214 225 70 192 93 206 150 113 107 235 137 203 126 201 161 198 84 193 241 101 196 217 75 182 111 147 121 234 174 156 157 181 129 143 133 209 211 162 136 110 199 88 173 102 131 124 155 103 245 154 86 176 115 243 248 112 167 85 205 218 230 232 151 169 244 231 216 135 229 165 175 140 186 207 158 171 132 100 138 159 208 98 197 139 236 166 210 90 78 239 141 160 238 108 224 99 221 94 215 149 164
69 385 167 233 225 135 203 95 176 226 79 185 182 184 100 216 158 121 195 70 247 239 159 213 227 240 241 112 215 83 161 201 123 120 101 170 94 236 76 196 116 80 81 183 180 152 200 193 164 190 228 134 91 199 143 147 248 209 224 220 246 144 126 132 214 119 131 151 85 155 108 206 154 93 127 189 78 141 238 171 105 128 186 163 178 137 168 107 111 98 237 74 77 109 230 245 136 169 99 187 188 219 153 124 210 103
70 445 118 80 162 213 201 102 159 107 220 124 191 112 129 248 122 119 148 109 184 226 106 203 172 194 175 116 168 217 108 166 238 100 140 74 147 214 125 94 101 206 154 145 75 128 73 222 219 71 78 151 199 98 99 188 89 114 103 176 183 195 123 138 241 121 209 131 236 215 95 96 158 224 157 179 239 235 189 160 174 134 130 218 245 155 139 92 242 170 77 208 202 146 136 210 197 79 164 177 97 187 127 185 171 93
71 295 72 99 165 151 92 225 177 80 127 75 106 209 113 73 103 150 74 202 246 110 245 123 233 138 78 197 146 107 201 236 88 134 81 192 118 104 125 105 140 102 238 219 108 128 185 230 79 248 170 214 145 187 232 160 234 114 139 144 215 97 195 82 98 239 241 126 157 148 137 149 122 77 249 196 182 180 131 154 174 226 135 163 124 158 90 204 229 189 211 222 218 129 191 167 109 231 171 101 115 203
72 260 193 116 196 178 177 136 227 245 228 246 154 107 237 133 99 138 82 141 231 129 139 92 103 80 126 191 229 163 186 130 180 171 113 219 232 96 223 118 144 224 127 86 159 217 164 249 115 238 78 161 77 152 140 212 195 81 220 101 108 95 179 150 172 233 157 104 202 225 230 119 105 89 125 216 162 173 147 153 84 111 243 198 200 91 132 75 135 174 137 131 117 181 244 209 234 85 166 239 236 210
73 398 170 105 147 101 223 166 212 119 130 156 76 90 227 178 171 234 196 243 184 239 160 84 211 238 176 125 226 137 83 244 209 180 165 175 200 103 124 89 136 142 120 163 121 157 96 230 235 216 117 139 88 199 222 159 188 158 118 221 126 113 154 91 233 152 144 183 129 246 220 115 110 128 150 141 134 92 179 98 169 127 100 132 87 195 198 192 140 245 116 229 219 218 75 148 114 78 77 241
74 266 132 192 88 122 75 217 237 245 116 193 159 232 76 99 198 117 113 95 168 218 228 165 225 229 200 80 137 139 206 118 157 248 199 119 131 176 172 170 123 164 220 189 114 240 82 138 247 227 133 194 106 148 120 98 231 89 81 219 242 112 216 197 154 141 222 94 241 130 223 84 184 180 86 213 236 145 169 96 201 239 178 186 210 212 181 196 100 246 177 104 244 134 205 152 144 230 83 182 128 126 109 204 183 127 87 187 179 146 101 235 238 209 190 185
75 336 215 213 219 81 133 184 158 138 131 205 120 195 121 104 86 89 105 139 167 106 221 209 101 77 100 247 109 223 124 83 103 76 206 235 230 144 80 183 151 79 169 188 163 110 140 118 147 170 189 113 161 107 241 237 145 220 165 115 99 217 78 141 202 122 249 164 201 129 229 94 187 92 85 166 180 148 159 226 210 137 123 177 207 240 114 244 225 162 90 95 111 132 218 228 125 174 128 227 222 127 196 87 204 126 191 112 84 98 233 108
76 257 98 117 219 201 151 168 166 184 97 216 114 223 239 235 100 190 91 82 196 244 148 120 107 80 104 130 112 139 119 131 191 154 99 144 200 248 77 101 204 226 85 116 86 224 87 233 187 189 240 115 84 167 135 90 89 129 109 127 225 83 238 78 103 171 197 241 118 138 214 227 158 217 182 94 122 163 209 245 155 234 132 202 128 133 232 206 212 211 140 220 181 159 134
77 355 79 137 185 197 168 249 195 186 170 223 163 138 82 199 229 226 221 80 182 176 119 107 141 242 212 91 183 171 133 234 239 136 208 173 218 165 143 246 177 230 167 187 132 243 196 222 237 161 103 124 139 213 198 145 179 115 238 178 235 193 126 122 149 106 240 118 97 189 205 181 202 236 93 88 116 224 113 211 162 231 192 204 121 154 209 92 241 123 111 104 87 227 94 184 220 84 129 105 203 188 86 99 81 248 214 180 144 100 233
78 388 112 231 138 182 156 234 221 104 150 219 224 213 206 235 126 131 153 108 172 142 111 238 174 209 143 98 169 163 91 95 220 152 202 102 114 233 240 204 175 176 158 79 105 128 88 232 237 165 188 177 171 132 144 239 81 145 187 141 193 248 117 168 135 210 215 164 186 161 109 218 136 198 110 217 216 83 201 133 243 89 196 180 139 179 197 247 190 199 184 137 99 97 125 149 245 166 183 92
79 346 194 197 213 131 82 161 87 112 86 238 231 160 215 104 190 221 182 234 214 80 242 123 229 208 153 118 195 222 111 115 224 140 114 173 122 146 174 203 249 121 183 129 181 89 225 188 108 92 211 109 212 157 81 179 207 247 217 126 127 98 196 130 105 84 91 192 150 201 227 110 175 125 223 159 132 162 158 144 102 186 151 95 133 209 137 154 218 143 106 124 88 237 100 219 141 244 210 226 83
80 390 176 237 101 112 85 233 168 160 142 136 116 94 92 226 194 122 179 139 175 124 108 235 103 158 186 121 162 132 236 86 243 245 119 249 100 192 145 133 97 89 110 159 225 105 153 181 216 218 182 173 207 244 165 93 228 95 155 81 128 90 242 199 193 88 131 129 206 189 87 213 102 161 197 115 248 138 184 180 135 185 91 222 151 163 221 241 174 172 109 247 196 84 219 177 234 205
81 264 202 237 186 159 207 191 127 238 221 98 123 86 224 111 181 244 199 120 226 102 200 137 126 194 165 130 112 89 168 178 222 164 243 229 94 144 118 173 124 245 106 166 109 158 156 171 157 193 140 182 213 129 114 141 117 110 216 233 145 234 206 95 180 139 215 99 152 104 161 138 177 121 188 190 84 147 240 247 223 105 163 143 225 185 189 219 236 214 232 205 125 197 162 134 227 119 131 101 174 201 133 217
82 461 98 132 86 191 222 153 112 219 130 246 131 221 201 198 212 208 157 234 88 174 225 205 136 182 147 231 189 193 116 143 91 119 83 215 247 192 151 118 138 104 165 172 137 142 209 146 108 180 158 164 232 106 217 110 236 105 235 127 188 207 85 190 183 113 178 185 134 238 156 129 175 171 152 167 227 166 197 123 163 187 120 114 109 242 117 230 144 141 186 240 199 177 139
83 279 221 166 182 197 129 152 157 194 134 198 210 165 132 161 228 138 162 184 216 174 201 204 146 131 180 148 173 90 222 179 111 86 211 119 160 163 150 188 230 192 175 101 108 232 130 225 115 236 240 214 121 248 98 142 118 247 249 235 169 126 147 246 89 87 153 99 92 113 133 177 95 155 205 145 170 233 185 168 156 137 219 243 141 181 234 203 139 227 136 151 110 159 195
84 260 126 99 124 243 229 204 160 236 145 120 207 144 104 156 88 111 139 203 192 223 133 113 86 184 118 141 128 92 150 180 98 189 85 193 177 122 242 225 147 119 222 94 96 142 228 212 237 219 179 190 186 221 209 174 163 244 167 218 155 246 140 220 213 143 87 173 198 165 210 188 248 108 100 215 105 107 136 168 211 171 199 178 169 196 191 116 158 202 201 131 245 200 134 130 135
85 261 229 122 111 198 173 201 99 92 174 188 131 93 139 107 96 115 97 109 87 95 227 226 101 112 167 170 150 183 160 177 231 108 212 194 195 218 129 158 199 157 119 164 205 86 153 237 110 189 192 179 105 196 140 168 152 204 216 155 90 123 128 206 135 224 156 209 88 130 146 241 203 171 185 222 113 148 225 102 230 137 239 145 176 214 147 106 169 184 121 172 94 161 242 247 120 142 236 197 154 240 228 243
86 270 193 212 183 232 152 195 114 226 181 213 246 148 218 130 105 94 126 231 103 137 178 87 224 221 249 214 112 97 243 241 116 156 182 158 175 222 219 88 127 196 155 225 203 122 90 185 138 167 144 109 237 165 233 134 179 240 106 110 92 169 160 131 104 202 119 209 206 140 162 147 164 228 216 136 247 145 188 142 99 187 101 208 180 220 173 245 129 168 139 93 98 234 192 242 217 184 230 204 125
87 469 150 92 153 135 146 195 139 186 242 212 137 185 95 151 191 218 188 210 94 117 245 207 231 154 193 155 98 206 176 196 138 216 129 199 179 249 223 123 147 201 205 104 246 100 130 141 168 235 152 122 234 174 214 134 114 239 162 96 178 221 172 238 90 120 113 102 189 127 177 167 233 171 248 227 228 166 101 232 88 106 149 202 200 190 89 121 225 203 112 213 229 192 107 173 93 208 108 222 124 118 182 140 157 170 241 204 105 197 169 220 145 181
88 468 182 113 234 111 151 185 240 187 247 164 242 176 104 125 89 174 222 203 124 127 221 144 224 149 206 228 172 225 194 211 154 117 231 183 105 197 121 95 192 109 135 245 107 237 220 196 152 145 181 100 199 244 180 195 136 106 143 99 218 233 202 230 159 200 238 219 186 118 156 208 217 134 171 189 198 158 179 162 94 214 212 161 102 114 140 90 115 153 236 91 93 110 116 163 184 243 119 101 103 246 215
89 274 113 214 232 145 233 134 226 202 196 186 126 148 206 179 98 118 237 114 249 127 159 215 209 212 199 153 103 239 204 234 175 231 170 184 165 125 230 203 154 136 195 180 229 140 102 166 104 221 161 99 216 147 90 117 211 146 135 244 189 173 152 169 168 172 101 171 151 109 243 246 217 240 193 223 190 219 123 111 110 120 157 95 139 200 235 160 122 93 220 121 187 182 115 124 141 129 143
90 258 213 114 143 103 117 156 152 201 130 161 163 236 126 212 162 193 150 183 175 182 115 119 215 220 217 108 202 137 184 96 229 116 91 110 225 122 107 248 204 106 148 97 200 180 189 173 231 243 228 158 93 186 249 125 181 244 168 112 92 164 209 247 98 151 199 230 111 94 171 167 216 242 194 178 190 233 188 133 208 223 153 224 127 187 132 210 105 138 226 99 134
91 356 225 103 180 190 241 173 110 200 107 198 226 101 117 189 205 221 167 132 193 115 203 104 145 233 149 224 210 126 105 248 178 147 231 139 187 246 223 121 177 222 208 140 161 206 249 102 142 227 213 111 209 174 243 184 144 125 143 242 124 158 165 169 171 114 116 153 234 93 237 157 195 228 94 159 98 152
92 286 205 175 227 139 104 214 158 181 201 103 184 152 217 239 179 196 148 219 200 176 195 150 96 173 170 147 125 202 222 193 204 242 132 116 163 166 162 108 156 229 177 110 134 210 192 155 111 105 220 107 212 130 120 151 98 161 123 199 218 113 117 232 136 185 221 106 164 191 121 216 246 211 99 128 140 95 131 243 247 182 167 143 245 142 93 213 183 97 138 190 133
93 358 130 171 117 170 113 243 232 198 219 99 116 192 101 230 209 131 204 195 215 114 153 95 203 111 205 109 100 149 169 140 181 104 177 179 143 174 183 237 165 193 227 196 156 220 122 134 137 238 141 133 200 189 97 175 217 226 182 146 199 112 211 161 229 210 162 102 208 213 164 190 201 163 246 221 202 138 167 186 157 240 234 107 191 218 176 152 98 148 188 151 249 132 207 242 136
94 362 139 221 235 97 217 142 149 220 208 101 137 232 133 219 247 171 201 228 215 246 164 202 123 179 213 173 233 231 209 210 238 188 148 236 113 144 205 174 125 146 160 190 103 222 131 198 212 168 128 110 243 216 176 187 124 242 226 181 195 153 114 244 182 191 185 183 178 177 189 109 147 230 165 105 240 196 156 227 151 186 116 138 100 108 224 117 136 98 192 115 140 207 194
95 263 121 247 181 153 157 191 132 174 239 139 100 141 193 203 169 120 249 209 151 125 147 166 158 128 115 235 218 138 108 165 164 129 146 237 122 200 194 106 177 160 221 246 167 243 232 230 183 190 248 197 216 131 96 145 212 245 172 189 236 112 97 244 215 135 118 241 242 223 233 213 234 214 127 111 180 210 101 156 107 149 184 201 114 207 134 102 227 229 228 142 99 195 168 113 217 206 162 219
96 375 170 120 182 131 218 181 240 125 116 114 197 167 102 123 242 237 219 239 171 238 229 216 118 236 176 244 111 153 187 147 190 121 129 98 192 245 160 225 151 175 148 108 119 193 189 139 209 228 165 138 154 202 200 142 157 163 136 124 233 185 155 146 211 172 184 179 215 133 204 162 210 158 137 196 104 135 227 140 180 208 159 203 143 230 198 132 103 221 174 217 194 247 156 246 166
97 323 195 229 161 188 151 231 139 218 212 148 177 185 116 178 181 234 163 127 226 129 153 241 215 240 158 210 102 176 180 160 168 171 206 137 143 221 114 122 191 196 182 238 164 237 248 109 207 132 194 186 201 223 108 111 106 117 219 128 166 125 123 101 152 140 120 192 230 103 184 200 216 236 233 220 217 170 141 242 193 213 156 232 100 138 155 118
98 277 209 244 208 220 110 205 114 177 119 219 148 120 127 222 176 123 234 198 157 248 189 210 196 175 249 182 230 243 224 158 172 162 199 201 226 136 118 190 126 164 171 116 204 155 245 193 132 128 156 231 108 168 232 104 206 131 133 197 166 103 129 115 211 186 188 140 154 99 124 145 144 169 167 111 143 229 100 153 180 113 236 233 159 202 241 240
99 400 109 234 169 238 129 227 190 214 158 108 186 232 160 225 226 187 131 246 174 116 191 209 106 141 217 105 172 245 223 111 219 125 107 127 121 102 221 233 157 182 249 167 100 122 213 115 237 137 192 101 236 240 128 130 216 114 201 200 162 134 118 171 126 110 155 133 139 163 220 152 165 140 235 144 242 146 123 154 117 136 135 196 222 194 138 195 113
100 315 102 154 158 247 248 218 246 177 174 140 210 208 201 230 150 106 185 200 237 228 163 195 242 190 155 236 197 105 226 142 189 117 186 116 103 193 159 120 240 227 214 147 202 229 128 149 224 148 181 125 156 233 164 187 179 143 170 188 198 204 168 215 182 139 121 101 127 165 249 222 122 119 184 231 220 113 234 162 235 194 216 115 131 180 238
101 373 154 209 143 102 139 111 126 167 169 182 211 120 191 210 206 207 144 188 173 153 227 146 229 130 125 216 200 204 160 214 159 181 225 157 246 247 220 190 217 156 179 237 218 185 115 147 124 221 199 192 149 129 198 174 107 112 215 134 184 141 117 108 231 142 230 151 168 212 116 228 133 178 131 175 189 226 138 114 187 249 193 242 105 205 106 201 222 240 223 140 236 121 132 136 113
102 312 143 146 125 145 192 186 144 209 204 224 168 172 147 193 180 164 130 184 203 239 226 158 200 222 138 228 208 153 155 249 199 182 169 156 171 205 245 148 106 198 176 107 173 104 190 217 137 119 211 122 177 188 235 219 241 121 170 183 113 210 174 202 103 213 248 197 126 206 114 175 166 216 118 141 229 124 150 139 109 196 105 240 110 159 163
103 256 144 159 244 208 207 185 171 214 161 168 141 177 203 217 190 228 248 231 174 227 195 148 182 184 238 187 237 110 136 134 145 142 232 220 152 118 234 109 204 245 194 155 133 143 199 166 181 241 183 149 120 140 243 196 146 160 150 175 224 129 216 167 200 193 173 229 125 121 114 157 222 119 191 186 115 108 215 135 235 223 213 246 201 164 127 104
104 421 225 142 128 127 117 241 203 215 122 192 130 188 119 112 170 150 219 206 193 229 154 183 238 159 218 235 224 177 126 214 213 243 151 152 178 171 205 226 116 162 133 216 211 233 222 182 131 172 139 212 202 223 149 191 199 180 160 200 166 196 174 185 184 144 220 248 210 217 136 123 237 240 108 107 120 181 113 164 230
105 323 219 125 237 162 180 207 161 239 110 163 132 173 211 185 128 129 194 234 223 184 175 170 133 138 122 111 241 210 135 107 204 151 131 158 235 193 198 127 222 149 169 179 176 242 220 233 213 174 153 178 232 225 148 116 238 243 236 186 152 150 228 130 192 172 140 157 203 171 141 227 182 181 217 142 191 160 112 201 248 119 109
106 337 108 248 224 173 133 161 220 212 121 208 227 237 169 145 135 186 159 124 230 239 139 153 180 236 223 155 129 149 217 130 109 231 233 195 128 176 187 119 141 226 234 156 193 182 178 157 162 174 232 151 150 160 198 247 196 194 214 112 225 216 240 209 122 228 211 205 175 242 154 111 113 213 126 203 197 202 123 184 140 138 238 244 164 165 172 116 192
107 267 210 185 182 240 244 224 140 127 143 184 169 142 198 225 109 218 128 181 125 161 178 200 120 146 170 226 233 205 217 243 147 197 111 246 188 238 130 220 160 137 190 174 206 228 115 119 196 239 215 230 154 209 165 211 229 191 214 222 219 236 227 110 162 114 158 195 247 248 135 168 156 121 199 122 194 187 167 118 186 141 177 138 136 108
108 396 225 159 214 112 183 231 194 133 242 142 110 240 146 212 149 152 122 109 111 143 158 151 118 187 200 182 245 243 160 116 132 222 184 218 213 130 248 121 196 115 125 192 191 155 180 124 137 166 224 188 228 157 211 172 236 190 171 144 204 136 167 233 226 249 169 247 193 239 153 206 147 216 229 238 232
109 470 151 132 229 248 211 201 215 236 133 175 172 122 246 185 233 118 199 231 226 224 126 190 208 139 214 195 202 203 247 238 187 145 235 194 112 217 113 184 153 179 140 228 196 191 144 210 165 149 197 188 223 227 204 154 207 130 120 213 173 189 162 124 152 138 131 182 156 225 168 155 241 116
110 274 180 220 148 169 142 195 118 229 165 151 178 206 232 222 238 159 111 134 167 218 217 190 215 179 122 147 214 136 127 197 234 166 244 116 201 170 156 207 128 245 194 121 150 225 221 219 249 241 230 198 160 163 158 155 205 185 203 187 137 227 188 240 228 186 171 189 123 248 196 213 216 140 184 209 174 236 175 120 204 191 146 239 237 224 115 129 223 133
111 256 151 191 193 246 223 198 184 112 175 161 235 218 130 209 116 169 152 145 117 124 114 247 183 215 242 230 171 122 213 123 172 236 214 178 155 149 188 158 192 210 119 245 238 187 134 129 154 212 221 232 153 170 157 173 231 144 127 179 118 219 160 225 177 216 125 168 228 227 115 136 181 147 204 207 203 233 226 234 182 206 229 165 167
112 265 242 159 188 141 152 139 244 210 155 223 228 162 176 123 179 199 230 189 227 183 134 127 132 196 168 194 170 220 136 225 114 124 232 221 122 128 145 192 150 137 184 218 246 149 129 193 249 144 115 187 213 133 248 154 169 148 163 117 217 165 211 240 130 120 181 197 229 158 125 157 234 198 214 177 173 171 180 164 143
113 298 121 203 130 115 242 207 136 159 245 116 216 120 123 144 190 139 169 132 134 175 133 226 166 181 153 188 178 173 151 165 244 164 148 227 161 152 240 185 215 117 208 156 211 204 218 177 238 249 154 187 160 176 210 213 243 124 195 140 145 239 135 189 128 146 220 235 222 157 138 147 122 246 125 149 114 232 183 182 137 202 118
114 437 193 116 115 215 177 220 204 132 181 185 147 134 200 145 236 219 229 194 121 119 133 122 238 171 163 225 129 131 232 246 223 243 140 240 150 146 190 201 158 209 155 213 208 214 244 118 207 182 239 167 222 249 211 203 179 242 180 202 206 124 218 247 144 227 128 210 142 178 154 233 197 173 127 130 196 195 176 160
115 264 120 190 192 209 204 148 240 118 170 174 245 122 199 119 220 140 152 200 145 238 125 133 193 233 184 187 216 183 173 157 203 135 243 169 127 186 215 218 246 144 212 198 176 117 150 196 217 138 134 147 213 214 158 241 247 239 227 161 154 210 139 191 162 197 151 128 146 172 141 171 189 159 177 168 136 166 231 235 179
116 428 166 139 205 122 199 225 146 231 133 143 230 244 215 204 221 201 124 164 195 148 132 161 153 228 211 179 224 239 129 135 216 156 220 118 242 202 157 241 173 175 181 229 174 140 209 238 184 180 222 128 158 141 177 214 232 237 236 144 186 168 171 182 223 127 167 170 176 213 187 226 219 247 138 227 162
117 308 189 164 197 167 129 246 242 213 206 236 135 223 137 247 134 127 204 177 156 150 185 128 222 216 126 176 227 173 192 229 143 157 210 124 191 174 140 224 231 218 145 121 187 237 179 138 132 245 181 199 125 183 221 225 159 175 193 161 184 200 151 165 162 154 248 142 226 155 203 153 201 243 152 133 212 215 233 182 148 180 136
118 308 191 247 194 238 186 210 124 224 232 147 198 177 121 139 120 245 202 161 141 193 181 223 242 240 131 175 142 143 209 204 185 167 226 196 140 145 205 236 174 206 228 157 136 153 235 134 249 144 239 241 173 200 152 159 170 184 158 119 130 188 187 208 217 237 168 203 179 160 162 234 133 197 219 138 221 155 199 171 229
119 298 189 153 155 227 158 147 120 151 126 215 223 161 135 226 123 180 200 171 165 174 209 173 159 224 204 194 201 191 229 208 178 128 138 129 234 142 220 243 198 130 207 143 152 231 179 242 202 154 218 237 221 244 196 216 190 166 133 246 145 184 188 238 141 211 245 205 249 157 175 139 206 170 212 182 235 164 186 217 127 248 232 131 240 125 241 146 156 177
120 394 212 219 224 221 162 181 241 200 128 218 203 239 189 154 144 169 167 148 136 197 155 173 229 132 198 138 168 172 234 225 158 228 192 182 223 175 125 217 187 143 220 178 233 210 243 153 129 164 238 213 149 150 207 166 205 177 206 180 191 186 230 139 209 215 122 131 194 183 248 165 179 247 157 188 240 237 174 147 151 204 242 124
121 322 198 125 159 145 143 163 172 132 223 242 203 183 178 222 188 133 207 241 205 135 233 156 211 245 164 176 165 187 208 149 209 122 142 230 240 141 169 173 213 150 224 154 170 212 221 175 128 123 214 127 137 238 179 184 216 146 160 126 246 130 220 235 166 244 249 232 206 197 181 189 210 228 237 136 217 182 131 227 231 140 144 225
122 297 150 229 144 200 125 185 186 194 180 245 167 196 247 192 227 237 217 127 232 193 226 136 165 132 202 197 233 131 222 216 149 169 219 145 143 177 205 140 139 238 209 172 241 218 156 146 204 248 223 147 230 203 130 155 153 129 157 161 231 135 244 215 162 158 175 208 178 159 221 164 201 188 249 137 211 198 184 170
123 381 133 236 132 198 165 203 245 160 191 181 195 158 247 229 127 237 218 143 190 166 196 228 241 156 129 154 185 176 139 234 217 131 146 243 140 145 183 172 221 173 239 194 199 208 230 155 219 213 134 214 227 149 138 130 232 209 231 223 189 124 135 192 240 157 226 201 248 125 215 151 150 210 187 152 238 169 200 174 222 242 128 211 224 170 177 204 171 180 188
124 377 150 214 193 139 207 128 198 240 154 181 159 224 133 229 238 130 215 247 169 248 239 212 218 145 211 245 135 166 152 183 244 148 173 190 186 194 180 125 195 223 235 131 208 201 143 228 126 191 149 233 213 146 136 171 165 155 153 205 217 203 157 249 177 184 178 187
125 265 146 128 220 145 178 217 189 230 198 203 153 235 188 245 236 212 186 206 221 240 169 168 209 207 197 219 163 231 183 238 192 210 162 172 204 141 233 164 133 165 249 225 154 166 143 200 228 244 158 130 247 132 216 199 196 181 229 226 160 227 222 201 223 161 152 190 202 205 170 159 179 171 148 224 176
126 358 219 155 132 231 244 192 135 129 199 156 137 203 209 225 159 204 160 163 153 152 243 177 202 239 158 236 220 212 189 247 169 183 178 205 182 173 185 206 229 216 235 147 230 227 164 228 151 218 222 233 144 166 248 215 245 154 167 238 174 246 217 130 171 170 139 191 157 133 172 138 146 197 195 143 131 175 213 148 134
127 431 183 228 156 208 132 158 181 224 185 229 214 244 199 196 140 164 187 142 161 212 217 193 234 195 170 163 213 227 136 226 237 145 182 240 150 128 191 180 245 167 138 133 149 134 225 241 141 186 129 165 169 200 179 135 220 238 242 139 239 209 222 247 219 157 248 173 189 216 205 210 197 162 233 146 155 174 137 148 218
128 259 234 225 130 185 145 208 184 242 213 191 187 148 143 244 171 152 246 190 239 243 215 155 212 249 141 135 175 202 241 197 192 134 147 232 230 156 219 165 227 179 157 203 193 247 231 178 138 217 223 129 146 216 158 240 226 176 169 162 188 220 150 210 200 214 153 233 237 161 160 206 183 140 201 164
129 310 241 151 144 247 197 142 141 159 193 211 133 190 224 136 163 154 177 218 185 225 181 148 242 227 165 200 160 223 179 187 214 175 239 244 155 180 153 237 149 210 213 243 132 173 217 204 192 207 147 246 168 183 209 233 140 171 238 232 172 176 219 201 222 202 199 184 198 145 134 186 194 164 240 231 203 195 157 188 161 150 234 178 212
130 350 143 238 157 136 134 235 160 248 154 204 239 133 227 140 198 220 244 190 223 209 212 175 177 141 158 178 147 180 148 237 226 232 164 208 210 170 245 132 184 185 149 161 215 202 213 176 182 152 156 194 172 186 241 236 145 135 144 146 181 201 222 159 173 179 243 221
131 310 170 219 193 212 182 143 178 230 140 233 247 154 150 167 210 241 189 141 169 226 246 151 149 175 138 228 203 137 221 152 206 166 162 135 158 223 199 211 222 159 197 195 183 164 229 249 171 239 163 214 161 145 213 236 225 240 156 209 168 160 147 198 196 132 224 216 173 134
132 340 139 204 170 228 199 241 186 148 226 169 155 181 200 214 247 216 165 163 143 207 156 239 175 162 173 144 246 157 248 147 229 213 206 152 183 174 205 197 194 225 192 222 240 217 210 180 138 135 221 232 189 159 242 185 238 195 236 220 176 191 134 218 188 231 198 146 208 177 193 212
133 321 175 147 224 187 242 168 219 230 154 241 138 216 233 162 159 152 244 222 172 196 183 236 245 197 160 150 167 205 246 177 163 201 134 238 139 240 149 215 243 186 228 148 212 145 249 204 248 142 166 143 235 225 136 198 218 158 144 200 194 199 220 171
134 398 180 171 173 236 243 187 197 212 138 203 186 176 164 237 191 152 150 209 225 185 217 149 224 248 219 175 211 163 235 137 245 207 153 202 204 167 205 189 238 148 226 249 198 177 166 247 140 241 165 183 184 230 181 174 232 208 161 139 154 158 229 192 144 196 200 179 157 193 210 190 234
135 281 216 232 231 226 180 148 201 157 176 224 235 211 214 195 178 152 137 205 198 230 144 143 179 153 174 188 227 184 169 168 241 185 222 228 166 194 238 220 162 236 223 210 199 202 145 150 138 225 175 155 173 146 212 245 183 240 249 192 165 244 203 221 204 149 186 177 206 141 158
136 295 137 168 198 246 224 183 211 233 229 243 247 185 192 170 190 149 241 230 226 166 234 196 171 160 223 213 139 165 212 162 193 201 167 187 204 158 200 203 184 215 159 144 202 217 208 209 150 173 169 189 180 206 140 222 146 188 194 199 225 216 207 157 141 156 186 218 205 164 142 242 153 220
137 389 174 230 207 219 188 191 144 220 244 168 165 236 186 150 224 146 171 194 184 166 238 241 162 222 143 233 228 170 185 223 139 148 179 181 167 142 206 226 218 151 195 199 248 160 196 204 158 175 210 227 183 225 190 152 159 176 242 177 178 209 147 163 249 229 180 231 205 221
138 316 175 216 200 192 166 217 248 221 171 140 232 210 201 158 157 227 223 199 189 186 190 165 219 212 183 184 143 244 169 163 229 249 247 233 179 237 242 148 177 191 211 218 139 228 149 238 182 239 187 230 181 222 209 156 152 147 240 168 234 159 236 154 161 213
139 393 198 189 192 245 227 144 238 187 166 244 146 230 177 184 249 233 212 179 178 213 215 143 240 167 242 200 145 203 171 248 182 209 239 162 208 193 169 170 220 185 161 243 150 237 160 232 228 214 164 181 151 221 157 202 196 153 207 194 190 218 229 191 210 188 176 204 148 199 226 159
140 279 183 215 153 169 168 186 142 216 144 208 219 243 191 223 200 204 149 221 193 211 242 214 247 238 228 248 222 175 190 205 225 180 165 147 197 160 155 154 224 164 244 188 210 161 141 158 174 203 187 192 206 156 230 182 233 231 143 217 176
141 328 240 178 198 237 158 192 170 200 231 224 216 145 209 181 171 242 144 153 167 168 236 159 189 149 214 146 163 233 205 218 143 229 245 197 154 204 151 182 225 222 221 176 202 199 188 150 190 193 203 186 162 173 156 155 172 215 183 244 164 207 226 185 175 238 212 220 201 247
142 328 147 155 167 180 159 151 172 196 171 202 209 231 150 200 220 188 198 201 218 165 178 230 145 181 152 174 191 176 199 213 227 226 224 244 208 232 235 233 248 185 203 214 195 149 162 234 241 245 212 204 206 157 189 184 247 249 144 169 219 215 223 161
143 272 154 232 214 229 246 164 144 235 219 174 242 228 160 236 201 223 204 159 209 165 216 185 145 203 217 198 248 194 215 230 231 199 240 212 162 178 153 182 225 241 172 190 180 173 205 168 158 221 147 192 234 188 202 155 224 163 183 218 169 239 175 237
144 400 244 209 214 230 168 165 233 153 159 205 199 170 229 183 206 195 191 213 234 232 164 157 218 212 152 151 176 223 187 145 231 189 149 226 243 180 158 188 184 220 204 181 154 208 248 190 156 175 147 241 198 186 146 240 242 169 237 215 174 245 161
145 279 209 216 194 171 177 218 174 162 227 201 247 249 152 221 184 214 222 188 197 189 215 158 167 229 156 233 230 235 219 183 245 225 154 187 232 199 193 238 203 185 211 217 242 234 179 244 210 178 163 169 172 155 157 236 146
146 429 205 169 157 220 204 221 178 177 155 174 222 189 200 199 152 198 232 203 245 164 194 182 195 226 201 209 244 231 159 192 163 148 184 234 196 218 172 187 216 171 185 239 212 151 186 248 214 238 197 160 173 166 176 156 243 168 247 211 210 162 228
147 292 232 226 173 190 176 228 212 164 195 149 245 158 170 152 183 167 218 227 168 187 181 153 184 175 200 189 154 247 161 207 171 229 160 198 165 178 236 244 174 157 179 196 246 166 192 239 234 197 216 215 211 224 206 237 223
148 397 152 162 186 205 203 184 225 173 221 182 222 215 211 207 240 155 174 230 224 199 172 194 247 213 176 231 227 157 248 233 246 197 200 237 185 160 170 234 232 236 208 180 163 206 167 245 239 189 193 165 156 153 210 238 164 214 223 175 195 188
149 345 191 237 177 226 236 184 239 162 194 175 218 201 246 156 171 174 166 198 204 224 202 229 164 215 193 217 205 153 249 212 219 203 209 178 154 165 152 181 222 170 208 247 244 225 200 243 221 183 186 248 241 179 216 168 150 187 228 172 211 192 234 158 151 199 161 195
150 258 206 242 176 249 160 198 241 238 223 180 184 159 231 247 190 172 175 243 217 182 221 191 219 235 215 155 209 194 213 218 188 179 168 230 196 177 239 232 169 199 212 245 153 152 225 183 227 208 236 207 154 170 195 165 174 162 214 164
151 466 233 180 165 223 244 166 183 229 162 193 226 211 174 157 172 219 232 190 159 248 210 158 235 191 208 187 241 209 238 237 188 192 249 213 216 231 205 156 175 197 243 207 198 228 212 168 179 167 186 201 222 225 199 220
152 281 218 164 192 183 178 161 182 199 190 177 244 165 200 239 211 208 210 249 154 241 224 225 245 214 205 170 194 168 162 216 234 179 238 229 221 236 235 215 198 176 159 201 171 174 153 213 222 227 248 212 223 232 246 172 206 189 203
153 253 156 180 166 235 211 171 186 190 182 199 240 201 163 224 158 172 209 222 234 178 179 196 233 184 170 164 174 162 157 206 197 161 226 236 207 214 175 173 245 167 177 183 219 159 203 185 213 238 212 231 242 208 246 198 181 193 155
154 400 163 210 226 237 216 156 233 238 171 232 197 183 236 159 229 165 228 160 205 223 161 180 203 199 187 234 208 192 173 244 176 221 168 212 204 167 220 185 186 207 230 179 241 249 211 184 166 196 182 248 217 158 214 194 231 245 227
155 342 198 184 190 157 248 188 230 207 183 215 194 220 222 232 208 235 181 162 176 234 159 200 192 187 210 225 238 223 163 199 233 193 180 242 170 246 247 191 164 211 227 179 204 197 221 245 202 177 201 237 185 173 175 219 166 186 217 218 196 214
156 258 184 223 233 210 214 202 207 157 187 159 206 162 174 222 167 163 183 230 186 177 199 213 168 221 249 248 236 196 191 241 173 176 244 243 240 171 161 193 226 224 204 201 185 200 170 225 232 208 189 175 238 158 172 197 203
157 300 238 249 196 199 198 211 189 177 171 175 170 185 205 168 191 243 222 207 210 212 172 228 169 192 203 241 193 216 227 218 158 164 202 162 178 195 244 239 221 235 224 201 246 180 225 219 182 242 179 190
158 360 201 211 246 168 170 213 216 247 223 189 159 204 212 164 229 181 230 219 196 169 180 177 221 228 173 241 160 166 165 192 214 220 227 217 183 203 176 167 199 234 198 200 184 162 210 190 209 208
159 340 228 247 201 225 229 193 163 168 167 208 194 236 185 241 231 239 175 200 237 186 191 176 242 232 165 199 227 218 169 196 177 172 210 249 166 212 220 235 222 170 216 245 184 215 164 219 192 198 248 205 188 238
160 286 229 164 237 226 209 248 221 223 247 213 189 211 175 245 163 232 166 195 165 220 168 186 184 200 230 169 191 176 182 172 238 173 227 194 167 219 212 177 206 222 203 208 199 201 198 185 187 190 218 243 196
161 417 190 201 210 212 166 170 225 235 223 176 165 196 213 232 217 204 197 233 203 226 202 163 249 182 178 215 234 200 243 162 248 214 240 242 247 219 171 169 245 173 192 222 246 179 186 172 181 227 183 199 185 177 239 211 198 224 180 207 206 238 187 231 193 220 184
162 297 203 217 243 193 177 204 224 247 223 181 221 184 210 228 190 186 219 199 167 195 226 222 236 170 189 174 208 218 233 214 240 206 205 165 235 216 213 191 248 245 246 238 229 180 225 171 196 166 168 239 215 227
163 283 170 179 218 232 188 177 249 230 227 197 239 184 195 231 199 214 174 226 178 242 198 187 205 224 189 175 217 167 247 171 193 219 169 192 209 238 176 234 206 244 203 225 185 223 194 240 233 202 164 183
164 331 247 184 232 222 191 205 214 224 173 179 178 190 194 188 204 227 241 242 248 231 246 200 223 228 216 170 206 244 239 249 189 169 212 221 217 183 230 180 187 233 215 166 208 235 219
165 386 239 206 223 237 180 177 166 167 189 217 221 215 171 229 228 169 190 236 200 168 234 188 219 231 195 249 245 187 220 240 213 208 241 224 186 178 225 209 181 246 170 203 173 247 182 238 172 211 212 207 248 235 210 184 222 204 193 243 244
166 285 215 206 199 234 222 221 170 219 245 188 235 217 180 178 226 190 240 249 214 220 210 248 204 212 176 232 186 218 195 189 247 237 179 193 246 194 211 197 173 168 202 243 198 191 227 209 236 196 238 174 177
167 444 248 168 245 226 188 244 170 190 224 207 219 198 191 208 241 223 215 222 242 200 174 196 249 235 209 181 236 176 175 204 212 186 184 203 214 211 182 237 216 218 187 189 178 185 173 171
168 271 221 213 229 233 182 231 222 208 206 202 189 205 219 210 207 212 171 170 242 186 240 181 232 249 187 225 247 236 200 217 180 193 179 201 209 177 184 169 230 197 191 244 216 226 176 248 227 174 220 246 188 237 238 203 223 243
169 323 249 216 222 211 230 184 185 224 212 172 209 246 201 177 225 239 219 242 247 175 183 203 187 202 234 223 171 196 243 248 244 180 217 198 173 188 191
170 283 233 232 194 212 237 207 236 187 200 186 202 228 243 179 197 193 211 182 192 223 220 225 219 249 205 221 203 201 224 218 189 215 188 184 214 178 177 173 191 195 242 246 183
171 394 230 218 194 205 190 179 176 241 198 208 224 192 227 186 243 219 174 245 210 209 173 199 195 207 172 202 189 231 220 240 223 235 242 234 201 211 180 233 249 182 196 217 212 177 222
172 401 205 201 190 192 187 218 182 215 179 240 225 207 230 176 197 189 237 221 241 223 210 193 247 239 217 220 178 226 183 227 219 209 222 249 181 200 232 212 202 206 203 228 186 191 196 224 238 184
173 320 174 189 243 207 181 197 246 191 237 215 228 190 210 193 204 212 202 225 227 221 188 222 219 206 244 218 195 194 177 209 229 192 208 239 238 224 203 200 182 234 214 233 180 230
174 279 221 240 238 176 205 191 246 239 244 231 211 177 189 200 202 199 192 186 247 234 217 224 233 226 188 225 232 222 198 245 187 219 230 209 181 249 237 229 180 248 204 216 183 190 195 215 213
175 285 237 208 198 222 183 219 178 186 226 194 187 210 231 201 177 248 199 228 191 200 215 218 195 227 224 246 217 176 179 238 216 207 225 233 190 214 193 235 230 247 185
176 429 225 238 206 213 214 211 242 235 196 217 248 247 215 179 187 228 222 229 197 237 200 223 243 219 246 180 212 210 233 203 216 239 188 189 181 218 245 202 227 198
177 286 248 223 239 243 213 242 218 200 195 235 211 232 226 219 222 240 198 224 185 188 210 179 230 204 180 216 220 231 227 178 217 202 190 196 221 207 182 209 193 247 249
178 315 203 239 236 248 221 244 235 227 211 219 183 249 233 205 213 240 207 191 182 187 245 230 180 181 186 200 198 228 199 197 212 185 195 217 193 196 218 202 201 224 209 189 216 222 188
179 321 194 209 246 239 223 199 235 248 242 184 219 191 188 224 182 189 241 192 181 214 216 227 240 180 221 213 198 201 202 208 245 204 187 211 228 200 222
180 364 207 215 195 197 242 237 205 211 209 243 216 200 228 187 194 189 196 183 225 244 188 202 181 234 238 227 240 247 222 219 213 201 221 224 206 185 239 220 198 236 233 210 190 246 218
181 406 182 249 217 227 242 223 213 211 201 229 187 204 238 189 198 221 197 246 191 203 186 225 236 219 206 228 190 194 237 192 233 185 232 215 239 208 200 220 245 241
182 261 193 211 229 190 191 209 196 207 228 225 232 213 212 216 237 246 244 239 235 197 218 231 202 217 226 224 248 238 187 200 236 214 206 241 192 184 189 201 204 219 223 195
183 333 202 243 203 184 191 207 213 192 210 190 247 216 194 208 227 195 239 206 222 189 236 242 204 198 226 248 200 240 244 219 201 209 232 221 225 249 246 231 228 187 220 230 215 193
184 468 235 205 214 246 210 240 202 207 197 188 200 245 237 247 195 241 238 192 185 203 209 243 201 196 193 187 223 229 212 218 199
185 281 249 189 218 242 220 219 195 236 224 203 208 210 237 245 247 248 229 212 234 209 196 201 228 246 226 232 207 239 197 227 186 191 204
186 251 187 223 199 245 238 200 197 212 225 213 239 189 240 230 244 218 214 206 236 215 224 207 228 209 241 249 221 208 235 243 232 188
187 455 191 247 195 240 188 222 203 231 205 238 230 234 221 209 225 192 210 223 246 239 193 194 218 235 232 249 200 198 241 201 207 206 196 233 244 245 220
188 278 216 219 247 231 207 190 191 197 212 217 201 245 213 192 215 209 240 249 224 195 226 220 189 206 208 223 218 232 248 242 198 194 204 214 203
189 267 245 210 214 220 227 193 239 201 215 190 228 247 236 248 199 206 212 224 238 230 194 202 222 192 242 197 213 217 229 244 218 208
190 406 233 200 191 240 223 232 207 217 221 202 242 244 241 234 237 204 246 220 198 247 212 228 238 219 248 216 194 229 195 199 231 218 196
191 274 219 192 248 233 236 199 242 224 247 226 205 225 218 237 232 200 202 193 227 210 228 231 194 238 195 208 212 204 216 243 246 230 229 206 207 244 217 211
192 320 222 221 216 228 203 218 237 213 201 227 193 247 248 245 235 206 211 214 243 224 240 241 244 232 205 246 197 195 238
193 403 197 222 203 219 201 202 216 238 218 226 217 198 237 230 214 221 225 227 207 246 195 224 233 206 215 249 245 210 211 223 242 248 228 194 220 205
194 330 222 236 203 206 204 243 241 227 225 234 202 221 199 246 242 198 239 219 247 224 197 216 237 213 215 245 240 228 249 209 233
195 267 249 242 228 208 214 210 206 230 240 235 232 245 199 241 215 227 224 243 220 229 197 236 198 226 216 200 204 238 234 233 239 231 248 217 218 221 203
196 296 208 204 246 224 244 236 216 239 221 218 223 240 209 232 213 233 249 217 248 201 229 245 207 202 220 225 215 226 199 210 227 237 228
197 284 223 236 224 233 247 212 217 241 244 228 214 246 235 239 204 206 249 215 219 209 210 238 225 234 216 203 243 220 248 218 230 198 242 229 231 200
198 420 243 205 213 208 201 235 237 242 222 220 211 225 247 215 234 210 229 203 236 226 248 199 245 249 209 228 214 223 212 200 221 238 202 231 207
199 347 205 217 240 215 234 225 208 238 206 246 226 230 242 248 249 200 221 233 212 224 222 239 241 219 223 214 235 220
200 313 238 248 220 219 224 210 232 213 235 202 208 207 204 242 211 215 249 209 222 216 223 228 246 240 205 217 245 201 239 231 226 206
201 340 219 205 210 231 218 235 224 220 211 234 214 236 240 225 204 212 202 221 209 206 203 245 229 246 248 217 207 244 247 228 242 238
202 333 223 210 233 247 222 225 208 224 244 227 206 249 246 220 218 204 240 205 216 237 217 219 239 207 214 230 203 209 215 213
203 351 233 214 209 232 206 235 245 241 242 248 218 219 244 229 212 237 226 239 249 228 243 236 240 223 220 246
204 316 210 227 218 246 237 234 217 223 249 239 244 206 241 232 243 248 219 225 233 212 208 238 229 207 222 209 215
205 258 228 207 236 246 213 217 235 227 248 232 237 221 234 222 210 244 224 238 241 231 242 240 223 226 218 211
206 308 240 213 214 220 232 211 221 249 207 241 233 215 210 219 247 225 218 230 236 217 242 244 216 246
207 434 225 224 247 240 229 222 249 208 236 230 239 244 219 226 242 215 227 248 217 233 246 223 213 211 228 220 218 216 235 245 210 238
208 265 210 222 247 227 241 218 233 245 217 248 246 225 249 211 221 235 238 236 243 240 231 215 242 214 224 219 216 212
209 363 232 248 247 237 235 215 225 244 213 229 243 239 238 240 223 217 210 234 233 246 249 214 224
210 372 235 228 220 212 211 217 248 226 246 213 224 240 234 227 244 230 229 218 215 221
211 347 241 235 244 246 219 214 222 215 231 236 239 216 212 224 245 234 220 213
212 333 228 223 232 215 249 224 220 236 222 231 219 225 245 213 240 218 233 247 243 234 217 239 229 227 226 242
213 320 228 237 215 219 214 216 234 230 221 242 233 240 226 241 244 224 249 236 245 248 225 246
214 314 229 219 220 228 245 240 249 248 239 226 241 227 225 217 222 235 230 218
215 409 226 232 248 230 220 245 222 246 221 231 241 225 224 237 216 243 233 247 218 238
216 277 241 240 220 230 236 234 233 222 219 246 224 231 225 248 226 218 244 223 221 227 238 229 228
217 291 232 247 231 224 219 220 244 229 241 226 233 243 218 228
218 359 237 225 235 228 229 242 224 232 249 223 220 246 219 221 222
219 350 223 222 220 249 225 237 242 226 246 240 227 235 230 229 232 239 224
220 363 247 242 238 227 231 248 237 235 243 241 229 233 226 240 249 221 246
221 316 230 233 232 234 244 235 239 226 236 223 237 231 245 247
222 321 224 247 236 245 233 248 223 237 239 242 225 241 231 240
223 251 225 244 243 224 239 248 246 230 234 232 237 231 241 235 249 236
224 378 235 244 231 236 232 247 237 229 227 242 239 226 238 228 234 233
225 371 239 234 247 242 226 246 244 248 240 249 235 236 233 237 241 229 238 231
226 398 241 237 243 236 229 232 247 230 235 227 248 239 249 242 233
227 268 243 246 249 232 240 231 236 241 228 248 247 234 230 238
228 334 243 235 249 247 233 236 241 234 245 230 242 237
229 340 239 246 240 242 245 231 238 232 233 236 235 248
230 352 247 238 242 233 248 245 235 249 231 244 239 241 243
231 308 235 246 240 242 232 241 238 245 233 244 239 247 237 249
232 423 243 241 244 242 245 235 248 236
233 269 240 248 236 246 245 247 239 242
234 308 245 242 237 246 240 236
235 290 238 240 248 237 242 243 244 247
236 277 248 244 246 242 237 247 243
237 433 247 243 241 246 239 240 249 238
238 326 242 246 240 239 249 247 245
239 370 241 242 248 244 246 240
240 304 247 248 243 241 249 242
241 452 248 249 242 246
242 281 245 246
243 267 245 247 244 246
244 264 245 248 247
245 317 249 248 247
246 419 247
247 292 248
248 377
249 331
