249 1000
1 312 220 240 168 153 77 44 213 95 69 96 206 32 128 101 39 193 247 223 219 175 126 103 180 99 207 10 203 116 119 162 43 144 236 166 79 170 163 14 177 147 186 83 5 157 29 11 131 75 40 138 198 106 160 181 190 226 111
2 359 122 49 211 60 127 19 7 145 96 98 130 195 241 68 62 17 55 175 102 79 92 138 103 77 131 54 156 176 76 21 225 110 91 59 160 226 148 248 63 51 86 167 137 194 162 82 97 123 213 159 105 64
3 329 102 197 199 68 159 46 188 18 103 6 246 244 218 63 66 239 20 217 151 194 130 30 145 24 150 95 147 84 192 241 204 181 96 133 36 226 65 101 55 215 179 155 187 41 117 107 122 174 73
4 459 209 28 16 179 26 101 76 103 215 174 140 230 167 235 42 34 138 134 49 80 208 66 75 224 144 23 12 85 86 81 137 238 168 183 219 172 212 142 223 171 121 105 17 91 143 113 70 92 146 47 62 145 216 139
5 275 28 145 248 150 133 48 112 127 73 17 34 141 228 42 154 100 241 233 246 64 68 33 101 194 183 129 41 63 58 36 13 66 113 114 180 249 45 178 108 110 174 234 39 80 162 86 92 137
6 266 152 70 205 92 226 202 154 11 150 211 151 93 228 20 177 239 137 113 207 213 41 66 183 240 230 88 136 76 159 157 135 85 214 140 127 146 74 52 175 69 106 168 79 185 200 241 100
7 274 191 206 40 64 210 217 156 160 36 78 123 77 20 105 204 171 140 102 108 228 100 84 94 48 69 118 121 29 12 124 153 33 239 155 193 58 42 28 177 245 122 113 158 246 157 174 49 32 222 104 106 74 97 14 163 67 24
8 411 10 120 65 234 100 91 136 62 71 232 78 37 158 117 218 149 240 177 61 239 97 103 182 51 122 134 33 230 67 75 23 45 181 18 195 102 12
9 315 36 24 232 238 249 213 134 51 15 115 19 155 219 244 171 40 242 80 201 159 160 34 131 55 141 31 193 156 70 148 214 102 172 220 183 166 122 163 158 243 161 237 192 41 16 32 227
10 264 231 242 191 85 152 227 167 118 82 180 247 154 44 112 158 147 186 65 202 172 18 40 20 15 30 241 39 59 207 162 35 143 111 64 45 21 17 23 119 240 155 75
11 433 222 62 81 115 142 216 71 249 19 43 90 155 53 24 107 206 14 75 91 74 171 123 42 162 54 180 108 111 133 79 70 113 51 225 214 126 103 199 209 136
12 303 34 226 215 126 72 96 212 19 217 93 24 13 71 63 149 110 139 209 64 31 29 26 57 137 222 183 101 127 100 123 114 95 193 236 238 141 55 129 168 195 59 246 232 191 69
13 307 89 153 198 101 229 116 39 140 163 58 173 201 111 28 112 107 61 21 240 123 75 221 191 66 130 134 70 27 93 80 176 142 119 91 182 131 52 208 30 108 232 196 192 81 57 171 152 212 195 90 249 45 144 168
14 333 36 141 102 172 77 122 248 245 15 31 215 149 98 199 140 218 49 70 142 58 71 83 56 110 84 205 130 29 107 47 109 66 227 118 40 219 221 139 63 61 81 173 62 78 75 24 244 143 26
15 360 120 71 72 178 235 192 48 173 177 212 82 88 124 91 34 148 161 39 61 125 167 203 40 214 215 86 98 54 164 101 236 89 227 90 152 133 109 116 197 248 150 201 205 37
16 350 40 101 212 155 65 220 68 64 126 157 171 75 54 134 95 182 129 73 177 46 81 222 84 22 123 85 221 179 201 147 82 152 163 50 37 55 158 245 24 175 173 224 113 77 227 119 110 102 86
17 398 108 125 33 214 205 62 192 66 115 41 228 236 231 106 188 177 34 224 104 137 139 184 145 92 128 107 245 131 148 114 161 116 88 26 244 19 239 58 217 78 112 109 84 74
18 252 215 86 66 64 183 159 168 149 28 220 129 249 197 247 122 115 20 108 88 56 76 213 25 37 242 87 85 112 188 167 79 239 36 111 155 35 200 170 151 82 80
19 273 126 48 174 241 246 71 239 91 61 37 227 180 243 65 109 159 154 209 82 166 56 69 184 238 141 216 27 201 86 120 50 67
20 283 70 45 130 65 157 103 153 85 170 227 119 245 185 162 241 116 228 41 47 121 75 194 220 156 132 180 99 198 87 93 100 179 27 192 247 64 182 172 96 223 148 135 125
21 444 36 97 189 170 29 104 200 49 221 191 110 180 247 234 224 163 211 54 22 115 89 83 245 111 188 47 76 58 213 197 59 198 95 159 248 56 119 135 184 166 75 183 187
22 301 204 241 169 126 67 56 208 187 200 31 143 219 228 194 203 221 114 149 172 62 81 90 191 53 211 178 201 101 33 164 52 30 222 54 110 242 37 148 151 198 28 84 139 156 235 92 209 166 35 59 93 122
23 403 70 66 58 153 216 168 37 36 207 91 197 61 194 130 190 156 158 198 222 152 154 147 95 139 113 145 236 183 124 104 122 100 201 214 75 238 219 204 215 32 77 138
24 296 161 171 210 141 107 226 225 51 159 77 117 163 152 232 42 116 96 236 80 100 76 179 93 155 231 103 27 244 201 45 56 160 32 169 215 65 181 57 38 145 31 213 124 166 122 140 245 173 167 50
25 489 210 46 154 222 33 63 236 138 35 199 244 84 62 88 160 121 219 32 168 233 76 91 245 225 237 96 77 106 202 109 212 116 120 101 34 28 217 130 207 102 89 44 171 78 51 86 52 72 136
26 258 249 61 106 200 132 53 143 94 226 205 246 201 187 80 141 245 128 112 248 179 216 111 99 105 203 178 84 37 207 56 189 73 231 214 213 131 136 156 43 147 77 62 38 238 28 64 152 164 59 243 72 244 45
27 253 155 102 31 110 109 54 179 234 43 126 119 48 220 191 60 211 32 194 95 240 97 157 229 29 38 73 219 62 197 42 174 112 127 46 185 187 61 165 181 192 123 242 104 233 114 118 84 170 248 52 243 159 177 149 105 190 244 67 64 108
28 397 230 218 34 56 118 74 111 130 138 172 206 41 169 70 164 175 247 213 165 99 190 71 137 249 239 146 67 86 183 221 53 84 154 90 98 170 117 94 85 182 58 187 125 233 96 88
29 267 51 70 84 103 163 223 204 198 47 212 168 181 231 49 162 101 197 30 89 123 207 67 77 102 152 75 113 160 175 236 50 225 71 91 142 32 99 242 58 229 179 213 35 61 56 110
30 336 89 214 127 40 247 75 115 99 175 210 100 81 124 154 58 68 158 182 166 71 228 207 69 59 161 206 77 78 143 82 51 90 249 85 236 149 245 201 213 163 111 202 170 187 235 38 31 147 62 87 195
31 378 169 120 104 146 54 106 219 181 204 113 60 102 150 243 138 187 173 135 132 62 92 245 34 174 183 155 248 109 192 119 95 171 237 200 179 58 230 103 80 176 89 73 229 144 75 48 182 166 161 167 61 147
32 316 176 209 196 125 63 229 104 249 208 245 85 206 205 231 238 235 212 51 122 186 168 35 134 165 188 87 240 59 94 220 56 182 222 244 246 194 77 62
33 306 90 37 168 171 148 135 146 84 85 92 209 158 83 201 45 77 51 121 96 134 43 98 215 125 155 71 42 54 82 144 129 101 221 46 235 81 167 183 138 187 40 133 111 226 202 156 100 127 241 240 212 102 97 34 118 157 120
34 264 236 238 46 77 167 159 36 211 109 86 51 237 181 205 47 98 131 243 182 50 207 85 141 67 209 115 70 199 122 198 232 83 93 76 163 224 247 42 240 220 112 244 174 226 164 134 130 245 126 82 49
35 416 124 211 49 156 92 135 107 58 119 47 238 162 106 71 126 117 202 193 244 125 194 195 146 63 108 215 51 87 52 176 57 241 208 172 161 89 228 174 48 54 55 83 113 233
36 320 63 70 195 64 100 165 218 99 89 106 202 241 75 128 212 192 183 132 97 244 182 107 159 108 115 60 219 88 129 160 130 239 208 196 214 231 206 61 194 150
37 449 221 203 172 207 192 177 70 80 248 98 141 76 152 101 200 174 73 78 155 81 118 167 163 47 161 112 113 171 208 166 82 44 209 99 234 198 67 91 217
38 289 204 86 142 215 71 88 115 216 195 166 133 177 84 99 75 70 237 91 229 219 125 188 218 92 45 54 63 119 100 147 185 140 127 157 85 48 228 124 238 151 236 212 163 73 47 170 158 60 221
39 262 210 50 157 176 84 243 68 72 196 127 106 181 171 65 224 219 123 182 199 186 135 240 183 142 81 125 242 64 146 138 180 217 152 51 58 45 121
40 470 118 65 148 78 162 108 182 224 211 99 109 206 62 138 96 48 116 187 217 156 213 171 207 192 59 57 218 132 145 50 214 245 45 102 160 169 55 150 90 194 205 98 236 79
41 274 243 186 194 89 42 56 156 196 188 131 197 219 64 155 189 184 147 49 169 160 226 104 80 83 79 103 164 46 145 87 191 221 201 173 195 178 108 138 121 101 52 180 45 118 65 136 149 230 247
42 256 172 158 226 216 243 161 222 142 119 192 110 178 47 59 52 240 131 245 201 210 147 75 128 230 238 151 45 105 199 168 76 117 78 101 91 106 219 163 55 121
43 372 241 55 212 156 77 105 150 67 107 56 249 189 109 217 203 144 240 167 66 164 152 222 115 147 169 186 149 196 47 180 85 226 194 135 227 45 193 157 181 177
44 309 215 223 146 98 47 64 192 152 243 143 67 185 154 119 104 92 148 197 105 90 129 55 140 125 164 66 188 78 155 246 54 141 87 171 165
45 319 52 223 138 234 134 165 125 109 51 145 119 237 154 49 126 113 141 231 94 92 112 99 201 68 86 207 190 71 124 221 61 247 63 216 239 105
46 322 246 239 213 65 235 227 133 169 223 89 193 85 123 215 208 201 241 52 75 61 125 111 84 118 71 119 165 57 114 158 151 147 137 131 83 88 146 90 54
47 282 156 226 49 185 245 171 81 248 222 149 219 91 175 186 212 168 204 62 215 183 56 148 121
48 396 62 64 208 246 227 71 188 192 204 103 215 79 125 180 137 170 110 57 165 126 245 161 216 147 193 107 52 81 91 153 249 172 104
49 262 105 55 206 243 117 67 169 172 136 149 183 226 230 79 229 204 216 199 210 95 170 51 119 90 220 135 195 180 157 112 109 227 122 153 74 80 158 71 114
50 362 119 135 76 168 127 68 118 70 101 51 94 71 223 84 143 170 200 249 183 152 72 55 78 208 122 173 146 148 207 107 175 167 235 67 140 163 60 237 177 245 193 181 63 77 228
51 376 164 166 115 157 223 141 62 119 105 171 241 123 74 138 177 104 247 78 244 224 186 94 57 80 205 52 129 126 67 122 178 240 98 155 136 213 100 154 190 158
52 397 159 107 99 164 106 98 149 135 236 60 171 201 97 144 114 58 241 72 129 227 210 150 173 214 94 147 190 216 133 120 247 142 162 137
53 309 144 95 246 162 211 237 80 178 180 232 66 111 72 63 206 103 147 217 216 205 107 155 94 222 196 123 117 190 161 207
54 294 102 168 79 83 144 76 141 68 235 215 131 240 137 120 171 227 212 117 199 158 149 138 58 241 191 217 154 127 186
55 401 217 142 143 81 235 154 172 153 189 66 238 204 57 212 159 221 201 179 176 109 76 195 105 119 132 87 200 137 166 131 207 229 114 58 99 232 225
56 306 207 159 65 240 131 90 157 221 181 123 172 154 80 233 85 110 140 102 196 230 177 83 209 190 229 164 241 167 103 111 128 158 198 79 180 63 57 246
57 293 82 213 170 99 133 132 111 247 164 106 192 108 174 220 234 185 214 112 104 239 117 198 149 84 139 183 113 74 71 216 92 58 211 200 76 142 89
58 444 246 193 115 80 217 245 68 163 208 165 210 147 235 221 161 60 236 87 85 141 88 107 101 138 247 123 160 223 180 229 66 154 206 156 184 211 134 74 142
59 276 213 111 149 228 195 182 132 242 151 198 98 203 168 69 97 141 131 216 99 218 189 169 205 84 191 135 130 65 229 177 146 209 196 63 159 167 221 200 239 92 81 94 140
60 280 64 194 84 100 117 74 145 229 133 227 98 139 102 75 217 155 143 128 114 163 119 92 142 95 110 115 76 238 89 203 184 135 216 236 158 242 156 148 97 189 157 165 246
61 283 199 149 62 120 65 93 145 139 186 169 233 94 66 80 196 179 246 181 162 223 113 128 75 146 219 182 95 244 213
62 259 159 97 105 98 115 117 166 175 243 196 240 103 199 130 222 233 144 239 65 111 229 156 142 234 210 246 143 163 216 124 173 225 217 79 160 182 78 150 63 64 135 82 108 83
63 458 175 235 201 95 113 161 166 183 146 105 223 97 218 134 198 119 86 100 92 180 167 83 78 71 181 233 195 154 190 170 128 205 88 240 106 120 112 131 196 217 249 245 135 226 168
64 350 126 233 184 91 223 120 165 130 90 117 86 220 183 93 214 108 119 201 164 149 189 161 163 240 104 87 133 178 142 203 198 210 238 141 148
65 369 95 171 232 174 137 209 249 134 126 150 85 202 237 69 245 236 185 71 106 169 164 152 112 83 66 158 233 81 247 70 132 72 173 103 176 128 153 145 193 179
66 281 104 144 115 76 185 246 90 211 100 150 170 162 151 161 157 89 159 121 204 106 142 248 243 146 232 213 120 114 135 112 80 136 79 249 145 215 138 101 117 229 171 71 98 165 130
67 374 177 139 136 162 84 151 158 108 185 176 71 181 70 140 120 171 248 103 135 214 160 192 77 179 170 154 200 117 94 206 130 153 119 123 156 73
68 263 149 134 145 169 125 224 146 85 79 99 152 126 130 199 184 73 228 190 76 208 167 178 112 200 135 194 154 107 111 77 109 202 209 150
69 363 221 244 241 218 125 174 234 196 151 70 163 108 240 190 223 180 182 170 124 199 228 189 173 113 144 175 212 110 87 202 146 222 207 123 185 169 88 166 121 217 137 84
70 293 77 211 74 120 73 171 208 225 119 144 248 219 148 76 160 134 210 156 172 205 206 83 88 201 246 243 142 150 197 174 127 115 117 157
71 364 210 136 186 224 237 203 148 153 172 133 142 212 89 232 149 178 215 221 240 207 158 79 197 173 121 238 104 90 166 161 228
72 343 226 100 79 81 190 93 133 126 114 138 90 76 159 146 193 195 196 238 99 208 188 104 224 85 123 158 199 242 108 105 112 206 116 245 106 170 178 179 137 163 221 122 124
73 380 76 127 242 218 193 177 228 86 178 157 165 154 181 224 246 87 141 131 150 194 152 132 201 212 227 211 199 108 223 84
74 317 174 201 181 120 180 217 196 177 96 167 159 147 79 125 137 97 140 158 213 103 90
75 303 124 148 211 175 162 114 172 235 165 170 77 133 130 139 138 85 141 92 173 107 164 212 142 90 78 186 116 197 174 238 112 209 189 106 163
76 365 175 210 167 115 220 215 237 88 229 133 240 110 116 129 141 132 128 140 166 180 96 230 189 173 136 134 83 142 228 162 244 109 156 139
77 269 158 137 245 180 209 128 214 229 105 248 175 95 205 86 102 228 230 191 85 110 174 216 111 226 139 243 151 169 109 206 218 153 244 89 183 176 135 204 123 108 87 188 212 115
78 366 248 140 102 229 249 192 154 123 231 205 156 163 241 90 190 169 234 247 244 223 157 236 105 233 177 92 220 213 174 139 98 107 115 219
79 447 140 100 238 212 92 114 231 150 80 111 93 128 229 110 204 246 85 196 116 189 192 200 178 107 180 103 232 207 144 101 235 166 169 218 117
80 272 215 103 108 200 93 135 125 112 94 169 127 118 149 225 174 114 146 86 186 176 196 240 99 113 249 139 173 206 233 158 179 205 220
81 281 173 91 166 165 136 187 170 168 214 96 180 95 222 206 156 152 247 245 172 92 126 162 133 228 204 135 155 103 153
82 403 172 236 238 183 141 95 143 233 84 199 206 214 101 196 115 98 148 155 221 135 147 165 167 99 96 185 204 158 175 151 242 226 179 187 228 201 124 181
83 254 147 154 90 103 214 247 227 134 109 130 197 86 93 121 210 184 221 201 194 176 185 92 192 229
84 343 110 114 186 101 207 185 242 198 247 137 199 106 188 162 226 154 173 149 91 208 90 108 178 99 170 220 171 103 148 217 88 167
85 325 232 236 211 103 127 221 183 199 189 170 96 193 205 220 230 118 163 120 97 125 168 206 146 227 110 130 198 112
86 371 120 179 110 147 168 96 171 87 162 102 194 178 121 219 234 187 125 95 191 143 128 211 233 221 199 193 228 138 190 210 98 189 215 157 244 146 231 239 173
87 304 220 166 176 217 244 184 178 234 125 124 226 222 163 192 131 216 101 156 134 161 164 237 152 110 245 214 209 223 103 147 96 146 107 140 122
88 386 144 146 224 155 230 194 206 112 117 108 190 92 182 197 176 98 185 103 143 202 181 128 237 220 174 221 145 211 116 94 243 171
89 346 176 240 140 230 152 133 229 104 90 97 118 228 94 170 115 236 147 210 198 207 95 171 187 155 234 180 124 238 181 149 99 174
90 268 145 143 162 219 151 192 110 92 235 136 218 186 206 246 181 200 226 240 129 122 242 209 232 238 208 243
91 250 98 171 125 176 216 183 203 159 114 95 181 249 141 149 248 160 122 231 126 233 184 132 143 133 104 112 232 121 123 222 196 111 174 226
92 463 211 208 121 167 118 182 129 190 205 234 113 230 235 124 101 127 195 183 185 158 95 202 174 136 249 180 110 107 203 204 169
93 287 234 224 207 189 157 211 94 133 236 101 205 229 103 230 169 197 181 180 200 107 239 156 128 118 247 210 186 106 158
94 317 196 129 239 194 131 214 145 151 244 144 132 128 182 127 172 184 157 198 183 156 200 191 207 95 150 219 206 238 213 125 96 188 216 126 199 249
95 276 245 235 154 120 152 151 229 111 128 219 237 147 188 185 247 173 239 155 138 157 129 104 145 209 115 222 178 126 131 108 167 139 212 146 148 246 162 238 123 183 198
96 407 182 228 180 174 112 172 243 241 192 103 137 177 151 187 215 249 99 146 237 111 225 185 194 167 175 110 233 144 181 184
97 344 243 197 219 224 122 138 180 198 205 237 236 208 146 132 102 193 229 181 164 143 142 106 200 194 117 165 230 235 232 201 206 119 233 210
98 362 205 141 117 136 201 217 103 124 240 166 135 181 216 163 200 213 149 107 174 172 239 221 220
99 294 115 178 140 170 247 215 151 134 233 108 214 146 164 102 246 160 191 132 124 111 143 193 127 228 239 245 172 224 204 166 147 176 197 229
100 280 243 229 162 233 104 245 196 103 114 212 182 222 211 187 178 134 175 218 165 109 225 108 149
101 323 206 209 176 240 169 211 155 118 145 120 172 150 105 174 166 163 229 196 246 210 117 115 202 154 194 146 180 161 242 204 168 104
102 397 206 178 199 154 181 236 247 143 136 218 198 189 241 222 140 121 146 117 110 210 105 201 159 106 244 194 115 127 173
103 431 115 117 244 135 229 136 204 213 192 180 185 108 217 152 169 141 245 216 195 221 243 165 203 227 183 138 105 235 182 194 164 208 125
104 277 108 171 197 175 200 226 187 208 134 147 247 168 196 129 123 139 178 233 195 137 132 173 169 240 120 117
105 292 155 181 187 201 243 227 233 220 168 164 169 235 125 109 190 245 192 159 121 142 225 208 207 163
106 298 215 125 166 192 180 115 159 206 241 152 195 154 188 174 156 113 109 236 161 136 181 219 132 185 118 149 173 225 210 121
107 271 112 108 146 150 211 168 237 141 160 182 228 110 198 147 239 229 127 124 224 117 177 125 178 226 115 163 116 176 120 155 126 207 233 183 238
108 431 202 119 175 226 140 150 219 168 210 173 128 193 165 148 109 139 216 181 120 113 166 143 126 230 199 208
109 328 179 174 208 171 193 192 206 205 221 211 190 177 231 138 130 143 142 199 227 132 165 238 229
110 372 155 200 237 166 182 150 230 177 149 161 241 201 211 144 128 126 117 198 136 159 135 158 236 165 226 156 207 120 244 212
111 300 168 186 199 112 119 162 128 225 192 133 160 231 183 180 244 145 155 239 210 136 172 202 114
112 383 219 117 191 231 154 168 232 146 218 113 224 217 201 225 209 197 161 185 118 149 145 188 230 141 233 153 147 164
113 267 139 215 141 136 124 126 150 129 187 237 229 177 239 185 188 154 242 225 246 135 186 199 140 196 218 230 123
114 350 199 210 128 237 201 185 173 144 225 200 166 183 226 224 160 140 125 141 229 136 220 164 232 216 149 208 189 120 218
115 274 149 159 187 172 208 186 218 215 239 169 143 209 155 200 177 175 180 223 141 120 179 170 199
116 329 174 119 180 151 179 159 196 170 128 192 214 195 161 163 145 129 194 135 226 189 242 222 216
117 397 176 214 217 192 221 170 219 182 181 151 173 228 235 243 225 128 196 139 125 234 155 178 244 163 208 131 215 237 129 153
118 292 225 195 159 144 220 178 244 165 217 177 137 212 249 124 182 232 152 166 196 242 194 123 207 193 246 121 189 175
119 424 151 149 242 196 163 228 127 139 236 169 153 141 160 244 200 124 158 227 145 152 241 173 234 220 185 219 140 120 177 131 136 192 166 204
120 284 195 136 121 143 130 170 231 182 137 172 157 123 145 148 196 249 184 149
121 296 145 221 240 178 244 236 214 143 168 138 139 165 239 219 130 123 182 202 242 212 124 210
122 359 144 228 211 139 161 231 249 248 197 206 244 209 174 154 186 124 192 218 177 140 133 237 235 149
123 345 236 186 232 134 185 172 209 197 203 224 159 217 177 162 170 174 241 249 132 165 138 227 226 245 229 145 248 184 171 219
124 342 240 219 223 233 226 171 229 218 191 236 238 140 159 125 154 162 228 200 179 168 164 166 150 232
125 375 137 246 144 228 189 146 183 175 145 135 230 156 241 158 197 240 153 218 165 136 207
126 283 199 185 204 159 190 242 148 238 239 193 154 212 153 248 228 178 133 219 164 156 189 207 147 146 210 222
127 346 229 148 218 198 176 144 237 173 202 161 228 232 220 185 196 162 233 214 158 243 187 191 248 129 189 203
128 359 232 203 182 190 129 184 230 160 146 223 211 131 231 220 212 149 229 206 196 134 180 216 170
129 295 215 233 244 171 149 154 159 167 173 220 240 209 222 185 182 178 214 130 197 226 224 163 221 241 223 208 199 133 237 147 191 228
130 270 241 138 134 230 143 217 238 144 245 164 166 158 194 187 146 145 242 229 221 178 234 136 150 179
131 409 195 135 151 202 248 158 172 228 208 182 176 147 144 225 152 189 209 238 234 199 162 178 168 218 243 193 217
132 321 147 245 142 226 184 183 198 140 231 191 213 182 148 178 238 196 151 212 230
133 475 158 204 134 154 220 203 145 177 176 162 191 152 143 227 245 236 183 218 164
134 261 249 192 139 156 244 181 184 189 178 177 203 240 218 175 226 215 145 239 221 238 172 195 169 202
135 264 139 234 197 204 136 248 245 169 236 213 163 195 182 180 173 202 164 153 209 223 174 186 143 152 224 229 200 211 239
136 398 248 195 237 238 227 235 175 152 249 229 197 185 174 205 163 158 146 189 193 231 179 188 155 201
137 265 191 219 177 241 182 138 181 227 234 187 175 188 215 240 220 143 165 205
138 337 195 236 206 220 233 153 148 224 159 230 161 216 185 186 193 197 248 219 172 173 156 229 243 207
139 259 145 199 213 195 196 219 215 246 186 249 180 177 162 175 179 226 169 161 208 167 227 212 244
140 379 228 191 181 224 209 194 158 244 177 217 208 157 222 241 147 160 207 196 142 176 212 183 211 189 172 227 192 245 226
141 362 156 146 172 240 241 163 216 196 194 177 150 148 197 228 198 200 195 165 234 182 168 219 222
142 413 177 216 153 175 157 186 189 145 148 246 209 182 244 202 167
143 316 242 226 147 182 221 246 157 162 248 208 203 234 214 144 218 184 198 169 172 176 239 178 146 173 213
144 271 232 239 188 217 175 244 147 196 243 204 247 207 209 233 146 199 235
145 394 246 214 203 215 171 168 146 200 216 158 225 169 150 148 206 243 209 221 237 178 187 162 245 228 163 202
146 311 161 152 174 233 225 165 190 184 228 244 204 196 170 234 198 153 197 172 173 149 175
147 295 195 190 176 154 194 226 208 241 167 202 231 227 155 200 242 187 185 171
148 374 249 169 235 227 189 166 197 223 184 219 155 213 240 233 198 158 234 186
149 347 155 157 210 192 180 217 182 221 172 215 249 187 164 194 166 206 239 181 169 161 183 202 245 209 248 226 195
150 279 156 157 190 182 165 154 174 189 200 247 248 239 194 207 212 235 186 203 204 220
151 257 195 178 175 154 228 229 241 152 244 179 239 163 248 224 207 237 221 183
152 368 221 245 156 178 212 226 160 193 247 190 228 219 216 201 210 223 170
153 375 162 159 244 200 212 243 206 173 230 205 193 185 197 215 239 242 220 217 207
154 275 233 193 209 222 245 176 221 185 163 188 217 207 230 205 174 199 212 196 178 214 168 158 219
155 273 236 213 181 170 166 241 185 234 222 195 218 230 224 204 198 247 249 179 203 244 158 215 205 159 202 182 219
156 452 237 182 213 235 227 236 201 197 246 199 218 211 230 184 178 247 221 173 160 238 200 240 232 179
157 295 194 181 249 177 188 231 185 180 193 200 190 214 229 173
158 398 229 212 176 203 173 228 234 244 223 222 231
159 307 204 232 214 164 223 220 202 249 248 196 191 167 212 160 234 222 213 178 162 177
160 491 204 249 182 227 194 162 213 170 190 185 168 202 228 191 192 209 218 220
161 257 245 231 203 198 232 173 207 178 237 170 228 223 217 185 208 239 187 230 181 193
162 252 179 232 241 180 181 174 173 169 191 237 245 203 201
163 297 221 175 213 239 242 230 235 225 206 164 185 217 165 189 197 173 215 238 199
164 345 168 220 210 200 181 234 182 243 232 216 213 193 227 194 219 185 183 190 241 237 239
165 358 198 243 222 190 210 238 248 214 187 181 170 201 221 173 205 204
166 285 240 168 200 214 181 185 225 212 211 183 178 241 226 247 217 189 223 176
167 447 224 234 194 225 236 192 203 168 180 220 245
168 268 219 203 192 222 242 209 193 240 215 220 243 230 180 210 181 202 217 187 190 179 247 169
169 418 229 234 212 185 211 177 187 226 200 205
170 303 224 241 231 184 196 190 200 178 187 217 221
171 279 179 174 247 221 239 202 197 188 178 183 238 235 218 173 228 248
172 376 239 215 198 213 249 207 235 182 245 209 217 238 197 237 193 194 206 242
173 342 229 232 221 244 185 235 174 210 177 239 238 180 218 212 206 233
174 282 201 211 241 203 190 199 176 236 238 204 247 214 226
175 348 180 191 182 221 205 187 215 248 201 243 237 217 188 203 200 210
176 264 222 226 230 211 243 236 183 182 203 220 187 224 202 197 212 239 177 179 178 201
177 388 208 209 237 182 204 191 207 228 185 221 246 226 223 236 190 229
178 292 249 189 181 188 238 222 240 245 199 190 232 227 237
179 313 227 203 218 237 200 213 246 192 182 239 180 238 224 209 208 245
180 395 196 200 219 192 239 188 206 197 227 237
181 309 248 223 213 247 218 230 228 240 243 188 200 217 227
182 300 237 191 187 225 195 241 229
183 391 235 244 249 233 234 223 217 188 215 231 221 248 218 219 207
184 267 221 208 216 237 191 240 198 217 209 234 239 246
185 306 215 239 198 228 243 194 218 226 232 221 216 207 234
186 427 196 222 200 215 238 195 242 208 217 210
187 315 207 200 198 221 229 232 249 208 206 228 220 211 230
188 410 218 210 226 230 194 245 231 207 233 221 244 190 196 240 208 212
189 275 238 197 249 200 198 239 229 224 213 221 231 218 228
190 255 245 248 198 243 199 218 202 241 200 204 235 244 230 225 207 209 238 215 191
191 410 224 208 237 206 218 219 197 196 249
192 335 198 219 203 200 241 249 243 215 222 214
193 368 212 232 211 236 216 249 239 235 209 242 203 205 220 233
194 252 247 244 195 220 212 215 232 219 200 249 248
195 380 235 210 214 204 198 230 207 229
196 297 212 204 240 198 208 235 224 244 243
197 323 246 240 232 243 217 239 215 225 198 242 219
198 380 241 235 202 238 220 249 233 230 205
199 356 229 243 221 242 232
200 330 229 215 227 241 211 205 239 225 212 240
201 314 247 231 212 213 232 244 210 241 225 227 238 233 239
202 429 233 220 213 246 232 206 248 234 222
203 288 207 205 239 222 246
204 283 244 246 247 234 235 205 213 222
205 409 233 227 208 206 230 220 218
206 324 233 214 208 209 238 210 228 239
207 267 233 249 223 247 212 227 217 236 232 208 244 216
208 373 223 233 222 243 221 231 247 232
209 307 247 228 216 236 214 240 224 231 210
210 320 243 226 212 235 244 239 218 229
211 260 225 241 227 230 247 213
212 298 226 235 217 227 225 244 224 215 219 229 240 228
213 442 223 232 243 246 228
214 386 229 217 241 245 249
215 278 235 248 221
216 336 234 235 230 236 226 243 231 229
217 426 222 234 249 248 226 246 232 236 223
218 251 243 220 247 245
219 323 229 236 224 228 220
220 302 238 235 222 232 243 234 229
221 377 235 223 226 238 246
222 321 231 232 243
223 303 241 235 240 226
224 407 232 231
225 290 228 234 243 238
226 255 238 239
227 359 241 242 231 236
228 386 232 245 241
229 328 234 237 240 243 231
230 285 236 234 241
231 387 246 244 236 235
232 420 246
233 299 236 239 249
234 281 235 248 242
235 345 240 236 244
236 263 238 241 242 239
237 392 238 249 244 245
238 354 249 245
239 288 243
240 358 242 245
241 266
242 391 249 245
243 343
244 414 248
245 289
246 297
247 422
248 326
249 252
