249 1000
1 270 234 25 212 152 203 120 127 182 143 104 35 62 32 47 209 23 53 105 155 166 22 3 72 16 134 9 61 13 56 244 220 186 157 107 146 164 204 40 103 137 42 113 27 7 66 38 109 48 180 174 128 118 24 93 70 77 191 181
2 282 153 156 143 161 195 193 52 117 209 7 9 186 222 180 60 90 120 92 116 177 142 83 234 49 159 240 96 155 20 97 62 211 84 135 231 145 248 200 75 67 172 119 65 183 229 241 14 146 25 184 217 175 249 79 40 48 35 57
3 448 112 33 182 24 218 59 247 70 96 171 106 39 222 54 157 73 108 11 51 40 203 98 103 81 216 208 8 217 195 199 95 91 119 4 211 130 159 230 66 41 78 94 45 87 132 23 76
4 265 101 30 70 146 116 234 46 176 71 108 12 155 162 147 177 82 218 126 18 122 24 6 95 198 161 200 78 37 109 111 184 94 124 226 145 144 178 167 183 215 20 143 99 44 240 103 141 84 186 13 219 33 179 201 159
5 252 30 101 86 148 105 114 134 80 59 167 136 181 222 229 28 129 85 192 111 60 212 154 49 180 178 24 141 209 227 223 19 106 8 207 116 110 233 132 89 50 45 120 146 135
6 483 225 210 215 76 112 12 184 131 55 201 133 124 230 152 89 117 21 42 72 170 14 66 27 95 123 98 203 244 86 159 109 160 100 231 220 202 190 60 187 248 9 126 120 84 57 173 212 13 59 180 32 40
7 343 245 132 21 126 183 59 246 12 73 62 15 149 160 182 69 85 195 90 35 106 123 87 165 83 124 178 120 99 110 142 82 240 68 111 207 32 42 189 61 222 213 107 203 150 16 227
8 393 29 28 33 148 231 54 100 146 125 98 40 214 135 169 78 52 161 185 202 238 101 55 106 243 70 187 130 9 235 99 128 129 36 102 155 109 242 194 167 57 47 16 173 246
9 264 99 71 159 35 225 85 195 190 56 80 75 167 84 81 169 156 184 40 30 120 240 89 175 129 242 173 185 77 210 102 193 31 93 38 121 116 235 70 94 28 218 15 47
10 295 204 23 96 132 85 86 34 174 108 84 102 107 115 237 66 150 52 177 248 44 110 185 173 100 161 106 214 222 101 19 77 189 228 208 32 120 123 29 119 67 147 111 155 212 45 187 134 146 13 28 234 72 175 48 11 163 122 244 157 46
11 397 181 19 130 158 231 14 205 31 227 16 101 34 111 222 162 177 79 247 13 241 98 184 82 36 87 166 197 178 23 30 127 74 196 124 91 128 39 164 206 155 223 108 46
12 308 158 183 60 199 165 206 21 120 169 138 136 133 16 64 184 221 62 45 129 47 22 38 151 176 42 28 181 192 222 126 193 188 88 74 56 46 110 52 202 159 170 17 25 100 35 19 43 208 61 83 172 113 167 125 197 70 230
13 277 229 165 174 77 56 150 43 183 26 190 163 197 194 162 105 233 38 191 53 124 58 94 70 134 200 242 215 29 153 109 102 59 167 64 225 172 50 61 27 114 60 199 145 93 74 244 202 120 84 208 157 91
14 291 145 156 126 20 88 94 133 124 194 25 52 203 141 120 208 246 147 215 143 78 71 77 57 122 53 238 99 171 195 116 59 131 190 84 48 128 45 125 202 75 40 164 16 80 216 167 107
15 432 233 236 187 151 137 102 172 219 69 222 189 87 205 150 25 78 153 197 163 142 167 120 127 80 229 71 72 114 112 247 206 88 158 195
16 280 207 23 162 177 27 111 113 239 44 173 221 245 133 237 63 68 20 156 247 213 92 171 222 127 47 186 181 205 248 143 223 69 107 98 159 166 131 144 198 220 229 84 94 193 59 188 178 76 218 215 32 22 163 145 53 157 52 115 206
17 427 77 134 58 75 147 160 83 144 81 226 48 60 18 244 62 37 180 165 32 143 67 139 98 161 175 208 181 47 114 127 79 247 54 108 51 243
18 293 32 155 121 84 66 60 75 228 249 160 240 58 87 130 53 170 80 172 212 141 28 118 188 133 129 81 91 186 156 101 211 165 230 203 42 119 76 157 47 23 93 103 148 154 185 109 34 181
19 304 29 173 103 101 22 148 47 62 229 50 51 30 141 205 74 161 115 220 134 238 152 34 32 247 207 231 142 80 36 224 179 46 104 144 72 93 227 189 95 64 182 186 225 24
20 446 92 117 128 53 32 201 40 242 122 127 141 90 247 170 212 111 91 79 62 139 51 197 130 244 65 236 104 187 78 72 50 24 89 100 69 199 61 37 204 77 157
21 250 231 94 127 136 105 53 194 23 31 249 141 126 148 131 32 59 181 145 63 79 85 199 156 86 228 154 198 233 170 205 202 187 247 106 177 111 153 234 178 129 200 80 50 93 35 245 142 43 244 62 223
22 261 111 249 53 26 151 122 64 141 105 48 96 138 209 43 123 195 171 232 94 218 39 178 78 50 149 189 226 197 217 243 54 235 28 118 34 183 245 45 42 61
23 392 92 107 133 192 105 219 209 126 208 124 157 239 98 54 138 33 65 188 104 88 241 240 203 57 96 90 216 174 158 205 248 146 210 24 206 177 149 75 228 194 101 134
24 347 25 98 206 69 107 108 95 221 216 54 93 122 230 40 178 228 182 244 213 84 46 140 128 136 68 116 42 94 237 131 92 29 73 59 47 191 242 175 76 223 141 121 138 113 163 166 91 90 236 74 27 155 235 30 217 198
25 473 145 32 171 180 196 135 151 68 57 200 120 136 106 107 126 205 40 234 224 162 154 36 176 69 123 186 90 199 111 131 190 138 98 147 102 221 210 101 140 157 225 74 235 118 144 213 84 158
26 276 200 116 104 157 50 79 199 163 166 243 192 214 237 76 156 226 195 168 134 59 162 196 35 244 83 56 194 47 86 233 247 51 41 160 71 110 53 107
27 251 162 47 106 97 211 33 109 167 99 148 235 221 124 173 112 111 152 102 46 231 171 38 194 78 65 123 220 89 188 87 103 136 55 98 242 86 228 129 118 232 92 185 225
28 336 186 190 125 245 220 36 114 157 98 52 155 153 151 163 30 170 222 232 111 116 53 230 139 46 41 137 119 191 152 204 132 66 160 228 39 165 34 81 158 106 33 95 45 166
29 316 195 131 89 119 235 151 47 62 170 239 163 164 84 198 180 116 51 41 71 139 143 248 39 87 129 52 72 159 210 97 201 167 176 231 135 154 196 122 244 60 240 199 228 132
30 348 202 209 45 238 166 129 237 38 163 180 234 227 161 76 106 85 168 111 131 67 192 200 90 37 112 70 49 89 236 136 134 58 128 174 138 223 167 95
31 470 57 112 200 33 40 118 193 105 238 223 130 240 125 189 71 209 34 237 93 147 50 233 111 245 216 68 175 99 180 114 60 77 35 241 229 227 210 92 44 163 224 145 170 166 179 45 64 149 143 113 65 183 146
32 269 83 223 235 54 149 107 130 249 157 78 215 135 170 238 68 180 52 81 118 115 197 165 242 213 189 168 33 67 178 117 210 146 244 45 134 95 49 186 71 132 154 116 66 161 69 156 191 60
33 261 187 244 81 164 149 114 155 86 76 207 44 36 142 37 159 90 174 161 126 134 233 117 136 246 157 154 156 97 148 214 209
34 443 212 114 187 162 88 119 157 244 166 224 142 182 240 192 76 228 139 208 115 209 54 78 82 59 131 107 112 94 85 154 36 213 234 129 198 223 113 136 86 169 207 178 35 246 239 248
35 298 53 83 46 144 37 126 203 81 249 211 220 64 152 157 114 68 188 180 36 206 175 119 43 209 96 128 131 193 67 123 101 84 169 88 104 135 122 221 70 234 208 196 168 235 54 51 212 62 82 57 90 98 204 218
36 259 142 51 162 140 147 107 66 167 128 120 231 125 165 215 161 48 221 166 52 139 92 110 207 57 89 204 178 87 54 58 188 71 37 176 105 182 118 47 238 229 68 186 103 160
37 288 74 56 113 219 249 231 177 112 184 140 80 217 141 120 48 146 108 60 71 159 40 138 62 89 191 192 222 204 171 216 53 125 118 170 149 66 121 240 54 160 174 114 225 134 64 105 190 85 178
38 303 150 121 75 88 61 69 128 249 181 180 241 207 215 126 99 230 73 108 86 135 227 169 226 236 200 248 237 120 60 123 232 63 233 119 133 95 90 239 217 187 190 192 107 144 65 104 228 162
39 409 166 151 133 72 192 189 232 131 82 129 118 221 70 200 207 115 228 64 237 55 179 95 215 160 144 56 222 141 130 103 120 238 79 90 229 211 108 219 110 62 100 123 196 212 127 125 109 235 203 201 94 188 140 80 65
40 280 222 193 74 130 229 120 77 73 48 147 220 72 101 196 135 231 194 70 133 123 95 152 87 106 247 202 216 236 141 100 119 240 128 132 110 167 188 54 98 137 64 163
41 402 57 185 92 58 94 102 137 64 129 95 136 126 217 150 204 226 163 128 142 154 121 61 76 232 98 235 214 197 101 86 123 66
42 318 83 119 122 202 57 129 211 80 134 188 95 185 55 245 47 193 234 81 215 216 135 103 224 241 126 45 110 93 137 232 89 212 170 118 101 214 49 133 208 175 117 161 222 178
43 329 46 99 196 69 143 94 132 112 208 114 192 155 248 234 110 130 191 227 119 203 147 111 48 45 103 237 205 219 151 128
44 287 61 172 209 50 135 154 144 238 139 95 93 208 186 231 182 170 151 179 215 45 159 105 46 197 232 195 171 100 98 109 199 220 228 236 113 163 165 121 48 73 217
45 384 66 56 241 113 80 191 83 58 87 147 107 154 224 202 186 127 137 89 199 117 60 128 146 234 85 165 221 177 193 139 228 92 124 101 179 99 192 59 194 212 227 204 64 172
46 335 186 67 85 110 198 173 219 247 126 104 97 57 244 225 148 88 189 83 86 50 132 155 191 115 147 123 212 190 53 175 159 237 89 51 111 124 200 95 205 235 158 178 149
47 354 171 84 208 61 179 213 220 187 118 153 192 172 186 170 226 122 95 88 85 235 154 167 52 212 120 206 225 240 164 177 217 159 249 64 90 140
48 311 88 192 76 198 131 191 166 164 120 136 173 133 64 101 189 78 242 148 98 195 203 73 134 127 149 170 178 86 71 109 90 211 121 214 172 168 199 91 59 130 53
49 289 88 83 67 224 84 216 115 182 90 97 122 61 200 119 245 103 117 68 159 244 57 169 206 91 180 234 85 105 238 229 65 204 114 100 242 132 144 107
50 459 238 112 154 184 144 229 174 91 76 182 221 149 55 104 127 71 156 166 243 237 216 142 231 121 128 177 82 183 162 95 72 188 131 93 236
51 252 132 99 63 108 101 183 223 246 110 149 66 215 152 230 137 240 94 173 126 128 111 87 232 61
52 359 232 116 118 71 160 169 64 131 178 61 219 209 247 213 237 246 235 244 152 125 206 205 185 99 166 200 249 80 241 87 151 204 167 72 139 190 88 113 93 59 229 70 126 119 81
53 328 178 212 214 114 123 161 100 130 149 168 115 199 218 119 242 101 69 232 88 184 236 154 136 118 102 192 143 128 230 116 223 167 197 208 124 160 196 75 238 78 63 112
54 313 72 202 55 104 183 108 80 114 59 185 158 173 123 233 170 178 222 63 139 244 133 124 99 66 246 138 62 153 226 228 207 213 152 186 241 201 230 198 232 236 146 142 197 225 175 109 96 209 164 121
55 268 96 66 126 226 100 151 229 243 72 214 222 143 192 134 92 152 62 106 135 98 219 93 164 138 89 231 116 198 233 141 127 79 119 184 168 125 95 114 137 159 56 249 68 86 197 216 153
56 400 132 120 93 140 107 211 243 116 201 102 169 203 217 106 196 124 78 249 71 198 234 180 147 183 126 237 99 58 80 148 229 175 68 240 194
57 332 164 64 99 217 80 228 246 127 187 225 221 91 85 224 115 131 141 140 202 88 104 153 92 93 178 206 158 67 233 107 102 75 151 134 220 180 226 174 200
58 314 97 74 128 134 116 228 239 200 176 113 103 84 150 197 142 220 189 215 214 117 63 208 216 195 104 245 204 154 190 227 224 96 161 212 121 163 115 234 126
59 331 194 115 96 101 127 138 201 217 103 109 63 73 161 171 199 70 183 179 202 71 233 159 100 153 136 77 152 146 222 110 225 126 175 117 74 204 214 241 98 112 208 104 113 227 148 69
60 355 125 129 218 108 198 140 65 243 164 84 99 231 149 80 194 173 234 148 139 246 241 91 82 61 159 160 229 205 177 163 69 154 223 120 190 242 97 211 106 67 222 151 180 100 112 232 235
61 344 93 135 63 108 112 197 65 143 238 190 155 122 235 136 115 149 228 237 208 174 150 137 189 76 244 94 91 114 129
62 261 108 215 79 249 180 224 91 209 187 148 172 82 71 199 248 132 213 97 247 153 244 220 243 155 223 183 67 135 76 65 240 64 229 140 200 105 210 218 195 70 166
63 395 175 94 228 126 182 140 220 134 102 103 82 104 124 161 183 142 219 247 245 235 114 218 166 196 99 227 158 133 132 213 238 137 209 90 206
64 272 227 152 127 113 214 242 157 154 74 67 249 194 171 207 198 243 147 210 172 115 149 91 187 232 101 180 211 144 109 89 235 135 119 212 190 184 104 164
65 377 138 205 87 115 211 228 89 111 78 70 91 218 94 178 122 207 74 238 135 150 99 239 195 117 221 217 209 164 213 203 231 189 79 161 180 109
66 351 112 95 179 174 213 118 96 142 120 106 122 217 78 177 86 156 224 69 244 240 164 139 236 114 183 207 210 233 101 104 119 208 172 146 149 137
67 323 188 209 213 212 99 78 74 121 137 205 235 224 200 83 106 81 249 142 97 165 192 167 98 179 116 208 129 90 186 72 202 131
68 365 205 200 235 189 82 107 84 122 93 230 173 223 196 159 188 135 192 150 181 139 166 187 98 116 152 217 160 126 244
69 312 83 224 141 144 238 245 181 91 244 84 188 89 183 93 72 234 149 70 184 145 192 215 116 134 117 185 218 73 125 92 157
70 297 133 193 134 168 227 116 145 159 188 198 216 105 82 180 231 150 247 137 214 187 78 108 91 174 191 156 83 151 120 85 232 246 202 203 126
71 432 189 99 142 89 151 146 95 162 228 94 213 236 191 100 80 227 182 169 211 136 223 234 186 209 157 244 248 218 207 75 105 193 83
72 271 247 131 172 87 126 210 220 123 112 97 208 133 164 136 185 169 202 211 80 103 233 99 188 186 132 83 122 234 200
73 286 156 97 239 199 152 245 228 135 130 200 197 91 81 213 237 151 114 165 74 78 185 154 79 215 85 170 122 144 235 80 103 183 126
74 367 239 197 247 167 169 178 119 110 147 237 145 177 95 191 162 168 79 143 116 78 140 199 85 235 186 188 154 122 184 221 202 171 193 129 84
75 347 90 136 111 88 87 130 203 155 115 162 175 191 125 150 165 148 94 202 119 137 108 174 101 226 100 235 166 246 117 206 230
76 317 200 139 136 103 231 89 174 184 164 106 165 77 243 94 113 195 85 111 168 107 201 137 192 185 78 213 104 109 236 135 81 245 134 149 114
77 311 141 115 169 119 110 102 92 187 197 190 162 97 222 153 107 118 214 91 111 98 100 95 195 150 242 217 249 209 136 207 86 157
78 372 163 102 134 196 181 118 106 204 219 157 230 218 208 82 159 172 221 175 90 178 108 191 248 107 244 149 192
79 336 236 161 201 105 151 175 174 223 94 232 144 150 245 85 202 149 100 244 187 127 215 249 178 153 216 106 231 143 167 138 199
80 404 85 152 222 145 102 89 198 88 228 221 215 193 154 137 169 232 205 185 195 117 106 81 147 128 189 118 175 220 223 194 227 192 210 236 212 130 235 165 167 131 97 98
81 260 169 96 151 209 229 91 124 245 118 198 174 168 134 114 156 148 204 160 190 161 202 193 248 89 200 93 205 237
82 277 101 243 238 156 95 182 205 185 129 215 91 109 197 152 116 229 94 220 226 241 179 216 230 96 186 134 178 125 192 147 89 84 239 103 132 160 145 194 168 248 233 102 172 173 199 118 139 133 151
83 464 118 212 135 205 218 174 244 214 97 128 166 168 180 108 201 226 149 233 145 175 183 104 161 221 229 167 190 209 235 202 179 249
84 259 221 120 239 89 241 228 104 204 218 157 242 106 96 167 139 217 219 211 193 148 164 147 177 121 200 130 102 85 190 124 137 88 210 100 207 209 152 248 112 166 145
85 323 130 151 131 97 148 100 122 134 132 114 197 220 110 91 173 94 235 198 244 240 192 171 249 116 150 136 87 93 200
86 382 156 149 137 181 161 189 165 248 89 87 129 222 216 204 174 147 246 94 114 92 148 106 228 187 143 141 144 244 223 245 103 186
87 295 91 188 245 211 191 233 185 90 151 240 146 247 142 214 223 144 150 137 93 212 209 182 175 228 143 197 249 153 88 149 192
88 409 215 110 158 222 229 213 195 175 130 205 161 204 129 92 227 176 134 237 181 239 231 90 193 218 223 160
89 332 244 221 186 133 230 229 93 149 97 115 102 105 169 233 129 232 91 122 178 198 142 164 111 193 197 126
90 259 141 113 230 138 198 216 116 225 139 140 235 93 190 127 128 244 231 237 236 224 158 118 223 202 199 94 156 111 110 125 217 188 137 103
91 357 166 198 148 199 223 110 189 242 136 145 135 210 161 137 120 171 118 92 105 185 231 248 96 195 249 108 213 188 134 244 193 139 123 106
92 266 211 162 227 184 224 231 194 236 217 221 164 234 122 207 151 104 208 229 129 134 206 100 93 205 175 108 172 195 212 167
93 377 209 247 161 98 227 196 165 206 230 178 95 109 215 112 134 177 208 205 125 156 143 172 102 195 94 185
94 333 201 97 203 164 229 180 249 220 158 163 138 111 205 95 157 186 183 228 179 226 155 234 144 198 109 137 216 182 152 233 148 105 135 217
95 367 217 195 138 110 187 139 239 107 141 178 106 164 185 143 118 198 242 238 168 225 248 172
96 300 225 140 204 156 135 163 136 228 235 247 131 210 125 185 157 227 164 236 129 155 105 147 203 130 221 186 98 172 146
97 397 247 200 187 115 188 149 176 167 178 133 145 216 116 106 173 225 227 245 165 132 108 201 197 214 144 160 242 249 226 204 179 113 157 240 146 181 102 138 150 123 117 120
98 312 106 105 188 151 157 129 126 233 118 246 179 174 191 108 196 182 178 117 218 193 119 171 148 201 104 228 209 226 111 144 161 175 211
99 291 247 153 175 115 135 118 147 195 191 154 126 158 151 117 209 226 182 203 224 113 186 176 124
100 252 198 127 126 223 240 113 122 199 209 182 206 172 242 121 139 231 227 108 132 225 114 143 213 184 155 117 154 201 116 221 212 103 156 135 124 147
101 357 190 107 147 189 122 136 181 238 210 217 143 184 211 241 118 106 187 104 169 202 145 156 220 230 161 199 195 221 151 180 208 130 102
102 391 148 199 107 156 182 116 117 241 236 221 169 190 124 111 119 165 200 186 204 109 197 172 166 237 133 235 248 177 214 176 198 181
103 378 192 124 236 151 143 229 138 246 107 245 149 136 160 205 197 216 231 104 171 186 210 214 202 175 146 196 112 150 207 108
104 279 220 131 127 171 106 188 209 125 134 240 221 117 126 146 143 198 202 164 183 119 217 187 108 181 177 153 237 216 241 139 138
105 343 106 109 137 176 203 229 188 221 167 153 239 156 143 249 243 134 192 209 138 162 161 118 190 220 121 174
106 329 137 243 148 217 213 154 194 216 132 229 211 247 184 212 124 225 187 214 107 208 195 221 152 135 231 144 174 119 210 110 159 155 186 127 177 237
107 357 108 235 171 195 219 110 215 196 130 139 125 177 154 187 167 174 136 116 179 166 109 145 218 184 185 246 117 132 182 212 232 224 155 115 153 143 202 135 156
108 314 212 234 154 230 193 215 186 249 207 237 125 153 179 113 131 211 130 116 244 235 111 185 148 201 151 109 222 197 177 220 117
109 365 154 129 198 124 238 217 147 246 127 247 240 197 187 172 192 140 188 182 248 219 206 224 139 242 230 205
110 383 114 136 126 205 202 170 132 218 157 121 177 151 112 229 142 198 113 224 221 240 130 164 161 173 183 223 213 137
111 252 179 206 133 132 135 171 126 174 209 238 164 236 214 170 158 229 201 194 221 139 202 199 119 166 123 243 232
112 320 198 145 133 184 129 218 119 240 202 209 179 212 118 232 149 219 199 181 162 182 176 130 248 194 159 124 236
113 407 208 220 188 200 233 202 132 226 158 151 198 199 203 124 213 212 244 154 114 241 222 125
114 273 115 234 192 185 120 239 232 166 246 211 122 190 215 183 176 168 247 159 226 248 126 198 144 249
115 348 205 215 138 178 130 222 120 247 200 234 213 186 163 167 194 152 242 191 238 187 218 148 245 196 170 140 176 159 151 124 210 139
116 400 201 200 134 236 128 185 216 166 133 202 175 142 132 226 143 223 220 157 217 209 195 187 224 152 125 178 155
117 252 231 234 134 121 247 181 132 158 239 137 147 185 217 249 224 183 170 164 238 248 118 142 225
118 266 197 217 151 162 134 126 142 211 203 236 157 177 152 192 156 119 143 193 165 183 222 214
119 412 233 239 199 246 126 243 165 187 121 181 120 200 235 196 214 230 174 178 171 207 223 197 132 220 177 226 168
120 322 231 227 234 142 145 224 216 190 165 153 150 248 173 199 245 223 140 228 175 172 152 160 122 135 167 249 168 198
121 280 186 204 177 149 162 165 169 132 189 192 151 140 145 209 213 199 214 176 160 130 215 230 196 150 157 218
122 290 143 231 157 180 159 216 228 249 123 149 150 139 183 173 132 202 162 153 156 147 152 155 197 134 171 130 206 233 201
123 430 189 230 242 144 185 136 152 210 208 160 137 167 173 164 220 127 187 125 216 174 195
124 272 214 133 191 209 246 159 138 232 146 192 144 160 206 126 173 248 230 175 139 167 215 216 179
125 385 225 157 227 205 156 152 191 197 190 248 166 232 162 158 169 244 153 130 239 147 196 140 189 150 167 165 145 126 133
126 343 211 130 157 148 129 152 244 216 169 146 240 174 131 183 200 172 154 245 140 195 197 173
127 274 192 219 244 227 210 171 204 214 165 148 230 198 159 160 243 174 152 154 135 221 180
128 338 171 170 169 135 183 234 184 140 239 206 130 214 180 248 154 221 241 240 244 207 204 187 152 157 162 216 215
129 388 218 214 156 195 158 172 155 207 171 153 192 193 134 248 148 177 223 173 191 180 221 133
130 389 167 232 138 206 155 177 132 159 241 153 196 217 156 216 197 194 193
131 258 198 158 196 162 211 177 187 171 139 147 174 217 157 219 154 191 242 163 152 135 182 153 205
132 353 199 191 215 169 148 220 183 226 175 228 176 235 137 247 152 154 147 205 233 171 160 182
133 265 176 210 229 151 170 157 139 211 226 162 235 224 237 208 169 217 180 214 218 196 234 175 148 189 153 219 248
134 481 143 169 168 236 220 229 221 237 224 167 141 232 242 152 207 147 162 135 243 234
135 254 142 178 188 189 198 152 185 235 245 214 147 181 179 210 190 139 176 246 220 248 194 157 182
136 389 220 204 195 200 194 217 144 163 241 196 188 235 248 190 143
137 306 146 170 169 158 228 149 154 189 218 156 247 192 139 177 221 194 220 193 237 148 171 181
138 305 176 172 233 186 228 217 171 142 181 231 154 143 200 206 153 199 139 150 152 192 202
139 266 166 218 181 174 172 148 140 156 248 224 141 243 182 227 221 207 209 210 211 242
140 426 209 162 199 235 156 165 144 172 244 143 230 210 243 218 170 186 201
141 308 170 182 145 246 149 154 164 144 146 207 181 152 248 224 148 213 155 163
142 271 191 147 171 206 145 154 241 176 201 222 164 237 199 146 155 196 194 184 189 195 165 152 213 233 224 202 143 211 180 234 178
143 300 222 206 146 177 198 210 201 169 156 160 231 197 182 199 184 216 194 244 180 168 230 236 228 144
144 429 161 230 175 226 184 247 195 202 188 180 212 215 170 158 237 169 218 207 211 189 209 233 165 243 204 222 200 164 205
145 375 242 239 150 224 207 193 158 174 191 246 240 234 162 232 216 166 228 182 189 149
146 338 155 195 163 219 157 181 156 221 236 149 208 241 169 148 247 180 196 193 224 220 158 152 237 183 166
147 287 201 172 162 191 196 159 152 189 193 188 228 178 153 164 225 222 186 233
148 314 239 205 214 160 179 165 151 195 237 181 225 194 203 186 236 249 244 155 167 189 199 219
149 376 192 200 201 226 185 213 217 202 163 150 173 236 186 205 193 174 194 182 229 230 204
150 310 167 200 159 216 207 249 164 235 194 227 166 220
151 299 236 161 185 218 155 210 240 167 157 213 169 159 178 192 153
152 408 174 238 226 176 199 228 237 223 216 193 212 222 239 192 173 169 244 164 206 156 155 194
153 293 219 169 201 182 180 237 212 174 156 166 211 192 247 233 162 210 177 187 204 171 176 222
154 451 203 176 185 232 222 191 229 240 237 188 228 211 209 192 244 171 234 177 166 224 186
155 293 217 190 216 173 225 206 218 212 186 168 174 172 181 226 161 242 202 209 239 211 243 228 236 183 171 204 191
156 256 172 166 246 227 218 230 222 196 229 186
157 294 164 195 162 241 166 216 172 186 181 237 200 225 249 183 160 206 248 212 207 165
158 345 185 236 161 180 238 248 246 234 188 192 228 208 166 216
159 361 195 228 244 166 188 203 218 201 174 171 160 226 215 190
160 277 236 191 211 164 242 221 177 161 189 247 230 222 165 225 172 235
161 321 200 164 176 220 199 242 217 198 247 162 166 239 177 219 206 225 221 240
162 402 214 207 229 194 174 234 209 192 236 173 243
163 250 177 212 173 179 198 181 247 175 194 220 186 232 222 184 199 233 239 234
164 303 223 199 232 230 189 176 229 233 221 191 249 185 217 237 215 194 165 184 211 174 207 186
165 447 238 226 185 174 181 200 240 234 183 182 172 246 206 179 213
166 300 220 185 238 176 217 246 222 191 243 175 214 219 171 181 236
167 358 168 245 203 214 171 227 237 212 178 221 189 248 198 242 236 225
168 342 220 219 201 204 210 169 225 174 214 196 230 246 208 239 183 205 243 236 192 247
169 254 197 175 193 230 181 209 211 192 242 222 233 204 198 180 184 243
170 494 241 208 238 178 237 182 191 211 229 181 206
171 252 186 243 210 190 236 189 221 180 235 240 225 242 215 181 176
172 461 206 194 185 178 224 225 236 215 223 226 246 174 247 248 234 237 182 196 189
173 269 186 228 183 243 220 213 198 199 238 227 189 242
174 270 222 180 192 208 221 210 191 175 246 205 199 240 201 184
175 311 211 229 224 240 215 191 199 205 217 178
176 394 241 221 199 237 184 192 211 194 220 232 242 208
177 295 203 200 237 208 194 225 197 226 181 180 192 196 195 220 223 213 234 247 219 244
178 332 241 240 205 181 223 199 179 213 229 248 185 217 245
179 341 194 238 180 206 248 237 198 223 233 224 205 183
180 327 196 210 234 201 243 223 187 228 198 227 199 225 246 235 214 181 207 182
181 309 230 216 212 189 237 227 203 233 201 228 243 182 231 200 215 183 225 191 196
182 282 239 207 211 236 216 227 212 205 242 218 186 243 225
183 409 230 221 187 202 225 247 215 249 233 192
184 318 225 199 232 218 224 204 234 201 231 212 189 222 228
185 260 244 188 230 187 203 196 220 195 225 217 218 246 237 233 213 247 232 194 212 234 204
186 422 209 220 198 248 214 206 225 215 238 245 187 208 192 224
187 309 240 234 230 237 193 220 223 247 189 217 204 211 198
188 440 238 189 228 222 226 209 244 211 191 220 237 202 241 234
189 251 239 201 230 234 213 214 193 229 198 224 232 209 191 204
190 426 249 219 223 234 199 204 239 192 236 245
191 286 193 221 244 236 196 200 219 232 201 229 198 197 208 235 207 226 241
192 288 208 206 207 212 203 246 202 210 215 195 196 233 201
193 253 220 215 234 224 202 244 236
194 397 203 212 220 195 225 237 248 228
195 350 197 207 217 248 208 212 206 220 229 198 215 225 237 210
196 399 200 212 202 198 208 236 245 234 247
197 297 215 216 232 205 229 234 247 224 199 198
198 304 200 244 225 230 229 211 247 243
199 255 249 221 234 225 216 203 238 214 209
200 278 222 209 225 219
201 467 226 233 215 224 218 221 239 222 223 225
202 390 240 228 243 236
203 308 218 240 234 220 207 237 245 215 231 227 206
204 302 238 207 215 231 216 243 233 227 209
205 261 242 221 222 224 236 233 237 245
206 350 222 208 234 232 213 207
207 389 224 234 245 225 228 247 223 210
208 358 236 238 224 242 216
209 258 231 230 248 235 216 226 223 221 242
210 384 213 232 238 227 241 217 225 247 248 226
211 454 246 216 214 238 241 227 230
212 287 225 243 234 217 230 224 246 218 214
213 259 237 229 216 233 236 223 245 241 248 231
214 301 244 247 222
215 320 226 222 219 231 243 241
216 379 246 226
217 332 240 243 218 238
218 304 228 236 232 248 243 222 220 233 225 229 238
219 364 246 245 249 247 236 230 228
220 314 222 225 248 223 231
221 392 227 244 242 245 230 231 223
222 294 224 233 239 246 234
223 261 225 243 237
224 387 241 234 237 236 243 242
225 352 247 230 244 246 227
226 349 231 230 229 244
227 339 238 230 242 235
228 312 242 241
229 282 248 240 232 235 231
230 358 237 242
231 360 247 241
232 375 241 234 246
233 349 249 243 234
234 276 247 249
235 329 239 237 240
236 406 238 242 246 239
237 265 247 240 249 241
238 286 245 240 246 249
239 416 244 243
240 298 243 247
241 319 244
242 286 248
243 395 249
244 432
245 296 246 247
246 272
247 466 248
248 270
249 264
