60 1000
1 391 33 55 44 32 16 9 38 40 14 46 10 7 27 45 12 34 47 20 25 48 13 54 43 8 49 4 57 28 26 60 50 53
2 279 50 38 57 45 21 26 14 7 44 4 18 23 10 54 5 33 15 25 34 13 59 53 28 22 52 16
3 330 26 23 37 35 48 38 29 24 31 22 49 18 56 27 47 57 8 10 4 21 44 33 55 5 14 13 51 15 53 28 17
4 324 57 21 55 13 54 53 29 47 6 35 9 50 22 19 38 18 44 11 56 45 37 10 46 31 43 5 36
5 331 18 24 31 57 30 22 43 56 54 20 45 55 11 10 48 27 49 60 26 52 15 12 58
6 345 27 53 52 29 41 42 19 24 40 12 21 39 7 32 38 11 9 57 55 28 22 18
7 337 17 23 53 59 24 9 57 12 49 18 19 33 28 54 11 29 37 15 25 31 45 26 48 30 40 50 60
8 293 16 33 32 11 53 27 34 45 28 50 40 18 17 21 59 13 31 20 52 23 10 14 41 56 58
9 370 31 56 30 14 58 12 48 44 15 27 25 46 42 39 32 43 33 41 20 36 50 34 11 21 28 29 54 53 45
10 411 56 36 11 19 44 29 42 58 38 21 46 35 41 22 12 40 18 45 17 32 57 47 26
11 257 31 40 44 57 56 41 14 17 47 60 48 46 45 21 24 15 42 49 55 38 23 25
12 332 25 45 47 20 58 46 51 24 49 31 36 29 42 21 53 13 27 23 32 59 52 15
13 256 46 28 24 53 14 40 19 23 16 27 57 35 54 58 55 49 30 26 56 18
14 299 35 16 18 26 50 52 21 38 58 59 24 30 39 25 37 45 56 22 32
15 445 53 21 17 50 57 31 20 24 36 48 23 25 33 46 58 27 60 32 42 51 43
16 279 44 37 52 17 46 22 19 53 45 47 26 59 32 51 58 29 21 18 35 38 34 33 48 39 23 43 57 24
17 289 23 31 26 55 43 57 18 36 48 35 47 21 39 24 52 34 49 28 51
18 432 50 24 47 25 23 48 54 43 60 33 28 52 21 46 53 41 30 42 40 37
19 350 27 59 30 58 32 38 33 42 25 29 34 23 35 51 55 57 37 45 53 36 26 40
20 377 55 37 54 50 25 30 32 34 46 58 59 52 21 48 47 56 51 22 40
21 273 40 48 24 53 36 56 34 33 32 54 44 47 25 28 46 59 49 23 45 30 41 38 60
22 258 27 45 44 36 34 56 23 33 43 30 24 41 58 42 57 59 37 25 46 39 60
23 455 35 37 56 41 46 55 32 28 24 50 48 53 44 36 57 38 49 30
24 287 59 44 30 38 33 48 54 27 39 28 42 37 60 43 50 36 55 41
25 356 35 57 58 31 46 29 48 56 52 32 50 45 30 41
26 361 52 55 44 50 40 29 58 28 36 38 30 37 60 45 59
27 283 53 57 58 44 50 34 32 48 31 43 40 41 45 38 60 33 52
28 344 52 56 44 31 60 47 36 37 32 51 42 41 50 30 43 57
29 359 30 35 33 54 31 41 46 56 58 39 47 36 49 42 38 45 37
30 297 41 42 58 59 56 48 50 52 46 60 55 57 43 35 49 39
31 293 56 42 37 55 32 41 48 51 36 33 40 44
32 315 40 39 53 46 49 57 52 48 51 35 38 58 56 41 43 59 47
33 392 45 47 53 56 58 36 54 60 37 35 40 43 39 51 55
34 398 48 35 36 40 51 44 60 59 37 58 54 53 43 47 39 55
35 303 54 53 47 56 55 41 36 51 40 44 38 49 37
36 299 51 44 60 40 47 45 37 46 54 48 42 50 59 53
37 319 58 49 40 51 46 47 57 45 39 55 44 41
38 251 60 58 56 51 55 47 52 45 48 44 40 49 39 53
39 430 48 50 45 47 44 41 43 46 57 53 52 54
40 266 43 56 60 58 52 51 44 45 47 46 42 57
41 295 47 44 48 58 51 55
42 439 46 51 56 54 49 60 43 58 57 52 55
43 347 55 54 59 44 48 57 50 56 51
44 311 53 47 50 54 55 46 45
45 342 60 48 51 54 46 57
46 300 58 50 54 52 60 53 56 48
47 309 49 52 48 50 59 56
48 391 51 52 49 59 56 50
49 347 51 60 53 56
50 369 54 53 56 58 51 52
51 284 52 60 56 59 54 55 57
52 297 54 59 55 56 60
53 406 60 54 57 55 59
54 297 60 56 58
55 336 58 56
56 336
57 328 60 58
58 322 59 60
59 331 60
60 347
