249 1000
1 268 130 80 172 100 31 5 157 247 32 52 64 50 134 212 176 124 81 117 210 174 121 56 30 48 167 229 7 82 236 119 244 195 125 113 45 207 165 216 240 111 200 143 76 201 191 186 233 141 107 112 11 189 39 35 164 126 218 92 185 208 173 84 246 57 118 177 97 156 122 46 129 87 28 220 128 2 245 9 182 132 217 79 120 228 54 239 91 135 67 221 94 214 192 24 123 180 142 86 147 190 193 12 131 3 183 93 106 101 65 13 188 62 15 8 144 231 38 179 206 238 213 58 68 194 69 171 73 103 108 20 90 136 138 23 137 29 184 249 202 36 40 85 102 219 61 105
2 286 97 55 101 166 121 216 110 194 87 160 203 59 187 207 64 165 130 46 222 95 72 62 153 74 75 245 144 230 242 196 215 6 25 73 201 114 84 221 14 63 176 169 82 19 149 21 53 45 240 205 195 30 200 217 68 60 85 86 17 51 58 34 204 108 79 80 180 213 65 106 20 100 141 214 184 206 129 219 247 236 107 246 193 52 103 226 117 241 91 210 50 162 93 158 137 143 102 49 220 133 77 3 67 168 31 155 186 116 69 235 147 164 70 208 139 8 231 142 238 233 173 92 243 78 161 48 136 192 81 23 124 189 225 159 172 104 120 54 156 11 5 105 197
3 446 186 31 62 13 181 172 248 46 16 142 34 239 89 30 122 70 42 27 204 15 212 14 175 100 4 155 124 160 243 188 91 200 103 126 52 180 187 135 144 96 61 60 196 123 125 182 111 115 37 118 228 218 19 146 179 17 245 73 117 105 198 120 203 230 134 12 80 66 185 190 163 241 54 51 36 40 152 170 47 139 119 63 84 141 104 199 45 246 116 9 18 7 55 121 235 88 106 49 102 145 71 69 216 74 132 158 79 150 153 113 184 58 148 208 176 233 44 156 23 109 131 249 72 98 39 189 166 128 206 86 205 236 65 224 29 101 130 11 191 28 64 59 159 83 167 226 81 220 92 136 114 5 133 209
4 318 31 159 153 221 237 167 242 225 236 249 124 182 158 40 81 222 10 136 113 135 77 53 189 223 215 50 129 152 8 61 114 11 97 45 230 131 166 196 125 142 192 134 213 56 155 83 30 208 233 37 234 26 198 175 87 181 101 85 227 109 93 13 16 207 206 75 62 130 116 22 174 95 59 169 47 68 36 48 42 247 17 84 199 35 128 71 99 32 162 229 154 168 224 46 41 70 191 214 164 38 195 197 126 185 14 89 231 176 25 63 171 49 151 110 102 23 80 248 163 228 194 243 94 240 144 246 98 146 5 34 220 156 51 218 178 202 43 92 226 64 187 216 105 54 86 24 103 115 186 204 217 122 161
5 346 71 223 168 237 40 231 113 170 57 156 56 47 76 12 169 194 6 219 82 208 153 192 244 222 7 111 108 53 239 234 59 98 17 66 41 145 93 141 243 210 49 22 138 51 83 45 144 85 121 39 214 162 155 209 63 198 16 35 19 146 238 110 154 136 183 236 215 203 152 216 81 220 52 11 142 137 20 101 128 14 23 80 60 86 116 97 87 109 118 240 190 207 233 225 196 189 107 151 185 70 64 89 90 217 205 26 105 197 206 174 72 211 69 163 249 140 224 18 201 123 188 228 10 94 176 178 130 62 88 150 166 77 164 143 246 122 147 179 184 54 74 120 112 32 43 227 46 173 27
6 336 48 11 53 140 134 147 27 235 83 66 201 39 179 55 231 233 99 206 47 100 64 16 89 79 245 130 26 12 237 211 241 123 165 75 77 139 78 238 42 202 45 128 232 209 71 28 152 10 57 141 170 7 150 142 197 178 149 199 181 208 195 224 239 108 96 185 23 67 240 135 173 236 18 110 167 137 169 190 9 132 121 92 234 81 192 29 188 247 174 160 69 30 38 49 221 129 25 213 85 46 187 161 114 242 159 246 176 109 229 84 61 13 65 59 162 230 54 183 225 103 180 164 144 117 8 41 198 226 210 97 184 127 24 73 204 35 22 60 44 122 113 17 148 220 244 136 248 222 105 80 243 194 50 205 111 52 193 107
7 330 220 34 56 222 166 44 214 128 41 161 57 162 30 137 87 45 156 152 16 157 17 154 114 232 40 113 216 226 204 69 241 68 21 200 148 133 140 234 170 187 35 26 60 86 102 193 199 202 27 141 82 139 205 89 103 101 111 190 203 195 224 43 168 71 178 8 236 55 10 58 118 242 51 206 119 15 84 52 116 25 130 98 144 104 67 54 221 48 169 81 149 62 49 198 192 95 39 64 122 66 185 94 230 172 117 237 181 123 167 177 37 219 61 189 126 112 22 129 248 215 243 188 11 131 171 105 182 127 121 211 233 150 91 210 28 65 12 138 93 134 46 9 179 184
8 257 110 147 233 62 141 140 113 188 57 171 73 106 155 177 198 157 186 44 216 69 211 225 231 87 242 96 139 77 223 55 85 112 100 17 234 49 23 187 150 202 105 201 97 36 203 51 125 74 217 226 78 190 247 24 61 170 248 162 167 172 82 142 45 91 205 38 240 212 182 143 34 95 189 35 64 120 102 114 206 46 52 131 11 179 19 145 75 215 42 238 92 126 246 123 137 83 29 228 25 67 151 117 63 104 220 122 30 76 88 21 16 20 243 119 191 109 66 241 89 14 31 129 239 107 138 168 86 161 43 193 169 47 79 41 12 209
9 413 78 143 173 137 117 188 75 82 241 15 62 224 149 219 127 139 212 199 191 83 103 136 53 36 41 40 200 110 218 68 116 214 234 189 174 34 208 126 138 100 113 125 201 85 37 31 225 190 16 155 23 49 128 184 171 112 144 226 154 42 248 176 198 63 19 170 115 160 235 243 168 202 70 153 39 161 108 17 44 239 27 156 18 244 240 30 204 25 28 222 203 232 51 11 217 61 22 211 81 182 13 245 197 223 14 146 140 120 72 114 194 185 54 20 93 242 59 64 35 177 141 57 48 163 142 206 130 210 169 179 237 79 94 133 238 180 172 132 52 124 228 233 101 119 227 56 175 147 45 66 84 12 69 109 74 38
10 262 238 216 225 197 62 109 223 64 208 50 51 184 134 177 38 214 245 154 217 207 88 193 203 23 108 165 190 211 12 32 104 231 75 199 78 215 29 219 152 63 22 117 145 141 55 83 25 158 15 150 188 47 147 198 221 169 178 16 56 239 24 125 111 91 76 40 127 45 44 48 160 242 209 102 130 206 192 70 31 86 36 72 110 79 69 28 185 116 14 201 17 243 162 222 106 120 74 98 133 227 118 34 57 136 122 179 189 126 94 42 68 33 87 244 18 224 202 96 172 85 157 153 196 233 43 35 112 195 236 30 181 228 241 186 58 13 175 138 37 137 107 187 148 139 84 210 124 149
11 253 102 26 108 63 226 90 149 50 99 42 175 133 15 132 242 230 79 85 196 87 127 170 158 13 147 181 57 221 37 123 188 115 184 43 27 20 104 200 186 137 128 191 134 192 151 75 202 88 152 34 241 139 121 159 32 148 35 187 118 244 76 217 109 119 145 122 131 36 239 41 39 72 70 168 98 45 198 236 201 54 141 161 58 243 83 95 66 136 228 195 229 64 216 74 233 140 68 179 65 112 210 222 194 130 189 77 47 73 219 246 23 111 182 163 142 24 155 180 199 91 67 60 205 214 55 223 154 248 212 173 224 51 164 16
12 485 175 38 51 234 144 73 181 83 219 130 160 101 62 155 189 136 167 201 180 149 70 104 47 147 81 203 158 218 103 24 25 156 172 85 77 159 195 211 249 15 45 80 166 171 115 194 21 111 107 48 206 205 246 74 165 168 176 72 90 174 191 198 55 113 148 179 226 59 129 242 142 94 98 138 240 116 220 153 230 100 44 238 126 17 42 82 190 29 112 56 140 99 151 141 20 248 125 87 52 154 46 161 131 110 92 35 86 152 41 128 89 137 245 228 124 196 200 222 119 34 22 65 114 215 121 227 146 14 212 134 210 177 88 186 217 173 66 33 108
13 273 189 41 175 222 16 31 168 159 103 70 209 22 179 239 43 14 95 48 87 140 109 177 122 238 132 224 154 203 45 186 86 65 228 208 69 55 112 81 220 108 170 174 249 98 46 136 66 213 147 205 20 191 123 73 141 158 113 235 196 15 29 215 190 243 247 232 237 226 156 71 33 200 149 131 105 126 151 166 79 240 227 52 198 171 56 57 75 148 100 162 111 85 139 246 161 25 229 173 242 207 49 218 194 94 236 248 217 231 17 212 181 117 37 214 102 19 202 165 21 39 245 101 42 234 180 119 118 34 64 59 63 121 120
14 391 56 62 91 23 31 220 134 223 197 216 171 79 121 89 115 241 215 144 55 83 211 222 107 87 203 141 229 100 38 246 76 177 42 183 167 33 54 63 126 95 72 149 200 111 131 124 143 43 117 239 123 17 234 219 68 231 172 52 90 232 88 145 165 204 80 99 212 47 148 45 16 198 247 51 138 153 28 156 249 112 191 195 202 210 86 22 235 128 58 96 224 39 185 15 155 140 175 192 178 188 61 180 53 244 227 236 114 36 158 237 82 186 57 205 173 228 248 187 151 135 32 94 139 127 125 137 29 77 34 226 169 201 182 21 130 214 132 206 92 116 113 102 18
15 336 93 121 49 73 160 111 242 136 59 239 105 65 200 222 185 223 100 137 95 18 214 84 124 46 182 127 94 192 62 83 233 180 76 140 191 89 43 128 92 211 176 113 145 171 55 44 225 74 159 30 237 189 103 56 96 27 53 101 112 135 246 72 231 61 210 174 204 38 198 203 154 87 68 34 81 208 168 78 50 217 151 133 187 132 54 70 102 108 165 196 41 26 244 241 183 57 226 158 235 118 24 120 37 144 21 152 184 52 80 20 147 173 106 123 134 99 220 109 229 213 63 138 169 98 58 153 22 195 104 212 16 42 66 193 60 110 155 181 161 85 19
16 256 136 76 33 18 149 106 249 222 28 213 204 66 29 180 201 156 85 145 215 218 63 248 105 196 67 241 98 54 203 119 102 90 212 144 194 116 182 122 181 123 94 230 118 238 27 109 195 161 247 88 44 214 165 176 81 170 49 192 78 23 187 226 40 224 128 184 86 141 129 231 35 64 100 83 80 82 158 38 174 244 41 209 179 162 225 193 191 21 164 208 169 93 172 148 228 189 186 51 107 74 101 58 115 150 233 205 61 143 84 104 75 46 68 103 30 121 112 154 167 202 240 99 229 163 65 243 199 62 39 43 220 137 92 113 96 239 77 197 190 126
17 286 97 176 22 102 229 75 165 130 118 171 123 241 125 28 52 144 101 196 131 80 182 127 87 33 36 159 45 63 83 112 56 77 93 172 42 39 151 175 73 89 194 210 53 202 26 59 145 205 234 247 38 181 107 61 243 154 116 189 81 44 98 197 177 95 219 122 96 141 29 195 149 170 46 201 185 215 82 111 108 57 86 222 193 208 236 246 230 34 126 173 164 249 106 153 121 91 76 66 200 142 58 113 134 179 103 51 207 235 62 146 152 71 55 104 209 238 212 227 100 231 191 110 137 120 161 186 68 245 168 183 192 54 119 184 211 138 199 21 139 163 136 24 99 128
18 458 143 106 49 135 27 171 137 193 216 44 113 29 206 146 79 26 187 82 222 169 145 83 234 56 92 91 129 24 45 176 116 123 164 22 19 226 178 136 202 238 163 173 243 97 73 118 122 214 144 140 115 76 197 141 68 39 177 231 96 33 98 249 148 34 155 81 204 248 65 139 55 119 75 242 230 109 179 233 40 62 48 112 168 182 174 217 198 93 50 237 20 95 175 107 239 152 161 70 89 210 46 208 111 218 142 130 78 150 154 30 228 186 189 213 160 90 51 188 66 23 200 134 77 166 63 156 151 72 101 246 43 244 114 153 32 225 184 38 35 42 36 241 224 41 127 209 132 220 84
19 387 129 126 177 116 218 98 121 191 112 192 172 199 232 82 203 105 159 93 210 44 207 31 212 164 20 239 156 222 49 176 73 142 95 71 47 248 211 117 140 181 206 30 92 161 216 237 174 84 88 130 65 147 24 217 53 103 106 198 190 170 22 78 240 35 122 154 26 233 169 90 165 45 70 125 54 231 145 209 182 234 245 224 238 83 33 137 243 75 32 39 132 150 228 97 138 149 221 124 187 23 66 63 107 36 183 68 87 25 194 43 225 21 168 133 173 128 244 189 64 144 57 141 28 167
20 292 222 42 154 139 198 25 150 103 39 121 38 192 55 97 166 184 183 227 68 197 129 231 49 229 236 194 91 189 93 196 88 176 21 101 215 95 65 66 167 173 118 156 234 169 143 105 56 31 115 202 83 163 30 223 104 67 153 211 50 240 151 87 125 61 53 238 100 77 117 34 123 133 138 247 112 124 205 217 204 246 81 102 161 108 128 187 107 37 214 146 206 177 180 159 70 78 131 172 119 59 72 235 179 51 122 79 130 182 58 29 190 40 135 90 226 230 244 96 36 245 136 33 232 71 249 152 157 170 23 80 41 209 47 149 114 63 210 164 84 120 148 145 32 248 106 27
21 321 122 45 126 37 133 149 109 178 106 130 24 244 28 231 192 216 118 82 39 246 65 99 227 176 157 83 105 195 48 47 230 25 197 84 44 89 135 150 119 63 67 49 247 57 210 88 237 80 54 81 206 234 158 240 136 96 23 27 134 226 160 166 168 123 205 144 175 180 53 62 46 163 232 199 97 218 172 110 188 92 117 141 221 95 233 78 70 169 200 111 203 170 193 52 249 138 215 77 26 161 202 35 142 148 174 66 159 98 194 143 208 86 108 241 212 85 36 127 181 238 179 68 156 228 115 69 121 139 146 31 223 154 173 114 145 147 61 153
22 408 101 184 43 90 44 96 31 220 88 86 216 118 78 224 132 222 245 176 40 221 60 163 105 246 153 185 231 228 49 64 131 59 58 151 74 72 127 53 240 29 67 191 169 198 170 106 57 98 229 55 155 159 248 168 35 181 204 71 179 208 134 66 192 130 244 46 104 173 161 61 210 93 152 28 27 211 182 30 47 33 100 75 99 234 63 128 25 148 174 158 156 162 199 235 94 193 91 97 165 108 217 107 92 84 126 147 103 237 209 26 215 175 119 112 117 121 36 52 65 177 150 124 73 23 195 136 206 233 202 54 50 230 102 232 227
23 332 54 90 160 43 203 29 199 47 45 31 228 24 112 127 201 232 105 220 88 76 236 68 146 196 110 118 28 158 150 58 39 168 179 183 74 122 128 70 51 243 144 163 171 187 176 230 80 149 109 241 129 33 41 184 38 65 119 63 140 208 59 155 170 197 239 200 217 113 67 223 249 27 126 56 52 248 162 44 180 172 55 133 42 79 92 73 98 106 101 26 93 120 225 100 116 206 108 216 143 198 174 72 82 192 181 84 95 62 87 53 186 233 85 86 81 164 169 125 178 189 161 157 153 205 40
24 260 207 154 213 198 146 66 153 126 172 118 105 32 43 117 182 158 93 59 189 108 35 188 162 55 68 81 47 211 234 112 223 114 210 141 76 195 200 52 77 225 168 185 83 85 62 167 180 26 129 110 245 238 82 159 44 164 140 165 224 161 25 56 27 193 148 233 54 33 229 247 36 121 199 73 65 186 241 42 116 221 86 96 184 244 106 249 134 242 124 95 205 127 230 34 177 232 137 218 147 149 228 138 201 123 58 79 231 219 29 204 37 30 94 235 214 97 90 75 48 92
25 416 157 241 238 204 105 208 72 235 28 173 220 60 26 32 64 57 65 63 155 246 76 37 79 48 138 199 159 101 175 31 244 109 177 213 123 223 49 50 55 196 237 62 93 103 232 197 146 36 137 230 35 234 71 44 136 78 189 51 99 134 216 69 70 206 242 108 61 224 169 107 97 132 115 211 178 86 170 52 120 215 126 104 46 231 88 217 192 33 151 222 110 239 29 225 181 100 185 163 165 184 112 249 42 95 80 53 198 131 119 73 195 38 140 34 186 202 247 148 209 67 98 117 240 191 160 84 41 125 174 75 39 219 180 45 133 236 218 207 172 54
26 318 180 178 70 35 169 220 38 113 46 96 249 122 174 102 226 90 115 216 30 201 192 49 62 196 103 32 105 120 241 204 242 36 56 159 231 127 138 164 187 207 215 229 99 163 153 172 57 156 134 219 101 217 211 44 111 47 84 89 191 193 208 146 94 225 95 246 203 184 72 176 234 239 100 171 230 77 235 59 158 200 123 68 86 149 133 197 142 224 69 170 39 48 76 81 186 116 237 232 151 33 88 148 64 213 109 135 83 147 110 41 152 98 143 87 247 195 85 188 144 66 157 80 183 132 91 128 198 61 78 154
27 266 220 108 79 135 199 65 118 115 156 171 173 172 132 70 53 225 214 211 142 86 239 180 137 235 207 203 106 192 232 219 136 193 151 120 91 175 101 241 240 78 152 74 223 63 47 94 38 36 73 119 187 246 46 216 153 236 233 124 56 42 57 141 161 170 188 105 83 164 186 159 50 179 35 206 162 243 126 76 90 189 208 184 32 190 185 48 69 112 60 82 176 100 197 40 231 249 138 54 147 221 140 28 191 248 217 166 72 181 244 198 44 212 183 144 85 160 226 114 37 55 66 113 107 228 117 174 222 237 146 149 234
28 321 117 106 209 177 98 51 87 220 247 237 107 159 199 145 204 35 70 45 242 126 44 31 205 29 176 77 111 152 105 90 166 36 39 238 49 202 233 156 139 115 64 143 137 53 234 54 217 81 32 89 178 141 86 195 230 210 157 239 94 116 82 225 192 62 71 42 73 56 128 78 236 219 93 189 104 172 59 175 67 79 167 92 123 248 33 163 203 226 191 61 211 171 74 228 190 109 132 213 125 222 155 138 170 112 231 240 208 48 134 174 245 207 173 216 133 60 223 46 47 182 38 147 161 114 103 149 108 241 99 151
29 365 200 145 221 179 174 230 39 209 238 228 44 166 249 119 213 188 240 121 172 73 42 246 182 148 156 87 64 143 124 147 122 233 176 152 68 36 132 227 75 187 175 169 86 79 197 183 33 151 70 128 237 204 111 65 81 77 159 71 235 164 178 66 91 82 60 126 162 223 181 163 95 107 192 62 34 51 144 224 114 136 116 222 205 125 30 211 216 142 161 202 191 134 133 196 130 99 150 241 177 104 88 201 48 180 173 35 55 229 210 190 184 85 118 206 165 94 113 168 225 138 236 84 110 101 127 106 195 120 146 108
30 314 230 188 201 59 116 236 185 45 63 98 49 64 42 162 57 128 56 96 194 241 161 221 78 244 153 191 114 170 131 202 209 122 228 197 110 245 229 181 34 79 121 176 143 133 88 148 69 163 173 127 237 218 93 240 83 51 106 107 220 192 179 190 91 120 43 160 108 180 152 168 203 207 67 55 186 189 140 146 58 104 178 200 68 144 102 137 111 101 155 37 175 165 199 248 224 249 95 82 115 136 167 90 177 112 89 39 75 182 217 222 81 71 216 125 119 149 184 231 40 129 97 124 130 208 196 150 233 80 103 187 135
31 406 38 53 88 182 154 214 63 222 197 114 215 167 162 120 227 195 101 189 51 245 173 82 45 61 78 205 145 44 228 143 121 113 157 110 57 47 119 94 235 144 141 178 115 69 74 243 90 129 72 54 149 193 37 123 179 33 32 184 68 39 202 58 105 207 188 42 192 122 104 46 102 208 139 134 73 171 201 219 71 199 92 86 203 177 77 40 140 132 198 84 50 238 99 223 80 156 81 96 249 169 35 59 221 43 70 49 165 34 206 185 229 183 151 117 213 186 118 97 210 62 148 138 75 48 130 246 212 85 147 196 159 224 174 126
32 254 137 61 210 213 221 159 147 95 238 169 187 172 171 205 84 114 74 166 182 39 143 160 122 214 85 101 196 173 233 78 45 68 131 37 49 38 113 163 117 203 204 150 219 149 44 83 242 48 231 64 217 58 162 245 92 104 88 133 249 218 228 176 197 230 185 236 146 190 76 206 108 243 69 70 91 65 152 154 119 191 151 215 189 209 106 141 73 90 66 46 63 75 234 241 227 207 81 140 224 194 125 181 118 222 199 55 94 93 110 41 239 116 124 180 211 127 145 102 192 52 97 202 123 244 164 98 168 208 237 247
33 340 92 56 35 240 199 161 218 123 203 229 172 39 177 127 107 244 128 202 124 219 215 155 182 38 131 223 224 106 143 101 108 98 193 149 63 119 93 129 174 241 83 134 210 191 135 102 158 110 136 234 165 163 222 88 45 79 48 233 140 90 64 42 94 237 73 51 99 164 179 95 200 171 91 36 166 198 242 82 86 59 55 112 197 122 188 49 154 87 52 181 225 178 162 152 70 245 74 89 138 120 66 147 227 68 145 204 105 34 190 214 168 78 235 159 84 212 216 176 53 167 97 85 113 125 230 201 96 60 144 246 156 170 208 217 72 137 207 142 103 40 115
34 259 220 39 187 124 215 195 170 118 224 208 193 115 172 79 47 41 153 78 121 229 142 207 151 60 65 238 181 96 105 110 68 162 87 159 168 101 239 157 199 112 71 76 95 247 147 171 219 109 186 189 107 244 35 191 108 74 201 134 63 119 57 249 144 225 100 231 185 52 223 75 136 83 88 67 73 212 213 92 165 248 90 45 70 175 192 177 216 209 125 85 158 128 46 234 130 237 91 139 54 66 210 89 37 127 246 102 51 205 44 80 55 42 173 164 228 176 59 103 161 56 137 230 211 166 196 43 48 232 184 61 241 227 155
35 326 116 123 65 104 170 187 95 108 121 106 51 228 167 72 244 222 201 164 90 113 219 171 66 149 236 174 43 75 102 57 48 191 87 190 129 152 235 189 184 53 42 110 225 181 101 156 55 120 243 147 36 217 107 155 183 40 150 196 208 200 92 162 126 91 185 172 41 82 81 100 97 231 165 215 98 139 134 161 212 234 50 47 241 182 246 56 140 186 230 52 213 232 80 163 247 223 88 67 180 93 125 143 69 245 85 130 54 94 177 229 62 61 159 148 115 141 44 202 135 118 128 169 38
36 415 243 192 98 109 66 114 221 199 84 142 101 218 115 160 46 50 48 122 69 240 186 162 47 228 77 63 136 128 95 177 67 183 200 131 118 146 60 194 196 38 80 188 216 202 125 75 189 203 90 197 139 234 170 151 83 117 181 172 91 44 39 164 119 42 241 227 62 130 54 88 242 198 137 53 193 173 72 106 141 212 156 205 110 233 229 85 126 105 58 96 222 209 108 111 51 157 213 138 231 107 246 49 208 100 239 169 230 179 195 121 52 57 43 94 154 37 163 78 180 56 175 210 134 184 149 191 153
37 286 112 205 174 75 78 104 224 119 76 45 51 98 193 77 61 121 81 128 157 92 57 122 38 96 103 156 42 212 242 88 130 60 211 185 169 213 120 200 249 118 142 73 191 129 203 163 125 95 226 55 167 237 66 227 233 239 184 201 231 39 134 111 160 108 228 146 143 147 53 248 195 214 148 181 89 220 238 170 80 69 50 243 234 68 221 171 164 110 179 192 85 177 246 90 49 204 97 94 135 229 107 83 216 79 202 113 196 222 145 197 74 139 223 158 217 187 208 67 41 182 43 101 114 175 117 64 168 123
38 386 114 134 163 227 145 94 213 64 135 186 116 121 119 103 146 147 174 184 71 129 46 182 232 244 191 55 247 204 206 150 243 175 197 245 84 199 90 211 102 96 200 236 151 101 226 190 88 170 164 242 221 189 241 131 207 115 228 166 155 248 230 99 111 81 196 89 153 47 69 237 104 76 156 171 218 138 118 86 209 205 140 61 125 225 78 216 127 82 165 128 148 149 215 65 173 107 142 95 108 112 152 144 201 98 80 113 123 59 143 57 74 240 187 179 141 168 183 222 53
39 328 196 125 106 112 80 183 143 210 137 203 230 232 139 238 202 185 146 43 242 213 93 179 115 206 197 103 101 96 104 188 71 88 198 149 166 172 216 237 239 119 176 241 184 129 145 218 180 194 116 199 60 155 52 226 204 100 76 133 215 85 187 174 208 50 79 40 117 53 168 65 132 227 171 48 211 72 161 175 150 170 62 82 156 77 68 67 147 240 234 118 91 57 56 59 244 163 142 84 49 190 192 162 105 219 134 98 94 46 86 235 181 128 41 246 214 221 247 89 92 236
40 315 67 156 83 70 129 105 124 206 217 212 125 208 56 65 152 123 60 133 137 96 106 146 49 89 46 225 205 109 234 175 90 42 92 158 187 79 94 176 139 173 188 245 210 174 150 213 221 63 200 98 244 233 164 143 44 62 236 128 74 103 102 193 51 211 189 50 215 77 249 134 55 192 214 115 84 138 229 99 247 112 59 132 182 159 203 198 58 53 117 69 195 64 220 120 239 185 163 110 119 57 180 167 168 66 100 73 238 184 88 97 162 52 130 113 246 72 235 171 131 232 151 71 127 121 243
41 318 52 203 137 70 143 122 92 56 75 43 201 163 131 85 83 45 171 58 191 104 198 226 123 211 86 119 114 100 242 128 229 97 160 220 176 107 207 65 230 50 51 205 241 126 210 202 164 224 231 214 111 181 151 134 46 93 208 147 218 135 240 139 186 103 246 235 161 77 132 216 182 95 165 172 142 81 195 154 99 88 206 156 245 54 49 90 89 228 64 127 190 249 78 169 227 233 120 87 155 247 236 48 113 177 94 69 79 209 223 44 60 84 57 129 110 200 168 185 152 158 219 248
42 367 172 222 149 55 87 247 169 249 207 127 189 163 101 50 112 181 94 105 153 178 229 191 114 70 176 123 84 208 177 143 122 107 243 160 78 230 236 63 47 128 91 89 242 165 71 231 186 62 158 45 88 218 121 152 86 157 110 196 211 129 210 106 74 238 203 175 135 100 139 216 113 224 64 228 194 136 58 240 66 48 174 223 190 73 97 150 104 156 99 217 49 133 241 244 188 201 109 126 239 138 148 60 81 115 232 130 96 164 65 184 180 183 145 159 52 151 120 72 214 248 83 95 57 54 173
43 304 202 130 109 238 100 249 231 171 201 170 63 59 106 93 216 91 119 180 225 62 192 229 111 47 102 78 128 77 125 175 155 153 51 71 108 243 227 228 66 210 105 248 156 160 55 190 99 183 230 152 169 189 121 73 223 235 122 218 85 69 247 206 116 184 61 237 174 234 244 221 50 134 97 197 58 60 114 242 118 120 198 53 222 65 107 186 166 135 44 167 157 141 75 126 139 226 124 178 84 164 68 127 159 200 110 117 96 76 112 149 245 173 145 67 211 219 138 203 144 49 83 208 163 213 133 95 161 94
44 369 157 184 237 236 199 95 164 105 124 102 49 248 145 197 210 68 200 113 56 181 148 142 121 187 193 206 175 134 133 132 207 57 170 168 67 77 183 186 82 80 126 96 64 233 229 127 66 118 234 97 194 192 185 174 215 72 189 240 147 178 123 218 83 99 98 84 54 86 239 46 47 91 120 109 222 69 245 224 143 70 182 75 238 135 169 225 190 191 93 165 125 188 162 129 213 131 87 235 119 122 92 48 65 107 220 149 243 179 112 62 74 223 180 146 216 246 212 177 52
45 327 190 139 51 122 177 185 91 49 213 232 89 206 225 63 245 189 81 163 181 102 119 208 121 209 247 168 64 92 88 60 98 56 113 154 242 72 197 85 192 228 106 80 134 172 75 90 143 120 186 248 55 54 116 221 68 157 249 61 76 145 137 165 126 159 237 129 104 230 109 233 236 62 84 234 142 229 110 210 141 71 191 130 194 50 146 86 196 222 127 138 238 148 107 132 183 161 171 87 239 124 53 174 203 187 101 57 188 212 128 180 131 182 166 176 79
46 351 52 199 135 228 124 220 123 166 156 247 138 222 49 208 101 180 86 120 57 164 192 226 161 205 96 214 182 107 142 91 236 93 62 119 174 136 108 145 179 134 185 225 203 240 183 197 137 106 68 171 148 130 140 78 241 72 159 165 195 88 201 104 194 48 235 230 162 146 212 238 143 186 95 60 154 121 113 198 219 245 61 249 231 167 193 147 74 110 216 76 132 237 54 133 227 177 116 53 118 211 243 89 55 169 160 176 47 239 234 98 170 206 71 223 204 168 181 210 109 188 59
47 381 58 129 185 236 222 155 150 79 239 243 105 82 220 145 171 248 121 132 90 128 60 88 170 50 205 221 233 147 116 161 106 131 168 169 85 213 223 72 176 197 101 114 191 158 112 167 225 76 59 196 246 63 141 194 157 61 242 165 156 160 144 115 235 232 97 95 137 49 216 189 193 209 138 84 178 80 118 151 98 184 146 135 211 100 186 111 214 119 163 133 198 204 123 73 86 140 249 208 83 187 241 166 109 89 152 134 215 217 200 207 99 231 234
48 268 64 206 65 80 135 129 239 130 226 194 225 76 100 227 56 244 166 83 183 137 180 126 234 178 105 173 96 168 112 164 169 222 90 215 243 59 51 193 113 124 121 122 123 87 98 114 192 238 190 201 186 102 210 152 205 162 203 176 99 139 84 221 117 82 91 241 195 237 154 145 197 219 177 138 108 67 109 191 233 79 50 81 142 74 246 196 54 165 63 62 134 85 146 242 172 209 78 73 160 157 247 207 132 202 232 95 200 120 128 171 161 155 49 147 213 104 220 208 127 158
49 355 77 205 152 225 174 113 51 182 91 213 79 90 249 107 121 69 158 204 171 132 138 165 243 209 193 130 223 123 88 114 177 64 111 99 94 239 224 172 73 218 187 151 196 160 116 105 169 190 220 202 145 199 57 70 80 125 232 104 142 181 84 173 162 163 58 117 211 222 63 156 214 246 95 126 154 131 227 68 189 200 168 203 67 100 247 135 124 78 61 85 167 180 159 76 176 108 92 208 72 71 219 150 216 195 52 83 144 197 103 62 128 110 192 129 118 136 153
50 339 71 211 219 227 129 75 68 161 149 218 136 226 185 53 195 138 198 104 110 82 230 111 242 155 142 115 96 89 93 224 127 179 54 156 240 84 237 189 134 246 202 112 124 63 223 163 152 173 145 59 85 158 207 119 210 205 170 234 215 83 166 165 87 101 147 197 209 52 228 100 102 232 180 172 168 162 233 141 146 248 216 58 121 200 199 184 178 196 169 79 214 55 193 125 204 97 77 167 181 154 113 229 191 65 159 81 66 130 51 238 150 74 92 188 164 247 122 245 70 212
51 306 232 170 135 165 57 78 84 191 114 60 116 160 168 169 147 153 94 207 154 86 102 192 112 64 137 111 105 133 180 159 201 69 96 92 247 110 151 221 91 65 95 148 52 162 53 118 54 142 70 190 184 238 248 216 103 215 186 145 174 246 74 157 176 218 164 122 139 240 206 150 59 178 158 98 167 208 175 239 120 236 222 75 177 199 166 211 62 220 117 231 226 106 80 202 76 182 119 127 123 205 138 130 181 230 141 187 245 146 143 235 131 107 134 79 77 129 196 115 72 217 171 224 228 100 229 173 179
52 332 179 176 239 189 118 174 53 127 180 202 225 58 185 147 136 200 81 92 137 128 95 221 83 126 131 139 97 150 169 206 87 153 184 181 106 55 133 186 66 109 112 114 193 162 154 217 195 205 111 145 67 132 148 212 115 90 209 107 80 117 135 203 152 124 108 99 242 69 190 64 65 220 226 244 78 175 149 199 172 163 146 70 57 232 71 246 216 59 103 158 170 105 224 84 183 56 173 85 122 233 68 125 60 222 167 98 234 74 155 161 82 76 238 89 204 196 143 208 104 188 94 248 141 191
53 417 178 166 233 58 98 144 118 115 78 97 152 198 169 139 66 67 87 177 96 114 174 104 173 92 57 146 117 138 155 137 74 203 170 186 127 148 225 210 149 89 204 226 95 90 157 150 211 100 116 164 197 110 130 83 168 243 153 88 163 135 232 69 142 165 107 212 238 80 113 176 91 193 221 106 60 237 188 216 108 242 167 94 124 133 159 85 220 68 64 122 202 154 129 224 187 76 241 240 175 246 71 145 112 161 209 228 121 72 140
54 251 172 82 148 98 150 153 154 181 158 238 104 135 246 126 227 162 107 224 230 188 152 201 173 213 165 129 222 123 229 219 189 191 202 146 175 211 208 163 117 73 149 244 167 144 58 97 69 198 237 85 122 136 223 243 192 157 234 147 133 127 174 196 171 115 130 118 242 131 216 120 125 240 95 156 177 67 100 90 72 140 60 64 207 159 114 184 205 111 170 199 101 68 106 194 228 214 197 74 220 182 218 176 77 78 210 160 241 128 96 113
55 305 146 96 76 127 80 142 232 241 75 125 160 106 164 233 89 56 62 143 90 147 68 167 78 168 154 136 218 153 112 206 197 155 237 61 173 128 101 210 115 228 94 116 222 73 174 191 121 145 188 178 120 63 229 189 108 179 148 200 199 198 234 184 220 207 176 66 133 172 190 59 85 221 211 235 204 141 100 88 171 157 238 110 201 117 185 137 161 69 239 166 93 113 65 162 57 124 203 138 109 165 246 182 151 236 240 149 247 111 163 216 71 84 118 213 230 231 91 82 205 223 126 87 214 169
56 392 173 157 64 68 206 181 212 127 106 152 90 190 128 155 131 174 218 213 93 78 70 73 220 177 83 126 183 114 134 215 176 118 161 150 119 197 169 187 92 198 243 209 109 125 99 124 115 141 236 147 166 59 151 205 58 66 110 149 244 122 196 211 57 179 246 143 129 216 172 228 199 247 164 94 168 237 100 146 107 194 202 148 144 171 62 227 245 88 224 77 208 167 136 234 184 132 96 139 178 98 123 160 121 180 238 120 103 84
57 303 89 137 188 81 161 216 226 133 191 239 78 108 178 196 212 165 170 70 94 127 123 140 135 138 225 177 99 93 202 92 86 61 112 206 180 213 215 87 128 227 174 59 73 210 60 217 66 68 163 197 122 169 181 113 58 118 207 201 100 246 173 235 159 101 142 139 143 153 150 242 80 245 171 132 192 162 83 205 190 111 229 126 98 186 249 199 160 114 224 243 77 200 248 107 152 96 149 233 97 231 125 204 167 85 90 184 121 130 103 238 104 244
58 325 110 108 162 144 114 97 130 184 236 68 152 118 115 174 215 225 138 194 177 156 96 222 151 239 66 65 78 186 165 196 102 229 104 141 137 85 129 107 98 82 88 101 91 169 234 190 247 153 111 193 219 64 171 71 77 200 244 76 120 161 192 90 126 211 84 86 206 203 189 214 237 220 155 191 121 221 197 140 209 59 133 148 62 106 232 142 100 69 218 188 163 109 80 224 135 178 176 181 117 170 60 157 248 83 179 204 212 119 216 147 195 228 103 199 208 72
59 276 117 188 224 168 198 77 84 142 243 90 118 110 191 154 159 101 208 70 138 216 162 152 189 89 95 228 126 102 230 223 114 132 139 249 97 217 225 196 133 215 179 100 62 171 80 92 205 181 155 227 147 99 233 203 157 178 135 113 172 124 195 158 129 141 136 71 105 239 125 128 200 218 122 109 173 115 190 207 140 183 123 127 91 146 108 187 106 247 182 169 213 156 112 175 148 150 232 248 85 82 165 88 93 192 107 151 174 242 81 185 104 209 240 206 166
60 399 98 92 229 143 176 172 148 203 165 188 219 106 212 96 231 103 201 105 223 107 101 228 209 124 136 154 216 232 135 236 151 189 119 193 125 227 79 163 127 99 170 129 81 187 167 186 248 71 207 208 226 91 118 94 133 191 179 65 140 215 234 168 162 139 131 121 114 246 72 137 89 241 220 74 142 97 123 245 196 211 217 64 95 230 158 130 161 233 115 192 171 83 122 61 87 173 116 243 202 198 185 242 102 222 156 247 84 63 132 66 108 166 73 204 93 112 160 146
61 254 143 122 138 212 127 153 148 157 125 181 119 116 176 145 139 74 152 177 118 195 218 84 113 121 222 110 224 62 235 95 239 81 228 79 236 140 100 162 197 89 209 123 149 172 175 101 227 163 132 137 221 150 249 238 186 203 234 99 244 231 233 167 86 111 165 192 217 87 170 178 90 133 76 128 248 105 160 146 103 155 198 225 214 151 75 242 202 126 213 161 183 77 179 73 80 201 196 85 219 164 246 189 114 200 112 98 207 141 243 67 226 158 136 144 187 104 115 102 220 83 131 206
62 368 130 184 104 79 127 69 134 208 198 144 212 238 76 148 157 153 247 181 96 123 199 207 122 109 226 234 80 211 152 215 246 241 248 225 192 174 103 77 236 163 166 187 224 202 66 193 218 245 173 206 222 115 131 196 158 102 64 216 190 161 88 151 89 197 121 95 237 201 233 223 209 118 164 230 176 137 136 113 180 124 189 105 74 97 182 150 129 221 67 210 128 143 147 200 185 63 240 138 159 86 160 146 110 117 249 65 172 227 177 203 98
63 378 131 147 233 172 186 67 227 247 174 153 241 149 123 107 197 145 169 110 125 170 213 215 240 238 85 138 185 159 214 66 104 103 187 87 163 117 200 97 177 207 139 133 86 143 212 191 244 74 114 136 242 201 171 152 223 157 72 164 224 234 70 160 144 154 190 134 189 232 173 140 81 221 192 102 124 182 217 83 111 116 239 73 203 246 210 155 141 129 235 118 92 142 71 96 76 146 249 80 64 69 119 225 248 167 121 132 168 179 220 128 105 181 137 151
64 363 140 169 214 128 197 99 224 156 171 193 209 187 233 191 65 157 225 173 190 67 237 94 150 70 135 82 139 198 112 238 201 212 164 241 172 136 87 213 89 132 110 141 138 143 199 126 176 211 247 159 181 92 103 244 77 177 218 73 120 105 240 76 222 106 101 149 204 239 85 155 124 95 122 123 98 227 154 174 208 236 113 203 131 160 182 223 72 90 118 142 97 153 196 121 210 165 119 158 115 133
65 282 99 151 90 136 182 184 192 80 87 173 129 117 126 197 221 83 210 132 234 220 88 77 95 103 157 125 244 163 143 249 85 180 171 186 202 113 158 231 193 76 203 243 66 145 138 155 146 110 161 201 111 70 245 82 176 86 174 169 122 178 172 114 208 71 227 116 190 109 168 222 207 139 194 154 108 230 118 160 115 211 236 216 137 152 232 199 209 223 200 98 128 189 123 217 164 92 159 188 96 101 91
66 355 236 108 231 206 77 81 141 140 170 85 145 117 244 134 121 245 104 196 154 220 93 238 148 223 153 167 186 130 237 155 162 73 221 228 97 208 229 72 213 101 184 150 114 151 246 239 158 219 194 166 181 205 136 106 82 164 131 96 100 197 230 218 76 75 118 201 234 152 240 189 241 120 193 91 132 112 214 160 98 92 185 95 165 183 212 88 169 195 78 242 138 115 202 225 70 142 67 74 211 89 139 144 191 94 207 124 107 247 68
67 319 207 208 190 189 143 180 241 222 126 192 112 96 248 75 225 155 210 92 198 181 216 242 157 83 247 93 70 235 72 191 99 186 71 115 128 111 108 148 197 206 130 219 101 140 151 124 249 149 202 193 137 154 169 224 228 223 156 182 203 89 205 109 213 80 139 145 85 195 153 113 173 104 136 238 74 218 179 94 184 167 77 237 162 129 79 142 187 150 212 220 199 171 221 102 194 164 119 91 107 152 229 122 245 211 168 69 138 117 120 78 233 132 105 231 121 135
68 359 138 221 167 85 219 111 163 201 196 216 236 199 113 96 124 210 93 145 164 130 184 115 126 147 189 73 156 112 229 165 247 82 136 90 248 125 162 175 141 102 148 101 131 176 171 209 212 243 215 91 166 95 107 76 242 149 105 230 86 188 227 179 97 104 223 232 237 246 103 98 75 211 233 118 120 245 249 110 208 159 128 151 204 143 74 83 140 173 135 217 234 117 240 187 198 238 205 235 207 72 182 224 88 80 132 89
69 322 139 206 191 237 222 155 96 234 246 219 215 221 91 192 79 171 181 77 162 97 92 224 160 189 194 177 218 168 187 108 214 233 141 116 115 229 240 230 145 117 85 133 166 119 156 143 163 180 107 199 152 149 179 182 126 245 225 138 118 88 146 190 148 161 174 200 134 71 184 144 202 102 172 242 241 164 73 223 158 135 232 154 210 217 213 99 235 207 128 188 209 104 80 132 243 125 131 204 72 159 216 127 236 248 130 178 84 112 167 205 176 212
70 341 196 92 149 215 138 96 235 206 188 233 177 71 195 158 231 216 131 109 222 230 88 147 125 199 203 74 116 200 157 164 77 238 214 106 84 193 104 189 97 144 190 162 105 102 132 90 208 220 159 122 161 140 130 133 217 221 175 150 219 163 181 155 239 184 121 191 118 112 236 123 119 148 114 80 98 73 224 185 89 197 141 209 207 127 182 187 83 135 227 75 110 134 137 151 223 234 93 212 166 202 237 81 180 113 165 242 124 232 160 201 139 126
71 393 156 167 154 113 91 76 190 74 149 118 173 202 182 201 83 200 82 89 131 247 144 124 139 178 80 129 84 79 242 98 235 107 215 194 88 209 195 102 141 153 155 143 157 231 132 186 86 77 170 122 103 145 197 199 217 165 126 109 229 245 230 117 206 85 169 140 106 150 135 127 138 212 130 203 185 184 214 161 75 234 227 90 236 223 221 123 177 205 162 146 196 233 100 104 219 179 183 172 224 192 114 111 92 151 241 218 166 220 125
72 266 192 242 243 232 93 130 193 111 209 110 164 198 149 239 160 203 79 226 231 129 187 121 144 166 179 128 222 225 167 248 127 96 142 181 141 200 78 138 103 135 118 185 80 88 140 186 112 101 219 98 153 107 81 182 183 124 106 229 136 162 190 177 171 210 218 241 84 91 155 184 236 76 92 199 145 216 208 119 194 223 159 77 169 224 126 197 217 176 109 174 156 214 152 244 161 90 139 202 237 116 115 195 234 75 83 100 104 94 137 235
73 259 175 229 102 172 161 231 116 234 246 126 187 218 130 193 140 171 194 174 109 83 128 195 168 147 217 79 216 81 177 100 120 213 138 206 243 190 169 219 230 220 215 165 223 106 181 247 232 90 228 122 153 136 98 163 88 198 184 211 197 173 205 201 89 76 115 112 189 135 159 209 248 108 242 145 77 240 119 154 111 156 167 127 183 113 142 132 166 235 123 93 180 110 238 210 131 143 176 124 224 233 208 114 105 118
74 482 77 154 94 97 173 87 239 115 217 126 229 169 153 185 96 213 216 196 243 112 159 148 207 223 236 186 212 146 215 89 170 220 145 84 136 141 156 214 208 139 111 78 105 245 81 120 197 184 210 174 129 118 104 103 119 80 180 130 121 194 235 152 190 231 242 172 177 226 161 228 188 211 76 191 225 175 198 200 86 107 131 171 224 183 246 158 192 101 75 79 162 163 128 205 189 109 221 147 178 204 165 98 176 85 202
75 259 225 239 248 240 98 104 143 179 105 213 182 212 236 97 169 242 113 148 199 237 189 130 196 173 84 117 161 121 233 89 154 249 198 158 230 201 118 139 138 193 140 92 220 103 222 115 85 106 155 208 160 120 91 149 200 123 78 86 109 163 231 228 107 174 112 80 227 132 185 141 214 159 197 243 95 178 137 184 122 177 187 164 145 203 217 235 215 87 166 126 175 129 241 83 210 79 211 183 206 147 135 171 151 76 244 127 176 218 245 96 205 247 194 102 224
76 448 174 101 130 114 154 202 103 137 205 146 223 186 143 108 217 147 185 247 85 167 188 172 183 102 237 165 192 204 111 113 83 168 106 243 214 134 182 225 200 206 109 135 129 145 164 90 104 236 136 207 148 86 110 181 100 177 126 239 116 248 162 241 155 229 210 121 95 140 159 196 173 216 124 245 93 194 153 131 197 132 156 224 81 80 238 176 77 105 244 221 133 190 232 209
77 302 165 174 102 108 240 81 243 176 171 154 224 220 150 245 188 126 99 155 218 249 131 149 189 233 114 158 185 212 178 110 120 95 119 191 163 242 190 236 230 166 113 143 173 235 107 215 211 194 103 196 175 145 142 186 139 116 177 221 201 78 117 216 111 237 124 182 134 156 96 187 172 199 141 127 214 144 239 227 101 200 222 122 207 162 219 184 91 193 79 195 246 229 82 123 232 210 183 130 198 105 146 94 238 206 97 80 179 85 135 87 112 192 160 152 86 133
78 250 101 97 90 243 144 219 165 161 142 193 202 96 248 140 154 156 114 167 212 240 151 86 188 80 201 179 191 92 160 203 230 249 112 223 183 153 187 130 98 107 245 172 134 216 149 237 171 129 159 198 214 136 111 93 196 213 115 119 170 244 220 195 204 121 147 197 106 120 194 209 224 221 169 133 89 128 91 173 168 94 189 246 139 155 217 100 123 164 135 122 81 110 88 174 200 157 180 118 131 103 85 145 87 238 184 211
79 284 182 241 232 134 167 227 220 121 97 246 171 235 188 82 148 81 164 116 89 140 196 159 178 91 112 229 166 225 129 152 143 98 125 139 184 174 107 156 96 123 194 204 181 104 186 141 228 136 191 243 185 173 212 87 234 193 165 106 176 230 200 84 120 236 189 83 213 146 162 245 209 92 199 217 221 85 208 195 111 170 113 105 219 168 110 124 119 187 238 247
80 373 155 110 193 222 148 235 98 241 191 209 187 218 247 104 88 116 205 165 162 93 230 146 149 120 90 153 81 84 228 130 124 224 243 91 183 167 89 107 188 136 245 135 141 194 233 229 221 117 133 109 210 216 160 157 217 166 177 123 176 226 96 196 206 237 161 179 236 168 137 163 190 234 182 126 85 94 118 143 178 147 197 211 219 99 240 214 142 225 164 220 227 248 113 185 158 242 244 204 189 238
81 343 131 195 241 229 174 182 190 130 219 129 113 108 208 137 240 146 225 221 167 246 157 164 242 211 101 210 180 82 191 85 156 114 203 153 96 189 165 162 198 117 139 111 158 89 98 141 88 232 125 238 122 173 163 197 134 115 188 228 143 187 224 249 194 226 184 170 142 218 150 185 230 109 138 83 205 213 120 92 202 244 223 90 217 160 93 104 144 154 124 212 231 186 200 181 235
82 315 172 177 142 189 237 197 175 196 186 124 231 125 126 190 187 102 202 243 151 194 200 117 206 83 236 181 155 179 192 210 171 235 106 208 182 148 221 229 108 143 228 140 239 213 88 89 157 141 134 149 199 122 131 167 128 100 91 212 198 166 219 136 160 204 247 249 99 94 178 165 133 191 203 184 185 214 111 139 93 158 132 218 174 95 164 246 183 234 222 161 180 238 130 188 84 241 220 170 120 137 105 85 115
83 345 146 143 217 218 172 176 128 100 238 140 224 175 244 130 211 237 163 84 166 233 241 101 112 194 118 164 234 91 182 223 123 235 201 150 195 240 232 220 248 202 221 129 214 183 198 144 190 151 103 94 124 122 137 186 191 213 121 99 149 113 85 116 119 139 193 160 236 215 86 153 177 154 179 127 114 105 90 157 134 126 170 125 203 192 95 117 133 205 188 88 169 180 207 229 108 92 239 102 97 230 181 87 249 89 200 107 115 168 136 212
84 340 128 119 164 241 236 197 110 212 247 148 234 154 115 120 248 244 126 109 206 104 113 246 182 165 158 228 195 112 208 117 90 223 218 211 189 221 175 161 106 129 100 137 188 141 153 99 222 95 207 122 174 249 237 131 123 116 108 92 152 199 226 98 196 149 209 215 225 140 210 124 191 146 214 190 142 155 159 157 143 227 201 179 238 203 185 87 101 147 233 107 194 204 139 186 167 231 171
85 253 231 213 105 215 115 149 175 182 190 225 135 216 181 249 232 168 186 117 218 240 98 96 161 220 122 208 162 229 145 92 245 94 124 247 180 139 102 97 126 116 163 134 228 217 151 137 140 227 214 147 177 243 210 167 179 130 185 173 194 188 146 136 121 153 201 219 234 169 118 108 133 129 88 86 238 155 241 106 103 90 187 192 166 202 174 170 236 87 211 178 183 101 222 204 156 200 93 100
86 469 134 107 232 122 176 154 205 157 192 229 175 116 90 153 152 186 160 99 132 95 171 227 243 140 133 226 223 162 109 104 100 126 173 142 188 111 94 130 177 163 129 127 187 165 181 178 249 137 220 213 143 110 108 248 150 114 202 211 102 199 147 195 138 247 225 170 103 237 164 167 139 125 88 182 219 115 184 166 135 93 239 180 149 123 193 197 98 89 244 238 168 240
87 278 126 139 191 245 91 217 146 104 232 189 163 229 88 145 176 214 121 222 102 162 179 226 132 230 99 224 164 125 123 166 249 119 148 149 127 110 175 198 185 195 209 204 154 212 170 171 186 234 93 129 201 221 207 98 140 181 116 196 134 168 210 193 220 237 155 96 120 218 211 118 208 215 188 242 233 136 197 199 182 92 143 138 89 225 156 161 135 184 106 105 203 114 205
88 328 184 154 141 166 202 137 105 113 99 195 206 194 131 237 142 200 158 211 241 168 133 244 151 218 183 161 163 119 121 240 92 210 208 157 186 140 162 109 156 248 134 223 247 192 203 220 127 102 107 191 246 198 101 234 174 148 147 245 132 145 199 204 172 233 243 171 115 224 190 89 235 187 111 226 177 94 114 139 205 106 178 222 118 155 197 173 238 242 129 135 110
89 400 198 98 202 225 234 211 132 228 120 186 148 139 174 195 164 138 189 179 161 100 146 203 127 109 105 206 201 106 112 163 153 152 246 233 135 158 216 125 249 240 147 149 229 180 144 104 176 208 192 136 145 123 224 184 166 126 199 236 242 221 137 217 110 232 191 121 117 131 141 171 207 178 194 223 200 103 245 169 227 187 235 90 113 130 124 210 239 197 215 209 142 244 128 151 150 219 213 238 157 181 205 91 160 122
90 272 185 182 213 173 200 223 170 238 112 127 96 119 122 106 130 210 230 150 111 164 99 242 175 183 216 148 190 107 194 92 94 229 228 115 105 201 156 131 181 214 225 169 198 95 109 116 188 241 151 236 157 246 247 193 234 171 226 212 240 187 219 162 146 180 153 140 102 174 91 149 104 196 126 163 235 209 118 243 113 208 197 227 117 192 114 189 154 206 222 159
91 270 181 160 178 248 220 218 176 224 183 147 222 101 177 93 108 100 225 159 198 156 232 200 179 228 210 154 227 107 140 142 245 150 244 170 237 172 110 233 166 204 117 161 197 94 186 155 145 247 196 193 134 115 207 124 144 111 141 158 146 120 137 132 199 153 205 209 167 131 223 174 246 106 109 152 214 194 230 123 195 242 105 173 192 148 239 121 169
92 367 140 223 162 109 187 220 215 194 226 134 239 166 117 212 115 161 125 172 209 232 138 149 201 245 229 169 144 123 198 148 121 156 247 136 119 219 174 146 110 105 249 106 104 133 154 208 171 180 158 147 179 107 237 197 153 157 241 196 240 98 175 111 192 183 181 230 127 177 129 128 132 242 118 213 160 185 243 189 235 101 236 248 96 126 114 202 244 102 131 108
93 363 167 238 112 186 184 210 228 187 145 226 151 190 117 239 249 141 170 142 242 193 168 104 155 222 221 200 120 172 147 232 229 246 171 176 198 230 150 152 123 95 248 159 109 118 157 205 227 163 94 243 97 224 110 244 189 213 153 143 134 211 129 207 180 100 208 148 149 181 216 219 204 179 140 113 235 105 175 173 119 99 124 114 96 162 128 199 188 192 130 115 135 182 107 98 177 165 146 215
94 345 182 130 104 155 189 187 210 197 230 245 100 123 152 190 162 145 211 102 120 142 242 209 237 226 183 103 219 109 186 148 140 198 135 98 114 240 200 101 166 116 147 248 206 127 199 165 141 203 181 146 170 163 143 232 121 118 247 169 149 195 179 171 99 221 158 173 131 133 227 157 151 108 202 160 205 175 105 159 110 144 154 111 201 180 204 129 113 106 196 128 223 229 218 214
95 252 125 199 146 162 171 122 181 186 180 235 197 149 229 216 185 188 127 110 112 169 203 198 178 116 212 200 126 119 194 142 242 130 211 230 170 233 152 132 101 182 201 248 140 158 249 147 155 159 128 150 148 208 98 105 196 187 236 204 224 241 174 245 225 99 190 177 161 205 232 115 111 145 134 103 104 217 176 215 114 173 247 165 207 175 220 210
96 403 138 187 98 124 221 136 101 210 193 121 125 239 104 217 105 163 247 178 139 97 249 135 245 119 201 212 134 190 183 211 203 166 161 123 151 127 110 137 108 194 165 248 112 164 143 149 219 169 132 129 230 150 227 240 155 115 157 200 199 236 228 100 111 147 226 117 140 224 234 103 170 114 241 158 229 220 189 222 154 176 174 186 177 231 197 215 202 191
97 259 112 199 143 244 131 118 161 240 139 206 107 129 117 196 122 149 155 229 120 144 207 100 227 113 116 212 110 228 115 218 114 239 214 204 124 200 210 137 241 154 136 201 166 203 171 102 198 159 119 237 195 182 185 103 190 174 105 175 111 153 130 179 146 165 230 180 222 135 162 231 158 215 141 189 151 192 106 156 167 133 217
98 372 169 199 185 224 200 163 227 188 171 170 179 166 103 217 162 127 111 184 214 155 208 218 197 201 248 104 233 141 153 216 176 121 105 249 236 128 145 223 245 174 167 139 187 222 213 159 124 144 120 156 198 181 152 125 206 231 237 143 158 102 150 182 212 247 157 147 132 118 221 209 115 242 151 137 246 107 239 180 161 177 100 202 235 142 165 109 114 205 229 228 146 108 106 194 148 130 110 123 129 154 122 215 140 164 101 190 210
99 369 249 148 201 155 159 221 180 229 102 230 169 235 244 191 114 226 146 133 103 124 216 178 129 228 241 199 177 209 213 240 164 245 186 140 222 165 214 108 130 234 243 120 141 134 113 107 217 163 153 176 136 247 111 181 215 193 145 101 122 172 232 227 157 149 171 184 143 117 182 197 116 115 223 105 207 236 104 160 166 118 156 123 246 185 151 233 144
100 371 181 184 170 221 140 130 128 248 202 161 194 225 179 104 112 193 106 129 117 242 157 137 158 234 210 174 191 180 226 201 108 163 101 245 118 224 152 217 151 207 231 185 105 199 216 215 132 165 173 249 211 222 247 205 159 195 238 107 171 166 176 200 121 136 153 116 124 147 141 198 178 167 232 229 150 214 146 103 133 113 241 233 127 143 196
101 359 146 202 178 120 228 186 117 223 167 192 198 124 111 246 173 108 238 144 164 235 155 170 215 247 230 177 233 244 112 115 150 227 243 135 137 236 200 123 249 126 182 136 133 226 169 187 113 125 139 147 188 241 121 151 171 183 224 140 148 211 239 154 172 217 245 158 141 207 234 195 163 119 142 184 201 231 204 162 160 138 180 130 103 220 156 165 104 128 179
102 270 177 159 109 178 203 213 144 123 185 104 141 179 163 240 228 145 147 132 137 173 103 155 114 127 150 120 148 116 231 189 156 129 196 206 175 138 107 194 193 243 146 188 216 135 230 237 226 247 249 221 224 190 208 171 199 210 106 113 158 115 110 126 195 152 219 157 153 233 197 211 183 200 232 117 112 215 180 239 244 133 168 186 174 161 140 214 165 245 234 170 118 164 220 236 181
103 389 189 226 154 214 108 190 222 196 194 234 134 109 208 174 170 211 166 111 180 192 235 204 158 217 185 138 220 112 168 186 233 151 223 201 209 179 110 216 118 124 122 105 231 175 153 199 142 237 181 236 147 187 227 232 146 207 244 163 104 195 143 219 135 140 242 127 129 169 128 215 150 160 206 177 106 178 240 248 136 117 239 246 123
104 314 208 216 145 239 224 160 105 150 107 191 182 225 175 125 178 129 234 152 157 238 170 154 131 168 199 203 153 235 141 233 192 202 123 128 219 147 133 146 185 240 205 243 229 130 134 241 231 190 230 171 187 214 248 167 121 209 119 151 201 106 135 174 169 156 143 197 159 137 220 206 110 155 177 242 112 132 237 149 195 113 211 148 142 246 184
105 297 117 162 158 127 232 244 202 173 246 178 191 143 132 125 211 205 247 112 115 156 194 164 200 134 201 245 208 123 126 135 163 248 230 168 198 192 169 161 109 145 177 228 182 222 209 226 236 111 128 243 219 154 152 218 196 239 185 223 234 197 124 238 221 240 188 121 120 249 235 129 186 151 110 193 107 148 213 242 136 147 231 174 189 122 170 153 207
106 264 175 174 209 120 218 238 178 243 156 133 116 111 153 191 187 233 183 146 217 235 138 202 196 240 129 140 246 245 234 125 226 180 141 107 203 241 193 230 144 198 161 137 164 192 197 212 186 188 224 148 248 170 167 237 118 199 143 166 131 177 172 171 154 147 163 176 239 189 115 169 157 123 121 210 206 201 232 139 182 184 220 181 159 142 214 231 135 114 128 225 236 208 195 173 122
107 326 134 169 161 216 171 249 128 226 183 222 186 108 137 140 193 190 124 155 242 187 173 135 205 121 231 197 182 156 215 115 196 214 119 152 240 230 200 138 229 208 194 243 188 116 148 123 144 142 203 158 213 163 224 209 204 166 118 217 136 218 228 211 160 244 180 201 223 113 114 245 143 239 192 225 162 127 157 159 110 129 167 247 154 202 153 219 168 248 195 112
108 410 208 184 246 248 185 141 168 120 144 224 225 236 239 194 158 167 222 136 212 243 188 145 182 153 221 135 110 155 240 122 147 125 139 111 177 219 226 138 169 109 124 218 151 175 198 115 146 161 160 166 143 164 232 142 191 112 196 148 172 202 193 152 197 242 229 195 200 201 149 230 183 159 140 189 187 245 215 241 116 223 117 209 207 121 119 233 204 220 190 132 157 134 235 227 128 154
109 447 182 218 179 245 146 187 190 244 181 221 217 153 162 137 246 236 180 158 200 155 215 178 117 237 220 126 216 156 219 241 202 159 169 118 211 195 183 194 163 133 208 201 113 145 203 231 189 132 233 172 176 186 140 239 110 127 119 164 225 248 122 150 204 161 135 168 223 171 214 160 196 139 232 247 242 243 185 206 227 149 166 174 144 226 229 192 249
110 279 135 209 206 125 137 126 244 203 217 204 216 129 153 118 224 236 127 193 192 223 211 172 245 190 228 170 201 151 160 210 241 121 238 113 119 179 218 139 111 162 112 200 123 195 242 198 122 154 143 233 144 202 249 157 130 163 175 184 226 187 141 147 146 134 243 188 120 234 149 136 132 178 128 116 176 158 148 140 168 164 213 177 152 150 133 182 115 138
111 274 209 166 155 119 156 222 227 147 113 226 228 229 194 132 200 173 212 223 138 129 168 235 191 204 220 126 120 197 241 189 162 240 141 135 159 115 236 124 139 192 153 221 202 149 167 208 112 163 245 140 203 231 233 169 232 165 151 130 193 237 206 216 243 242 175 154 137 157 170 178 249 187 174 136 196 179 148 145 195 152 114 177 181 217 213 186 238 128 248 185 161
112 336 204 179 163 167 121 160 129 154 166 132 146 153 138 139 232 236 113 239 174 145 244 176 171 225 183 151 157 125 199 243 224 141 197 156 190 177 123 122 164 131 247 144 203 184 242 173 209 126 185 216 205 218 196 124 201 143 221 133 192 188 241 137 249 168 150 116 130 128 215 245 186 187 158 181 230 189 134 172 200 217 165 119 226 213
113 326 226 216 161 124 123 192 138 127 199 184 232 227 197 144 134 230 218 231 196 179 177 154 167 136 200 135 130 246 143 236 203 224 208 244 183 117 140 217 239 207 164 128 228 194 191 118 190 235 139 193 162 137 153 234 248 175 238 185 178 125 131 215 114 211 159 233 247 116 223 214 219 173 166 142 121 168 120 172 147 240 171 155 225 174
114 338 197 130 186 125 139 184 172 176 205 148 181 247 151 158 163 224 136 214 161 156 165 196 198 225 221 241 249 133 215 115 142 149 216 191 220 240 147 222 201 226 179 207 126 246 206 140 124 217 135 213 162 168 210 195 157 234 209 137 129 122 132 190 116 242 134 144 164 141 239 174 245 188 208
115 296 172 226 206 209 135 171 131 174 138 165 223 151 170 139 155 248 235 231 242 196 201 221 120 166 137 217 128 238 187 230 198 233 169 188 179 119 216 181 243 208 121 246 122 129 116 225 145 240 244 154 218 211 167 144 117 184 148 153 234 176 213 118 227 210 134 177 189 205 136 239 140 200 124 150
116 348 188 204 177 142 236 228 147 160 207 247 195 141 159 193 158 139 205 125 191 163 218 241 155 178 240 145 229 213 164 153 243 152 134 131 168 124 214 181 220 123 200 235 189 187 138 211 225 162 150 135 169 161 140 248 179 231 129 121 226 146 184 149 237 173 238 185 132 242 186 165 170 209 180 118 171 208 196 143 206
117 356 174 195 201 193 243 159 143 215 211 223 206 186 182 144 122 129 179 216 244 127 205 225 133 247 185 156 145 214 121 162 166 151 240 160 164 204 150 242 183 248 125 190 172 221 222 170 245 208 135 249 126 123 147 209 152 167 141 128 219 165 181 207 233 153 142 235 197 203 177 131 132 220 173 137 124 191 168 180 118 237 230 210 199
118 264 123 191 129 231 186 132 213 156 206 242 139 128 169 181 167 204 210 126 202 150 176 233 238 122 220 124 135 241 141 235 168 217 232 178 133 224 203 179 121 243 214 188 131 171 175 164 160 240 212 158 193 174 208 225 157 137 127 159 244 222 170 228 143 180 236 216 152 125 183 165 219 237 173 145 215 192
119 345 136 224 205 214 228 223 139 165 192 154 171 207 199 231 190 215 183 143 235 142 134 230 237 249 130 151 227 144 242 239 122 152 221 188 149 186 148 145 129 198 126 153 131 210 179 185 146 164 176 169 208 161 173 123 172 168 128 159 170 202 163 175 133 177 160 178 243 137 184 241 180 245
120 391 196 222 135 124 156 216 228 221 236 226 169 227 175 192 160 246 233 208 155 130 223 212 142 207 131 123 194 176 147 134 206 170 219 153 202 213 180 218 241 189 238 163 138 235 146 205 197 162 186 149 243 230 168 247 201 234 126 137 204 127 161 179 125 158 211 174 199 245 178
121 322 175 180 213 236 231 160 246 234 187 145 214 151 238 122 174 181 150 235 124 228 220 168 225 126 227 143 191 178 245 204 128 193 123 183 215 132 163 182 222 166 206 216 243 211 136 135 164 156 198 219 205 129 196 207 212 209 155 154 131 148 179 167 172 125 223 240 159 141 232 248 239 241
122 416 184 216 242 231 171 137 193 182 148 133 151 161 163 159 147 128 139 153 126 174 164 245 209 239 132 186 123 219 187 212 222 173 141 138 192 160 249 144 175 225 205 195 236 140 170 169 181 230 237 145 149 146 208 200 179 221 127 188 232 218 168 204 248 227 234 150 124 136 125 154 191 180 214 235 167
123 262 135 229 249 129 236 125 169 167 142 246 124 195 164 201 193 150 235 133 128 176 147 156 234 184 148 221 136 208 207 224 231 241 237 228 183 206 137 202 171 151 158 190 209 179 240 226 203 140 204 194 216 157 182 217 138 144 141 175 181 213 225 132 166 170 192
124 298 240 200 194 173 216 202 138 170 224 225 227 133 137 208 185 245 189 153 128 195 226 244 125 248 235 190 246 247 143 239 193 213 228 140 154 206 132 201 192 211 157 203 150 166 142 146 162 126 178 130 156 209 215 145 196 167 199 134 241 205 231 152 175 222 204 181 220 217 164 210 151 163 182 186 207 136 198 158 160 249 149
125 331 228 189 215 138 217 135 201 181 157 186 161 221 234 222 142 237 136 243 159 137 180 179 144 173 246 233 202 191 248 211 128 203 143 185 188 131 170 153 183 187 227 171 163 206 197 165 182 241 184 192 219 155 225 132 178 209 214 139 140 245 166 190 239 238 152 216 176 210
126 371 216 226 160 199 180 147 204 227 129 151 239 167 158 232 130 249 238 195 237 136 248 208 176 198 202 245 247 225 235 233 135 133 218 134 230 203 128 224 213 191 181 162 234 141 200 212 144 138 219 131 197 188 150 228 201 163 178 215 184 189 155 192 231 165 140 164 145 241 174 156 170 243 169 211 221 148 153
127 331 193 151 188 174 152 145 183 192 194 235 186 187 134 225 223 246 129 231 226 168 171 143 200 196 169 178 199 160 146 184 190 230 248 157 180 245 218 182 173 139 138 224 135 209 239 220 191 240 215 172 181 236 198 176 128 162 166 234 170 142 154 202 217 208 149 155 229 144 205 222 244 137 185 232 195 159
128 375 170 150 165 201 247 248 246 190 148 166 186 209 212 157 176 137 234 158 140 168 211 216 152 242 239 181 193 145 230 214 205 197 159 184 199 229 130 233 237 202 215 188 151 149 153 192 177 138 129 208 232 164 147 161 173 183 141 228 194 235 241 222 139 238 135 210 245 236 227 133 196 223 175 171
129 294 199 152 200 191 162 242 228 248 205 151 220 171 208 173 224 136 147 193 167 245 137 153 180 174 155 188 196 145 178 166 194 189 203 192 239 223 219 238 247 172 207 249 183 135 160 146 181 185 201 163 235 217 232 214 182 221 237 177 161 170 150 215 142 184 225 190 186 206 212
130 377 243 237 187 215 149 165 204 186 227 132 228 183 142 176 172 154 225 170 194 217 166 168 164 220 160 229 158 219 238 185 182 224 198 203 167 148 147 143 202 234 173 201 171 151 188 157 174 223 210 211 226 236 178 240 152 231 221 131 180 181 212 146 189 232 153 245 241 249
131 250 164 185 156 170 196 183 138 224 242 142 167 199 136 180 184 151 214 225 158 152 246 175 163 200 241 211 140 234 150 227 202 146 240 169 195 207 187 197 191 179 147 230 203 205 135 213 247 176 134 198 233 155 133 189 159 244 215 232 222 168 212 148 193 236 194 228 190 209
132 373 225 136 135 215 199 211 210 237 161 175 151 202 182 165 152 146 184 153 148 188 155 181 180 241 207 248 185 214 209 169 159 156 221 191 189 198 245 242 170 157 235 143 223 233 224 187 183 163 142 219 236 247 232 205 144 137 206 138 171 229 238 216 244 164 172 192 234 166 145 179 168
133 312 243 213 140 242 237 167 207 160 228 163 154 246 225 158 183 224 186 141 182 223 148 150 241 189 233 188 151 231 232 238 205 248 165 195 147 212 229 162 215 194 218 174 177 179 149 234 240 203 202 161 143 181 156 204 198 245 169 152 139
134 265 179 135 226 139 219 216 202 163 222 188 151 231 147 229 159 221 146 198 197 199 166 161 169 195 220 246 244 153 234 215 168 156 144 190 242 224 233 236 164 184 237 157 183 140 232 187 172 173 137 212 192 162 155 180 191 160 208 200 152 181 248 141 186 223 142 149 238 145 214 167 193 158 189 203 245 209 185 182 205 138 249
135 423 178 141 136 149 174 137 244 177 231 147 157 211 247 139 172 142 181 188 193 175 235 217 202 153 249 222 156 196 183 208 173 246 214 164 146 216 240 195 155 237 200 245 176 166 160 223 209 154 210 186 241 219 198 242 226 238 170 206 215 234 224 228 203 167
136 292 207 142 226 173 187 163 158 240 188 192 167 141 217 206 198 165 164 203 200 196 171 247 237 219 183 235 233 143 232 228 229 239 249 234 159 189 157 170 154 152 186 204 195 246 169 138 177 244 215 208 218 194 212 168 241 155 176 191 156 220 185 238 179 216 150 151 182 245 178 243
137 382 205 224 217 231 201 157 206 211 249 179 138 150 198 248 227 196 195 164 178 233 209 236 167 219 186 226 191 212 242 193 156 190 243 166 140 148 225 182 241 213 200 218 244 215 245 146 237 208 239 159 181 145 162 180 240 235 204 185 139 153 216 171 141 230 147 158 232 174 168
138 326 231 243 185 184 175 235 146 163 189 209 208 188 218 223 171 233 160 193 216 190 212 196 205 248 226 198 230 183 249 162 170 204 192 236 201 141 176 167 150 195 229 155 227 246 239 159 221 213 186 165 142 158 215 217 173 178 242 222 194 149 202 144
139 403 167 213 198 165 217 234 211 155 171 208 207 154 245 222 236 159 189 240 201 151 188 195 180 202 221 191 179 210 196 172 157 194 227 169 168 248 185 141 173 229 183 177 158 193 153 204 163 146 218 182 140 224 212 156 176 216 223 206 215 143 147 209 149 197 243 238 241 246
140 329 209 204 201 241 236 238 220 231 141 212 176 142 186 158 237 207 218 172 179 180 234 174 173 166 146 247 162 188 164 202 245 205 214 193 161 246 211 233 242 219 223 185 154 226 224 189 222 217 184 181 160 152 171 244 191 182 216 165 150 144 229 239 248
141 268 184 234 236 156 244 215 145 220 211 245 216 206 233 182 205 175 142 204 146 242 208 218 170 210 240 207 214 151 194 153 226 143 202 171 176 248 161 174 195 187 221 198 229 152 178 165 159 209 148 201 213 192 155 186 235 157 247 183 217 185 163 243 169 227 189
142 295 162 156 190 172 192 161 249 207 186 236 242 232 226 219 174 157 168 229 213 245 211 154 198 177 152 218 179 234 191 171 163 244 200 235 199 178 215 150 180 220 160 143 151 246 206 196 204 202 165 238 201 175 170 153 216 159 181 223 208 248 182 224 176 195 241 189
143 358 199 228 208 168 180 155 229 154 174 247 220 231 187 185 223 153 207 177 172 200 203 202 224 191 176 182 216 197 246 213 226 151 215 190 248 239 163 201 178 171 156 198 205 161 233 148 145 165 181 232 166 170 160 195 193 234 211 147 240 222 173 149 159 164 242
144 347 163 222 209 148 156 176 149 154 208 246 232 215 192 199 248 249 207 157 212 213 178 234 152 164 151 161 187 147 204 186 220 184 160 201 219 167 194 145 200 193 181 174 189 221 196 150 183 233 188 158 231 179 172 218 214 168 205 217 171 203 182 198 224
145 253 147 161 178 180 176 167 201 190 234 226 249 159 189 248 211 213 223 164 237 203 225 231 163 230 175 227 214 194 166 217 207 191 238 150 153 242 165 184 197 171 219 239 210 151 221 215 186 193 241 146 244 209 205 179 235 204 246
146 405 211 149 241 151 177 147 168 201 234 235 167 172 156 213 194 212 180 187 244 246 249 162 202 227 158 220 197 191 153 225 238 228 247 216 243 189 245 200 233 173 237 193 165 207 223 222 186 157 239 236 178 199 229 196 221 209 198 170 218 215
147 342 241 178 162 170 236 216 249 200 181 179 185 239 208 192 166 204 175 148 207 209 180 206 228 152 153 188 176 167 243 196 157 219 221 224 231 246 198 154 222 229 183 199 210 149 171 211 172 168 194 156 220 223 215 186 247 226 173 187 218 161 245 189
148 331 238 181 154 191 167 159 225 245 152 217 239 242 232 208 213 196 166 183 235 170 153 214 192 193 155 212 222 229 218 219 234 187 224 184 226 240 197 199 176 206 157 189 227 203 177 164 205 150 162 149 241 211 186 175 165 179 244 223 207 198
149 306 164 162 193 222 198 170 157 172 181 188 179 220 208 150 190 229 232 236 204 228 242 184 247 197 224 231 212 158 239 180 241 177 200 221 218 246 185 216 178 202 194 196 210 165 199 175 195 234 156 219 173 189 183 167 237 169 171 155
150 363 224 212 204 158 157 237 206 201 191 186 214 155 165 218 153 235 236 242 216 189 232 219 179 240 151 163 195 159 168 231 200 190 152 202 211 172 203 245 171 170 238 241 227 220 226 209 178 169 215 156 173 217 181 194 166 210 205 161 222
151 253 239 210 179 200 186 226 228 172 204 245 216 233 229 207 158 166 154 194 203 173 178 244 168 199 159 247 237 206 157 188 197 164 242 221 174 195 180 208 212 183 223 170 205 230 225 161 234 211 190 202 162 248 215 155 156 236 153 193 175 243
152 434 245 178 242 203 175 235 166 199 201 239 204 231 221 247 186 208 224 187 191 173 197 171 241 205 202 162 155 218 213 243 193 246 160 216 190 212 230 249 158 248 182 244 181 223 220 163 164 219 157 232 198 222 156
153 313 201 229 210 166 206 181 247 187 172 219 177 162 186 155 240 157 208 214 159 245 195 185 180 239 221 178 202 226 199 244 217 170 242 176 190 167 235 218 211 204 169 184 222 231 227 175 189 249 179 196 197 156 237 236 174 225 183 212 164 173
154 345 242 162 180 228 245 165 157 186 183 240 168 177 198 169 249 192 170 207 179 182 178 181 213 196 156 200 217 155 163 226 210 247 214 227 194 231 205 233 224 230 201 235 239 195 184 191 161 223 172 208 197 193 188 185 166
155 290 179 189 217 161 241 214 182 229 190 230 239 167 224 171 225 221 197 186 163 193 168 243 166 198 165 237 247 178 196 191 209 188 227 231 220 246 176 172 169 195 205 215 240 208 180 234 174 170 218 233 207 200 177 202 164 210 219 192 235
156 365 210 220 216 214 209 186 188 182 238 205 197 163 233 217 177 234 239 227 219 248 231 201 247 158 208 211 244 206 194 193 240 202 159 243 160 165 179 170 230 189 236 203 185 171
157 419 173 165 218 225 178 202 221 198 172 209 175 217 170 240 238 227 247 219 185 249 182 190 208 211 159 228 229 214 220 236 180 245 158 168 177 186 162 222 194 241 192 230 195 196 239 213 176 188 244 193 187 210 216 203 171 233 174 169 181
158 252 166 201 188 240 229 179 235 205 244 202 243 216 174 245 184 194 228 163 200 217 199 173 181 198 177 167 191 223 195 182 162 175 207 171 164 232 242 208 169 206 196 178 238 180 241 161 193 220 248 203 224 185 172
159 329 204 173 194 164 233 167 160 172 229 225 168 161 186 242 245 178 227 166 197 181 176 180 240 220 248 232 179 185 213 198 210 175 205 202 238 249 170 171 182 201 209 222 189 212 196 214 228 177 203 162 236
160 329 193 202 188 182 226 212 218 217 240 229 168 204 224 171 174 211 245 248 177 200 192 191 166 169 230 209 179 243 207 223 183 203 195 220 231 201 247 187 222 242 235 208 162 175 199 214 163 213 249 241 164 189 225 185 206 244 170 167
161 377 214 237 178 180 206 245 243 249 188 211 168 192 176 198 241 166 213 181 175 225 208 177 228 230 165 212 210 231 234 219 196 171 207 199 200 182 224 244 215 233 247 248 203 201 222 197 226 220 246 183 242 184 195 186 229 164 204 173 169
162 294 227 225 208 163 176 185 179 172 206 173 212 240 200 235 213 223 182 248 188 174 169 191 177 237 180 186 241 228 201 229 246 230 233 234 195 210 215 170 207 244 171 218 202 222 216 214 164 211 194 167 187 209 196
163 294 231 225 227 230 185 175 167 220 217 197 178 247 213 242 172 237 179 245 181 223 202 209 211 188 221 187 218 176 173 235 192 210 171 177 191 180 233 164 201 243 186 240 198 194 200 222 165 183 232 226 219 214 206 216
164 271 197 184 195 246 206 219 223 245 233 217 200 238 237 182 225 174 179 213 248 175 239 205 224 192 183 242 247 172 199 218 165 231 230 228 243 166 186 209 176 181 235 193 241 214 221 227 168 240 207 204 178 249 171 232
165 435 207 217 192 172 169 191 184 205 239 231 216 243 185 211 183 197 218 171 235 210 194 167 186 204 199 200 208 222 233 244 196 198 226 219 193 249 221 206 223 188 175 230 246 237 179 215 209 190 234 180
166 363 190 200 185 247 167 222 245 232 168 174 249 244 228 199 239 178 241 218 191 210 169 172 201 237 211 181 224 216 238 242 215 176 196 235 171 234 182 189 179 207 209 214 180 233 188 208 205
167 300 193 203 249 239 170 221 240 246 187 175 234 217 196 177 201 190 243 205 236 171 232 248 216 183 225 189 238 245 191 214 233 223 179 202 231 208 181 235 195 226 194 173
168 337 238 214 220 197 212 247 234 240 236 206 185 233 226 215 244 195 177 180 245 218 194 190 225 241 231 230 188 178 243 182 213 169 191 242 200 171 223 209 196 174 179 172 181 228 217 198 193 205
169 253 197 242 170 244 178 245 185 218 201 213 177 208 193 198 249 222 238 229 247 232 196 176 212 192 235 239 172 200 179 214 227 241 189 180 248 233 174 231 217 173 191 182 225 206 184 240 202 223 228 216 236 207 220 186 210 224 181
170 274 186 223 176 194 244 235 207 248 187 234 225 209 215 222 196 172 203 242 219 218 183 249 195 245 240 228 230 241 236 237 173 247 178 189 221 185 210 229 174 231 220 191 198 246 192 180 226 202 224 205 200
171 473 194 210 207 199 238 187 179 180 246 196 190 182 226 237 193 172 229 184 175 185 198 209 195 235 201 186 188 214 247 215 220 240 218 224 225 208 242 239 203 231 211 173 234 223 244 176 204 183 233
172 386 180 208 205 226 215 202 246 209 182 241 190 204 236 231 193 200 203 189 198 213 216 230 220 214 175 177 187 176 249 228 207 179 232 227 234 225 221 242 233 243 238 219 181 247 245 224 183
173 252 185 196 207 247 176 184 228 219 178 177 174 249 179 230 198 211 194 222 189 218 248 231 227 181 210 216 221 191 201 199 183 225 186 214 240 245 223 180
174 362 176 236 221 200 196 199 239 231 188 206 209 248 207 232 220 191 205 187 219 223 237 190 185 202 194 217 229 235 192 240 246 233 228 226 213 198 243 193 249 242 210 175 179 216 245 214 177 180 189 218
175 454 185 177 199 217 179 204 192 246 225 207 247 230 249 198 220 187 248 186 239 242 235 231 178 200 216 203 206 209 191 223 241 234 219 237 236 238 227 180 188 232 233 176 218 201 184 224 190 208 183 205
176 269 202 234 247 246 189 190 225 212 191 184 205 209 230 243 185 208 229 239 197 232 242 177 193 182 223 238 217 214 241 204 245 213 183 198 206 227 226 196 222 192 219 186 231 233
177 277 183 221 236 188 208 242 193 187 184 245 207 192 232 248 240 249 199 222 198 241 225 195 229 235 217 211 185 189 179 197 239 216 247 238 219 223 230 233 182 180 214 194 202 209 227 237 243 203 191 224
178 316 216 205 206 232 192 219 208 246 187 209 188 229 190 236 195 196 182 215 240 193 204 179 228 230 198 244 214 180 186 199 207 235 223 189 218 203 212 248 200 201 184
179 414 212 236 202 189 229 226 230 193 240 207 192 221 211 228 242 232 183 199 235 224 184 219 243 213 185 203 233 238 247 187 214 209 231 200 186 181 205 197 239 208 245 198 241 234 195 182 191 196
180 270 217 214 208 238 196 211 216 245 239 204 201 210 242 198 212 227 203 218 187 220 247 228 241 224 185 188 233 181 236 186 223 219 231 230 207 209
181 294 248 222 216 214 183 187 236 207 233 249 185 199 245 241 212 186 218 182 238 211 201 219 213 198 220 192 184 244 221 210 215 240 228 193 203 196 197 231 229
182 315 184 203 218 200 206 199 195 235 210 187 241 223 188 239 224 242 191 183 238 192 213 247 197 234 201 221 215 196 193 222 208 214 204 249 207 220 185 205 189 194 240 219 190 231 186 225
183 391 245 190 249 185 237 243 236 221 200 215 187 206 242 225 240 184 192 227 194 193 220 188 217 231 211 248 233 189 244 219 208 232 203 204 239 205 196 223 241 197 218
184 313 200 221 210 225 228 248 203 199 249 234 229 230 236 238 226 185 239 197 216 212 227 242 207 219 206 198 186 189 202 215 220 247 205 223 222 204 240 246 209 218 244
185 398 219 188 214 192 233 223 187 191 218 207 199 220 205 249 195 242 203 221 230 202 198 247 241 197 236 245 217 194 237 248 208 211 210 232 201 200 189
186 289 237 208 215 217 219 243 229 192 197 216 218 222 200 242 246 234 221 225 248 202 195 211 204 235 206 214 201 226 231 193 232 210 196
187 340 245 194 209 234 235 223 197 212 201 228 243 205 188 221 229 191 213 249 227 211 189 200 198 247 238 215 237 219 214 216 210 204 239 230 246 208 203 202 199 220
188 393 198 249 196 232 213 227 244 221 245 230 231 191 220 197 201 193 216 243 219 200 222 205 212 217 189 242 224 209 225
189 267 198 240 233 230 207 204 246 226 199 239 214 202 227 242 241 224 203 216 231 243 201 197 209 191 196 238 211 208 245 210 244 221 228 219 248 190 213 237 235 236 217 195 215 249 229
190 252 208 249 221 236 202 199 192 241 204 201 238 227 206 229 211 232 224 235 240 231 220 230 225 246 222 234 207 209 218 239 194 217 196
191 334 227 210 209 235 197 220 221 241 217 195 206 231 230 234 218 244 240 247 208 192 245 194 239 202 233 199 226 222 232 193 204
192 414 214 215 239 242 207 213 233 244 225 195 209 230 211 208 241 198 200 240 247 238 194 249 221 246 223 226 219 210 224 245 228
193 425 224 205 209 211 218 233 219 217 228 206 236 201 244 234 238 222 212 221 194 240 195 243 248 230 226 242 214 204 229 220 197 239 227 199 223 200 225
194 256 234 236 212 248 205 222 241 202 232 211 237 200 220 226 239 245 235 213 196 218 214 219 210 227 246 240 228 197 201 230 208
195 319 215 211 217 221 227 214 249 232 238 223 209 242 198 244 247 228 210 229 203 200 207 236 233 216 212 226 218 199 231 204 206 202 235 197 208 222 234 248 239
196 386 217 248 230 219 226 238 237 236 245 215 210 216 214 201 206 239 211 205 222 242 249 199 227 241 247 221 234 243 220 202
197 304 216 217 198 231 246 238 218 220 232 213 230 240 245 248 243 236 225 200 204 237 212 215 226 241 219 199 203 214 206 207 249 235 247 224 223
198 310 203 225 248 230 232 214 207 224 204 210 237 223 231 213 205 221 212 234 246 229 222 216 236 235 242 208 227 241
199 359 237 230 224 228 239 217 238 234 245 220 236 200 204 213 202 244 229 205 225 249 227 214 222 211 221 242 235 216 212 226 231
200 311 247 242 213 232 236 241 230 202 201 222 238 245 218 227 234 249 214 210 225 229 246 219 217 215 212 208 220 216 224 209
201 330 214 222 226 234 249 228 247 232 230 245 213 208 216 218 240 233 243 241 215 206 237 231 224 236 203 242 211 227 219 212 238
202 469 225 233 234 218 217 228 241 221 230 243 219 227 244 204 210 222 205 240 231 229 245 211 238 242 220 248 206 207 212 213
203 269 216 205 206 245 235 223 243 228 214 222 204 231 229 230 217 237 215 239 210 211 246 227 232 234 220 208 242 219 238 209 226 212 224
204 262 244 246 227 221 243 232 206 223 220 208 241 209 215 218 217 249 248 212 222 226 247 231 207 213 233 224 228 237 230
205 285 221 245 206 222 212 214 243 230 226 207 217 241 249 247 246 244 219 231 225 208 237 209 240 228 248 213 239 224 218 233
206 443 213 207 208 233 226 220 232 244 215 219 222 224 217 247 246 234 225 227 235 216 242 238 240 221 236 228 210 239
207 272 242 219 226 241 246 208 218 247 224 223 229 234 239 233 235 222 212 210 244 209 228 237
208 311 214 219 222 241 209 231 212 218 234 228 238 235 247 215 216 244 220 248 223 211 225 245
209 362 224 230 220 244 233 235 217 249 221 210 231 225 212 228 229 237 215 239 214 227 240 247 245 241 219 248 213 218
210 327 236 228 246 238 244 212 226 247 229 245 249 220 232 221 241 237 231 218 243 230 217 248 240 224 219
211 380 247 239 236 215 248 231 234 224 240 244 213 216 220 230 212 229 249 221 245 242 223 238 228 246 222 243 233 219
212 323 231 238 233 214 225 232 227 217 249 230 235 245 240 218 241 213 228
213 297 244 249 231 221 236 240 222 238 214 225 220 235 232 242 237 245 227 247 228 248
214 302 226 230 219 238 239 233 246 237 222 244 231 216 234 248 245 221 227 232
215 331 217 221 241 224 229 230 248 235 237 228 216 222 243 247 223 225 244 218
216 367 246 220 227 230 243 247 244 238 221 233 248 234 224 228 229 239 225 223
217 321 236 244 229 237 223 247 225 231 238 227 218 239 235 246 232 240 242 224 243 241 249 248 233
218 374 235 223 239 238 227 220 241 247 224 226 225 243 232 234 228 237 236 219 233
219 305 234 225 221 246 224 245 240 237 230 226 231 242 232 236 235 228 249 223 239 220 222 244
220 369 232 229 231 248 239 249 245 226 227 244 246 221 233 224 223 242 236 238 225 222
221 262 242 225 229 246 247 238 244 245 236 248 234 241 233 227 237 232 231 249 228
222 369 245 231 227 224 247 248 243 232 233 226 235 225 239 229 237 234
223 375 239 240 244 231 232 246 226 228 245 233 241 225 234 230
224 306 234 232 247 245 249 233 235 237 239 244 229 238 228 230 227 243 231 241 242
225 319 236 234 228 233 247 237 238 235 239 232 241 246 231
226 399 230 232 240 249 248 227 243 239 247 245 242 234 246 228 231 229
227 316 241 232 248 249 242 243 239 231 237 230 245 244 228 246
228 285 244 248 234 239 231 243 240 229 242 235 247 233 249
229 288 238 243 233 232 245 241 240 230 246 239 237 248 249 234
230 354 244 238 243 237 248 240 231 247 241 233 232 235 245
231 358 245 242 244 238 234 237 243 241 248
232 405 239 235 238 240 241 234 237 236 248 249 245
233 259 240 239 243 236 237 234 248 244 241 249 238 235
234 336 241 240 238 246 249 247 235 242
235 348 238 239 247 245 237 249 246 240 248
236 363 240 244 239 245 243 238 237 249 248 247
237 289 239 245 238 246 248
238 284 244 247 241 245 242 246 239 240
239 388 240 241 244 249 243 246 245 242
240 328 245 244 243 246 241 249 242
241 285 247 248 243 249
242 452 248 249 244 245 247
243 263 249 247 244 246 248 245
244 363 249 247 245
245 358 246 247
246 279 248 247
247 264
248 420 249
249 316
