120 1000
1 258 107 79 106 100 90 77 15 39 115 45 31 27 44 101 75 59 81 21 118 109 112 2 49 116 17 83 56 84 55 63 30 3 103 88 16 29 35 47 60 74 52 96 110 94 9 54 37 98 4 36 14 5 22 11 120 20 117 64 8 10 7 76 111 105 82 87 24 53
2 423 109 21 60 87 96 59 106 89 110 15 45 102 34 22 31 73 79 33 49 118 30 83 78 88 18 71 104 25 91 69 36 64 70 29 116 80 10 63 105 81 55 99 72 120 54 100 19 13 28 90 17 39 119 42 38 85 95 98 103 9 92 67 61 108 117 66 113 43 56 6 115 77 48 14
3 319 86 65 69 99 102 19 61 42 6 110 52 96 26 70 29 113 40 92 67 73 43 5 36 118 30 100 93 41 115 79 9 14 28 7 21 98 106 66 72 119 38 95 64 116 114 39 111 34 58 55 62 13 74 117 31 33 32 54 120 56 63 103 71 89 77 51 25 80 10 22 45 85 104
4 360 108 103 11 110 15 72 90 99 60 118 13 24 31 7 67 87 36 85 14 5 78 37 20 38 95 22 23 65 28 111 74 100 61 109 115 44 27 94 12 59 9 83 81 66 19 45 69 49 39 54 84 32 34 26 18 75 68 98 53 51 92 8 63
5 376 60 47 92 61 32 25 107 101 90 6 104 17 55 43 64 29 85 88 63 78 119 116 83 102 111 59 33 112 73 75 30 13 58 44 70 40 105 11 21 7 84 76 35 18 67 66 10 53 81 38 114 22 87 115 26 108 56 86 34 41 24 49 28 39 15
6 264 36 93 14 81 91 49 85 35 71 110 89 15 116 83 104 44 107 61 117 100 92 33 9 62 94 55 115 46 75 37 112 101 53 69 95 118 20 41 82 108 67 21 32 54 17 79 19 26 52 27 77 68 13 78 58 56 87 90 109 40 11 39 98 31 23 96 63 86 111 25 10
7 286 55 70 77 107 66 111 19 65 39 30 21 89 63 92 10 47 46 44 99 106 85 42 117 75 108 67 115 105 31 82 90 80 24 71 96 28 51 109 119 88 61 38 16 93 83 52 49 29 120 94 15 18 118 104 64 53 32 25 60 59 45 13 11 23 100 114 62 17 26 73
8 346 97 96 42 67 56 78 31 65 41 15 11 106 18 87 10 81 83 38 22 20 119 68 85 86 120 89 92 46 118 35 60 98 105 99 94 74 117 33 23 58 79 114 88 70 116 47 63 57 100 45 108 110 113 95 9 82 59 104 19 24 111 80 75
9 368 25 116 97 33 92 41 109 50 94 43 32 77 117 16 29 91 110 119 103 13 69 12 38 99 55 113 114 112 48 27 63 31 82 104 93 17 22 56 71 102 62 45 24 84 44 85 101 108 81 118 79 115 80 20 54 58 39 19 35 42 72 26 49
10 336 27 88 89 29 61 21 90 98 11 79 117 107 93 19 45 62 106 119 115 73 104 72 108 100 116 91 51 83 34 22 109 66 17 68 86 92 18 118 33 112 95 64 111 99 52 44 101 31 56 113 67 70 14 30 24 63 54 43 87 26
11 304 97 20 93 49 40 118 65 33 104 87 86 101 50 15 57 80 44 96 58 117 70 113 92 25 32 30 99 53 69 107 55 78 41 23 39 66 42 14 37 116 98 105 102 115 17 76 24 75 74 64 34 35 27 59 61 71 22 94 63 83 114 109 68 19 89 111 119
12 360 28 50 60 98 110 55 80 108 22 78 13 35 101 95 68 48 27 92 74 81 106 100 97 17 90 36 30 69 49 75 63 32 93 18 38 77 82 42 62 46 21 79 44 83 64 67 109 88 51 120 71 39 94 29 84 45 58 61 47 19 103 116 59 115 117 91 89 87
13 374 68 82 88 75 66 44 31 77 40 62 41 118 110 113 79 81 92 29 99 100 16 52 61 21 94 102 89 48 35 18 109 25 54 111 23 67 37 104 96 120 72 91 73 108 38 59 107 95 112 30 115 116 32 58 69 105 45 57 76 71 90 27 56
14 285 21 69 91 73 36 59 78 86 20 46 85 106 97 107 26 30 38 39 56 25 31 16 114 108 116 62 29 83 33 61 76 51 88 32 105 52 109 115 66 35 68 102 45 100 47 75 103 94 95 80 77 104 17 24 92 43 64 57 58 110 49 53 99 81 93 72 28
15 341 27 24 19 95 80 50 84 83 18 23 65 117 73 17 100 91 78 38 66 82 52 105 106 119 103 42 59 102 21 79 62 69 116 57 56 94 76 47 115 30 37 107 96 110 46 49 25 81 60 51 90 32 31 48 101 87 58 28 70 104 53 67 54 85
16 313 68 106 33 78 40 114 43 73 96 81 49 53 63 120 94 77 80 21 61 103 99 46 84 44 79 65 112 93 26 107 45 19 55 110 36 32 39 116 34 18 47 76 101 27 109 52 72 74 57 60 41 113 83 59 42 118 51 35 22 71 87 58 75 82 37 50
17 387 70 25 84 118 24 72 80 30 106 114 75 77 73 88 107 62 23 33 31 66 34 46 96 18 65 111 63 115 27 54 44 56 51 110 68 90 97 98 38 112 85 45 49 67 102 92 42 22 20 81 99 32 76 91 19 113 64 103 60 47 117 109 28 94
18 300 90 115 72 98 108 113 119 91 38 62 64 29 37 48 41 76 114 52 79 110 97 47 45 39 63 20 103 80 26 104 93 27 89 73 54 88 94 66 100 87 43 86 81 24 96 34 25 68 53 85 71 46 44 74 67 22 84 117 111 118 69
19 369 74 26 86 94 70 72 96 75 79 45 25 84 76 43 55 87 54 95 44 78 51 60 81 28 34 89 27 57 50 117 118 21 97 111 30 88 42 22 100 110 63 23 32 71 83 77 41 24 91 85 69 46 113 61 40 68 73 67 112 106 98 38 103 114 104 105 102
20 321 68 49 107 37 95 109 29 116 78 36 93 47 64 84 25 46 101 100 97 44 45 94 66 39 51 58 90 104 59 108 69 21 120 75 33 112 26 113 56 115 118 96 98 61 23 117 65 82 43 24 40 79 52 31
21 310 37 70 100 95 56 77 53 43 31 35 23 38 63 73 46 81 67 112 111 106 51 40 68 52 61 89 107 59 64 58 60 92 110 99 120 88 41 42 90 65 79 115 80 72 103 55 28 27 98 118 49 76
22 380 72 101 31 103 93 40 46 75 38 108 57 41 83 29 91 55 114 109 115 80 89 85 37 50 97 105 120 96 119 63 36 56 111 27 66 39 82 94 95 54 92 87 59 42 45 116 58 86 84 76 78 25 52
23 369 66 61 88 114 106 75 97 64 36 41 116 40 67 57 62 33 63 52 73 28 82 110 37 118 50 92 103 96 99 109 25 104 38 58 45 113 43 30 93 119 78 98 51 24 46 59 117 111 108 100 69 105 87 107 34 86 115 112 29 53 68 44 60 71 83
24 251 49 64 63 89 31 114 88 61 54 110 118 73 115 55 42 67 117 72 36 70 101 112 25 26 85 53 50 39 78 111 81 96 104 79 45 34 59 57 80 92 105 98 65 48 46 93 102 75 91 27 74 97 58 29 51 113 100 32 62 84 106 71 56 108
25 292 92 56 109 116 98 107 48 113 29 27 46 43 81 101 36 59 49 69 62 58 45 50 64 90 82 42 30 32 47 84 75 26 41 86 108 117 95 80 102 93 55 54 100 61 118 106 77 112 63 68 39 115 38 52 34 91 120 44 60
26 278 85 79 63 81 45 34 87 70 30 78 100 61 46 113 101 64 97 72 65 95 67 91 50 93 111 27 62 38 37 71 53 84 109 35 103 108 88 112 92 52 99 48 119 58 107 82 28 98 36 40 41 47 110 96 55 89 60 75 56
27 430 59 30 60 41 36 57 98 33 37 101 108 90 93 48 54 104 69 50 75 115 107 103 51 72 64 100 83 92 38 65 67 87 28 78 66 46 85 42 109 40 120 105 95 29 68 102 45 111 118 71 77 88 58 114 86 52 32 112 49 76 43
28 268 89 40 102 64 96 32 83 52 62 95 104 119 118 30 59 37 60 42 58 41 55 107 61 44 68 84 63 57 91 79 111 34 39 69 33 120 82 36 51 71 100 56 45 116 50 70 76 80 114 115 117 90 38
29 354 104 34 43 52 83 99 48 108 118 78 64 60 71 77 85 84 100 53 97 115 30 81 46 113 112 61 50 110 72 88 62 117 47 76 63 120 66 38 105 91 94 73 45
30 378 74 50 112 79 77 102 101 39 118 93 38 32 111 42 60 49 52 115 65 69 113 70 35 31 54 92 117 44 48 37 81 87 83 89 95 88 120 33 85 45 105 43 55 51 103 109 82 104 84 80 98 47 73 116 119 68 34
31 282 93 73 41 71 118 116 57 70 61 120 87 43 42 44 92 49 76 79 54 33 39 58 38 53 100 59 117 80 46 51 110 114 91 66 50 82 113 86 101 68 36 72 64 55 37 74 81
32 253 45 58 97 53 104 34 100 70 72 49 116 56 80 38 93 68 46 107 37 105 110 74 44 55 96 76 99 85 61 64 84 112 60 42 63 54 71 67 40 91 47 90 82 50 117 51 88 57 35 77 106 94 113 95 103 48 75
33 465 53 105 50 92 91 116 58 65 104 69 45 66 79 102 57 52 67 60 75 96 41 114 106 73 97 113 118 100 49 42 98 99 76 89 74 94 120 63 108 56 115 71 36 44 61 103 117 72 55 40 77 93
34 291 52 47 115 73 103 101 86 57 106 60 100 36 89 69 37 66 56 91 116 107 83 95 111 35 94 109 110 61 50 108 64 45 53 112 97 54 46 118 74 114 38 41 102 81 98 58 62 90 85 43 65 82
35 399 73 116 37 114 112 68 110 69 66 38 86 53 93 64 75 48 77 58 47 65 62 109 102 91 59 118 72 113 101 57 63 78 81 80 82 55 74 119 44 98 87 45 99 67 103 50 84 120 42 95 111 106 79 52
36 310 84 40 115 118 55 94 43 79 59 45 64 112 41 108 82 67 83 69 106 51 66 68 96 78 98 39 85 86 61 73 38 90 76 93 87 63 49 72 104 103 37 47 105
37 293 48 81 102 45 74 63 100 60 89 92 105 103 54 73 72 50 55 120 111 93 109 67 40 76 99 42 101 97 117 41 75 91 119 115 47 113 107 43 77 57 95 108 66 83 110 106 79
38 289 41 54 103 74 111 60 79 42 43 45 89 88 95 50 76 85 94 61 92 77 78 58 113 110 56 66 106 99 114 93 71 68 53 44 72 73 67 69 119 55 105 86 109 118 80 120 117 48 75 59 82 87
39 418 54 80 96 89 66 103 45 74 83 58 109 42 106 91 78 118 79 116 94 69 81 68 72 60 98 85 77 87 105 44 101 84 113 51 99 56 46 64 61 75 50 90 43 112 67 53 70 59 76 82
40 334 62 44 113 102 98 116 117 49 109 73 106 51 108 112 82 46 110 95 43 81 42 79 58 101 47 86 96 105 69 91 107 83 104 48 65 99 78 77 63 84 56 64
41 319 78 91 62 49 59 109 105 71 84 82 50 64 113 48 79 89 99 110 88 44 75 77 83 57 43 42 46 66 106 100 81 69 104 87 103 90 120 54 92 111 73 85 95 74 117 45 70 112 47 118 114 53 93 67
42 347 78 57 71 97 75 93 53 65 54 46 90 87 102 110 103 85 81 95 111 70 50 84 82 116 114 47 61 101 80 98 79 99 105 109 76 55 45 63 52 94 73 44 56 66 117 59 92 104 108 86 69 107
43 288 54 87 113 78 67 99 93 73 55 64 75 57 116 91 60 74 103 52 110 85 63 92 104 59 118 65 94 48 109 58 102 100 71 47 86 82 72 76 51 117 89 101 88 56 69 112 46 107 81
44 408 115 59 74 79 51 88 93 70 118 55 112 63 116 46 72 50 104 90 57 76 47 45 66 108 114 86 62 106 103 77 92 119 91 117 85
45 304 107 83 67 75 81 46 52 113 57 120 84 87 59 54 94 85 48 68 86 69 105 53 71 108 114 100 98 103 66 116 82 78 64 91 111 97 65 115 55 60 50 90 56 110 112 89
46 290 64 117 116 83 109 54 93 47 56 118 104 51 92 84 99 68 114 52 63 67 90 71 55 107 81 50 79 112 89 95 65 69 49 57 111 70 110 78 101 115 88 75
47 280 84 95 105 48 59 68 114 51 54 118 88 71 64 79 75 81 117 65 76 85 49 87 78 119 98 111 57 94 55 60 52 107 104 103 100 90 97 77 115 58 96 69 83 62 63 108 86 113 61
48 430 66 114 84 105 82 78 57 101 93 61 86 49 72 56 109 80 64 103 59 110 77 81 79 99 90 118 75 98 113 69 111 53 63 120 87 83 97 67 68
49 467 53 56 116 77 74 111 113 68 96 52 54 105 83 98 75 91 82 92 97 66 112 64 102 107 76 115 69 87 55 65 58 85 109 120 118 60 84 61 57 93 67 94 104 59
50 279 56 58 98 63 51 69 73 92 114 71 62 76 117 77 72 57 66 68 87 60 115 106 112 52 78 118 105 101 86 80 85 109 61 94 84 95 79 100 111 99 70
51 254 61 120 98 97 108 66 70 111 72 91 75 84 119 99 62 57 79 96 116 68 88 114 56 100 92 53 90 106 110 63 76 86 117 77 67 80 105
52 330 69 71 106 112 75 64 104 120 107 73 98 109 79 93 61 86 102 82 89 74 67 95 57 87 70 85 117 66 72 100 91 108 65 90 101 92 83 116 88 77 118
53 350 120 72 104 108 97 109 107 61 100 91 70 55 65 116 99 92 106 62 93 119 81 117 95 77 56 105 63 74 101 113 82 112 80 66 87 83
54 320 93 74 65 105 56 119 117 89 101 75 95 80 76 69 112 102 70 88 90 98 62 106 91 115 66 94 87 97 83 114 100 57 71 92 82 77 109 108 85 120
55 284 120 116 86 57 108 70 106 84 105 92 59 103 113 101 111 56 95 69 93 79 85 98 91 73 119 94 110 109 80 104 65 64 102 74 90
56 296 109 80 84 76 83 105 108 115 120 99 82 61 57 119 114 92 107 63 86 112 118 77 78 98 95 96 64 75 66 65 85 101 90 69 106 68 110 70 113 60
57 420 119 63 70 86 107 58 116 59 113 114 87 79 67 109 65 115 90 76 74 118 92 85 82 78 103 98 99 83 77 84 75 66 60 68 89 91 71
58 365 101 95 119 77 85 75 98 68 111 97 117 61 80 69 76 108 83 104 118 63 86 116 66 102 89 103 71 106 92 65 74 115 82 109 114 81 84 70 90
59 290 92 87 108 105 73 83 100 102 91 62 97 109 118 90 93 101 116 120 86 68 75 61 95 79 117 85 96 107 103 71 98 89 60 76 67 99 115 72 88
60 345 73 104 97 103 115 86 88 110 118 96 75 80 111 89 76 84 69 61 62 65 100 82 74 109 68 117 113 71 119 106 98 93 78 114 72 70 95 85 63 87 77 102
61 356 94 66 89 119 75 113 83 77 95 67 85 93 76 78 71 102 63 105 79 114 88 103 107 90 82 101 118 116 74 70 109 112 73 65 92 84 91
62 301 86 81 96 67 84 101 118 78 117 65 70 112 113 114 73 88 107 111 103 76 108 69 66 87 71 105 72 64 110 82 68 119 77 63 95
63 343 85 79 66 106 68 72 80 77 96 116 111 115 86 109 104 101 64 94 108 69 70 99 114 105 67 87 89 74 81 95 113 92 97 112 78
64 332 112 94 107 75 82 116 81 88 101 84 71 76 89 120 65 91 74 97 68 77 111 96 110 105 109 114 85 117 69 98 90
65 415 68 110 73 70 80 119 67 108 79 74 100 120 84 109 77 75 96 69 78 71 116 118 86 107 91 104 89 81 115 85 88 92 87 106 95 98 111
66 253 77 112 76 108 109 96 87 106 107 104 94 118 116 83 120 82 89 91 78 73 114 97 81 101 92 102 105 67 115 85 71 111 103 79 119
67 254 84 75 87 113 92 96 70 73 104 103 116 98 93 105 90 110 83 95 117 111 77 106 71 101 120 89 74 68 81 80 114 112 97
68 489 88 115 81 83 120 86 103 108 93 75 118 69 85 105 106 77 72 102 119 109 70 73 116 79 92 117 74 91 113 104 99 71 78 107 111
69 257 83 106 73 94 99 105 81 103 95 110 84 76 98 92 109 101 78 112 96 91 119 104 120 79
70 311 85 107 117 92 110 76 78 75 93 99 102 105 111 120 112 113 73 83 106 97 118 87 89 91 109 81 71 88 74 98 119
71 357 77 111 102 90 110 97 107 118 74 116 73 106 115 89 113 98 96 117 76 84 120 109 112 79 87 104 93 92 95 94
72 332 87 118 97 103 89 94 88 107 77 105 106 79 83 82 92 75 85 81 84 111 110 99 116 108 80 101 95 90 74 86 98 113 112 96
73 286 111 103 81 92 99 74 88 78 80 79 101 109 89 77 94 104 107 112 76 86 97 115 91 102 83 85 98 114 117 93 75
74 305 93 107 105 102 103 84 75 113 81 90 85 80 94 89 96 87 78 97 110 116 104 101 118 92 112 83 76 88
75 409 92 103 95 114 115 83 85 100 101 111 108 116 87 96 90 107 98 76 86 93 79 80 91
76 361 94 106 113 93 108 89 110 117 104 79 81 88 100 109 114 80 107 77 84 119 96 95 98 112 105
77 367 78 89 117 102 92 96 113 83 115 108 106 105 93 80 120 109 114 87 112 95 98 86 99 119 118 116
78 272 94 114 116 108 95 98 92 86 87 111 112 88 100 109 101 103 119 84
79 275 83 107 116 101 111 95 108 89 117 105 100 99 120 119 86 90 115 87 118 84 82 113 93 96 102
80 283 85 82 84 114 116 107 94 101 97 87 93 103 120 118 104 108 95 86 117 102 99 106 119 98 100 111 92 112 113
81 442 99 88 115 85 92 83 84 93 97 101 116 117 95 108 118 110 94 86 82 107 103 109 106
82 406 108 88 83 100 99 96 85 118 86 87 95 120 91 93 102 97 113 110 94 98 114 112 109 90 105
83 295 114 107 96 109 113 119 118 84 93 89 111 116 87 97 102 112 103 117 120 108 91
84 299 120 102 111 112 98 105 108 89 113 110 96 117 116 106 99 104 109 91 87 86 97 115 101 119
85 367 99 100 86 88 108 114 117 106 104 87 115 96 113 98 119 107 102 105 95 110 109 90 93 118
86 380 92 111 95 106 97 93 99 88 89 104 110 118 101 96 87 113 115 114 108 103 94 98 90 109
87 253 114 119 100 115 116 103 120 88 97 101 99 98 104 105 91 89 110 90 112 117 94
88 282 106 102 95 109 120 105 93 103 117 107 101 111 118 110 115 112 89 99 100 94 90 98 92 108 91
89 445 113 110 94 90 109 93 111 120 118 104 100 108 114 101 106 107 117 105 102
90 273 116 103 91 99 94 110 111 101 108 120 100 95 93 102 98 107 109 106 119 97 118 96 105
91 300 100 104 96 110 118 101 108 106 97 119 111 112 120 92 94 107 98 117
92 310 103 119 93 118 115 109 113 100 102
93 390 108 114 106 103 105 98 107 118 111 96 117 112 110 109 100 115 101 116
94 284 115 113 107 98 112 109 119 95 106 117 105 111 110 101 104 120 118 102 96
95 308 102 100 111 114 98 109 96 107 115 108 99 97 113
96 408 114 110 118 107 112 101 99 98 111 109 115 113
97 306 100 119 111 105 120 118 106 102 107 110 117 112
98 295 112 120 119 106 118 111 102 115 117 104 100 108 103 109 107 105
99 399 109 116 119 111 114 101 112 110 108 107 106 105 115 120
100 470 118 109 102 106 120 104 112 117 111 113 107 110 103 115
101 276 114 109 103 112 107 120 111 116 117 115
102 254 112 115 109 110 118 104 111 113 106 103 117 116 105
103 417 117 111 119 109 115 106
104 303 113 118 107 120 116 114 109 119 108 106 115 110
105 280 119 106 115 112 113 120 107 108
106 252 115 117 119 109 108
107 292 115 109 120 114
108 456 111 117 118 109 113 115 116
109 291 113 111 119 118 115
110 396 117 114 118 120 112
111 313 116 117 113 115
112 362 116 114 115 118
113 339 118 114 120
114 299 119 120 117
115 264 119 116
116 342 120 118 117 119
117 394 119 118
118 323
119 363 120
120 314
