120 1000
1 267 100 22 28 43 104 6 72 14 74 9 2 19 103 16 44 27 42 67 82 29 75 60 10 11 99 56 38 52 64 26 73 7 55 49 90 71 66 48 68 8 5 15 88 62 81 107 78 116 58 69 79 77 45 112 113 40 102 39 92 25 91 80 63 50 34 106 86 32 30 101 18 120 61 95 41 31
2 280 87 29 63 45 62 3 11 79 12 35 57 82 25 66 53 7 55 89 18 20 16 98 33 99 8 39 101 105 86 69 77 71 58 102 38 100 31 73 30 23 19 72 48 6 46 78 54 43 68 10 93 104 9 117 80 59 110 85 116 44 96 50 15 103 112 94 75 22 47 92 74 67 114 28 65 56 27 17 108
3 453 104 47 72 73 70 64 93 13 37 51 65 26 44 112 120 57 110 6 50 43 85 21 86 96 23 67 60 109 84 119 107 89 15 63 100 42 66 7 91 99 87 16 27 38 114 77 78 68 58 49 111 81 25 10 79 101 95 24 97 80 45 74 118 56 53 12 5 75 106 83 54 28 76 35 17 11 115 92 18 90 117 103 48 41 32 30 82
4 262 104 8 76 68 31 94 67 26 47 92 61 17 11 57 50 60 23 75 107 77 35 56 116 110 86 90 66 32 82 7 74 49 117 109 39 53 18 111 108 54 65 40 52 80 19 115 38 34 30 12 5 21 41 36 113 103 95 63 71 99 15 93 97 48 22 120 24 14 6 72 118 87 55 84 58 33
5 436 54 60 114 32 34 93 90 46 13 120 84 97 94 55 81 117 35 73 36 91 25 44 43 12 116 72 67 115 14 7 17 85 87 28 92 69 50 63 30 113 80 118 102 99 108 21 62 100 49 112 37 24 98 57 56 59 96 29 68 48 40 6 11 104 82 47 77 39 66 31 107 86 75 53 45 105 78 111 8 83 95
6 302 105 81 9 28 80 53 114 43 14 49 15 51 79 52 68 38 86 97 108 30 10 112 11 119 29 7 23 36 84 64 89 113 83 27 19 100 110 18 13 12 118 70 115 44 72 75 88 98 46 78 94 63 104 106 20 65 73 31 117 109 59 92 60 35 111 99 82 45 107 42 21 103 62
7 362 100 110 46 13 82 55 76 29 67 92 64 30 95 119 113 81 42 108 28 59 38 47 97 116 52 77 10 84 20 93 43 87 83 105 37 36 11 85 21 40 107 104 33 31 54 15 14 66 9 89 99 102 25 8 48 70 71 57 118 12 101 44 86 61 63 39 80 23 98 69 106 65 58 17 74 90 103 117 27 16 51 32 94 50 68
8 388 25 38 18 93 85 81 9 30 103 69 35 12 94 44 24 17 49 99 34 47 20 70 41 67 21 57 46 72 112 29 26 79 105 63 76 86 73 95 71 58 55 111 117 45 98 50 59 56 113 84 54 40 19 114 119 62 16 104 118 102 43 61 110 74 64 51 11 33 14 89 23 109 80 28 27 97 100
9 250 23 100 108 58 48 105 41 37 109 26 31 117 84 70 66 60 97 34 68 49 19 45 21 113 101 28 110 47 98 75 17 88 44 86 43 39 63 56 104 15 24 12 96 73 33 69 116 99 72 35 57 112 14 64 118 22 77 61 11 76 107 80 78 85 83 42 30 91 59 111 92 13 74 27 25 62 46 120 89
10 326 15 89 74 75 18 94 96 67 117 116 104 35 17 57 42 36 113 82 28 111 95 107 33 46 38 91 99 34 47 11 13 80 61 110 84 25 88 93 58 101 98 65 21 49 22 54 16 41 77 103 115 114 102 14 51 37 60 64 106 97 40 63 78 62 26 43 120 45 90 86 87 105 44 69 85 48 19
11 289 18 42 36 115 57 62 88 70 52 79 89 59 63 23 26 120 73 60 31 58 64 12 38 110 85 76 92 119 49 22 118 24 106 109 113 29 33 90 53 107 102 97 112 48 105 111 19 91 65 21 66 37 14 54 80 72 44 41 47 40 34 68 81 39 43 13 69 114 98
12 385 38 94 55 73 31 59 78 117 96 82 95 37 40 19 69 104 76 74 34 32 52 58 81 90 108 64 56 83 75 67 119 110 105 77 97 106 18 39 15 103 114 61 89 88 72 35 50 98 92 109 112 68 45 99 47 29 36 46 22
13 373 74 98 34 62 72 83 76 100 24 108 32 39 53 81 86 57 23 85 26 106 61 117 99 93 21 120 82 44 84 50 73 79 95 90 49 25 115 107 56 52 35 27 67 119 97 109 77 30 111 65 41 118 22 89 60 28 96 80 15 87 116 59 19 103 102 101 71 20 88 37 38 66 18 91 68 40 64
14 277 55 25 43 102 35 42 60 18 114 78 70 38 49 62 87 17 45 80 19 75 96 46 85 90 103 31 119 54 68 28 91 56 51 113 111 110 64 33 21 106 101 72 26 99 27 57 77 92 95 109 63 20 93 74 37 117 88 84 86 50 94 47 112 15 23 83 39 118 44 71 24
15 350 88 113 49 71 110 120 101 76 79 106 39 80 32 100 57 52 107 33 108 89 24 46 61 78 94 47 34 109 48 64 58 92 62 72 18 103 102 26 81 73 44 91 27 90 68 51 65 112 53 75 104 60 111 119 31 87 16 86 29 105 19 95 59 67 43 41 77
16 418 76 43 29 96 28 70 36 34 54 100 44 66 59 87 110 23 30 92 52 33 21 64 68 94 55 26 49 18 38 77 112 69 51 111 58 109 31 56 35 93 47 117 63 113 22 32 95 90 91 37 114 89 74 17 48 101 24 104 20 119 42 65 41
17 257 38 97 30 92 74 22 66 21 42 53 72 52 64 112 90 20 91 70 113 27 49 32 115 118 103 44 108 50 117 57 34 54 28 39 37 87 88 95 60 59 94 46 55 99 61 79 120 40 29 71 93 18 31 78 86 116 111 35 84 48 100 33 102 96 47 83 63 51 101 69 104 75 98 67 45 41 89
18 325 67 19 89 88 78 29 24 30 65 61 116 44 51 115 75 20 91 60 113 96 101 76 90 57 56 83 93 27 120 77 22 41 86 97 31 110 108 50 42 107 58 99 39 74 104 54 32 49 38 82 72 109 118 100 105 117 28 98 33 64 21 26
19 420 102 116 34 63 65 94 93 88 49 59 48 25 69 45 61 120 42 39 24 104 75 50 98 79 47 54 87 46 70 60 37 36 109 53 100 41 22 21 20 44 83 105 31 110 76 111 80 67 77 28 119 101 84 57 97 29 85 118 91 62 23 96 90 99 117 71 78 81 38 56
20 262 104 33 49 28 87 96 63 52 50 94 57 113 90 116 48 36 43 23 69 55 31 76 62 109 58 64 60 21 84 72 67 79 111 120 98 97 65 106 37 54 107 42 88 92 91 102 89 32 51 80 34 40 119 46 112 45 103 35 75 44 25 99 53 83 29 101 78 59 56 66 71 105 70 81 24 115 95 82 39 61
21 318 69 43 97 100 68 94 70 107 75 89 63 79 25 98 86 60 88 74 64 67 99 30 108 54 40 62 82 24 90 106 52 119 113 66 101 50 110 35 41 42 33 61 27 53 80 85 102 87 120 22 115 96 26 116 31 81 34 49 112 59 44 72 32 118 91 114 48 47 23 36 95 92 83 39 51
22 275 105 62 72 117 48 112 39 59 24 85 91 51 100 77 52 109 90 82 87 30 40 29 95 119 106 38 43 61 107 65 104 81 101 31 36 111 37 115 32 45 69 89 57 88 54 108 83 96 74 35 80 47 55 64 66 34 58 116 118 70 93 86
23 376 34 106 57 110 48 51 117 47 76 113 70 52 62 112 58 60 91 100 111 85 50 30 97 25 54 56 31 80 46 82 115 67 35 42 108 119 43 90 63 77 118 88 103 64 74 101 95 36 94 49 28 61 92 116 24 55 89 37 109 27 44 69 68 75 107 40 26 120 73 59
24 349 40 42 39 81 61 93 94 86 74 30 63 57 64 27 47 29 71 117 90 100 118 84 31 26 75 98 107 52 105 62 95 68 111 45 37 33 80 46 32 110 88 92 70 116 43 115 50 67 78 102 97 76 120 36 55 106 87 72 96 53 77 114 79 41 119 48 73 49 58 59 91 101 34 56 60
25 269 88 51 71 97 81 114 105 100 63 59 65 85 72 68 73 58 77 120 108 119 107 66 92 45 60 83 27 110 86 52 76 70 69 56 35 111 104 112 62 39 46 38 106 91 117 43 31 61 103 44 87 101 36 55 50 33 30 26 78 109 34 64 29 32
26 310 48 111 96 35 104 113 85 28 39 110 74 89 45 47 75 100 79 67 82 102 97 32 94 118 63 58 105 43 114 116 88 33 61 55 120 87 112 103 30 76 101 80 34 119 115 53 38 41 117 86 71 37 44 70 40 31 78 84 36 109 72 107 64 54 81 98 108
27 421 106 47 114 60 103 44 99 117 95 112 34 97 65 29 71 89 32 104 118 109 68 85 119 58 42 70 84 93 52 51 75 73 30 78 66 86 45 101 48 76 46 77 83 102 33 62 94 111 49 88 36 39 40 64 96 53 72 110 80 55 81 63 56 113
28 370 73 62 45 47 49 31 39 35 106 57 105 85 103 79 71 99 119 88 34 38 109 92 81 41 114 63 33 53 111 77 110 52 95 84 40 37 100 54 70 97 117 46 78 68 42 55 86 50 69 76 98 30 82 108 64
29 304 108 75 79 98 41 91 85 50 34 111 57 69 53 32 31 43 113 109 71 80 49 45 54 114 118 30 37 64 42 88 83 61 82 86 112 104 115 97 58 93 77 46 106 48 107 100 65 99 84 60 73 95 120 81 44 92 62 70 94 74 117 56 110 35 47 89 72 90 55 76 38
30 326 111 78 104 53 89 118 112 36 57 71 32 94 68 67 92 58 109 103 60 33 72 39 74 99 44 105 61 45 46 115 113 73 41 69 90 93 52 87 98 106 37 54 85 55 88 84 49 38 95 83 51 34 63 97 42 86 64 96 114 107
31 390 119 50 64 78 81 47 107 102 83 120 91 39 90 103 88 92 97 118 117 111 115 42 94 69 95 106 52 32 51 71 109 105 110 40 61 87 54 46 114 104 99 72 116 43 53 36 82 67 68 38 112 101 59 49 77 62 65 84 66 98 76 74 86
32 290 90 83 62 49 120 64 85 88 58 50 48 42 96 46 95 87 91 59 81 38 57 116 37 86 56 47 39 82 112 110 44 65 60 94 72 118 102 73 107 53 54 68 99 33 113 78 69 35 114 103 40 111 115 63 98 105 100 92 36 74 61 119 101
33 320 45 72 103 97 102 114 34 110 85 83 79 51 60 84 42 108 56 118 62 54 88 93 74 82 53 86 64 115 40 48 49 91 47 41 39 43 107 50 87 69 113 35 98 100 92 95 105 66 57 58 116 119 76 106
34 369 53 105 86 84 59 115 117 103 45 67 62 82 42 66 49 70 43 90 44 63 107 55 116 41 98 111 78 52 91 64 83 73 51 79 104 38 88 81 110 112 74 58 102 48 72 85 54 50 93 92 109 57 56 80 118 40 100 65 39 36 35 77
35 323 50 55 51 47 43 49 103 40 89 110 109 52 84 106 108 67 77 41 90 68 81 97 88 104 114 120 57 113 94 75 99 73 70 38 60 62 118 78 83 116 44 48 63 91 74 105 119 53 87 37 61 36 58 69 54 115 64
36 308 99 119 68 44 105 62 57 46 48 72 51 83 52 92 96 80 117 69 54 102 38 61 109 37 76 39 108 95 59 112 89 73 43 118 114 107 66 106 86 56 115 77 94 111 113 98 79 47 120 100 58 71 50 53 91 41 67 88 110 42 70
37 432 99 43 92 108 110 42 78 120 67 76 95 40 116 74 63 87 114 60 106 50 81 47 59 45 51 70 69 105 61 75 72 56 54 73 100 89 79 96 83 80 55 103 41 84 85 48 97 44 38 117 94 119 101 93 46 88 112
38 250 74 101 120 119 104 84 117 91 73 48 108 76 95 93 110 66 70 46 45 52 88 82 53 112 106 102 87 94 72 115 89 90 57 100 105 111 103 109 58 44 116 63 50 43 55 39 85 118 96 81 59 107 60 75 68 80 69 83 99 97
39 318 106 47 86 94 56 66 51 102 90 43 85 58 95 118 45 89 83 91 55 81 120 92 48 69 96 75 49 67 52 65 119 76 59 68 71 82 87 98 115 99 44 84 50 108 46 105 112 72 64 88 114 61 54 78 57 97
40 274 98 69 49 110 70 109 79 91 76 50 97 82 80 92 43 86 85 83 46 78 56 96 68 81 84 42 87 75 48 67 95 120 73 112 106 99 64 62 54 104 44 119 74 66 114 103 100 94 89 117 93 41 118 105 53 108
41 433 109 106 116 93 52 47 62 119 97 53 61 105 89 82 72 68 78 75 111 71 77 95 103 44 102 74 107 46 92 120 57 96 58 76 43 50 110 70 118 69 90 60 73 87 56 94 83 88 91 86 100 42 45
42 293 93 73 104 49 82 76 109 64 85 72 91 50 70 120 117 112 78 113 45 71 110 52 98 58 75 63 119 66 99 79 100 103 116 62 68 84 48 94 114 111 47 83 96 102 106 95 87 46 57 108 107 118 61 53 67 51 65
43 318 67 64 69 68 110 57 108 96 45 116 49 86 94 56 104 48 44 52 55 54 74 73 66 81 50 103 53 91 63 105 92 98 95 88 111 102 47 115 71 58 62 76 119 97 112 107 59 85 83 78 117 87 72 93 80 75 100 114 82 61 51 60
44 332 114 71 92 57 78 118 105 77 64 58 69 98 100 61 95 86 74 87 79 67 68 102 52 99 120 60 73 63 47 91 45 46 107 53 82 66 93 101 59 70 65 88 55 97 90 49 81 115 83 103 80 48 109 62 94 75 119 85
45 350 78 53 72 66 61 118 74 48 119 117 115 93 46 63 62 50 75 68 112 51 77 49 104 92 98 70 76 120 110 84 113 54 56 71 111 116 58 114 103 89 101 82 47 91 108 85 99 95 106 67 86 96
46 263 71 50 113 91 70 72 55 83 90 112 111 118 109 81 105 75 104 102 58 82 120 96 110 78 56 92 86 49 107 93 79 80 94 52 114 115 51 103 57 99 106 74 67 73 84 68 88 65 100 61 63 116 66
47 307 57 94 50 108 100 87 48 105 77 88 115 65 98 51 49 53 119 89 85 109 90 78 69 70 96 73 120 117 93 84 74 59 80 103 83 54 75 92 101 60 118 62 106 95 102 104 66 99 81
48 430 116 73 87 90 79 98 53 64 114 120 76 72 101 49 58 68 103 83 91 52 67 111 118 99 106 54 115 69 50 89 60 77 96 105 94 95 65 84 117 113 63 107 75 100 71 55 57 61 66 92 59 108 110 74 109 86 62 78
49 254 99 84 92 70 100 77 113 98 93 79 96 83 117 73 118 119 61 88 81 59 51 102 107 82 109 60 94 78 71 103 86 68 69 95 62 53 75 87 116 64 74 104 110 101 52 85 120 106 105 54 63 57
50 408 120 82 59 106 64 101 97 83 54 86 94 73 85 51 102 87 109 79 70 88 66 93 77 84 118 57 78 61 115 52 69 53 108 91 105 76 63 96 80 72 111 110 113 112 117 99 98 103 95
51 338 92 112 69 108 116 105 60 71 98 76 67 79 64 55 89 111 96 101 54 114 53 56 77 85 66 72 107 70 90 113 75 88 59 82 86 103 58 62 63 97 83 74 117 99 73 52 91 119 93 94
52 313 98 83 86 111 73 64 103 63 85 59 61 117 107 99 92 115 119 88 94 108 66 91 114 74 106 112 75 54 53 67 95 90 69 113 58 105 93 89 81 68 60 100 97 87 116 118 80 57 104 101
53 407 84 99 70 105 82 119 66 71 88 97 106 79 72 95 54 101 58 113 83 116 63 96 77 67 92 90 104 78 57 65 55 118 69 73 100 103 56 80 108 102 76 111 114 110
54 280 95 82 83 93 111 88 69 56 98 63 115 106 90 104 81 118 79 120 76 80 59 99 100 109 65 114 62 78 107 86 96 117 57 61 72 55 64 58 113 68 74 75 77 110 101 108 89
55 250 70 84 116 78 85 57 56 96 68 101 111 71 99 100 72 83 105 120 73 64 91 113 106 80 97 67 89 87 104 77 75 98 110 65 107 93 108 117 63 79 76 58 90 109 103
56 284 110 68 78 113 101 63 74 114 80 79 84 108 86 120 62 100 69 119 76 87 99 118 67 72 104 58 106 65 77 90 93 88 64 115 103 73 59 109 95 116 98 105 89
57 466 67 94 79 81 82 115 118 91 119 74 97 73 89 98 76 69 113 107 116 109 108 102 114 77 66 88 83 110 58 71 61 78 96 65 100 86 112 105 62 101 92 64 90 68
58 261 97 92 59 61 101 63 94 85 114 75 105 117 86 118 72 109 104 68 70 93 116 66 99 103 113 74 82 96 112 91 71 79 73 77 80 76 119 81 78 115 67 100 106 89
59 470 76 70 85 100 106 65 60 86 98 66 87 114 115 97 109 74 103 67 110 83 108 80 107 118 95 113 88 111 78 99 84 101 112 81 92 61 62 68 89 73 116
60 269 78 77 96 101 87 69 64 82 91 100 94 119 80 109 115 104 74 83 84 70 112 89 103 79 97 117 72 118 66 71 86 68 93 90 75 92 114 120 95 110 111 65
61 346 115 107 114 88 96 70 78 75 97 99 62 103 80 108 110 68 82 66 79 63 84 87 81 76 100 109 101 113 119 73 94 85 90 104 116 83 92 89 72 64
62 302 105 71 68 100 73 116 101 76 103 97 65 66 70 106 74 88 85 89 104 115 63 81 94 110 111 87 112 77 86 102 91 80 64 67 83 69 98 109 82 75 118 107 72 79 120 114 96
63 352 97 93 103 112 119 78 99 107 92 110 116 108 101 73 66 105 69 75 85 82 74 106 98 96 109 81 94 88 115 120 90 72 76 77 67 117 95 102 91 104 114 87 89 71 113 70 118 68 65
64 337 116 94 68 103 90 83 105 75 91 72 79 78 73 119 69 65 67 102 93 81 117 109 82 112 70 106 115 92 111 120 97 104 114 99 108 77 96 98 100 95 87
65 320 79 91 70 74 99 115 97 98 110 66 105 68 94 102 67 119 86 118 82 114 104 80 112 77 95 90 101 81 111 69 85 107 120 83 117 103 96 87 113 93 73 88 78 84 109
66 343 108 100 104 75 71 80 102 113 92 105 93 74 84 89 107 115 81 118 72 98 101 110 119 97 99 96 106 83 120 109 87 67 95 112 76
67 339 103 76 114 113 100 119 81 89 101 109 75 96 120 107 84 91 111 97 86 74 85 115 95 90 68 117 82 77 98 72 80 78 106 110 116 69 93 104 92 94 87 118 73
68 395 119 81 75 80 97 84 72 103 117 85 96 101 98 104 74 69 111 112 79 92 107 86 87 109 118 77 102 89 76 106 108 113 90 105 114
69 266 91 107 75 73 101 89 110 97 96 87 98 83 117 76 103 86 74 79 112 105 72 119 109 115 116 94 93 99 80 78 92
70 446 115 106 75 99 101 72 117 82 85 104 71 77 111 79 88 95 74 97 92 90 78 80 102 100 76 113 105 86 107 110
71 290 98 73 115 74 93 83 81 114 105 110 76 118 107 89 72 111 84 85 120 96 95 80 88 117 92 99 90 116 113 75
72 264 112 111 120 89 93 119 91 107 116 87 73 81 102 108 100 79 101 118 94 74 84 98 97 96 105 113 109 76 92 78 110 86 75 117 77 80
73 347 110 75 78 104 92 114 101 102 116 99 96 85 87 105 103 112 74 80 91 108 107 97 86 117 115 119 83 88 98 81
74 390 106 98 107 97 105 100 108 76 111 78 110 87 101 89 99 96 92 90 104 75 91 103 80 117 113 102 119 77 81 83 118 115 79 85
75 263 110 93 101 85 92 76 77 84 111 116 104 96 113 100 97 118 90 105 106 88 120 91 78 114 109 115 107 94 80 102 87 119
76 347 105 113 107 78 84 80 99 109 87 117 101 108 88 106 93 91 110 85 77 120 111 83 95 86 104 81 102 100 94 119 96 92 116 89
77 388 112 80 88 119 82 91 93 107 111 95 87 97 110 104 101 78 89 100 116 92 118 96 84 105 117 94 115 106 113 102 103
78 265 105 82 102 109 114 107 80 90 91 96 108 89 83 112 99 100 103 110 98 120 101 87 117 84 86 118 88 111 119 95 85 115 113
79 254 107 95 117 115 93 112 104 101 92 116 120 91 98 113 110 88 118 82 86 96 81 90 105 83 87 99 106 102
80 373 86 83 89 92 114 110 97 82 120 102 106 85 101 108 116 90 93 88 117 95 84 113 105 96 118 99 115 98 109 103
81 373 96 93 110 92 97 104 87 95 114 116 94 118 102 103 86 82 91 105 117 83 84 99 89 85 115
82 340 93 87 108 115 95 120 89 94 102 103 119 110 109 116 118 104 99 88 107 112 92 90 83 114 117 98 111 91 106 85 105
83 253 92 114 86 99 85 91 105 117 104 111 95 103 116 96 94 93 119 112 90 109 100 98 87 108
84 407 86 104 112 110 114 97 119 89 105 118 100 109 93 88 107 108 94 91 116 99 90 96 111 117 87 101 115 102
85 323 117 108 96 114 87 120 100 116 106 103 94 98 93 102 118 109 101 112 113 104 88 95 99 97 89 111
86 279 103 120 95 117 113 119 101 96 115 111 118 108 109 90 102 112 98 106 99 88
87 398 99 105 116 118 88 93 112 113 110 96 102 119 117 94 109 97 92 114 98 111 100 95 115 90
88 264 110 91 115 94 95 107 104 101 89 100 99 90 108 114 98 105 103 116 93 111 109 92
89 252 119 100 107 95 99 110 92 98 106 115 105 102 103 96 120 90 118 111
90 484 110 114 112 105 104 117 108 99 103 111 93 100 116 107 102 94 106 119 92 96 97
91 328 118 93 92 116 100 114 97 108 95 103 101 106 107 119 94 112 98 120 105 104 102 109 99 96
92 261 96 94 103 116 101 104 95 97 93 114 102 120 106 118 105 100 113 107 119 112 115 111 98 108
93 411 119 94 97 118 113 120 114 98 104 116 101 100 117 109 99 95
94 472 106 116 110 117 118 107 103 97 113 100 115 101 105 120 109 119 102 112 104
95 261 102 106 113 110 114 117 107 100 109 111 116 118 103 119 99 108 120 105 97
96 267 111 104 105 110 102 108 103 116 98 118 99 107 112 114 120 106 109
97 320 103 114 116 111 102 101 100 99 105 109 108 106 110 98 107 117 115 113 120
98 404 114 106 103 118 120 110 108 111 109 117
99 276 116 104 117 111 112 113 118 110 109 108 119 114 102 115 106 120 107
100 411 110 106 114 120 112 103 111 104 118 117
101 322 120 105 109 119 110 111 108 103 107 104 116 113 112 102
102 267 115 105 114 112 113 118 108 106 117 104 103 110 111 120 109 116
103 263 117 108 104 109 115 116 120 110 112 111 114
104 472 108 113 114 115 117 116 106 111 119 112 110 120 105
105 265 107 112 117 118 106 114 119 113 108 116 120 109 110
106 352 107 114 117 116 118 115 109 120 110 112
107 310 117 109 111 112 108 118 115 119 110 114
108 338 111 119 110 114 116 112 120 113 109
109 336 114 113 110 117 112 116 115
110 298 118 115 120 114 113 119 112
111 366 120 118 116 114 112 117 119 113
112 322 120 119 118 114 117
113 367 120 116 118 115
114 311 116 115 117 118
115 424 118 117 120 116 119
116 297 120 118
117 279
118 426 120 119
119 289
120 285
