249 1000
1 396 111 75 148 184 198 193 163 172 104 175 112 200 169 92 2 122 18 138 15 136 19 238 178 161 82 5 190 224 26 101 143 212 170 110 197 241 90 116 49 192 127 239 196 25 40 113 134 150 32 157 223 220 207 36 57 234 215 189 99 151 46 166 158 117 159 133 147 8 139 162 78 243 185 14 95 135 211 167 174 23 173 7 24 83 242 70 43 209 61 100 12 205 247 165 68 233 230 214 217 221 52 62 206 144 87 55 229 248 204 142 50 20 156 60 98 30 177 187 153 97 132 176 195 123 115 154 106 91 42 11 59 85 182 89 118 37 105 164 29 124 103 240 81 44 129 22 84 131
2 263 51 97 157 33 67 210 32 130 240 196 199 31 47 136 50 202 140 191 190 181 60 163 15 132 3 160 139 111 81 23 169 76 133 119 237 91 188 70 12 74 66 64 149 170 143 114 98 62 35 182 179 175 173 183 37 24 224 113 42 108 213 99 131 241 167 231 172 138 147 174 86 249 30 230 128 162 117 205 145 148 171 6 177 44 82 69 215 63 142 46 195 53 38 223 166 186 158 84 90 57 7 106 93 227 5 87 248 75 27 207 161 89 150 192 236 43 221 29 49 28 235 185 8 85 178 103 17 13 40 153 211 164 124 146 152 203 83 39 234 123 201 122 187 48 247 218 243 68 200
3 341 213 56 127 25 143 50 122 205 155 22 156 206 189 230 30 195 4 226 204 162 32 126 132 54 152 171 223 154 129 233 234 137 49 90 38 158 138 169 177 93 159 60 247 104 220 237 100 12 179 37 5 14 184 157 16 118 196 144 41 244 140 23 68 145 174 147 193 11 34 203 219 28 94 243 75 183 97 7 8 119 249 43 99 107 198 24 216 185 27 224 125 172 36 212 239 17 83 222 112 238 225 53 42 232 58 229 52 29 178 114 63 13 20 86 73 92 191 160 175 133 66 197 95 77 227 55 82 109 186 221 106 166 167 72 78 115 142 148 47 165 135
4 406 55 129 29 97 159 179 177 158 86 233 19 81 83 125 114 51 137 87 145 164 78 134 113 63 70 210 11 131 5 49 165 93 216 60 71 124 146 231 50 115 130 167 122 75 80 57 100 69 185 106 39 201 153 223 139 234 103 192 18 92 243 120 172 142 35 132 8 163 135 117 59 40 44 102 127 166 95 58 221 211 196 82 183 157 45 149 33 64 98 94 151 242 214 73 195 31 107 162 47 96 10 116 202 226 77 154 128 85 36 68 126 25 91 171 181 187 123 241 240 194 46 144 62 222 101 56 220 66 7 140 199 109 235 205 119 182 152 138 42 189 244 111
5 334 55 164 120 215 242 25 13 45 47 30 163 148 205 178 182 38 177 83 94 244 102 44 152 37 131 77 22 34 92 228 18 130 229 57 101 150 133 240 33 91 246 188 245 248 110 70 11 185 62 32 68 214 10 115 71 96 221 235 236 158 64 41 59 189 198 113 238 26 200 234 181 87 176 6 35 81 175 43 75 73 161 166 119 232 132 190 211 136 147 23 151 218 193 74 107 63 105 76 20 100 249 53 241 172 243 56 98 108 116 16 247 24 86 69 174 29 109 142 192 169 149 52 61 137 141 195 155 28 79 213 217 72 60 65 160 143 204 187 145 203 112 85 118 184 210 50 216 134 9 127 138 31 123 167 208 114
6 260 148 37 147 207 222 108 237 28 120 133 10 159 127 121 85 90 123 131 15 114 102 84 38 226 7 198 63 11 26 118 150 205 171 232 36 23 19 30 112 200 169 165 236 199 246 20 191 163 225 62 136 105 156 115 46 9 119 192 245 29 24 213 141 72 58 217 49 233 231 155 168 244 188 99 230 143 223 193 103 25 8 179 177 80 13 196 70 160 180 12 39 122 43 146 104 100 218 129 151 111 56 89 101 161 82 134 124 144 53 208 215 57 52 55 34 139 174 145 181 47 106 87 235 210 140 125 59 202 51 61 48 17 110 206 172 75 187 204 178 95 228 175 35 132 182 45 242 224 22 201 117 247 40 107
7 279 196 244 245 56 38 169 215 59 222 68 106 88 211 85 176 110 117 135 66 63 192 60 227 107 219 168 51 99 39 14 143 154 234 16 155 203 249 54 167 126 188 93 172 197 58 123 95 120 52 128 199 34 10 173 109 105 125 42 23 15 225 65 161 149 184 198 61 175 216 9 90 27 12 152 200 78 182 208 116 148 119 207 50 122 229 247 121 102 77 94 98 33 87 82 26 171 221 242 151 21 72 103 235 112 212 86 76 220 131 195 230 91 22 44 89 202 190 157 174 145 24 218 228 204 233 46 8 36 236 163 69 209 141 137 19 205 32 183 166 165 101 35 49 248 224 79 180 214 153 240 53 111
8 274 11 214 116 245 218 169 238 180 159 108 233 240 73 137 207 38 175 216 183 47 189 55 92 60 157 168 120 165 16 173 206 237 14 186 85 225 82 70 51 50 249 54 64 131 102 30 103 153 139 163 217 100 172 105 208 72 12 68 201 228 202 194 149 37 111 164 204 187 219 166 193 9 122 13 113 49 61 34 39 28 15 36 53 128 230 22 158 79 78 143 232 67 75 66 126 171 140 84 40 109 18 44 138 86 90 136 74 125 58 19 215 176 80 160 88 21 167 23 94 26 32 223 69 56 87 35 77 118 17 48 107 227 196 25 127 242 141 244 154 222 211 156 239 106 209 200 81 133 188 184 27 93 192 162 42 205 236 182 115 235
9 447 138 99 168 79 205 28 26 71 126 49 240 163 143 27 248 208 23 100 158 75 85 197 64 162 77 82 212 150 159 238 147 140 214 110 211 112 234 142 131 102 129 191 115 10 237 69 174 128 38 151 223 177 53 134 137 146 227 204 185 94 72 186 154 91 107 220 216 45 121 81 118 181 124 136 63 20 47 31 11 39 246 230 35 41 42 183 56 166 221 149 179 200 95 104 96 86 62 184 219 19 16 207 152 145 24 194 141 30 189 199 58 192 111 105 54 40 60 155 61 90 239 68 44 215 242 245 66 34 13 89 133 144 165 178 117 203 18 51 164 83 108 209 15 171 135 225 74 132 222 188 196 156
10 313 59 243 179 183 69 58 14 35 204 122 235 237 124 168 199 193 85 238 113 226 134 145 120 234 230 157 165 111 89 74 86 152 108 148 189 177 57 95 76 52 125 227 156 18 240 146 143 13 131 159 21 106 155 67 119 217 44 31 247 99 127 174 46 194 27 78 116 41 43 101 170 118 23 61 123 211 94 202 109 140 34 171 54 36 175 207 209 210 93 216 142 198 121 12 56 130 212 17 246 128 181 51 195 102 72 32 248 205 169 77 112 231 215 11 84 117 29 105 16 79 91 20 90 172 25 98 182 245 229 196 133 137 64 192 236 167 83 147 53
11 328 175 84 95 208 143 157 202 78 212 189 102 153 107 219 224 69 141 154 136 116 134 243 45 207 234 227 204 191 131 27 181 165 51 220 223 161 81 17 86 60 237 177 193 205 127 155 61 119 14 123 199 44 108 38 198 197 130 201 231 76 213 68 83 184 164 230 101 135 188 239 128 64 87 72 106 203 173 115 32 206 133 97 144 33 160 244 176 12 103 145 67 43 90 121 228 80 74 35 124 183 163 194 229 94 21 36 120 140 137 79 56 118 235 152 73 46 241 19 30 20 105 117 82 53 221 122 62 196 146 77 52 71 162 186 16 172 192 174 226 242 249 66 39 114 167 98 209 169
12 359 140 93 108 84 230 121 130 54 127 152 242 72 235 166 134 90 21 119 178 111 60 137 131 78 61 43 169 167 147 101 222 244 177 110 14 17 236 157 27 55 210 168 240 217 26 123 116 82 99 57 66 160 192 155 183 221 184 249 85 173 148 69 151 165 181 153 77 83 154 67 41 19 109 50 38 115 44 175 133 87 146 161 188 56 246 65 58 150 22 35 163 91 164 31 118 149 34 234 232 197 114 13 226 170 40 190 224 159 48 176 228 102 46 179 191 64 207 202 248 28 76 194 129 88 92 23 25 211 53 33 174 193 182 231 206 42 185 139 16 24 68 49 243 132 15
13 262 162 139 37 91 101 138 237 236 209 128 122 81 173 229 208 137 190 111 18 16 242 25 143 114 147 183 72 107 55 58 177 113 246 225 59 227 154 166 238 20 176 213 169 148 97 14 124 144 233 66 98 69 146 129 38 110 230 174 204 158 217 50 88 99 46 87 21 29 48 182 70 211 96 74 195 15 239 92 181 82 194 245 175 140 220 150 187 212 79 94 223 214 180 130 40 155 65 234 102 184 56 84 165 171 199 57 112 53 219 68 51 203 149 198 106 52 215 117 83 44 77 133 151 104 24 27 152 210 226 60 200 134
14 473 232 166 153 60 109 71 72 215 155 212 96 150 75 188 34 154 21 99 43 137 203 17 102 213 218 168 243 234 163 53 175 42 201 217 184 68 78 185 235 108 111 202 56 95 224 139 151 244 23 200 57 131 194 230 242 80 157 132 142 112 145 45 47 229 225 171 70 94 249 103 223 107 93 67 125 199 87 146 216 126 101 241 179 44 19 24 162 196 193 100 138 114 231 48 33 83 120 35 156 187 92 128 195 182 247 16 118 89 240 22 221 135 81 134 124 74 115 36 209 181 226 207 141 144 191 58 106 31 233 105 161
15 265 26 149 71 144 50 35 117 180 66 186 96 105 88 52 221 168 194 104 215 154 231 124 128 110 77 45 228 82 126 153 193 17 232 173 42 38 32 59 67 111 208 36 25 235 132 83 171 54 205 148 177 94 53 192 203 243 142 141 156 172 206 160 103 217 24 55 244 23 162 136 214 123 70 246 135 240 174 74 19 28 201 58 138 227 127 248 146 238 175 65 48 106 95 241 198 18 166 51 99 185 249 86 236 204 225 118 164 29 184 158 92 91 21 84 16 125 80 79 182 220 101 131 81 176 100 46 157
16 344 177 132 30 158 126 137 85 131 47 39 185 205 195 242 35 181 139 225 32 106 115 208 23 147 55 249 128 48 245 54 150 37 223 87 144 36 69 175 133 28 72 194 63 236 142 162 230 44 155 34 152 19 95 228 105 18 218 108 51 136 243 40 165 41 92 101 157 201 220 204 91 217 159 198 71 169 182 226 62 93 173 233 70 197 26 107 215 167 116 196 170 38 206 166 82 239 121 156 52 49 171 160 22 134 237 80 119 148 129 153 76 61 211 33 161 122 88 179 24 227 46 113 172 111 199 248 67 17 25 202 174 222 50
17 269 158 119 101 71 240 214 205 184 201 24 87 235 59 175 109 107 89 179 165 199 204 246 247 69 112 102 110 34 123 203 143 209 178 90 25 234 29 66 190 141 160 224 159 243 156 42 248 222 172 191 104 105 120 166 47 73 245 20 231 202 134 62 32 212 130 84 188 51 53 50 218 149 57 180 162 27 68 52 93 197 41 21 157 85 81 236 142 181 96 155 38 144 98 122 46 198 135 138 114 153 99 170 56 75 239 227 225 113 217 176 185 233 242 220 28 226 192 63 223 163 43 48 127 148 117 106 164 88 146 76 216 161 60 249 174 193 31 118 150 189 40 61 230 228 97 23 125 139
18 387 86 24 62 131 20 84 110 188 192 210 53 104 180 231 115 43 195 137 127 170 212 67 40 23 168 216 109 74 98 161 66 148 222 58 19 240 183 116 96 181 68 135 244 102 33 31 123 206 47 97 99 64 72 164 57 106 157 38 202 42 172 165 147 185 167 178 50 22 156 175 41 246 56 90 87 59 81 71 139 46 37 241 54 220 242 169 91 214 198 73 201 60 166 126 239 227 182 219 30 215 236 162 128 88 205 218 77 75 100 35 160 199 179 197 174 70 138 193 223 176 230 233 234 124 94 114 133 80 32 117 141 120 140 130 149
19 293 100 164 98 132 212 85 153 147 244 130 126 187 108 216 46 154 109 140 26 65 157 146 133 226 55 79 203 116 96 29 32 104 138 225 239 142 95 40 181 93 28 245 63 233 33 195 57 124 75 227 238 35 30 172 186 149 243 43 207 128 86 83 49 184 123 110 145 174 236 208 148 240 197 73 237 247 229 72 222 21 158 162 171 189 59 165 213 58 90 249 135 50 144 155 102 217 82 205 118 201 115 64 74 62 70 246 69 152 71 221 94 228 120 20 215 80 25 114 231 173 76 87 143 99 198 92 194 97 190 91 125 136 41 45 134 61
20 410 169 87 86 72 101 170 184 28 31 238 129 65 153 126 119 183 242 137 90 51 132 204 128 149 99 222 140 234 167 138 193 248 85 147 109 227 231 30 171 148 45 232 195 80 223 224 186 185 212 165 78 104 103 240 194 91 117 243 36 43 214 168 160 41 107 39 47 155 37 162 166 22 116 180 33 49 164 100 61 52 84 209 237 245 241 175 113 192 114 191 32 21 50 199 161 46 98 88 53 221 122 62 235 23 178 108 197 64 27 146 247 244 42 38 130 120 196 181 218 110 173 24 75 154 206 121 97 92 219 94 133 81 102 230 139 179 131 67 34 25
21 297 173 179 130 110 151 140 194 119 72 233 219 47 83 223 201 59 174 116 76 103 91 169 67 131 45 27 210 48 92 70 222 90 209 106 213 49 40 160 123 196 242 37 134 77 24 125 74 51 78 164 28 93 23 202 96 41 149 61 162 148 65 221 159 184 100 113 71 183 102 229 245 137 156 43 66 132 118 117 108 237 217 111 224 228 88 163 75 138 31 157 150 38 124 170 53 58 168 238 144 33 216 204 139 54 203 180 68 136 127 161 200 181 128 46 79 188 32 215 155 146 246 206 220 107 56 25 158 175 191 218 30 44 205 167 195 249 166 243 35 207 152 64 142 225 122
22 267 206 72 174 118 49 135 151 56 43 140 220 81 96 84 141 211 58 143 218 170 48 237 119 89 112 204 108 169 231 66 23 63 249 203 221 168 165 225 76 36 241 188 196 95 244 39 41 187 79 164 185 173 199 120 208 132 137 121 176 125 138 195 117 52 86 60 223 148 124 113 154 109 136 240 229 88 87 114 189 123 147 192 193 134 160 99 28 145 172 103 224 178 247 35 61 217 157 194 27 116 184 55 175 92 161 246 234 167 236 212 238 149 205 158 57 171 107 80 102 69 159 139 42 239 213 235 64 100 142 67 230 179 111 83
23 314 239 178 246 97 25 151 161 183 52 164 57 243 89 53 225 166 204 62 115 119 234 129 186 98 79 124 82 33 43 181 108 210 248 39 96 144 91 240 199 214 179 244 242 187 121 63 208 47 170 55 87 111 130 138 127 168 61 64 75 35 237 83 196 71 66 152 215 80 198 185 224 249 201 227 232 206 51 188 230 203 137 153 241 195 48 72 228 235 133 175 30 116 41 160 207 189 149 213 40 86 78 112 142 221 205 194 118 104 46 136 173 165 131 77 68 202 147 29 190 162 169 143 154 226 28 176 191 135 171 42 231 139 212 167 123 70 128 105 247 155 233 76 218 159 193 69 74 120 67 180 38 211 58 148 238 150
24 419 223 185 241 202 230 36 103 206 222 119 248 132 228 40 91 30 66 174 227 239 184 159 57 72 204 221 84 212 123 134 140 173 95 108 85 217 63 121 55 209 97 106 144 164 170 99 205 179 210 107 70 143 127 213 193 98 152 126 29 62 181 182 89 171 218 93 122 67 111 187 151 74 113 56 96 82 28 53 79 61 141 145 168 249 215 117 229 236 35 165 68 186 90 34 157 94 51 195 243 154 211 194 166 118 148 25 138 244 76 105 161 162 65 129 225 133 247 92 100 192 120 41 224 38 246 130 50 112 86 226 81 45 214 160 39 27
25 259 64 157 71 170 241 159 51 26 92 55 147 181 237 44 185 84 146 229 148 203 40 35 167 114 160 238 138 226 184 169 53 158 156 42 193 224 218 204 83 73 98 212 41 72 93 180 134 221 28 233 155 129 131 190 54 115 143 100 186 230 249 124 110 34 104 161 47 31 232 106 132 137 116 150 194 62 85 244 211 171 101 151 59 79 175 111 65 197 81 182 243 179 109 228 89 88 191 107 108 123 246 248 36 37 239 112 103 166 163 96 27 113 50 223 205 187 48 198 234 119 177 91 220
26 431 92 126 111 85 41 242 178 205 197 224 47 237 216 44 46 132 114 221 171 183 88 204 125 154 74 157 116 186 27 130 179 33 209 150 128 217 121 246 99 172 73 220 70 134 29 208 243 107 53 146 239 35 81 167 80 152 249 77 232 127 227 36 174 94 233 91 48 113 34 76 235 200 82 188 136 119 158 58 64 71 86 61 98 210 201 198 49 60 184 141 166 51 72 155 87 122 93 67 182 173 203 102 68 225 84 109 195 31 215 108 234 129 124 192 57 212 248 207 177 90 180 78 206 168 151 145 245 213 247 164 160 230 69 100 38 56
27 310 141 175 212 66 32 63 184 130 215 151 164 90 107 194 98 191 168 220 62 192 218 95 73 36 137 28 44 200 42 124 135 100 43 165 221 65 118 76 183 208 196 30 97 64 159 143 119 91 81 94 60 225 236 89 35 187 149 68 134 167 93 155 229 174 238 83 154 50 207 201 206 34 77 112 144 216 209 129 157 58 190 152 40 186 223 195 105 232 179 101 78 234 116 108 75 99 240 46 123 33 51 47 235 224 115 176 133 142 140 213 92 37 56 96 162 210 219 136 87 245 84 173 170
28 300 247 64 227 153 156 126 149 163 59 74 114 117 54 75 183 51 242 147 186 129 125 138 142 244 30 53 45 241 196 86 214 223 189 216 121 229 34 89 44 32 93 70 88 211 169 38 97 29 135 182 119 179 235 203 174 31 228 71 236 233 72 213 46 33 127 209 194 96 212 249 67 207 221 146 185 84 76 95 171 198 100 234 35 131 184 152 105 130 73 195 56 232 215 41 154 124 166 199 226 110 123 77 52 202 192 132 175 205 49 177 78 240 104 39 159 82 140 65 172 193 103 106 238 80 101 220 48 40 245 188 144 98 150 63
29 422 38 208 144 133 109 40 191 139 171 243 132 62 213 49 174 209 86 232 66 35 235 188 210 135 148 242 247 229 194 165 42 121 124 41 129 131 82 47 63 223 53 136 89 137 84 90 123 187 52 233 73 218 81 201 192 85 92 105 77 155 67 203 57 169 32 217 102 138 56 88 248 71 126 149 199 154 100 239 228 31 64 236 204 150 162 104 159 103 106 157 37 78 68 83 193 36 115 196 74 69 46 98 151 118 244 147 96 44 172 55 175 158 237 50 166 75 183 227 211 33 207 163 202 39 65 200 214 190 72 143 43 114 120 125 128 61 130 34 108 58 215 127 179 198 170 45
30 278 223 91 222 241 32 75 107 97 181 248 78 113 109 191 35 235 129 206 194 212 165 141 182 61 195 123 119 240 185 158 60 188 198 76 213 215 242 169 63 246 186 42 55 192 41 196 153 90 68 40 152 140 226 139 116 208 243 102 121 64 80 204 101 190 58 144 39 209 214 131 220 104 227 127 112 34 150 126 187 57 124 210 163 98 216 81 225 203 232 154 70 159 173 221 236 100 95 142 136 162 143 164 238 77 59 219 83 207 218 106 175 132 47 110 38 51 147 224 69 87 168 88 45 31 193 180 36 115 174 85 92 171 114 86 205 125 184 133 148 49 65 233
31 310 114 80 82 118 241 231 108 46 210 220 81 132 228 244 124 89 75 240 193 214 95 178 116 59 198 69 249 200 50 173 33 92 159 189 44 64 39 106 76 120 164 156 225 215 211 152 129 201 49 223 229 104 87 136 185 165 234 48 137 202 180 205 79 134 174 176 177 155 181 158 195 224 122 58 112 36 206 171 163 203 67 149 61 151 161 62 99 37 126 222 182 167 184 204 138 103 56 96 242 53 209 213 169 162 32 35 119 40 102 131 84 52 60 130 41 113 216 101 105 188 219 150 34 147 43 140 73 192
32 426 94 245 224 181 227 91 146 241 126 50 133 107 187 73 122 178 226 158 179 172 233 211 197 167 191 237 247 85 214 140 40 68 215 210 222 88 157 118 76 115 195 196 162 121 177 78 240 37 184 153 206 96 155 145 62 144 87 84 176 82 204 46 67 216 185 232 105 131 175 106 36 169 109 134 119 93 242 61 52 66 209 104 129 38 116 182 79 161 120 128 117 159 180 186 139 173 112 164 194 80 239 137 54 170 183 135 34 238 198 130 208 64 152 114 60 163 45 108 203 47 231 127 200 207 92 192
33 264 39 89 34 173 86 200 192 76 99 153 224 142 223 201 232 227 225 88 198 168 218 249 116 113 59 179 52 120 101 47 70 213 229 158 189 164 44 87 95 102 114 163 151 247 149 174 100 37 61 55 231 241 159 161 205 119 194 180 78 206 211 90 67 160 84 242 56 109 244 124 243 77 170 137 172 125 214 233 226 215 240 69 96 202 167 207 35 228 156 209 155 208 93 58 123 80 118 165 248 105 150 60 68 41 236 91 121 176 132 230 210 197 110 166 154 122 188 246 185 196 111 147 46 203 217 66 220 237 135 222 73 204 53 94 190 162 219
34 262 203 200 50 115 119 93 219 132 190 157 231 91 182 70 88 180 161 84 86 143 228 79 121 195 76 221 43 210 211 40 230 191 177 217 163 116 197 48 148 57 108 187 141 87 103 127 140 160 67 120 131 73 222 196 214 239 83 42 104 38 92 168 78 112 248 100 89 123 206 53 149 164 165 173 223 117 153 193 54 113 240 169 55 126 142 96 170 247 97 124 145 135 237 107 77 183 202 152 186 68 95 105 185 216 224 194 81 37 60 225 174 80 179 122 235 234 166 94
35 484 117 71 174 44 76 177 79 63 135 225 210 85 187 97 218 186 183 151 159 111 93 221 108 52 72 55 237 37 65 61 128 206 168 242 171 197 113 83 130 47 38 118 116 125 146 147 215 189 104 106 123 232 87 39 156 238 74 69 194 160 172 205 241 105 180 229 188 191 236 157 94 139 75 145 173 138 62 150 155 211 170 154 219 245 226 82 51 121 231 140 66 86 136 230 132 129 214 203 89 182 222 192 235 142 115 102 228 202 45 200 178 95 126 148 149 153 217 127 36 179 54 41 67 181 43 100 223 53 101 227
36 254 117 137 233 131 246 208 66 76 213 142 138 153 249 123 150 223 58 157 167 141 67 44 187 87 133 82 180 107 50 229 55 72 103 79 97 169 80 101 116 46 93 135 54 154 60 194 149 78 202 222 108 235 122 136 227 170 102 178 73 56 115 104 48 237 143 57 64 144 99 110 228 61 181 182 172 195 210 218 120 38 205 45 113 158 204 43 231 53 69 165 114 203 129 88 146 191 161 216 239 236 91 140 232 217 245 39 221 86 163 47 230 207 238 41 198 90 40 164 126 199 179 134 159 225 174 241
37 305 142 80 166 187 244 143 204 40 188 234 195 152 131 62 203 76 209 215 61 135 81 139 246 78 216 197 182 167 229 93 160 194 63 235 239 87 230 174 53 190 85 153 156 243 228 200 163 154 179 173 202 56 51 55 125 217 232 121 148 66 98 57 60 59 220 95 44 222 158 41 113 118 48 91 50 144 109 99 67 46 141 157 73 181 211 96 169 134 206 176 119 199 210 103 150 233 165 164 237 218 83 92 238 171 126 145 71 68 227 184 175 123 178 241 231 247 42
38 421 137 209 83 157 176 79 136 114 217 211 111 126 87 95 43 57 222 124 141 179 161 80 185 54 231 42 167 139 71 210 242 53 226 212 117 219 119 65 245 143 214 244 199 171 247 233 134 204 120 41 168 224 192 208 234 202 163 172 181 162 215 180 237 160 246 97 156 67 149 90 100 102 64 232 130 248 59 169 98 103 105 47 177 81 55 62 116 113 84 127 183 221 51 66 96 56 173 82 77 194 69 227 125 220 196 132 92 108 198 99 101 188 197 205 58 74 118 228 52 236 131 89 138 151 170 187 203 45
39 274 157 142 156 223 83 64 134 56 101 117 220 140 171 103 191 221 43 86 152 104 236 116 66 110 68 121 247 246 100 90 212 183 229 237 202 153 91 141 113 128 149 210 196 190 80 199 159 79 200 164 193 71 123 172 136 227 65 135 207 245 130 214 108 182 93 160 75 154 54 57 87 55 150 231 209 109 97 197 243 240 217 52 138 63 226 215 232 248 239 233 77 122 51 139 222 241 114 143 177 42 208 213 98 92 119 137 84 198 82 204 41 219 47 118 124 125 218 165 59 106
40 255 140 96 63 246 132 79 61 216 238 165 248 177 153 228 123 41 156 233 90 219 56 108 69 103 76 160 247 95 209 107 112 215 134 207 178 51 234 84 230 163 74 116 200 53 220 44 70 170 214 226 131 243 167 105 240 104 109 136 168 55 117 130 144 199 203 65 171 193 195 85 218 87 222 100 232 213 173 241 142 60 183 88 141 221 237 166 86 211 158 47 159 89 57 145 242 231 128 62 93 151 102 82 42 188 45 120 98 46 129 184 114 155 157 66 245
41 253 134 68 73 157 202 219 146 89 139 170 133 158 174 105 46 122 115 113 164 140 121 145 69 238 90 156 124 179 83 182 103 109 212 165 159 234 49 120 221 63 43 110 169 235 106 119 186 125 144 240 141 79 176 196 50 172 47 187 54 104 206 225 243 232 102 155 64 201 101 245 78 227 218 194 241 118 151 233 94 111 138 128 224 153 195 45 98 213 228 82 177 116 222 114 77 190 51 75 85 71 65 60 142 93 229 184 207 197 112 220 100 236 226 149 249 215 162 171 248 126
42 492 210 222 177 153 55 211 218 215 118 140 135 196 150 121 169 212 242 54 157 248 64 117 201 60 45 82 128 159 67 235 197 238 84 138 172 80 178 132 69 154 119 111 51 99 174 162 141 46 116 179 224 180 74 219 130 230 183 53 167 147 68 170 125 71 181 246 223 126 44 204 233 156 101 47 239 72 113 78 149 168 56 193 100 240 96 192 209 137 164 112 79 187 148 151 63 189 226 244 59 176 231 206 115 91 122 182 76 129 228 75 92 160 236 213 161 163 245 145 243 120 109 202
43 408 235 176 45 155 154 92 102 169 140 127 175 93 199 174 144 203 188 78 64 243 230 60 219 210 49 128 124 103 206 212 83 59 80 177 46 168 129 191 242 238 86 118 71 82 139 50 195 121 88 101 90 66 228 74 94 114 75 51 184 146 108 246 240 99 97 113 65 182 183 226 202 180 131 79 147 117 122 223 130 135 197 137 107 171 233 143 221 47 211 55 220 225 58 218 205 125 241 232 84 63 134 204 68 247 96 136 200 196 115 73 123 109 87 159 76 149
44 294 107 125 217 55 81 141 78 104 239 132 234 186 115 245 202 144 150 158 226 87 177 189 164 75 196 105 181 145 155 162 235 69 166 229 128 85 98 139 122 171 248 213 200 89 208 223 227 149 133 212 146 215 224 240 134 56 225 118 154 102 194 182 94 176 45 160 51 111 192 110 49 161 242 147 230 50 163 103 100 92 108 99 216 142 178 119 136 211 73 82 67 59 76 168 236 52 93 77 174 167 113 199 48 243 219 228 207 57 97 237 191 204 116 183 60 187 188 79 201 80 157 247
45 298 182 77 63 243 97 238 230 84 64 119 153 139 68 120 133 126 102 140 189 196 187 202 188 147 181 83 154 55 195 131 128 223 167 191 93 184 116 145 227 100 90 104 199 124 180 193 185 54 71 225 111 142 91 121 82 226 135 214 67 50 70 183 92 240 152 155 58 53 57 141 132 173 246 143 209 174 186 118 99 106 76 69 232 245 88 109 179 73 178 165 96 164 59 239 125 146 201 228 244 103 123 177 205 66 122 172 161 220 160 94 113 242 215 212
46 352 124 209 199 204 180 164 187 53 84 189 174 109 148 157 85 223 98 101 87 143 219 125 128 77 66 166 70 62 160 48 211 61 73 198 191 235 145 117 240 94 92 155 218 81 74 89 140 113 83 88 118 71 201 47 112 129 159 196 108 238 161 213 186 106 244 132 150 144 153 232 91 242 152 154 217 234 126 202 55 49 245 171 220 80 222 69 205 188 226 208 103 111 65 56 50 136 165 230 97 115 78 206 246 114 190 151 75 76 121 207 247 104 57 64 182 54
47 332 185 133 112 223 231 49 206 168 72 225 130 68 247 208 109 123 120 55 226 154 95 236 102 219 77 134 58 187 229 237 230 146 71 113 212 98 241 70 215 103 131 186 94 177 101 201 205 184 145 73 163 100 54 232 90 151 65 88 128 91 161 53 199 78 166 52 84 249 233 57 224 79 171 121 107 116 178 248 246 75 170 217 127 196 140 159 111 81 213 193 218 235 135 110 175 89 141 148 203 209 97 50 220 132 198 227
48 316 175 247 129 165 130 232 196 180 237 142 151 109 75 122 107 98 238 183 186 166 200 168 206 103 224 205 178 242 140 82 96 139 86 226 63 222 243 56 187 231 215 177 158 115 194 239 73 219 216 54 59 141 87 218 193 245 156 117 143 181 116 71 153 225 171 50 230 133 214 102 174 118 152 132 89 121 172 233 154 188 67 84 95 144 190 97 149 212 220 85 53 49 83 74 78 234 57 136 155 198 99 94 201 145 213 248 111
49 332 249 129 206 214 216 181 65 125 204 115 248 203 127 179 52 185 124 133 63 141 122 142 205 160 105 57 231 163 59 173 150 171 77 156 61 80 220 96 209 247 66 101 121 240 224 242 229 208 90 200 113 236 136 99 241 225 195 145 176 166 202 117 165 217 155 104 175 168 55 172 81 194 85 243 93 233 91 107 79 126 212 234 152 213 177 159 64 186 193 120 151 86 72 132 223 114 144 146 226 130 191 76 218 88 50 149 183 180 110 83 131 95 108 230 192 58 87 178 78 189 118 103 227 134 138 157 109 187 51
50 298 163 69 98 72 154 215 172 70 140 153 59 177 193 118 247 113 233 110 136 235 121 116 195 79 104 188 246 209 229 85 125 107 75 122 168 57 152 117 174 71 101 220 202 176 187 131 52 55 102 127 223 225 156 146 170 82 186 204 175 199 115 164 95 166 232 103 132 51 248 78 216 84 77 64 61 128 100 226 137 143 56 87 171 238 65 192 217 205 141 53 88 148 206 150 157 138 241 162 224 90 184 218 93 62 160 112 231 109 198 183 221 58 219 222 134 94 239 211 74 86 114
51 370 151 124 137 205 94 62 193 103 135 154 247 222 145 213 235 199 234 215 149 58 248 155 133 232 228 75 56 126 152 174 241 73 60 157 93 236 105 143 91 159 218 115 202 238 118 102 224 244 246 140 54 172 211 175 245 185 170 65 125 177 187 201 226 70 97 74 55 160 131 67 195 144 242 233 192 132 107 240 156 204 227 83 198 129 95 231 203 72 141 225 113 116 53 138 200 121 216 117 92 162 210 214 197 90 183 101 120 81 85 229 158 84 79 184 153 181 71 173 239 77 96 206 237 63 161
52 410 228 61 89 149 241 140 130 94 60 202 91 174 164 128 73 189 235 80 210 160 139 72 67 134 162 118 150 122 131 188 248 66 214 231 165 238 191 151 142 106 236 113 225 192 74 244 136 213 187 82 223 215 101 209 92 93 206 86 100 129 173 161 227 155 99 121 157 194 57 239 143 138 148 75 126 64 169 237 83 207 104 116 117 177 181 88 153 229 222 110 186 119 90 221 156 132 184 168 183 163 59 175 182 245 145 180 127 216 135 212 176 78 243 63 58 246 98 172 144 224 125 77 62 247 114 84 204 190 152 226 102
53 283 230 61 59 231 134 163 248 56 90 122 123 142 120 157 71 214 173 83 94 203 113 67 221 91 62 174 168 188 217 102 186 171 215 100 202 241 218 136 212 137 54 107 228 247 220 245 149 242 183 232 99 115 164 109 158 95 239 222 165 74 219 170 201 185 104 121 126 154 129 162 63 103 66 55 57 216 225 166 138 84 112 160 75 144 92 141 175 159 209 139 200 150 152 97 208 233 156 110 155 206 140 148 114 145 229 133 187 184 204 227 89 178 213 93 234 179 64 199 192
54 307 122 128 66 241 234 60 242 83 201 56 139 192 231 204 85 173 187 89 137 152 112 92 165 55 246 59 125 248 184 140 73 188 75 249 240 76 138 104 174 177 158 153 69 135 71 132 57 236 238 224 94 86 176 148 110 88 225 178 101 116 226 107 219 124 80 79 154 143 151 133 119 163 216 115 134 129 145 205 244 170 160 166 237 114 100 233 222 90 162 68 93 77 161 207 61 74 247 206 82 150 159 123 126 144 217 230 197 198 245 183
55 335 213 100 77 82 158 62 94 193 83 116 123 147 124 107 245 91 238 194 131 65 125 199 236 235 161 174 178 168 58 113 239 68 136 243 230 89 170 162 81 60 145 177 181 165 79 232 237 229 192 219 166 109 183 220 163 117 207 84 226 134 126 142 244 138 197 130 101 191 206 171 67 188 93 234 146 164 218 182 112 227 172 119 72 242 63 120 80 121 217 208 96 75 149 203 189 85 140 216 249 180 102 215 97 184 187 135 246 221 233 114 74 86 122 92 69 110 167 137 132 159 70 231 154 153 111 248
56 291 141 133 241 154 188 218 112 175 90 84 194 172 62 196 107 208 69 68 129 147 64 132 183 185 184 161 158 58 86 148 121 109 144 71 134 74 167 200 244 224 156 190 165 115 203 101 127 131 166 192 247 89 189 155 230 104 216 242 137 102 207 114 136 177 236 164 97 212 197 92 153 60 163 179 176 233 120 202 96 206 113 138 201 143 140 221 150 83 181 171 105 204 73 159 162 93 198 182 146 168 211 57 72 170 76 130 135 225 78 67 82 232 65 128 246
57 374 223 109 152 87 197 172 185 214 140 74 160 188 202 241 153 134 128 67 246 189 205 175 116 98 206 235 180 63 176 118 242 125 247 64 161 159 100 142 233 93 92 129 178 60 207 91 126 150 75 181 222 204 123 243 72 103 59 96 201 108 157 232 88 122 225 230 133 107 231 81 110 105 184 190 68 177 163 192 104 121 209 194 149 237 94 112 238 171 221 198 119 139 61 229 208 249 191 196 82 174 213 136 164 226 69 183 117 227 234 219 99 70 248 199 224 187 131 170 137 144 239 79
58 389 65 225 199 103 61 85 202 169 196 208 87 149 86 100 108 165 154 180 239 246 88 177 235 151 119 82 223 213 115 64 226 134 186 63 97 109 67 166 161 227 174 152 138 191 126 182 131 107 210 172 117 229 159 144 163 141 197 184 247 211 181 139 187 113 98 75 192 137 170 194 243 66 238 171 236 188 136 148 69 167 222 80 214 216 242 133 146 70 74 155 190 183 92 201 157 219 193 217 111 104 200 79 150 62 153 228 212 91 178 71 156 59 127 76 60 176 123
59 356 186 171 144 104 248 185 182 173 208 63 236 213 218 217 135 125 105 238 150 86 205 184 132 60 67 169 142 161 130 207 76 167 165 138 197 107 126 73 117 241 123 204 245 118 237 222 211 134 206 196 149 75 74 179 187 249 198 80 98 72 62 65 192 162 215 82 95 152 147 137 113 139 163 229 140 170 92 177 85 156 69 201 77 195 226 120 141 216 168 247 189 143 84 111 175 114 225 220 155 227 127 93 90 183 100 68 180 91 119 145 240 87 200 234 97 154 102 88 128 243 79 190 232
60 255 143 118 179 156 150 127 202 80 207 121 135 104 93 171 210 224 122 131 96 221 69 175 169 162 192 193 115 187 211 206 227 111 112 213 65 176 205 79 229 223 130 214 100 183 195 142 197 215 125 91 186 204 114 68 153 243 199 66 108 172 181 95 139 168 129 242 147 166 152 90 63 218 64 208 92 141 62 110 196 109 237 82 203 240 191 85 241 236 84 232 220 174 219 177 97 76 188 136 239 140 194 107 247 102 75 77 230 73 173 148 238 217 159 89 123 209 86
61 387 221 75 167 184 134 162 93 220 193 112 68 127 232 159 224 104 119 192 147 165 130 64 70 160 149 92 124 225 237 202 166 131 113 179 234 122 63 218 185 223 141 125 236 86 196 158 123 129 71 117 176 211 231 201 154 102 215 170 137 95 248 100 209 148 132 247 168 133 121 242 228 200 173 210 186 66 203 189 88 145 227 128 155 138 114 139 244 222 126 105 169 90 226 146 65 96 101 89 249 116 69 182 83 143 230 76 82 206 172 175 171 212 157 84 239 240 198 229 205 81
62 305 219 240 152 73 124 143 77 139 249 138 209 151 133 128 227 70 233 183 174 75 122 231 102 119 105 159 225 218 142 101 203 95 179 200 245 175 98 132 71 167 113 66 164 96 212 87 185 196 201 186 181 246 111 221 81 126 137 156 172 146 188 220 208 211 106 114 248 117 232 129 215 198 140 158 135 194 244 147 110 234 76 230 176 235 222 72 207 121 84 202 97 157 78 136 242 150 134 93 80 64 88 226 241 94 107 108 173 205 236 243 63 192 103 206 161 168 239 145 187 90 193 237 191 247
63 308 194 208 130 204 187 175 119 150 236 183 185 102 231 89 178 169 117 152 224 146 153 213 217 75 214 132 192 230 235 238 225 173 72 135 164 108 83 148 203 163 215 93 91 78 157 189 212 92 246 136 84 196 82 227 201 104 70 114 134 195 97 172 67 116 223 222 174 128 137 168 74 131 68 165 143 95 229 242 241 99 216 188 145 191 65 94 113 147 154 107 127 155 244 171 239 176 110 103 66 205 109 121 159 247 133 140 197 228 240 144 138 206 211 96 162
64 416 220 82 165 142 181 149 209 178 119 152 185 244 161 199 229 230 239 167 75 76 109 160 203 172 83 208 108 122 155 211 222 186 196 139 205 242 206 153 214 223 116 247 249 200 174 132 112 127 157 169 182 233 134 136 217 238 107 111 215 65 90 66 177 151 95 100 148 245 187 175 218 74 71 202 80 144 78 236 164 227 128 68 212 241 125 113 232 176 138 225 210 69 147 179 192 162 79 89 73 183 195 213 102 246 118 84 94 135 87 72 231 234
65 298 104 198 88 93 227 107 129 168 132 170 169 80 231 249 197 102 215 87 210 97 178 137 194 222 187 79 192 106 220 92 141 78 131 237 240 85 91 123 67 109 235 105 229 152 242 209 225 118 179 151 173 81 206 247 236 164 113 120 71 86 111 175 133 127 160 195 95 140 69 148 82 100 243 110 188 202 232 186 245 223 130 216 156 149 68 162 121 134 165 166 73 125 239 214 75 233 150 74 77 191 89 212 218 153 146 181 201 145 248 126 103 99 167 83 116 199 208
66 286 115 86 143 158 168 97 146 109 108 216 72 81 76 118 90 248 184 211 142 88 124 176 107 71 83 202 94 144 134 136 209 204 247 243 229 148 80 129 122 130 128 197 167 225 96 232 161 132 133 121 147 74 153 223 116 206 186 163 89 179 82 237 224 98 152 95 85 183 113 145 182 103 230 154 181 172 75 226 191 235 240 68 138 214 150 77 164 238 84 207 194 242 218 91 217 92 93 140 195 170 151 157 234
67 322 113 76 183 243 219 84 175 70 191 111 211 164 201 79 192 104 189 151 178 143 206 121 87 242 179 115 100 102 244 117 213 163 169 170 239 216 190 142 140 167 80 90 180 198 237 119 132 238 233 124 89 150 126 214 194 114 156 185 141 184 154 112 248 171 108 116 182 130 73 155 212 138 82 91 165 173 149 172 159 222 176 199 187 131 166 217 241 136 86 83 234 193 227 69 221 98 71 147 128 188 168 152 78 125 249 197 246 85 118 160 105 120 186 93 137 220
68 365 239 116 73 206 83 72 170 176 133 102 130 182 149 171 210 207 191 82 143 209 122 205 201 91 161 223 186 114 106 97 231 229 236 248 163 94 162 192 200 157 241 112 87 237 204 141 217 233 183 150 104 117 101 145 71 211 93 90 120 240 124 208 108 158 180 193 155 178 154 135 159 75 127 199 128 173 244 226 80 164 218 126 214 190 187 99 188 216 219 185 247 227 196 103 144 156 136 222 177 235 123 166 84 139 77 85 88 221
69 313 190 245 221 206 242 128 156 112 78 237 172 212 133 130 236 210 70 163 153 203 226 127 220 249 85 185 99 199 93 83 92 218 165 183 194 146 158 97 211 228 132 204 159 139 233 184 144 168 207 79 196 77 94 230 162 155 248 246 115 174 177 240 198 129 148 235 135 84 169 193 126 106 86 238 74 232 149 80 73 89 88 138 213 122 108 216 120 223 197 200 131 219 187 141 171 176 182 150 179 107 90 161 105 234 118 140 225
70 305 159 116 135 206 98 209 97 117 90 112 79 106 123 108 171 128 210 205 132 222 148 216 176 200 138 240 139 168 88 120 183 217 199 192 119 152 144 93 195 235 95 187 131 234 137 104 146 184 87 215 102 249 196 181 78 109 125 133 231 247 246 89 158 142 179 191 147 75 94 143 243 201 155 204 105 221 71 214 233 185 178 136 140 175 219 157 111 236 208 198 237 77 245 85 224 242 182 103 86 248 165 96 91 84 173 203
71 295 132 171 140 169 170 207 77 145 225 150 238 198 184 136 213 218 79 200 246 108 100 155 120 231 148 151 241 127 118 135 180 82 138 156 203 249 208 219 187 126 84 94 125 210 222 161 239 199 141 119 211 114 243 223 168 88 237 101 74 229 165 172 121 240 233 244 189 192 195 196 78 220 167 182 158 123 215 214 175 75 112 147 72 232 81 163 104 178 159 143 102 133 98 146 103 144
72 400 193 243 158 114 138 146 178 216 94 234 238 111 228 147 170 128 125 105 152 81 244 173 167 223 123 155 130 213 77 84 134 122 133 165 100 159 164 102 101 206 166 181 106 172 89 126 215 110 185 211 233 237 91 246 153 235 190 139 112 88 219 229 191 104 109 115 140 204 93 197 154 74 169 117 143 79 168 75 145 162 186 108 161 188 214 220 248 227 127 210 184 113 131 129 192 144 97 232 247 86 157 76 200 226 249 171 198 208 87 222 135
73 466 75 152 81 129 182 177 242 215 248 118 111 209 147 153 74 173 192 178 151 218 194 208 136 104 236 102 138 115 163 206 77 156 83 159 191 82 210 246 84 187 198 160 175 130 211 97 154 249 95 181 224 185 222 103 201 189 166 176 225 99 80 155 94 230 214 148 76 216 203 124 247 195 158 116 168 226 186 184 179 114 146 197 165 144 139 120 79 199 135 93 112 205 123 180 105 98 113 233 174 110 245 90
74 263 76 131 150 96 167 106 184 210 134 79 77 161 246 147 194 111 133 195 148 209 220 127 176 177 178 117 86 156 221 98 238 153 89 224 205 93 157 180 168 183 170 237 222 223 128 78 82 99 193 125 97 83 88 100 181 233 151 172 247 202 185 137 113 244 107 102 241 145 143 95 90 126 235 174 219 212 110 204 196 141 163 234 187 103 114 239 138 122 182 179 146 199 164 169 81 140 85 104 116 243 192 132 155 173 226 91
75 271 229 196 212 78 149 217 166 104 188 99 141 201 89 178 190 87 168 184 222 121 147 146 169 176 156 119 203 213 88 158 223 233 235 197 183 164 242 138 131 82 189 128 112 170 125 76 175 135 194 210 167 227 96 148 90 193 151 84 97 98 130 100 198 127 218 93 208 105 215 111 180 220 231 86 182 195 162 160 81 129 106 177 238 154 228 79 109 171 191 110 173 209 134 91 236 207 185 145 118 165 163 221 246 117 199 226 186 142 153 232
76 340 159 153 102 116 163 87 157 207 97 229 189 82 128 208 209 176 95 101 162 181 227 205 150 146 119 223 234 192 112 200 100 201 145 151 160 196 77 187 142 245 202 158 169 219 133 178 117 186 204 130 184 92 80 108 218 213 226 217 140 166 237 110 203 190 161 121 240 236 206 96 172 197 247 235 85 193 111 215 86 123 168 109 113 238 194 126 149 83
77 397 198 92 127 142 137 107 244 164 125 214 83 187 109 145 197 136 118 180 138 177 135 243 230 229 237 211 84 206 103 102 192 188 162 193 179 120 117 222 195 205 231 85 186 170 123 213 163 133 96 240 167 223 93 199 194 175 119 183 80 130 218 248 176 147 232 122 112 152 86 106 182 208 191 113 207 174 203 116 221 236 90 219 78 114 129 156 249 161 185 115 99 224 98 228 81 225 82 235 173 215 153 245 126 184 94 178 241 217 149 209 166
78 263 90 143 94 103 217 123 83 131 225 189 107 249 158 98 229 197 80 210 177 241 106 207 216 139 238 232 211 194 179 244 226 82 134 204 192 141 162 193 167 133 126 170 148 239 127 155 215 195 113 245 202 199 181 230 243 209 116 219 138 221 227 161 188 150 156 208 160 200 157 136 206 91 121 165 93 154 201 198 110 172 95 205 145 96 248 144 214 115 130 87 147 129 122 86 191 101 240 247 149 146 132 234 196
79 320 191 192 169 197 141 226 156 211 107 120 213 160 177 135 168 179 139 246 116 136 84 210 242 243 240 80 236 95 217 149 241 220 144 113 88 142 121 89 110 157 158 96 215 186 187 232 143 214 248 112 134 196 126 102 122 114 148 101 181 201 109 146 167 164 195 103 129 123 119 224 228 85 162 82 223 161 138 97 244 176 130 189 105 151 140 127 93 99 234 235 173 152 125 115 182 193 238 200 100
80 430 208 83 88 119 159 182 160 109 232 168 114 171 89 229 128 181 82 167 201 206 141 165 110 234 204 193 92 151 174 233 156 172 243 199 187 127 153 112 87 94 220 115 248 122 200 111 93 149 108 132 239 166 137 211 102 170 121 100 138 113 175 222 85 196 150 218 144 81 164 145 98 235 191 247 157 120 227 84 249 140 104 177 238 97 173 180 135 148 231 116 195 103 226 107 123 86 125 225 161
81 250 140 208 134 116 214 101 84 244 196 142 87 149 223 202 170 227 86 156 163 144 236 98 237 145 119 158 224 194 173 108 249 97 193 121 217 137 133 230 181 107 229 148 127 96 139 235 228 100 102 246 201 184 117 215 200 243 125 240 226 128 91 234 146 167 168 188 175 199 94 112 129 150 93 109 152 162 153 190 182 136 115 209 90 155 166 151 83 88 114 233 104 205 169 207 176 89 211 159 180 118 189 171 138
82 461 243 228 100 227 97 112 174 168 89 152 158 190 173 230 165 231 177 154 88 216 151 115 98 114 244 103 84 191 127 175 209 181 170 245 180 133 119 241 214 90 183 117 122 153 134 137 240 196 162 242 232 116 197 104 192 136 237 99 109 182 149 236 248 142 139 125 205 213 128 222 161 105 85 132 145 159 226 155 86 111 184 233 223 200 186 234 130 110 171 217 121 189 126 118 106 87 166 207 203
83 256 187 151 149 96 231 164 244 204 161 191 243 148 136 217 230 184 118 140 86 220 84 113 219 241 110 209 189 123 162 170 249 207 237 146 109 218 180 168 177 245 176 122 201 221 90 152 186 212 206 101 233 87 169 235 141 142 200 155 224 190 238 160 156 196 171 167 154 144 198 222 102 239 165 210 182 229 115 128 228 194 138 117 89 202 214 97 94 197 159 93 108 88 205 125 116 85 211 129 163 157 179 223 185 114 242
84 283 148 231 211 224 150 117 92 127 145 115 206 213 126 179 207 210 233 189 111 243 98 175 223 216 229 176 120 181 232 131 147 89 116 166 121 101 192 97 163 234 246 160 125 93 227 198 186 219 161 220 239 240 140 142 123 183 90 185 95 153 103 110 152 172 167 228 230 109 137 205 214 114 200 235 100 138 221 134 136 182 241 118 164 105 168 195 86 237 180 149 197 165 193 194 188 249 204 133
85 406 179 164 197 162 148 137 232 248 121 105 245 178 96 208 158 165 238 139 107 116 132 233 155 199 176 126 140 221 189 130 200 127 141 101 118 236 88 100 151 153 237 220 169 217 152 222 185 117 129 186 240 99 170 131 228 243 226 227 115 223 113 92 142 167 195 159 205 166 203 93 215 225 154 219 120 138 177 224 168 104 181 94 143 134 214 109 87 89 97 241 102 188 144 86 112 173 123 114 191 180 187 147 206 90 216 218 157 125 196
86 339 200 113 183 161 93 172 196 118 156 125 205 95 140 232 158 108 222 247 188 130 209 155 215 233 179 166 224 120 206 87 163 134 228 154 173 195 207 246 241 203 103 102 145 129 171 123 89 198 194 168 146 217 236 219 185 208 235 193 240 160 162 234 94 153 127 164 88 221 174 142 90 139 218 96 110 105 150 132 106 101 131 157 230 176 92 186 128 231 111 181 212 159 151 114
87 255 202 226 134 224 222 231 158 160 183 180 210 171 94 248 233 181 186 93 204 110 149 124 177 154 162 130 112 194 234 139 167 119 241 230 225 92 168 146 228 246 247 104 129 131 155 188 191 98 132 187 136 117 141 164 235 140 185 215 166 151 103 153 107 148 152 229 239 137 133 89 126 122 182 174 227 220 135 223 217 173 106 209 95 156 201 108 221 161 128 99 91 245 205 127 219 96 169
88 289 238 248 192 228 123 199 116 229 115 206 164 205 99 172 222 89 189 165 91 96 153 168 202 120 90 188 152 150 235 186 93 129 95 121 196 135 139 141 212 216 158 143 245 227 140 236 157 106 191 184 213 219 137 133 183 113 112 214 233 103 134 94 136 162 114 107 175 178 110 177 170 149 220 104 167 111 160 176 159 128 155 98 237 109 224 249 198 226 247 207 117 145 240 138 221 243 217
89 418 245 114 102 100 197 153 166 189 199 203 234 120 232 201 213 136 196 230 170 248 206 185 131 110 239 244 141 249 94 162 247 219 104 179 116 233 139 133 212 147 127 115 135 192 174 118 105 207 171 242 97 211 122 107 143 202 243 184 113 130 155 223 195 142 117 173 165 124 121 177 217 169 200 210 119 182 151 188 152 128 99 187 163 146 214 138 209 148 176 98 221 218 220 227 144
90 293 142 100 155 101 208 152 233 127 245 118 191 147 145 149 194 138 121 195 163 130 218 182 183 139 154 243 94 126 144 187 150 170 223 240 222 113 214 196 192 229 110 244 108 95 184 215 203 224 91 141 241 160 205 186 242 165 166 209 128 161 173 234 249 235 116 202 172 198 158 248 132 236 157 219 216 211 199 228 156 140 98 105 213 175 109 204 197 193 96 178 167 200 124 171 210 112 148 162 247
91 377 199 198 239 249 213 191 243 117 222 125 119 104 231 147 130 180 238 232 237 228 204 155 210 219 97 229 206 146 158 110 111 170 183 168 144 92 159 127 101 224 145 172 153 109 205 192 131 171 133 137 190 99 217 230 162 156 160 218 221 120 107 173 247 234 216 200 220 94 165 179 106 142 242 187 176 211 186 194 121 118 124 138 116 141 102 175 181 245
92 362 155 185 179 118 174 127 224 141 161 249 212 164 160 101 211 202 203 112 108 167 237 156 148 196 205 158 153 123 238 247 93 134 110 241 218 107 143 115 140 246 171 114 184 199 201 214 144 228 146 215 135 213 248 223 193 102 125 240 129 234 106 159 147 117 192 200 103 189 175 195 154 230 232 128 239 163 121 182 168 145 233 176 109 94 220 191 138 204 235 169 99 180
93 261 130 190 203 156 184 113 109 102 176 179 132 133 94 187 103 235 105 249 138 240 207 201 227 215 234 172 230 101 153 208 161 200 119 220 140 210 232 192 127 99 167 219 108 162 186 196 206 112 137 121 157 164 197 223 163 211 241 222 248 245 111 98 182 242 131 169 95 141 177 100 247 180 244 214 168 205 199 154 126 175 125 188 204 198 237 116 193 104 96 183 221 218 178 144 145 122 134 171 155 170 124 209 185 97 165 228
94 455 225 169 231 145 142 97 228 133 238 109 192 152 159 101 117 172 191 144 234 245 237 164 137 220 193 180 171 160 110 205 194 120 185 122 239 197 219 200 222 221 240 187 182 177 104 132 243 115 248 218 166 140 246 213 128 157 244 173 247 147 170 155 195 207 199 183 105 176 163 214 113 179 98 168 206 230 232 201 143 129 95 102 151 114 233 107 236 211 149 106 235 212 196 162
95 251 248 158 223 132 234 183 137 108 150 117 123 168 166 161 208 244 138 194 193 215 154 136 228 211 104 224 235 210 195 196 120 222 187 112 113 219 101 103 230 213 153 122 243 100 147 204 131 109 134 233 145 198 237 226 227 130 126 102 129 203 146 106 114 177 205 217 152 162 192 143 245 157 139 173 118 236 200 178 111 249 115 156 151 133 218 216 128 242 182 142 229 163 125
96 294 241 151 229 164 190 173 141 165 227 157 147 240 105 182 200 132 231 199 135 234 169 249 109 170 196 155 163 146 176 166 216 179 122 139 184 209 183 149 162 247 126 237 180 129 159 123 110 226 239 161 215 108 233 188 230 137 186 131 158 192 213 220 138 207 178 116 211 194 100 168 248 134 148 150 142 124 191 204 224 104 193 172 205 228 195 128 153 175 219 140 143 125 119 115 120 202 118 197 99 156 171
97 330 215 133 108 165 107 198 181 175 127 136 150 222 237 212 115 125 139 189 105 226 168 241 246 229 120 111 100 224 242 153 131 207 102 208 174 221 98 103 157 240 188 113 110 148 118 247 225 158 243 199 201 172 232 245 121 176 205 163 142 145 152 244 187 192 132 140 126 249 114 106 177 162 144 112 179 197 137 164 200 154 223 170 213 167 227 129
98 353 175 147 116 135 127 148 124 242 159 134 235 236 173 140 113 246 164 210 154 136 249 238 139 245 123 104 216 182 165 129 112 119 149 106 115 185 142 193 151 209 201 143 166 158 207 162 156 227 176 131 181 125 239 105 233 221 102 152 204 225 199 161 121 170 197 141 168 108 224 189 100 186 223 178 187 122 211 243 137 192 167 117 177 190 206 248 150 155 191 145 114 138 205 103 111 194 101 157 219 110
99 317 177 232 224 149 237 161 152 160 155 211 207 245 206 202 236 241 180 246 186 166 158 249 129 115 194 182 116 100 117 120 107 198 169 133 163 109 215 151 132 204 119 157 192 201 238 208 200 183 190 127 221 235 114 145 170 189 171 111 135 118 143 110 144 195 137 218 234 128 134 136 233 147 130 231 227 214 193 191 197 178 222 148 230 243
100 394 227 226 147 113 222 243 148 150 123 104 181 105 106 207 160 216 249 229 188 242 245 189 232 121 209 185 210 231 175 153 211 136 237 129 206 193 194 111 146 244 234 128 187 228 233 134 171 101 139 239 177 221 108 115 138 157 184 151 110 200 182 240 133 137 196 102 172 212 215 114 198 169 183 140 159 247 191 112 190 220 116 145 165 131 124 241 118 103 201
101 304 138 103 134 154 124 161 165 236 146 180 104 176 107 243 112 164 188 191 156 159 187 118 178 217 244 202 129 201 158 166 231 113 115 109 241 228 230 116 247 197 143 195 127 157 125 122 204 234 173 233 219 210 148 133 215 130 206 174 179 140 208 192 120 144 235 110 182 169 153 128 168 227 123 249 211 225 102 218 226 183 126
102 302 192 178 160 203 137 146 161 105 104 210 220 119 125 132 223 181 159 208 106 180 139 149 165 238 204 241 249 107 186 136 124 234 123 182 198 120 228 187 190 141 103 158 135 117 145 183 205 153 184 218 206 219 129 179 172 200 154 207 144 244 148 233 243 150 114 242 126 217 147 163 245 232 152 174 155 239 195 169 166 142 188 127 231 226 246
103 286 218 226 220 216 187 240 105 196 186 148 227 193 208 117 197 122 230 169 161 129 115 108 113 107 243 181 147 248 135 233 155 171 133 238 114 232 164 106 205 228 237 212 189 241 180 198 174 145 158 204 118 190 141 139 201 244 234 213 178 173 249 168 136 156 162 142 112 121 221 149 127 104 163 200 109 191 223 159 192 245 160 167 217 170 239 134 235 132 188 137 229 176 128
104 381 241 117 170 134 202 135 244 219 143 222 192 131 127 144 212 224 178 194 214 163 218 179 243 137 236 151 220 191 164 216 125 162 245 154 130 173 193 183 231 229 108 128 213 113 122 201 167 109 172 138 153 147 114 239 116 199 211 206 217 180 155 207 160 120 159 247 196 221 142 203 140 233 107 200 141 208 189 204 139 184 158 133 197 111 228 225
105 333 159 229 214 117 198 156 182 127 191 196 185 151 133 158 113 123 124 175 239 174 197 106 236 179 241 240 164 171 181 201 217 216 190 139 228 172 160 114 144 195 232 227 138 209 148 223 178 205 193 130 204 152 194 134 140 212 238 143 131 203 163 136 147 109 110 118 121 213 177 246 116 222 225 189 230 207 129 108 150 112 180 218 141 219 120 153 243 168
106 272 163 175 169 108 161 133 123 239 235 193 233 244 119 178 243 144 138 240 184 139 192 127 142 201 215 152 247 188 183 228 213 191 230 197 121 249 194 204 173 117 128 156 143 153 190 187 107 160 113 209 131 159 135 196 146 112 227 116 177 110 136 155 114 171 134 224 132 125 167 219 129 216 174 189 186 226 211 234
107 413 194 242 199 118 171 110 170 239 145 177 195 220 215 159 143 151 234 213 158 228 212 238 236 135 200 210 137 108 207 248 155 180 128 188 119 131 245 197 192 130 121 138 198 184 243 209 146 126 244 127 144 165 233 156 226 182 214 187 140 204 224 125 112 218 172 174 217 162 134 231 115 136 229 164 148 176 133 168 175 124 230 160 191 150 152 206 223 196 109
108 315 121 199 183 186 248 222 244 167 115 205 202 228 125 170 223 200 195 146 114 187 229 133 214 139 224 238 232 150 236 135 196 190 158 124 219 152 177 110 197 179 134 140 242 155 174 159 221 246 153 204 164 243 131 185 220 182 213 216 156 172 173 210 136 241 207 143 171 239 194 120 117 231 145 226 123 227 129 193 162 130 176 119 157
109 427 243 237 185 221 239 247 124 232 222 161 226 167 133 125 245 154 136 228 193 116 122 127 141 119 201 139 224 194 172 165 123 215 112 235 160 151 217 114 187 150 155 188 153 190 231 200 142 118 138 162 198 148 146 113 206 218 241 180 197 214 170 130 227 143 212 205 246 204 177 111 117 189 196 216 211 156 249 181
110 297 202 159 126 140 178 114 186 117 182 164 167 162 138 213 230 203 111 112 137 220 241 180 234 249 246 239 208 247 161 228 121 177 244 125 181 179 242 200 204 199 123 133 216 168 132 212 223 148 130 147 240 195 155 144 158 135 118 245 237 174 190 166 136 122 172 194 206 184 231 141 157 128 150 129 189 210 113 232 169 192 116 198 214 233 124 193 175
111 276 182 117 144 146 211 114 126 138 116 233 142 214 241 223 247 134 202 235 222 192 161 220 171 141 162 229 194 245 125 218 232 151 132 213 121 246 164 191 208 224 174 152 137 230 154 239 167 184 150 237 153 221 209 120 186 122 175 219 193 198 185 212 176 216 181 155 206 148 112 129 243 228 135 177 197 130 140 136 199 188 201 127 119 124 225 231 172 215 204
112 373 172 182 128 158 156 217 152 178 164 207 171 188 224 160 126 229 187 235 232 219 197 191 168 194 136 183 222 196 190 179 231 213 134 184 225 170 114 173 227 246 209 119 150 242 203 193 120 205 135 127 145 176 113 138 248 153 238 199 211 226 154 230 216 249 147 125 169 195 166 167 130 141 140 116 144 236 132 122 181 239
113 279 148 149 167 191 182 133 174 179 121 194 213 170 146 130 175 125 195 163 199 142 127 205 214 189 184 207 126 192 221 237 248 124 172 128 155 153 158 187 177 139 217 225 160 201 176 227 231 143 226 147 246 219 156 232 247 234 154 152 235 240 141 241 115 215 212 190 193 151 166 224 202 136 220 140 135 230
114 348 149 127 199 116 194 216 119 240 183 226 173 118 161 208 213 220 152 146 171 164 196 174 167 223 154 238 125 239 193 135 232 200 143 188 165 138 214 218 140 122 247 181 175 126 189 151 137 129 170 159 117 211 186 219 185 157 242 206 130 132 203 142 121 190 241 222 204 243 201 249 217 182 234 166 115 233 237 224
115 353 181 221 231 248 192 185 148 179 169 122 184 204 237 208 247 210 196 232 140 164 240 146 234 194 139 198 246 160 201 116 226 220 229 178 167 183 144 121 249 186 123 238 149 172 163 143 137 216 176 117 151 236 171 206 150 173 225 228 224 212 223 134 202 136 125 135 118 157 227 199 162 205 235 161 213
116 375 146 131 122 233 171 167 194 165 152 184 161 247 216 157 172 126 124 199 229 223 156 208 182 217 175 190 197 241 225 239 155 202 120 187 158 198 232 123 214 212 248 183 249 169 245 213 243 219 211 125 159 136 119 170 234 203 193 174 127 240 192 135 145 196 235 200 189 132 151 154 160 221 138 129 220
117 272 181 216 190 220 118 147 237 177 148 165 132 212 173 197 137 120 131 198 227 243 210 201 193 124 213 144 166 168 238 225 199 249 228 232 242 236 154 229 150 167 241 214 247 129 240 203 234 245 246 218 156 126 151 186 217 248 233 180 130 127 244 239 205 174 172 152 188 195 215 207 222 179 206 123 175 155 230 189 170
118 283 183 125 224 133 156 178 213 146 230 245 182 179 209 166 129 150 124 169 131 170 144 148 234 243 216 177 159 176 240 138 237 205 236 247 222 161 165 244 212 181 227 160 201 200 219 167 221 231 119 192 215 239 207 130 136 153 180 241 203 158 214 246 188 164 196 204 184 143 217 139 238 173 141 248 168 123 194
119 377 187 232 163 237 202 219 181 248 201 145 249 240 175 147 215 178 233 126 164 158 148 235 176 131 222 199 122 166 221 196 139 155 138 203 213 149 161 129 216 120 169 194 234 154 142 173 238 143 132 211 241 157 189 133 127 134 230 144 184 137 162 179 125 167 242 141 212 170 197 220 218 206 224 205 198 225 208 195 200
120 340 194 171 205 209 235 239 247 186 232 166 191 156 219 160 130 124 143 153 229 198 224 203 146 125 127 126 221 188 152 227 150 236 223 201 240 249 233 197 138 225 187 158 141 128 183 243 230 135 133 214 202 159 193 196 151 206 189 213 154 167 218 200 149 192 208 155 168 242 122 216 185 226 177 195 210 148 190 182 174 131 136 215 140 244 129 180 179 231
121 338 173 218 221 141 131 179 188 193 168 175 249 145 127 240 222 165 170 137 153 210 152 162 154 217 213 189 198 184 227 124 215 156 128 200 149 206 157 195 126 247 176 207 233 177 209 196 122 180 236 144 182 203 226 164 229 190 211 139 224 248 150 151 243 146 158 202 238 147 140 171 138 230 134
122 320 211 141 247 212 162 182 220 171 148 201 228 192 130 167 156 157 179 169 165 222 127 204 173 174 160 128 177 139 248 150 238 181 235 188 193 197 198 208 138 249 209 203 163 183 146 205 133 233 136 176 230 242 215 232 158 227 246 237 236 166 207 217 216 210 226 178 154 134 149 234 224 189 159 185 147 186
123 342 245 187 169 149 195 196 248 226 238 227 240 239 198 153 225 137 133 211 126 191 160 190 218 164 168 183 222 159 193 236 174 186 150 208 177 207 161 155 134 244 171 151 219 214 203 178 163 233 200 127 230 129 231 181 128 224 145 243 194 197 205 246 241 249 146 173 152 180 201 170 204 237 247 131 141 223 234 235 140
124 367 154 135 157 141 233 172 156 130 185 202 161 226 229 183 205 138 227 147 169 236 174 180 240 160 171 231 222 126 196 152 176 162 221 194 219 166 230 191 177 232 188 143 150 199 148 125 198 140 218 224 214 206 241 131 129 167 200 163 170 249 151 228 142 242 243 127 146 136 190 210 223 137 186 203 182 212 244 179
125 266 141 163 166 130 180 182 150 132 205 199 131 133 215 226 147 197 139 177 232 239 175 227 181 167 160 161 192 129 157 195 190 212 194 207 169 218 235 189 214 155 208 243 236 128 228 158 162 173 225 210 151 206 204 146 186 224 142 233 178 229 126 217 174 248 213 247 230 246 231 240 220 203 148 159 137 168 202 200 172
126 367 170 204 178 128 149 237 181 146 187 213 138 223 208 153 244 234 147 164 245 167 249 127 248 176 211 148 206 192 203 217 151 238 152 165 191 227 205 207 172 198 240 182 150 199 229 210 159 225 175 156 135 242 218 162 140 188 197 157 163 220 190 226 173 161 224 185 209 246 179
127 263 190 183 248 240 243 195 227 235 152 187 196 161 128 205 167 175 229 144 193 137 208 169 166 164 246 172 245 239 139 157 206 155 217 134 213 244 138 241 159 199 247 178 185 143 249 207 184 136 132 173 231 192 129 201 153 188 203 150 141 214 225 233 133 222 221 135 182 228 200 197 224 209 191 204 146 234 140 147 165 215 151 189 160 218 179 180 148
128 451 154 206 134 188 180 246 174 179 226 200 141 220 218 168 235 201 142 163 244 172 173 155 162 216 147 241 161 222 194 237 214 165 238 243 160 224 145 131 153 233 248 143 217 193 212 191 239 240 202 166 182 247 167 129 221 175 178 133 148 190 205 130 159 208 199 181 211 227 150 139 245 152 225 149 169 176 171 156 132
129 286 245 176 223 229 231 247 144 183 235 238 134 189 166 218 147 230 237 192 154 222 142 225 130 180 184 236 161 173 162 204 186 195 167 136 226 207 188 232 220 133 131 248 187 224 221 243 149 208 194 158 217 205 157 201 249 146 175 177 168 211 215 151 170 210 219 135 171 240 174 164 228 153
130 403 160 143 153 226 174 176 248 199 184 145 239 200 167 241 194 138 203 192 139 227 155 151 180 154 166 218 185 147 158 146 172 220 150 202 157 231 249 234 229 213 177 183 235 237 156 193 211 148 134 182 201 169 207 142 216 223 178 244 221 238 165 140 136 242 245 189 219 170 190 131 191 195 230 159 149 196 217 135 228 243
131 332 177 225 214 158 194 193 220 236 183 247 215 176 189 245 151 181 206 150 172 233 248 144 246 190 133 208 170 179 159 203 165 239 235 147 187 199 163 213 161 137 136 212 173 243 143 192 141 227 207 168 211 154 149 221 198 242 196 240 174 156 241 230 217 234 146 191 238 132 184 244 228
132 265 237 244 221 227 228 174 209 199 177 156 217 147 186 135 219 220 210 167 142 160 200 211 247 229 197 144 161 166 168 138 224 182 151 234 212 185 158 157 216 191 236 241 178 154 194 165 145 159 231 153 246 240 215 155 205 196 206 164 169 248 230 184 223 233 150 176 146 193 213 181
133 312 220 218 135 151 136 146 174 228 225 154 245 216 143 241 155 165 183 232 149 248 150 207 161 169 186 222 203 175 201 217 239 179 187 189 140 137 185 213 147 202 171 191 227 196 152 164 224 223 236 195 214 200 233 158 234 181 180 172 162 157 209 138 215 178 193 199 205 148 208 142 184
134 302 159 219 201 195 144 140 192 227 172 173 142 168 218 203 216 145 249 157 169 214 220 212 136 239 194 143 221 139 156 217 147 178 167 155 204 154 200 176 181 177 245 191 222 185 207 180 199 206 163 138 137 226 235 211 165 187 233 240 247 202 232 164 208 234 152 197 186 135
135 386 160 156 242 227 207 178 199 161 225 234 209 220 159 173 219 152 183 210 245 182 213 148 138 190 181 157 249 187 205 232 233 237 228 239 195 230 211 224 246 169 188 208 146 179 215 217 202 236 216 197 244 165 136 144 158 194
136 294 184 138 224 230 247 168 245 170 213 177 218 212 204 156 241 158 243 231 193 227 237 186 233 211 183 244 164 225 238 220 146 235 194 249 234 222 190 242 142 188 175 165 215 174 143 236 169 180 179 149 151 199 210 181 147 192 182
137 291 244 195 239 206 144 238 231 142 232 203 198 140 172 163 214 200 223 141 201 169 205 202 228 171 190 194 204 247 162 176 154 192 229 242 210 209 221 146 161 213 158 138 193 159 241 217 167 150 216 183 166 208 243 186 179 249 175 155 218 181 233 187 182 212 168 220 180 152 211 196 188 143
138 415 144 195 209 141 204 192 140 249 196 236 188 156 151 230 163 197 164 146 191 203 244 176 233 237 238 200 248 193 213 224 228 161 234 212 246 205 231 160 225 243 206 184 158 170 150 187 153 217 178 210 162 175 218 223 242 179 166 148 142 207 169 189 190 240 165 181 198 172 216 211 221 159 152
139 333 228 189 202 220 219 183 148 246 192 155 140 195 207 225 203 147 222 194 198 171 174 166 144 141 149 227 201 248 152 196 236 169 163 153 158 199 241 176 159 218 160 238 184 231 217 209 190 210 167 154 185 197 234 235 172 204 200 165 240 182
140 307 185 206 243 165 198 228 141 151 167 205 191 245 174 227 175 249 234 157 216 169 248 188 179 156 223 159 214 200 199 153 235 149 202 181 193 226 187 182 195 211 231 219 222 247 177 173 229 225 147 155 163 221 196 224 244 204 186 212 150 215 154 233 209 164 148 192 145 168 218
141 360 182 178 157 221 176 190 159 211 152 216 153 200 207 247 154 169 150 173 226 167 172 145 197 193 210 174 170 219 245 189 223 175 220 148 243 217 215 147 206 231 187 237 218 198 240 212 194 228 233 142 236 162 179 224 204 171 143 168 164
142 254 183 208 151 164 213 143 216 192 204 157 182 238 177 153 150 225 217 231 235 248 245 184 188 154 236 239 198 152 194 185 205 163 242 168 161 233 207 190 209 210 172 222 169 228 219 243 165 147 174 246 155 241 199 146 197 145 214 232
143 410 156 193 217 245 249 187 192 177 218 152 147 185 191 181 160 144 157 216 225 196 220 166 221 148 233 146 232 198 199 206 241 188 240 214 247 211 175 213 223 228 150 227 248 174 203 153 161 231 162 243 159 224 164 215 208 173 186 176 202 230 212 200 149 163 210 190 151
144 336 186 196 165 204 198 173 240 206 232 247 229 182 230 249 237 236 223 225 185 194 242 160 220 152 199 231 176 203 207 209 188 180 212 175 172 192 168 187 179 238 233 248 205 157 234 217 171 191 161 197 216 167 146 156 213 226 210 164
145 314 152 247 182 211 173 231 210 235 217 244 246 181 151 200 199 219 189 153 223 229 212 205 163 239 175 196 216 191 249 226 162 168 150 179 167 186 154 155 192 241 225 204 218 147 180 174 161 183 201 207 233 202 164 232 160 184 222 194 146 236 166 176 190 206 220 156 158 185 169 230
146 419 177 173 202 159 233 241 184 249 154 182 246 200 247 156 168 167 229 203 218 216 165 232 150 212 163 153 199 149 158 192 164 235 222 231 180 196 207 169 220 239 248 198 171 243 206 178 228 201 191 174 244 209 152 219 155 179 237 211 227 181
147 267 203 227 156 241 160 242 180 237 187 189 148 179 210 152 176 191 163 168 181 196 231 202 223 204 232 228 195 199 171 174 205 225 169 249 244 211 245 235 239 221 213 158 198 224 162 150 238 166 208 172 200 151 216 219 229 173 190 222 217 154 170 220
148 387 170 195 219 175 243 220 169 199 189 156 228 245 198 225 247 193 207 239 226 182 238 229 233 205 218 240 166 214 197 160 196 230 236 213 184 192 165 158 235 171 200 151 234 173 246 221 188 157 186 152 232 153 164 203 224 174 249 180 208 167 178 190 159 216 242 227 212 248 155
149 348 157 221 210 164 151 238 159 193 189 158 181 215 201 246 188 231 194 228 202 233 190 162 249 225 220 213 204 153 212 175 222 180 183 163 240 161 152 192 203 237 207 173 235 178 187 174 206 219 197 223 245 211 155 167
150 265 199 191 226 248 160 225 208 242 179 224 214 221 175 195 190 184 151 206 154 177 153 228 215 219 181 238 230 171 159 158 247 201 194 220 239 186 165 167 198 237 216 200 192 166 169 207 182 203 210 240 246 152 243 235 236 164 172 176 162 196 156 168 163
151 263 178 232 155 188 207 202 189 214 185 228 168 235 199 174 203 164 172 186 245 226 233 177 190 160 152 162 195 204 210 183 223 236 231 242 225 196 157 180 248 193 176 171 198 227 191 197 179 224 234 217 156 238 237 166 206 159 230 192 169 221 216 212 220 194
152 367 158 164 220 180 185 153 157 228 193 225 172 203 226 196 201 212 213 168 210 194 167 190 195 166 218 230 227 171 248 219 211 170 204 224 154 174 242 187 236 163 216 241 233 239 192 249 245 214 229 160 235 207 175 217 169 184 206 179
153 370 242 160 238 211 163 178 240 202 165 187 209 219 179 197 194 190 228 193 177 203 170 241 217 233 182 204 230 225 243 220 164 189 221 198 185 235 181 195 186 156 166 188 226 183 173 171 237 231 223 224 167 199 207 214 168 201 245 174
154 270 227 242 238 173 177 195 172 217 178 223 241 232 243 184 240 205 162 190 189 164 185 228 247 204 183 234 218 202 209 170 200 179 161 220 191 188 248 155 210 165 208 160 193 229 197 187 215 214 194 203 176 235 221 239 168 201 226 233 236
155 296 199 203 214 235 248 218 247 206 160 239 202 224 230 175 170 212 231 244 221 169 184 179 171 193 194 200 205 232 183 246 164 192 209 177 157 220 226 196 211 237 156 204 182 213 223 243 249 178 162 195 225 216 245 167 163 228 181 238 208
156 434 228 237 160 215 248 171 185 196 158 187 231 195 161 192 168 234 167 230 242 175 240 214 199 217 204 200 164 179 244 243 186 207 229 209 236 220 183 162 169 232 188 198 172 218 178 163 213 197 245
157 384 247 210 230 172 191 211 221 237 218 200 229 207 208 232 170 248 174 180 187 188 213 183 195 219 239 167 158 171 168 192 225 189 206 202 193 216 201 175 163 162 165 186 241 161 199
158 338 243 237 172 203 195 206 244 249 247 213 163 184 196 234 179 225 189 232 193 218 216 187 197 212 220 177 235 202 200 175 174 161 165 222 207 241 173 178 217 176 205 219 210 246 162 180 236 159 167 186 245 169 240 194 226
159 278 187 231 238 246 228 174 212 207 235 232 215 172 221 209 167 249 201 223 173 176 229 199 236 214 190 186 177 170 188 243 164 202 204 181 217 227 233 184 195 179 239 189 225 162 160 234 206 248 247 192 241 205 200 208 244 216 219 161 203
160 374 216 245 183 208 176 232 230 196 237 223 185 204 222 175 172 166 197 171 224 213 234 181 182 217 249 248 244 161 233 170 199 246 169 188 190 195 205 165 235 200 228 215 187 207 243 179 201 194 226 219 184 212 220 238 242 239 162 218 174 227 178 180 210
161 270 202 199 219 179 191 204 213 167 168 169 190 198 186 171 197 223 241 229 233 187 176 246 188 174 205 178 248 196 214 234 180 211 165 182 200 244 172 208 184 225 173 228 237 162 209 163 192 235
162 356 213 186 223 228 182 208 183 247 199 179 221 236 176 220 216 240 211 246 230 174 217 185 201 218 188 198 192 241 209 204 219 197 189 249 180 165 191 210 203 173 222 190 244 187 233 171 245 215
163 271 236 230 243 192 186 228 193 166 190 207 224 212 217 197 242 225 176 170 216 169 202 206 182 245 249 168 238 227 167 184 237 248 241 180 175 213 177 240 226 187 173 188 165 191 171 232 201 205
164 332 210 199 240 168 182 186 192 177 165 172 231 183 196 242 175 197 236 207 178 230 244 202 220 241 170 234 248 167 218 209 226 185 208 232 243 228 215 216 235 204 233 171 190 180 198 189 221 193 201 176 191 217 195
165 397 211 183 216 172 188 245 186 203 208 180 174 177 217 191 233 239 240 234 169 214 248 246 182 170 195 219 196 241 224 175 200 225 167 190 197 212 201 184 171 194 193 235 222 221 220
166 256 218 195 223 207 246 241 220 249 192 179 202 186 244 172 191 214 211 193 203 189 234 215 216 247 167 248 204 221 243 239 183 178 228 229 232 212 226 188 169 238 224 210 171 209 185 225 201 206 180 176 213
167 344 181 230 195 170 189 227 193 221 179 220 231 201 218 184 244 208 226 212 215 217 248 213 229 211 233 176 236 204 203 246 207 224 186 190 194 180 214 174 225 173 242 209 219
168 400 185 246 207 201 202 188 203 209 174 234 197 228 190 208 181 220 213 200 179 223 186 229 241 171 194 212 239 249 226 243 187 172 192 245 247 242 178 225 238 180 177 210 205 215 198 235 175 170 219
169 273 227 242 247 206 175 244 184 205 190 230 245 177 219 207 191 214 208 185 182 215 239 211 198 192 181 176 248 173 194 180 202 246 210 201 249 240 196 172 213 200 178
170 251 244 215 236 186 238 230 192 172 183 226 235 228 176 184 175 189 209 206 243 180 239 193 246 232 200 197 211 220 190 198 245 214 179 204 242 225 199 223 221
171 476 215 232 205 229 194 179 219 178 191 188 173 230 213 245 172 180 241 196 181 217 200 190 210 193 203 195 227 189 211 221 224 242 216 220 214 240 199 185 218 248 206 192 187 176
172 348 225 230 214 240 220 245 174 186 219 229 248 242 173 233 228 216 210 247 246 206 222 244 237 182 226 187 204 183 243 176 202 185 184 231 236 207 201 193 213 217 196 209 232 238 192 177 178 180
173 311 230 242 186 213 195 235 174 246 180 190 177 183 240 215 229 182 188 203 211 175 243 233 181 184 187 227 216 196 218 228 237 232 206 248 249 225 226 219 185 220 221 205 202 189
174 341 238 180 219 179 208 210 188 230 223 229 231 197 186 193 213 204 226 218 225 217 243 246 249 247 248 203 245 233 177 175 221 196 182 198 178 205 237 242 224 199
175 416 221 206 231 186 236 209 222 238 188 207 232 247 184 230 249 197 190 189 215 228 240 220 225 191 176 237 185 202 226 217 196 182 181 210 212 198 245 178 201 248 241 246 243 187 239 204
176 308 198 214 204 219 246 209 229 233 240 218 224 199 181 223 243 220 247 222 201 183 197 182 221 230 208 215 188 245 186 187 194 178 211 213 177 238 244 206 200 180 195 235 210 242 212 205 239 189
177 276 208 196 184 180 187 229 236 237 212 230 199 209 238 233 241 223 178 228 224 213 186 191 215 219 247 210 244 189 190 195 235 222 221 211 249 198 207 248 181 206 194 232 239 188 216 234 192 204 226 183
178 324 232 200 223 209 216 241 233 195 201 207 215 240 220 185 181 213 236 191 218 182 192 184 179 221 203 237 235 187 206 242 194 190 248 211 234 247 189
179 386 204 203 244 246 240 239 188 189 247 226 237 207 238 183 216 200 194 196 231 205 230 225 219 185 220 223 248 241 209 193 232 211 236 212 186 221 229 213 187 199
180 290 243 183 224 192 247 221 244 235 211 237 240 234 230 232 208 220 197 241 182 187 238 215 205 196 204 202 199 248 206 201 203 190 249 198 242 231 207 222 189 236 218 228 193 233
181 262 193 208 226 189 198 207 196 183 223 246 232 229 195 184 206 228 247 219 214 216 233 200 215 203 201 213 202 222 212 204 224 230 240 185 197 217 242 192 218
182 482 197 215 187 211 226 199 244 191 204 242 184 205 189 200 207 214 237 208 185 227 183 228 213 210 232 194 224 222 202 243 217 198 201 231 246 230 240 220 209
183 256 205 227 233 231 207 200 199 246 229 190 188 223 220 186 187 215 184 239 208 210 209 191 241 195 228 219 185 212 242 194 221 238 193 192 249 197 206 217 237 213
184 398 237 195 227 228 240 196 244 193 213 247 207 229 186 219 232 238 221 248 206 188 233 187 190 192 217 234 204 214 246 194 241 243 231 216 199 210 215 230 242 201 212
185 316 199 203 216 248 221 231 193 210 242 202 197 246 247 219 194 226 228 224 218 200 208 201 223 195 209 204 243 206 229 212 249 237
186 286 211 249 190 228 248 238 187 232 244 215 205 203 216 224 245 237 214 226 198 243 221 223 208 220 195 225 193 189 231 230 235 247 197 239
187 441 241 210 217 247 240 198 195 193 202 226 245 208 224 234 220 225 203 200 219 209 213 196 221 204 222 189 248 214 243 230 228 218 237 207 212 244 229 206 197
188 267 222 217 241 249 240 225 247 216 237 191 204 210 193 198 235 228 192 189 195 218 229 232 213 220 209 227 214 196 238 194 212 230 243 205
189 292 234 216 198 199 192 202 231 238 227 197 240 246 239 237 217 210 203 220 232 235 215 249 207 196 245 236 191 224 242
190 284 194 213 199 221 248 228 197 193 216 245 225 192 205 210 214 230 241 235 212 249 240 223 217 195 191 229 215 200 211 226 224 232 220 201 198
191 353 204 240 197 230 220 248 207 217 214 225 196 198 249 219 192 199 247 201 224 232 211 222 194 202 235 193 237 215 206 241 245 216 203 218 244 236 228 227
192 363 239 240 249 209 221 196 227 201 225 193 237 223 247 204 203 217 199 242 206 216 226 228 214 222 243 241 231 224 212 208 234 195 219 200 236 246
193 283 225 224 232 228 217 244 197 229 249 214 238 218 247 195 233 246 213 219 208 207 245 240 215 212 242 210 216 239 204
194 315 245 208 233 238 234 239 248 207 197 221 230 223 241 227 232 225 206 211 249 203 218 216 201 198 215 196 213 209 226 199 217 200 246 229
195 402 242 223 207 247 232 221 234 198 222 238 215 233 211 196 228 199 218 239 236 205 240 206 210 214 249 202 197 230
196 469 207 227 237 234 214 201 223 202 248 242 244 230 219 246 249 206 236 217 222 218 221 199 225 233 239 200 243 213 212 209
197 265 229 241 226 205 208 213 225 222 223 217 234 200 210 211 214 242 204 202 207 221 230 237 232 236 235 212 249 216 238 209
198 266 205 241 219 201 246 234 243 232 221 229 242 235 222 244 248 230 236 240 211 214 216 224 206 220
199 288 242 241 231 222 247 207 200 229 227 202 210 243 234 214 248 217 215 206 244 225 220 219 208 230 240 232 235 236 223 203 204
200 385 227 231 206 217 245 219 241 249 247 210 237 221 230 212 215 238 234 226 246 223 216 242 209 229 214 220 211 201 233 218 232 224 205
201 327 246 224 227 245 209 243 213 217 208 236 202 212 244 204 207 223 238 218 240 226 225 230 234 220 210 229 235 219 248 205 232 211 247 242 216
202 270 243 227 232 222 206 210 226 225 220 245 241 239 248 231 228 229 236 205 244 204 223 249 214 216 235 212 218 240
203 469 209 214 232 211 233 208 237 236 244 222 240 227 248 220 241 239 210 224 219 228 212 223 215 205 213 226 235
204 261 218 224 231 217 207 228 248 222 246 210 223 237 241 216 244 225 249 242 233 215 220 230 205 226 229 235 236 214 232
205 446 244 246 228 215 236 210 226 249 247 211 229 223 239 225 242 232 209 212 227 234 240 221 207 245 222 219 230
206 275 210 246 234 241 222 239 208 224 227 242 219 229 221 245 214 232 207 228 211 243 231 240 223 238 247
207 279 234 228 209 242 227 221 245 210 243 219 236 230 223 215 249 231 232 216 225 208 247 226 229 235 240
208 356 223 219 212 239 249 230 217 242 244 229 220 225 243 245 210 237 247 209 238 224 216 234 233 227 222 215 228 231 213
209 262 229 224 245 236 239 244 242 243 220 232 222 215 213 218 237 246 214 231 223 216 230
210 382 218 220 212 248 225 230 243 216 222 237 234 238 246 213 219 214 241 211 233 247 231 229 224 227 223 215 240 232
211 282 227 244 217 236 223 226 222 238 234 212 239 249 215 225 228 218 216 213 232 235 246 230 214
212 284 232 222 240 219 235 223 241 244 246 220 217 230 247 242 215 225 249 218 239 233 245 234 229
213 434 217 243 219 220 240 222 227 218 232 249 242 224 247 229 236 228 223 238 215 221 246 230
214 336 242 234 223 226 248 221 244 217 232 230 231 236 249 240 246 222 241 224 229 233 228 225
215 342 221 219 243 245 223 231 242 216 229 249 225 227 228 230 244 233 246 234 232 247 220
216 322 242 241 234 223 238 245 236 227 233 239 243 226 248 229 237 246
217 254 220 245 231 232 222 241 243 235 233 230 238 229 228 223 249 226 236 239 225
218 296 241 237 249 228 226 236 223 238 248 235 232 234 225 242 239 222 229 230
219 450 240 245 228 232 246 230 236 227 220 222 229 231 224 225 233 241 242 234 247 235 221
220 421 221 243 236 241 224 238 246 228 239 225 232 227 230 226 244
221 287 229 230 238 228 236 233 246 231 245 232 223 249 224 240 243 237
222 292 225 249 247 230 223 233 226 244 242 234 236 240 245 239 238 241 235 246
223 340 249 238 236 228 231 243 239 229 232 246 233 248 237 244 247
224 250 234 228 230 225 243 244 248 241 231 239 236 246 242 235
225 410 230 231 226 232 243 241 235 245 233 244 248 237 236 247 240 238 242 249
226 287 235 229 239 246 249 234 248 243 227 245 238 241
227 437 234 236 248 240 231 237 243 233 246 242 238 244 230 235 228 245 247
228 276 247 233 236 237 245 249 235 232 246 241
229 315 248 238 233 242 230 239 241 243 234 245 237 236 249 235
230 314 241 240 248 235 233 236 249 245 232 231
231 371 242 241 246 247 236 237 245
232 287 235 237 239 240 247 241 242 238 244 246 234
233 389 236 242 235 245 240 244 247 238 237 241
234 324 238 243 244 248 237 241 242
235 269 241 244 245 240 243 247 248 238
236 303 237 246 244 243 247 245 241 249 238 239
237 428 238 239 244 242 246 247 243
238 288 243 239 242 249 241 248 240 247 246
239 290 248 242 245 244 240 246 249 247 243 241
240 422 249 244 246 242 247
241 405 243 247 245 244 242 249
242 324 243 245 246 244
243 271 245 244 247
244 288 246 245
245 419 249 246
246 293 249 248
247 266 248 249
248 276 249
249 458
