60 1000
1 306 24 7 5 9 50 25 30 44 32 59 39 2 58 12 4 40 34 23 55 28 6 31 48 29 45 16 38 42 27 52
2 328 27 5 33 3 37 52 29 40 47 59 13 56 10 46 21 25 55 34 28 24 43 4 15 11 44 6 53 16
3 366 44 4 43 21 14 15 46 22 8 6 60 27 5 37 39 17 51 56 57 19 31 23 40 52
4 296 26 8 15 17 20 31 36 11 48 22 35 56 5 7 33 39 43 34 45 12 21 13 24 55 9 53 6 30 47
5 275 21 14 43 24 10 45 32 37 40 12 9 35 57 22 48 52 33 49 59 26 50 53 6 39 16 56 25
6 429 37 25 46 21 55 43 11 7 52 32 36 31 48 34 18 57 45 58 56 20 33 23 41 42 29 30 53
7 254 31 59 30 50 15 14 54 16 17 58 32 9 12 10 44 11 37 45 26 60 40 53 39 29 51 43
8 360 12 50 26 43 57 41 60 13 55 54 44 58 33 20 30 17 25 51 28 22 15 34 10 52 9 14 45
9 386 32 18 24 43 39 25 28 44 55 30 45 54 47 13 60 14 21 26 58 52 35 29 22 57 38 48 10 20
10 295 37 44 42 59 55 38 33 25 56 11 49 39 47 31 26 41 35 30 14 22 24 28 13 18 23 19 54 21
11 268 41 50 36 20 59 51 57 34 28 13 19 14 44 23 55 26 15 24 49 38 17 60 35 30 12 32 16
12 437 23 27 55 28 56 59 25 44 18 33 57 53 48 47 34 22 45 17 13 32 21 41 14
13 281 57 29 51 49 59 54 18 17 55 50 23 30 25 27 31 56 34 52
14 379 33 51 46 59 39 34 45 28 37 44 55 17 26 54 53 56 30 57 36 58 29 24 19
15 340 36 39 42 50 45 40 25 57 21 43 46 23 41 58 30 22 59 33 29 26 16 60
16 348 53 21 57 43 38 37 26 35 23 58 28 47 45 39 33 19 42 31 44 32 55 29
17 326 46 57 44 48 24 29 30 47 59 39 51 54 18 21 28 36 35 50 25 60 40 33
18 326 28 22 53 47 34 57 43 21 26 37 56 33 19 41 55
19 372 29 44 33 30 51 59 55 21 53 26 31 49 56 34 42 43 27
20 368 46 32 23 43 53 42 56 36 28 55 40 31 47 48 51 58 27 33 54 41 29 25 49 30 57
21 260 40 56 26 43 48 44 46 45 27 22 28 59 57 31 25 42 23 52 30 36 39 34
22 364 45 28 46 25 53 38 40 54 24 27 51 59 50 43 55 37 31 52 32 34 39
23 326 40 52 50 30 27 26 42 39 33 47 35 56 32 54
24 310 32 50 46 31 27 34 54 47 38 29 40 35 44 52 28 37 33 59
25 327 39 29 41 37 52 35 44 34 31 32 53 36 45 49 59 40 51 46 58 38 30 57 56 33
26 263 35 27 28 56 30 58 44 60 40 50 46 54 29 59 55 42 32
27 410 50 52 53 41 54 60 36 44 40 48 37 29 28 38 30 49 57 34 33 39
28 296 37 51 46 30 45 38 56 54 35 34 58 40 59 48 50 31 32 55 36
29 420 30 45 33 40 57 34 41 54 31 55 35 51 48 49 59
30 284 50 35 40 37 58 38 56 44 54 42 46 55 48 43 34 45
31 332 58 51 45 40 33 55 52 60 43 50 57 34
32 277 44 58 46 55 36 38 52 53 51 60 33 42 37 43
33 391 54 58 37 49 35 39 42 50 34 47
34 315 39 51 49 55 37 53 36 46 44
35 282 46 43 37 53 54 52 47 45 60
36 403 56 51 37 52 42 55 39
37 285 47 49 42 57 60 54 56 45 40 38 51
38 460 56 41 51 47 49 48 43 39 42
39 255 43 48 54 56 42 49 58 51 44 46 50 59
40 379 42 47 50 45 55 54 56 57 49 52 58 60 59
41 367 60 58 46 56 48 57 45
42 254 46 54 58 50 60 49 57 56 45 47
43 309 55 50 59 52 47 53 58
44 323 53 54 52 47 57 45 51 46 48
45 368 57 52 50 56 51 58 48 55 49
46 309 53 56 54 51 59 52 55 57 50 49
47 288 54 53 50 60 56 58
48 403 49 59 51 53 57 60
49 400 51 50 55 58 60 54
50 319 53 57 58 56 54 60 52
51 281 60 52 57 54 59
52 290 60 54 55
53 457 54 56 55 58
54 253 60 57 56 58 55
55 372 57 60 58
56 291 58 57 59
57 337 58 59
58 418 59 60
59 283 60
60 299
