120 1000
1 343 20 66 46 111 81 42 89 74 25 115 102 100 83 101 88 55 63 7 77 93 14 18 49 35 59 15 86 109 99 96 50 16 23 119 5 67 78 113 108 104 95 26
2 334 83 92 40 93 99 16 116 70 38 87 35 51 58 79 8 90 44 5 32 7 49 102 26 113 63 46 6 115 21 48 88 112 12 101 11 29 95 62 17 74 30 71 111 45 110 3 52 114 10 67
3 323 81 27 119 88 72 113 117 82 16 20 38 101 96 79 109 7 18 33 114 46 51 49 95 50 34 13 76 89 83 66 70 40 44 4 87 84 25 10 60 56 43 8 64 54 57 30 102
4 276 104 98 39 74 92 75 106 46 87 112 85 7 62 94 19 70 73 103 54 109 60 66 80 95 68 22 58 37 12 36 5 8 77 69 61 49 53 113 65 108 52 91 64 89 35 13
5 456 100 120 29 32 27 95 64 94 17 45 119 65 33 54 107 113 89 80 63 14 112 79 48 52 97 68 66 105 117 99 67 104 77 38 101 18 110 8 55 40 12 41 91 7 106 9 114 6 37 44 69
6 268 21 70 44 58 115 97 9 49 95 30 43 62 32 7 113 34 14 37 107 55 41 65 38 64 42 40 26 106 108 101 98 78 85 91 63 48 68 93 22 96 12 111 16 35 81 31 39 76 90
7 351 80 34 36 74 8 104 12 65 49 94 89 56 86 44 21 50 113 114 33 61 31 69 14 39 38 117 13 37 96 60 107 18 24 109 9 118 102 46 57 17 112 68 83
8 291 33 45 100 34 13 48 85 75 60 70 99 12 10 78 27 42 113 80 118 23 26 120 29 21 103 49 104 50 119 30 107 35 94 17 25 61 41 87 109
9 358 112 58 85 28 73 31 40 24 115 76 38 114 60 44 62 19 59 102 46 33 116 97 57 25 67 52 83 15 100 89 92 88 98 69 101 11 64 87
10 261 64 46 102 69 53 61 65 89 83 47 42 92 54 99 31 98 110 117 73 119 81 36 48 62 114 29 52 45 32 107 78 50 71 24 85 43 11 68 80 38 34 77 30 109 35 91 101 67 96 74
11 427 47 56 19 27 119 64 17 71 26 93 83 99 57 25 34 53 58 35 91 117 82 37 79 118 89 65 61 97 104 63 76 102 87 109 103 38 48 106
12 312 46 73 53 113 111 47 120 67 116 21 58 80 103 90 24 29 42 63 56 112 40 108 50 96 77 51 38 25 104 52 88 81 83 66 98 78 35 69 17 97
13 452 56 38 35 24 43 44 19 59 32 87 49 111 119 25 62 74 42 61 82 46 51 45 20 105 23 64 14 47 26 41 104 67 68 80 76 120 100 71 77 99 39 107 73 112 40 21 86 27 37
14 261 16 60 98 113 79 30 48 81 33 27 100 74 102 94 89 52 56 47 116 70 72 90 40 67 108 41 22 39 97 51 82 28 76 119 35 120 34 92 71 109 99 42 25
15 287 22 42 119 82 103 83 31 53 67 85 75 63 104 70 41 21 114 111 106 100 101 98 51 65 44 76 47 48 77 17 80 29 26 43 54 35 68 92 61 88 89 33 113 94 25 59
16 273 82 120 22 43 20 48 34 98 36 81 55 35 113 99 73 89 51 62 74 115 59 68 47 79 54 29 57 86 37 78 119 103 72 97 38 25 101 109 24 31 40 45 32
17 350 81 107 101 77 46 25 93 73 57 45 70 18 59 52 35 50 58 96 62 88 66 117 26 37 89 63 61 110 78 91 24 120 21 75 85 105 42 76 22 95 90 33
18 377 100 71 91 47 84 87 40 30 49 64 56 35 34 32 29 95 22 86 116 102 88 79 105 67 107 43 53 69 99 27 20 93 120 108 110 83 57 78 58 36 33 106 115
19 422 44 51 36 66 32 95 52 75 57 28 109 43 84 111 55 116 80 96 73 83 38 37 22 117 68 119 65 23 90 33 102 24 26 93 108 46 20 35 97 89 103 81 27
20 319 94 47 114 83 62 28 107 103 69 44 43 22 71 33 64 29 80 25 32 77 79 46 90 63 85 58 111 59 119 41 74 40 52 95 31 50 72 98 116 97 65 53 49 87 110 73
21 259 71 43 102 59 85 22 37 104 99 80 28 120 81 47 113 89 67 54 110 101 24 74 87 38 55 53 105 91 79 82 72 69 103 64 31 32 34 29 36 57
22 398 63 99 49 47 58 60 102 33 109 70 73 96 66 59 25 120 64 30 91 88 31 29 40 26 56 87 32 24 42 111 116 84 85 36
23 268 98 66 77 34 103 45 111 41 49 84 44 56 92 120 100 57 58 48 86 46 47 81 64 94 62 116 88 97 42 54 112 51 110 115 63 109 80 37
24 334 55 113 107 111 49 110 93 67 94 64 74 99 79 27 88 39 102 96 85 43 68 33 29 105 114 87 70
25 339 72 98 33 56 31 99 108 53 79 100 60 47 107 91 95 83 36 78 32 120 110 116 109 75 115 64 39 44 97 28 105 57 61 112 111 59
26 262 86 45 53 28 97 84 81 118 120 71 85 41 42 39 77 62 111 79 50 63 68 76 115 59 56 58 119 33 94 96 109 30 52 91 66 27 44 101 104 36
27 399 118 53 83 111 71 43 94 77 89 40 81 66 110 42 44 90 36 108 33 85 93 38 50 39 47 45 86 88 106 99 51 34 87 61 37 28
28 289 34 92 119 69 99 95 106 57 108 36 47 81 91 115 94 67 82 53 44 32 62 73 30 55 111 35 88 75 66 79 31 77 93 112 83 101 120 102 87 54
29 341 101 39 112 66 75 110 109 45 43 42 102 59 74 78 32 96 49 54 100 104 69 91 53 37 119 94 73 40 35 34 88 52 82 84 68 44 38
30 370 84 42 119 55 82 89 66 72 101 64 103 45 46 58 52 100 109 85 34 75 32 80 40 93 87 69 36 48 61 70 56
31 263 41 59 105 53 46 94 47 60 91 100 77 64 35 86 52 116 32 95 120 98 109 76 69 71 75 78 74 80 115 58 88 44 83 87
32 425 83 67 35 107 91 120 106 90 76 50 77 78 89 69 116 36 84 95 41 100 52 101 60 94 68 111 85 73 118 48 88 56
33 312 45 87 112 96 115 44 56 69 71 93 86 38 85 104 67 42 64 89 92 98 79 51 95 116 80 101 48 75 83 97 68 105
34 372 65 69 58 48 43 60 96 73 66 104 102 42 101 49 86 120 44 72 51 93 35 37 54 83 40 39 50 91 81 112 61 99
35 310 66 84 109 45 56 59 117 89 55 43 105 118 98 54 49 92 69 86 50 38 36 119 57 111 80 44 106 71 112 53 39 102 46 62 85 75 100 99 91 113 108 51 77
36 318 50 97 37 96 44 101 52 87 91 55 81 73 120 85 117 46 82 78 43 99 62 84 76 86 60 105 98 65 53 109 102 103 116 83 106 67 40 92 51 48
37 361 44 61 107 105 99 77 115 91 97 111 69 51 114 75 113 96 119 90 76 53 62 85 58 98 74 42 48 108 101
38 251 47 79 90 100 46 98 78 75 81 95 87 120 80 43 112 76 107 104 72 84 91 117 67 50 65 57
39 388 116 117 86 67 79 83 87 91 56 81 105 68 119 71 96 54 95 85 70 49 58 97 101 88 62 61 113 78 45 51 90 82 55 118 43
40 391 82 64 43 87 72 118 117 47 93 55 42 59 83 48 58 68 100 45 106 105 99 113 114 60 69 78
41 354 87 79 113 63 69 108 64 92 119 99 102 85 74 76 66 109 78 116 91 106 105 52 88 65 57 89 84 70 56 117 120 47 43 94 104 107
42 255 103 99 60 109 120 78 84 86 82 114 54 117 110 81 85 83 71 113 108 67 92 73 43 97 105 90 56 93 46 52 89 79 68 45 106 116
43 382 74 62 91 51 69 73 99 63 95 56 83 52 57 53 64 100 93 54 45 96 109 79 107 58 71 110 103 80 78 117 97 55
44 306 97 100 102 72 87 119 106 92 90 56 108 116 98 115 54 45 68 53 73 69 58 117 78 52 48 70 118 74 95 77
45 312 51 73 87 102 117 61 76 106 69 114 99 78 115 52 75 83 53 120 95 116 70 60 91 74 103 119 107 85 58 79 57
46 264 76 101 99 80 118 59 65 56 57 54 51 75 105 110 58 78 63 94 97 79 81 114 103 82 86 107 70 52 109
47 424 100 94 58 50 96 52 101 76 81 64 119 110 55 78 67 109 85 82 114 93 112 62 73 111 116 102 120 103 69 98 87 80 72 105 104 71
48 312 49 79 53 117 94 92 50 113 62 81 109 74 65 64 69 83 76 118 90 68 99 77 80
49 298 55 69 62 77 82 58 87 116 65 98 74 84 59 90 97 120 96 79 110 83 81 108 112 78 57 56 113 100 102 70 117
50 335 117 76 56 59 104 58 115 97 62 118 61 80 93 79 83 96 52 111 85 103 74 110 86 113
51 367 108 118 113 95 72 84 66 98 89 65 59 99 103 94 80 105 111 53 79 93 92 88 64 76 106 63 119
52 360 53 55 64 113 60 87 111 73 119 108 93 61 110 88 89 69 54 75 85 71 114 82 118 70 107 83
53 333 65 113 117 79 56 101 92 60 62 64 107 99 119 80 84 87 67 96 85 91 110 82 104 74 93 58 108 61 72 59 57 83 55
54 307 64 102 105 68 55 88 90 93 72 107 110 58 87 85 91 84 79 100 116 65 81 75 78 63 60 112 118
55 428 93 104 60 89 84 100 63 95 83 108 65 91 118 70 105 96 85 64 115 113 74 116 73 106 97 81 94
56 276 67 81 77 90 69 109 102 115 88 112 65 120 64 71 66 63 113 108 62 76 60 78 74
57 296 85 104 98 93 58 70 77 82 106 66 116 62 69 64 103 95 100 78 88 65 113 115 107 59
58 439 101 96 80 82 97 68 81 79 87 59 62 102 114 104 115 100 73 111 112 120 107 74 60
59 272 74 78 85 99 106 105 118 120 63 75 117 110 112 81 95 104 98 94 64 61 100 67 90 80 73 62
60 289 65 84 117 79 76 85 73 100 98 108 113 93 74 62 120 67 86 89 97 119 95 66 103 77 70 101 68
61 293 70 117 93 113 110 81 88 87 90 116 67 99 106 96 82 105 76 102 119 100 103 118 75
62 383 98 90 114 91 95 105 80 118 99 63 106 111 109 75 116 71 94 104 113 68 83 93 72 101 65
63 324 108 81 96 77 100 94 117 78 98 67 90 116 115 99 92 111 76 69 105 84 83 120 88 82
64 450 87 89 115 116 91 67 102 120 78 72 117 79 101 108 95 77 112
65 296 119 113 96 79 99 98 68 88 87 104 103 91 97
66 254 81 114 69 111 117 94 74 86 106 87 84 79 88 97 72 100 108 105 113 104 118 95 85
67 301 110 92 106 114 94 87 99 103 113 120 108 117 90 85 115 75 78 82 119 80 76 77
68 394 83 73 99 72 98 101 108 95 80 90 79 78 91 114 75 110 70 106 105 96 87 112
69 305 111 101 113 89 90 77 97 81 116 102 110 103 79 73 117 106 91 120
70 293 97 118 98 86 92 80 100 73 110 91 82 74 107 113 103 116
71 383 111 102 73 85 76 98 91 100 87 95 117 104 93 119
72 324 76 91 84 86 96 99 102 119 74 100 114 73 112 95 93 120 103 104 113 118 80 79 117 77 88
73 257 114 96 106 108 75 112 85 78 107 98 111 77 105 87 101 110 100 103 102 76
74 296 110 76 75 99 78 92 114 108 103 106 87 83 113 98 79 96 93 85 104 95 94 119 116 102 97
75 447 93 113 100 103 84 88 76 110 91 101 108 85 78 118 120 81 115 86 116 80
76 332 81 111 116 83 82 86 78 93 107 80 108 77 117 101 103 105 120 114 118 90 92 84 97
77 413 95 120 112 101 110 119 80 91 118 87 108 88 109 99 116 100 115
78 255 87 118 99 96 109 103 119 85 101 98 94 91 104 88 81 89 120 80 90
79 336 109 112 100 108 99 91 111 113 94 97 81 89 86 120 119 82
80 407 118 82 97 94 106 91 95 101 103 84 111 102 108 81 85 120 96 116 92
81 257 90 92 110 119 97 115 113 104 101 95 91 93 108
82 325 92 95 96 112 111 85 104 91 100 107 90 116 103 105
83 317 98 99 115 117 89 88 96 116 105 106 119 86 95 102 85 111
84 358 103 102 119 107 120 101 98 117 100 112 109 110 118 93 95
85 315 115 101 116 96 117 113 107 87 95 89 88 94 114
86 421 94 120 116 111 112 101 89 95 100 102 108 115 113 103 119 90 104 97
87 264 89 106 111 117 120 99 118 108 116 110 104
88 431 99 119 109 118 101 113 115 120 111
89 251 105 108 119 91 106 92 94 96 99 115 93 116 114 97 117 102 107
90 318 103 113 120 112 99 91 100 118 96 110 109 115 98
91 253 104 95 96 116 100 113 120 108 97 111 98 119
92 376 114 99 105 106 93 112 116 96
93 371 98 111 107 120 115 109 116 99 106
94 434 98 115 95 99 100 104 101 109
95 276 97 111 117 106 102 116 114 100 96 99 113
96 290 115 114 104 116 108 106 109 113 118 119 110 120
97 392 118 106 104 119 114 107 116 113 111 108 100
98 253 119 99 113 117 100 109 104 114 101 102
99 355 103 116 101 105 112 106 110 109 118 100 107
100 450 105 102 110 116 112 103 109 101 106 113 118
101 250 119 105 113 112 118 108 106 102 111 116
102 300 118 103 119 109 113
103 414 107 116 105 119
104 294 110 115 106 112 107 119 120 109 105
105 292 117 106 110 115 111
106 346 109 120 107 119
107 273 113 116 114 115 108 117
108 381 120 110 119 112
109 371 110 114 119 120 115 117 113
110 287 117
111 342 113 115
112 357 119 120 116
113 292 114
114 351 118 116
115 254 120
116 322 117
117 424
118 285 119
119 463
120 252
