120 1000
1 359 26 75 108 7 78 8 91 55
2 272 101 22 37 28 94 95 71 113 8 57 108 85 6 46 59
3 369 54 55 8 19 11 63 75
4 338 118 62 111 91 102 31 64 56 42 82
5 340 106 34 81 108 38 69
6 322 77 66 110 68 41 52 9 91 60 107 78
7 262 60 79 57 42 37 92 20 114 77 19 64 44 13 31 10 58
8 328 87 88 45 37 73 17 117 52 68 43 54 51 101
9 410 113 50 92 20 21 66 85 115 44 29 97 49 87 96 26
10 268 19 115 14 35 58 50 59
11 432 95 99 50 90 32 75 96 12 63
12 300 18 88 81 31 98 23 37 34 28 60 17 67 13
13 446 117 97 113 15 35 101 29 119 111
14 284 111 109 48 42 41 49 110 21 43 81 93
15 270 32 62 39 83 114 109 104 49 77 108 113
16 471 24 103 113 48 66 83 55 43
17 258 29 75 47 46 22 18 114 59 86 35
18 271 72 63 85 80
19 387 57 96 87 21 49 38 43 85
20 304 52 72 64 56 30 74 100 70 103 78 53 111 114
21 309 47 71 109 97 73 67 98 34 46
22 322 83 74 93 70 51 71 60 45 68 103
23 416 38 78 74 33 117 62 65 71 39 115 96 108 41 76
24 262 49 106 79 72 28 47 95 110
25 417 60 87 103 27 110 77 46 74 28 41 81 38 113 26
26 259 108 101 42 57 116 63
27 324 108 103 102 86 67 45 77 118 110 99 29 100 92 47 51 32 115 44
28 432 73 104 85 63 100 92 101 38 49 37
29 314 100 43 33 37 88 79
30 254 37 120 66 50 64 116 84 88 56 42 74 119 91
31 319 74 120 43 113 89 78 95 66 116 108 105 60 83
32 361 41 54 33 97 62 117 75 42 91 64
33 320 93 50 118 90 105 117 104 47
34 337 91 68 118 93 51 97 79 112 106 42 108
35 401 38 100 116 56 110 72 104 50 88 47
36 262 55 99 73 102 69 112 101 103 39 92
37 477 73 94 66 61 105 64 46 65
38 252 84 117 56 71 120 105
39 271 74 105 120 117 47 87 92
40 475 109 98 93
41 265 50 108 106 88 54 81 51 57 60 114 62 78 63
42 260 113 73 60 97 47 44 74 101 83
43 356 52 117 120 99 57 94 54
44 360 60 110 101 111 63
45 284 53 100 73 111 115 75 107 85 81 57 98 102 92
46 407 74 66 118 72 59 107 53 117 60 120 96
47 326 105 109 56 72 58 87
48 267 64 115 73 68 118
49 365 118 57 120 103 77 102
50 322 86 65 76 107 112 64 71 92
51 313 110 96 55 101 62 77 52 99 92 59
52 394 65 54 53 92 87
53 275 87 97 92
54 331 63 117 119
55 376 114 90 108 107 83
56 250 67 64 84 75 115 89 110 62
57 374 102 88 97 78 74
58 280 66 113 87 65
59 290 81 101 92 95
60 430 99 82 64 117 110 77
61 279 66 118 116 103 106 76 87
62 372 105 71 86 73 85
63 349 65 77 97 110 66 101
64 313 77 89 79 92 98 67 75 65
65 321 105 118 116 82 71 87
66 366 84 89 69 77 110
67 361 117 103 75
68 250 117 86 73 96
69 389 97 100
70 412 114 118 104 86 107
71 259 92 79
72 329 77 87 97 94 99 90 119
73 322 75 93 91
74 380 102 79 104 93 78 116 112
75 298 100 77 106 93 78 110 111
76 278 102 115 98 112 78
77 345 115 82 119 88 90 79
78 377 92 97 89 110
79 254
80 359 89 99 86
81 387
82 287 105 106 102 96 103
83 269 107 86 84 109 102 87 117
84 444 117 116 98 99 100
85 260 120
86 484 88 87
87 256 101 92 90
88 312 97
89 343 97 113 104 108 94
90 345 106 107 95
91 257 117 95 120
92 484 93
93 259 111 105 99 103 118
94 270 98 120 110
95 362 108 118 119 116
96 368 120 118 110
97 327 101 119 99
98 393 105 113 104 101
99 280 114 119
100 255 117
101 346 116
102 399 106 110 105
103 329 106 109 112
104 388 117 112 108 106 115
105 283 110 118 112
106 340 114
107 274 111
108 386
109 273 116
110 450 112 116 114
111 277 118 119
112 287
113 366
114 347
115 347 117
116 301
117 352
118 260
119 431
120 309
