60 1000
1 327 14 48 29 38 31 3 36 12 34 24 8 45
2 288 6 26 23 49 38 36 51 7 40
3 385 18 44 5 26 8 55 27
4 471 15 16 55 40 33 39 46 41 31 24 5 6
5 272 14 30 40 15 38 39 26 27 43 9 33 35 55 10 60 54 22
6 257 19 31 27 33 43 22 55 28 53
7 313 38 25 53 18 10 8 28
8 366 18 58 38 57 34 56 17 19 53 51 12 50 45 40
9 321 37 31 57 18 49 16 28 32 58
10 391 58 17 18 13 54 30 27
11 347 33 60 34 53 40 52 24 56
12 262 39 44 37 49 16 52 24 22
13 341 17 34 32 35 50 22 38 60 30 44 43
14 302 58 60 20 59 51 42 36 15
15 357 29 16 23 31 32 55 36 19 38
16 420 57 26 52 55 30 44 38
17 310 47 27 22 36 56
18 270 41 23 51 27
19 277 56 24 57 46 39 27 23 29 45 33
20 367 46 23 48 38 29 50 27 42 30 36
21 356 42 52 46 44 51 48 53
22 355 32 30 49 46 34 45 58 41 27 53 36 31 59
23 387 30 34 53 60 47 39 26 51
24 258 58 55 50 48 59 36
25 294 34 43 59 54 27 47 56
26 322 27 51 41 39
27 384 34 38 30 51 54 50 32 53 42
28 405 45 39 32 44 51 49
29 253 56 32
30 342 31 36 55 52 38 42 43
31 314 41 40 50 54 38 53 33 32 58 55 45
32 327 38 60 57 50 33 37
33 359 47 45 38 43
34 329 43 53 56 40 58 49 51 47 44 41
35 412 41 59 43 60 52 44 36 46
36 259 38 41
37 294 60 43 58 45 51 50 38 47 55
38 318 58 56 43
39 388 53 54 55
40 462 47 51 41 50 58
41 261 59 42 52 48 44
42 277 53 54 58 46
43 408 57 46 53 60 56 45
44 338 56 48 58
45 254 46 60 57
46 360 55 51 59
47 384 58 59
48 256 51 56
49 264 50 51
50 348 60
51 388 56 58 52
52 355 59
53 389
54 256 60
55 390 59 60
56 339 57
57 271 58
58 341 59
59 383
60 276
