249 1000
1 379 85 34 198 33 186 20 89 228 166 153 123 140 10 193 162 80 73 19 58 113 213 2 206 76 196 245 221 119 155 130 81 177 211 7 60 65 122 189 159 44 30 171 224 247 36 197 46 168 120 207 174 29 49 220 75 37 205 22 233 83 112 146 101 96 219 175 79 18 21 48 45 139 86 55 128 9 26 64 50 66 103 217 208 164 184 152 69 227 12 135 14 129 61 235 16 78 102 216 131 52 95 178 54 23
2 337 102 52 60 141 57 41 4 152 133 229 248 11 210 236 35 164 136 64 196 153 244 198 48 214 184 199 76 165 135 108 160 170 241 230 148 9 5 114 70 26 39 61 193 182 77 78 212 171 81 8 40 66 226 125 211 119 163 130 228 42 94 173 28 58 107 98 71 53 12 247 181 123 80 127 240 44 25 33 126 55 203 142 131 23 83 191 15 24 69 118 139 20 103 91 238 194 185 225 183 82 129 209 204 95 137 220 179 233 144 151 54 201 105 104 158 68 216 222 208 235 73 246 177
3 284 176 17 208 97 53 123 180 221 5 15 48 175 19 98 202 115 74 51 232 146 245 21 76 229 191 143 29 159 26 151 112 189 194 6 158 166 46 235 40 233 138 169 122 203 25 165 127 83 59 161 141 105 190 177 204 216 156 212 42 249 179 186 108 110 247 80 116 170 155 10 225 242 118 86 200 93 36 126 72 215 173 142 224 96 4 145 217 172 45 135 37 8 153 13 226 84 68 67 12 66 87 27 222 149 79 70 75 60
4 381 147 154 66 118 248 198 97 85 60 10 159 217 43 113 21 98 141 201 61 238 226 152 100 99 221 150 149 131 48 185 8 199 105 42 88 34 211 93 106 52 240 236 218 124 53 194 186 169 191 231 44 7 81 94 244 171 130 178 129 9 164 175 74 11 137 180 168 35 89 242 126 192 235 20 13 202 213 14 132 39 37 162 234 225 195 227 64 222 145 62 219 107 6 232 203 123 115 51 45 177 228 220 27 229 12 18 135 15 230 122 68 17 90 205
5 275 119 26 223 164 165 183 74 227 72 150 68 91 44 215 102 195 141 136 146 60 34 140 62 82 167 193 35 182 170 155 225 22 113 58 123 138 246 188 98 53 220 132 231 122 114 17 189 83 214 49 23 87 176 134 230 184 143 109 16 151 13 149 118 54 249 234 187 36 216 159 30 168 75 46 126 147 154 127 172 237 28 219 242 194 8 133 222 76 47 125 48 139 244 85 179 245 100 104 11 89 38 160 43 161 55 97 59 42 45 20 88 248 213 171 173 110 243 117
6 344 157 59 80 210 242 75 211 126 67 184 87 201 110 20 186 241 11 182 198 156 204 84 109 144 169 32 214 51 52 35 246 34 21 151 82 45 122 100 171 233 15 187 57 175 237 65 25 93 62 129 107 85 202 174 208 142 106 195 97 102 101 38 41 197 17 98 249 64 213 43 207 36 239 226 69 191 148 168 215 222 91 146 143 114 229 117 189 216 145 167 138 131 94 127 160 247 70 200 54 162 190 73 193 26 150 74 223 232 179 63 149 221 120 99 152 154 18 50 78 58 212 161 37 248
7 268 162 119 105 41 240 171 78 151 39 71 64 73 180 173 196 241 17 62 22 116 43 172 100 132 45 66 74 96 220 216 177 189 8 52 128 146 181 80 243 163 102 111 239 205 58 167 134 32 112 104 118 219 31 238 228 184 166 114 155 28 37 122 183 245 14 59 49 40 15 190 113 156 185 61 16 222 198 211 42 247 140 244 121 143 231 214 179 30 227 35 139 136 208 124 11 201 170 152 203 224 168 141 149 50 13 165 90 127 48 130 33 54 226
8 368 143 249 117 108 154 153 245 217 79 132 186 165 22 111 229 56 172 43 145 13 100 179 122 29 201 244 243 191 44 164 103 188 204 163 124 150 227 16 193 105 28 52 184 226 129 220 148 25 45 206 121 205 70 63 207 216 136 74 175 82 97 67 27 98 208 116 53 224 151 190 242 32 223 21 11 156 51 18 114 149 133 73 40 177 231 139 65 166 200 19 233 126 173 147 86 95 88 158 161 118 84 24 181 160 219 214 131 225 211 31 218 209 110 80 61 146 142 199 222 46 234 75 183 202
9 364 165 158 124 13 212 17 160 246 210 178 209 191 195 149 75 79 217 204 69 46 162 73 237 136 76 107 245 74 213 48 44 235 30 125 189 104 128 43 22 215 81 86 109 92 57 11 211 187 173 236 63 112 18 175 231 196 167 101 230 33 188 144 172 182 31 60 135 62 102 150 47 50 110 105 238 154 193 152 130 37 179 122 97 116 199 118 119 77 159 80 90 229 26 95 53 55 224 127 140 94 29 96 78 201 157 115 242 113 239 177 247 93
10 375 96 105 135 137 200 57 206 156 60 168 40 182 52 165 221 163 172 223 22 144 34 77 48 199 222 102 90 143 39 103 142 226 134 228 227 218 49 161 229 212 36 89 86 120 71 141 170 24 59 145 179 191 58 76 157 166 153 117 140 175 246 112 244 242 18 93 106 62 104 108 209 186 213 64 188 88 146 12 207 152 216 124 164 13 178 123 197 128 247 14 41 130 151 110 69 11 225 125 193 54 94 192 198 38 136 67 116 61 241 217 189 66 68 249 109 121 201 47
11 349 137 96 169 39 146 147 233 145 55 164 199 231 16 154 244 44 104 113 138 110 68 248 20 201 83 105 152 46 89 203 79 207 31 49 23 97 76 95 61 84 242 140 234 100 25 151 21 122 227 38 205 91 158 225 56 213 108 226 220 32 171 216 98 41 246 211 30 209 219 144 241 239 198 99 66 22 178 88 57 215 15 133 43 70 52 162 192 134 48 236 71 229 36 148 101 232 132 93 208 184 64 177 186 176 136 130 77 87 54 181 34 86 69 223 67 72 240 228 149 183
12 276 81 231 222 162 245 147 217 152 41 90 125 145 96 102 246 58 46 92 51 177 23 70 24 185 159 19 200 242 201 227 204 122 167 64 142 247 174 101 166 176 121 216 208 209 192 99 165 109 196 199 84 212 22 164 77 157 35 160 140 91 13 114 83 105 95 224 136 67 175 16 172 42 132 112 87 155 184 106 94 171 68 213 15 141 233 202 86 78 168 198 161 116 190 149 230 225 26 151 85 189 221 82 18 54 55 61 57 124 211 66 228
13 291 219 124 158 49 41 186 148 143 102 153 173 233 22 97 163 50 39 91 112 199 15 200 77 142 228 106 248 104 82 92 31 194 45 155 67 154 85 96 26 60 71 239 192 75 136 182 105 123 180 151 74 221 174 176 99 133 118 218 146 69 113 30 130 157 226 20 81 205 185 207 87 37 211 72 216 27 227 160 159 115 246 120 111 178 40 86 29 32 187 128 241 214 53 24 167 61 242 137 80 184 191 55 56 101 42 197 220 152 224 63 48 208 64 122 243 94 134 212 34 46 121 195 232 132 138 140
14 432 233 154 247 114 241 224 228 210 19 174 133 61 29 123 21 236 178 126 101 136 214 120 74 119 24 146 249 37 197 130 23 33 50 25 112 94 145 180 35 53 84 110 95 105 183 76 141 51 148 219 62 192 225 177 156 98 169 92 238 232 181 248 67 134 34 164 161 111 237 118 43 44 209 149 124 222 216 65 204 125 40 81 117 18 113 213 240 168 196 55 28 245 150 142 152 157 47 190 31 131 167 239 217 179 15 220 207 56 163 32 26 108 212 191 201 138 121 127 17 188
15 277 183 247 79 23 217 45 126 47 55 33 152 117 125 139 64 245 222 244 214 208 48 132 95 49 105 165 61 83 66 173 78 224 72 156 198 37 187 22 68 35 238 175 140 186 158 58 137 88 65 36 227 121 213 38 192 149 24 108 210 27 170 194 189 128 28 91 219 136 53 185 16 101 75 92 103 171 212 197 86 159 151 168 34 164 200 141 215 71 90 26 209 196 135 234 87 119 84 114 178 225 109 174 122 206 29 70 42 106 131 163 80 249 44 153 81 50 77 85 30 20 218 54 154 52 25 21
16 371 79 178 47 116 177 206 196 123 157 198 120 222 181 62 164 212 236 223 247 148 20 169 101 61 158 193 26 199 144 183 139 94 42 48 228 53 216 143 65 59 132 230 194 152 150 122 174 66 241 125 237 30 52 244 153 78 191 70 246 44 117 22 205 172 173 136 159 104 105 85 113 168 135 208 231 68 235 204 71 23 46 211 55 189 202 141 176 93 64 195 165 220 112 57 133 190 92 90 221 103 40 63 111 127 35 74 138 179 49 151 69 27 121 200 249 38 60 43 162
17 343 178 86 135 107 95 122 154 239 92 79 28 68 82 98 192 214 131 37 147 100 165 133 27 43 207 235 221 69 77 199 71 209 39 246 23 54 90 134 136 41 167 18 112 237 217 129 163 84 63 227 72 73 148 105 210 19 176 25 44 159 102 89 124 132 193 115 70 110 123 216 211 186 116 245 198 151 121 187 113 200 49 30 179 29 224 127 48 119 238 58 103 225 230 21 76 75 97 81 152 191 169 204 248 157 181 168 140 196 26 222 144 65 36 85 96 50 171 111 31 83 57 32
18 286 69 244 246 145 171 163 220 34 99 249 232 112 175 227 234 96 61 153 241 204 101 46 217 113 23 122 154 230 115 57 133 28 236 219 140 129 192 141 100 54 85 137 208 240 70 169 27 130 125 90 193 186 180 135 45 126 201 229 60 143 132 218 210 72 214 33 88 215 91 58 160 47 207 94 184 59 147 77 159 35 144 248 37 178 67 68 191 173 25 239 222 206 109 93 89 177 221 131 104 20 189
19 254 97 27 98 210 160 178 96 217 212 176 227 169 75 28 162 36 155 29 99 94 214 248 231 173 183 84 102 46 148 24 215 128 223 181 168 106 219 156 170 50 68 53 150 81 177 163 118 194 79 95 157 187 180 73 130 104 59 77 236 154 208 69 20 216 238 151 197 71 105 235 101 112 114 204 78 136 57 242 206 54 120 246 213 86 199 224 174 249 137 49 226 230 232 138 119 188 83 193 127 129 100 167 37 26 74 62 76 33 131
20 393 130 127 83 213 128 30 55 34 150 189 52 85 211 203 226 239 221 27 100 92 71 87 136 184 227 113 95 176 238 242 168 58 84 65 115 170 178 169 234 162 97 207 109 247 138 102 33 98 154 129 179 39 108 197 217 134 82 26 38 131 155 69 177 210 232 214 229 212 56 117 43 104 29 116 219 79 147 132 236 223 172 112 156 94 191 44 90 107 167 31 173 243 208 165 67 122 114 74 152 230 47 118 204 202 142 158 209 120 244 166 228 88 164 23 195 187 224 78 22 198 42
21 353 233 86 177 239 165 120 66 245 73 37 173 104 87 135 33 169 98 185 191 187 217 43 167 122 56 105 212 202 103 81 32 79 238 229 113 101 188 175 112 179 121 182 208 60 77 172 139 92 201 94 180 194 107 119 53 100 45 176 195 39 35 65 181 142 211 22 151 147 156 28 204 243 24 83 46 223 153 42 249 88 130 44 99 199 237 85 207 110 228 145 137 198 138 162 159 127 84 174 219 23 192 150 241 59 115 215 206 27 36 63 34 222 164 52 171 205 133 67 134 148 72 69 68 114 146 109 89 248
22 271 115 186 42 224 101 34 108 200 177 226 118 249 52 242 111 155 248 199 62 103 130 137 28 148 195 157 88 239 230 213 124 161 64 136 227 32 222 135 97 233 172 71 79 122 160 232 209 76 192 229 94 27 31 243 142 173 121 184 188 126 174 211 143 86 167 39 24 214 123 91 40 38 68 127 169 65 152 210 116 80 140 132 218 182 198 247 105 73 92 228 57 129 216 93 48 49 59 162 231 120 235 236 147 50 96 54 146 154 139 241 84 99 196 74 245 131 225
23 426 170 79 141 29 55 233 171 123 31 100 177 181 230 115 94 224 118 180 105 220 103 34 147 122 211 175 83 36 47 158 193 248 119 247 185 129 154 239 69 176 88 68 104 75 195 110 126 186 53 39 174 166 28 163 226 26 114 183 242 91 66 132 52 215 128 72 217 120 57 61 240 159 142 204 108 234 249 201 135 90 164 146 218 188 80 43 46 65 196 86 98 138 184 113 140 161 231 60 237 206 102 212 156 148 58 182 109 245 246 42 229 219 117
24 303 96 169 120 127 140 178 208 99 45 25 79 222 83 184 246 58 185 183 56 205 171 95 33 217 232 219 192 36 139 57 67 41 196 88 244 89 85 63 231 113 69 39 101 249 100 203 87 146 49 117 90 227 27 138 220 154 161 193 242 160 155 94 59 133 104 197 29 54 179 126 125 46 149 148 102 153 61 128 223 80 141 53 134 51 168 65 186 50 64 204 180 209 226 243 234 164 200 31 109 233 115 174 212 187 190 81 84
25 292 138 201 34 236 107 112 85 209 63 215 58 134 213 51 176 78 80 97 43 226 104 62 45 161 154 100 83 235 101 195 53 27 163 81 94 230 30 38 31 171 35 202 131 174 89 65 146 170 162 136 210 26 248 28 218 190 197 149 184 87 198 231 93 244 204 70 41 183 68 90 168 52 75 227 158 185 229 200 189 187 249 177 123 121 144 169 143 77 111 82 175 61 40 224 124 48 137 180
26 305 241 27 142 235 107 64 52 209 82 58 188 249 219 134 105 163 204 144 85 248 224 195 220 218 187 201 194 123 111 153 147 167 121 59 240 67 192 109 236 200 77 40 143 99 231 126 156 157 131 232 203 151 113 215 108 106 198 94 196 110 76 137 61 169 45 44 176 42 214 81 129 68 128 175 181 233 170 29 83 49 190 154 207 118 178 246 237 57 177 79 199 30 95 103 174 101 46 183 179 97 69 228 70 182 160 124 116 125 92 88
27 403 73 245 133 155 178 157 115 209 148 223 54 136 184 149 118 219 173 154 174 81 167 33 229 221 226 47 83 143 193 140 68 150 228 222 107 62 51 134 194 240 179 63 211 46 220 166 170 206 177 119 195 144 216 130 44 56 122 36 64 204 246 217 93 191 151 31 113 175 74 102 238 94 123 237 186 101 139 53 218 196 230 198 202 127 244 125 92 38 241 104 71 153 163 160 100 82 91 199 180 59
28 266 147 80 76 191 223 103 173 231 244 239 62 100 85 229 249 70 236 245 215 178 233 99 129 168 143 218 221 165 135 179 151 39 63 107 36 30 159 122 199 38 47 137 52 145 97 118 228 59 48 246 112 121 205 226 133 58 115 207 247 127 169 177 204 163 155 123 208 240 42 53 162 212 164 166 198 43 187 91 94 170 113 148 248 83 242 68 234 111 150 238 200 211 152 149 72 61 224 171 71 116 57 109 120 186 174 136 230 156 31 106 130 77 237 34 117 180
29 399 30 231 120 111 78 215 53 113 37 41 227 39 62 32 205 117 101 182 189 50 67 89 223 142 230 159 153 221 139 164 162 49 247 118 68 146 88 123 143 90 112 204 187 196 87 192 150 72 169 136 59 74 160 161 214 246 100 210 199 110 95 75 86 174 219 195 207 172 104 242 152 167 236 125 128 248 102 229 114 119 212 184 194 237 61 245 220 141 73 144 168 51 83 96 60 177 135 140 108 211 165 65 166 155 126 244 185 121 36 197 58 163 145 190 81 137 226 107 157 71 154 130
30 335 168 153 216 132 154 31 111 223 73 233 166 68 126 41 136 204 191 161 155 210 77 75 87 55 39 175 46 78 178 139 114 149 100 190 202 181 239 93 133 67 198 141 116 201 199 184 240 52 248 120 215 213 229 162 235 150 167 200 56 122 92 188 70 108 81 50 196 51 182 42 119 107 234 151 177 34 71 84 205 64 61 45 217 187 44 109 80 47 170 243 144 110 134 148 138 224 218 231 32 193 66 135 246 145 115 76 146 238 49 85 152 94 36 225 173 156 185 147 206 130 230 123 140
31 252 183 196 64 48 133 230 166 131 67 70 193 155 58 160 124 52 198 169 72 78 132 57 186 207 163 152 126 165 122 141 66 226 88 168 135 103 159 246 231 118 162 144 50 105 157 222 69 136 233 63 79 139 46 203 125 138 149 113 96 130 40 45 127 197 206 36 68 95 71 167 56 241 171 184 86 225 75 234 176 97 123 61 98 89 93 245 154 59 211 55 212 121 223 54 243 134 145 38 224 249 112 150 156 214 236 77 190 53 108 91 244
32 415 205 88 191 72 232 51 203 197 101 180 39 110 234 129 159 113 218 109 164 151 204 138 208 83 166 189 79 62 112 76 125 106 176 128 167 93 70 108 82 219 165 178 199 227 168 71 210 91 85 136 117 146 69 157 111 35 122 102 247 38 97 239 185 187 142 78 127 87 121 75 46 173 162 107 119 81 148 90 233 130 225 61 64 190 104 80 244 60 96 123 144 115 231 175 200 132 238
33 333 41 169 157 191 233 59 149 129 119 166 92 152 227 121 100 205 184 226 37 242 167 103 218 241 126 221 174 146 148 117 208 75 154 159 170 240 178 112 249 207 134 76 107 222 80 179 110 175 77 82 101 113 34 153 106 122 57 111 88 125 237 160 51 204 95 156 172 105 142 180 65 60 68 90 44 109 177 173 189 196 81 162 214 239 188 206 194 53 185 124 230 73 91 35 54 131 198 210 139 94 49 243 141 61 231 127 130 67
34 251 221 80 189 129 179 214 75 170 37 237 49 68 94 115 117 171 151 218 149 108 88 38 231 186 90 48 227 131 64 166 40 121 66 78 190 106 204 100 118 144 87 79 76 211 223 216 147 63 113 47 162 69 125 153 98 135 128 45 59 127 178 158 161 213 60 168 208 120 156 85 225 246 210 132 51 165 175 105 142 36 238 167 74 249 236 198 133 122 86 82 52 42 200 109 199 193 91 134 205
35 469 64 174 233 227 99 88 215 40 149 83 167 239 46 222 181 173 201 199 192 194 37 223 134 43 72 124 71 162 145 198 178 126 69 136 62 224 52 103 231 226 48 152 93 98 119 58 138 80 73 87 160 175 246 161 129 244 177 147 235 42 97 44 77 125 164 139 148 63 237 208 127 187 150 210 86 207 163 230 109 106 232 141 236 36 91 128 146 228 172 229 153 114 53 41 57 49 133 120 76 68 180 188 191 39 182 170 95 90
36 280 124 158 95 88 193 86 118 110 240 131 65 183 61 152 155 54 85 108 121 157 206 150 66 58 205 112 82 241 80 120 204 55 43 130 244 178 172 212 209 231 90 141 186 208 96 179 53 77 243 191 203 180 129 199 50 127 174 182 119 79 161 222 105 42 101 123 76 126 164 242 71 91 59 230 45 64 214 73 149 168 132 245 128 216 38 162 115 224 87 246 111 138 92 219 173 135 156 160 133 83 68 89
37 313 222 55 85 180 179 82 129 140 194 102 231 143 203 197 54 237 134 73 183 98 219 87 241 184 70 242 176 50 58 53 110 167 135 181 130 122 161 170 59 207 72 240 126 63 193 214 182 215 186 94 71 190 103 146 148 40 228 163 41 177 168 166 156 95 221 108 133 239 229 169 38 136 145 76 127 238 232 223 132 99 159 235 185 234 79 97 172 75 81 77 65 147 204 160 47 188 68 174 151 246 249 106 227 189 120 218 225 150 153 195 118 224
38 396 218 167 55 91 59 53 90 243 108 94 191 206 114 57 211 148 116 144 155 128 127 75 41 248 74 92 158 81 245 228 205 106 216 118 87 48 177 235 157 159 89 88 122 85 63 66 207 101 165 62 196 110 105 46 124 95 104 244 84 56 171 152 193 103 43 123 79 98 138 197 80 83 154 72 130 198 231 140 224 71 107 150 210 139 223 40 203 50 194 227 172 237 45 44 153 189 73
39 291 92 196 97 93 246 235 221 98 103 227 198 65 137 78 240 200 226 150 170 133 184 237 67 101 205 156 215 80 124 59 232 95 231 249 106 112 178 199 177 213 45 41 216 75 108 143 114 55 126 82 192 110 120 155 204 100 76 201 234 49 123 60 190 83 229 54 218 244 207 135 180 203 182 89 86 71 64 142 173 228 159 195 115 68 148 81 40 167 102 224 85 70 50 132 245 214 140 181 134 175 66 130 62 239 225 217 183 139 165 88 219 149 194 122 44
40 336 162 141 84 105 154 115 157 205 150 118 240 129 249 210 216 159 62 74 167 184 199 89 93 166 152 83 53 233 242 120 52 135 189 221 112 69 80 158 54 200 201 190 61 77 177 128 170 130 42 50 78 196 234 71 194 226 171 232 91 146 127 155 237 82 68 94 224 58 122 229 43 116 136 104 66 164 211 165 215 48 147 182 123 134 151 172 67 51 175 45 246 187 169 156 223 47 98 138 117 109 99
41 323 81 216 113 180 242 97 244 101 245 114 78 108 157 106 212 73 223 93 199 94 59 115 234 80 75 164 128 127 179 228 116 156 158 239 227 149 47 123 202 169 120 229 209 122 207 166 79 87 189 63 246 61 203 198 46 83 163 53 175 82 184 65 55 188 58 217 90 243 155 99 76 98 170 102 150 160 201 62 236 220 221 118 145 121 240 222 107 95 171 226 88 161 103 77 178 196 213 68 162 215 69 208 248 134 139 197 50
42 341 58 178 183 78 196 141 71 76 184 51 202 131 67 179 142 89 85 63 97 119 220 92 234 160 105 111 186 236 162 116 171 169 114 81 239 95 134 69 52 123 197 154 200 55 68 192 194 191 249 241 59 122 182 237 77 112 193 168 190 137 47 218 48 130 172 214 163 64 173 180 144 54 86 103 118 208 73 244 174 126 106 213 170 189 246 56 159 150 219 99 107 84 242 53 46 94 93 104 223 90 238 80
43 355 112 147 164 195 246 45 121 159 131 59 156 223 118 190 174 98 218 161 232 249 242 189 67 132 162 58 160 228 53 74 163 247 141 122 66 224 123 152 234 99 148 193 105 115 182 155 57 170 119 116 171 130 214 204 239 173 158 54 184 85 47 125 55 169 137 44 235 179 211 93 62 181 222 244 185 96 64 210 136 109 187 191 75 217 192 144 84 79 114 198 126 113 46 86 177 154 229 103
44 373 216 150 63 47 222 93 82 84 218 52 89 45 83 173 94 122 143 174 170 140 154 195 201 146 189 225 114 217 74 73 141 205 245 99 79 190 87 86 212 80 134 90 48 187 69 142 230 155 51 248 171 236 210 208 101 112 128 62 55 66 130 144 161 235 160 185 88 149 193 120 242 137 104 67 239 136 105 214 102 145 100 75 76 77 204 234 64 243 147 233 70 220 209 98
45 272 53 176 115 221 78 177 113 152 197 106 178 143 184 69 121 87 132 59 73 134 165 70 194 110 107 118 99 86 124 226 111 222 192 75 62 228 183 160 195 233 105 57 94 186 239 46 230 206 109 213 85 126 103 104 201 163 235 80 219 55 66 216 204 146 248 241 189 191 63 249 141 185 193 58 157 116 234 182 215 220 205 93 123 227 151 128 158 236 144 64 49 174 84 92 162 217 82 122 208 120
46 390 79 86 197 191 93 186 57 78 225 200 244 172 70 194 110 82 54 190 136 207 77 165 151 92 126 164 135 159 91 170 181 143 174 123 199 94 68 239 49 184 125 76 62 59 111 157 214 202 182 81 189 97 156 140 180 47 205 162 210 127 150 160 187 115 220 131 154 130 55 60 206 101 56 64 232 215 69 98 163 226 177 71 52 152 87 48 195 133 233 209 204 198 102
47 268 220 154 148 60 249 109 115 86 178 53 215 219 204 192 164 49 214 120 167 198 202 88 108 78 93 139 240 119 135 113 134 73 235 143 76 131 221 205 212 226 195 228 189 125 72 79 122 232 133 155 211 50 168 166 62 182 105 161 130 193 77 247 227 203 118 142 65 70 94 229 224 176 67 103 102 207 206 213 100 191 242 165 140 239 145 111 187 146 162 231 87 175 81 96 160
48 342 75 238 234 119 133 132 53 200 182 109 135 154 187 243 183 90 167 169 120 222 153 147 127 74 235 108 191 70 208 62 68 230 227 152 106 239 71 142 174 225 236 172 173 223 193 246 186 114 116 144 228 148 180 100 64 137 210 156 216 88 213 211 240 96 59 232 124 247 105 102 149 83 51 194 229 221 80 189 249 126 76 93 91 207 85 170 58 245 196 79 128 118
49 280 162 107 171 204 63 159 242 181 105 57 149 240 155 228 156 197 215 227 158 161 94 120 203 113 189 133 100 164 62 110 175 143 140 244 198 52 65 217 212 121 233 167 89 210 111 80 124 53 118 130 88 137 173 66 230 200 205 60 176 138 68 77 172 69 59 249 54 115 153 236 224 219 182 207 127 166 248 237 76 141 202 184 178 78 169 96 81 241 51 245 214 131 134 67 187 129 122
50 308 167 224 235 207 83 76 136 171 61 228 214 151 119 71 117 179 200 215 100 160 238 156 162 242 138 212 120 185 159 104 234 72 170 154 128 106 141 188 75 231 223 147 125 180 67 110 232 115 197 244 148 230 150 153 127 91 217 220 211 77 112 52 99 248 155 186 246 210 237 116 194 219 93 66 190 126 123 213 70 134 108 205 103 90 227 88 114 121 208 193 177 51 64 107 57 79 158
51 412 143 166 57 74 90 133 79 134 206 65 180 156 96 142 94 234 246 170 217 228 73 124 221 202 106 54 138 158 165 225 179 66 191 241 103 58 210 69 81 198 125 71 176 186 196 154 224 211 110 209 67 151 248 197 84 237 135 119 159 126 231 173 169 55 88 182 123 153 222 85 52 212 121 78 163 230 76 207 122 236 59 113 215 56 205 240 140 82 183 116 175 80 223 87 164 204
52 254 130 190 143 79 151 74 56 123 152 174 201 211 177 78 126 138 141 105 183 225 119 125 81 132 101 86 249 171 96 237 203 215 199 140 195 164 236 161 155 220 102 212 223 99 197 233 54 144 229 65 192 68 116 111 188 145 179 156 200 134 62 221 217 110 240 90 243 246 196 83 213 131 136 135 139 214 228 245 117 64 88 158 191 248 118 80 124 153 95 175 231 172 114 207 60 157 94 218 170 128 163 234
53 462 234 86 164 227 88 91 215 173 89 246 110 139 92 133 54 198 125 143 68 222 141 242 152 138 80 116 219 166 217 150 97 101 201 174 109 248 64 100 216 142 249 137 74 239 180 204 66 186 193 205 132 145 98 213 200 106 104 247 163 190 95 151 114 83 90 155 58 154 192 60 135 183 196 87 121 245 85 82 157 107 128 191 71 238 240 236 182 244 188 62 237 181 230
54 284 210 153 155 117 245 115 60 213 116 226 132 185 181 157 190 170 222 55 206 78 158 166 71 238 149 220 119 123 75 234 205 73 85 179 131 247 76 77 125 228 106 57 56 136 189 244 175 221 171 227 198 82 91 162 141 178 69 72 128 94 177 151 127 186 246 176 62 214 135 154 195 59 219 161 174 229 242 92 216 65 122 192 143 87 167 164 80 207 96 97 103 215 142 86 191 108 133 235 144 249 204 83 196 168 243 187 126
55 269 177 62 216 169 176 193 214 188 112 207 96 242 76 183 241 121 129 211 130 171 238 149 91 148 105 175 101 78 115 228 201 98 107 133 88 58 127 225 128 93 110 85 217 126 163 67 235 59 164 86 135 213 141 113 99 65 150 246 109 185 152 143 157 136 174 79 224 220 194 145 249 66 137 146 166 56 69 154 57 68 61 234 243 92 72 102 95 190 244 168 226 240 206 156 198 120
56 292 78 119 233 59 67 232 123 73 229 224 242 74 121 91 178 90 99 144 198 160 173 110 66 70 138 179 72 235 61 208 129 169 183 131 174 240 237 226 133 188 181 207 223 103 216 209 62 89 116 221 166 193 238 248 225 79 122 218 180 192 77 210 124 182 112 151 213 87 170 104 196 136 190 185 152 165 168 108 81 65 231 214 187 60 146 222 97 147 199 58 154 83 135 205
57 439 213 245 113 237 103 166 129 205 119 201 111 156 98 239 219 186 162 65 140 158 115 82 61 230 145 104 175 138 106 215 248 174 110 221 128 208 80 179 96 143 165 184 95 236 234 67 224 100 207 77 148 243 249 211 168 72 94 91 124 137 155 62 89 163 203 196 161 209 222 69 142 197 112 171 79 218 149 157 190 167 136 123 191 73 220 147 154 244 99 127 247 178 170 121 159 223
58 262 238 134 139 59 87 228 142 157 156 102 107 121 187 176 149 185 115 127 73 94 96 165 223 128 211 116 148 92 197 111 215 150 155 113 167 207 179 132 233 239 117 237 166 224 123 108 164 119 240 109 105 221 216 186 61 89 140 152 88 126 159 110 169 182 146 98 161 203 189 106 246 75 158 218 171 60 151 83 188 172 81 99 84 177 209 70 120 220 184 214
59 404 147 186 164 118 248 150 139 111 184 114 160 245 128 205 88 98 172 193 125 190 64 100 120 103 198 170 81 84 79 158 87 157 225 166 175 76 165 115 67 188 207 110 130 239 220 233 176 168 200 196 143 72 232 246 230 122 173 203 191 109 144 201 75 192 183 217 73 106 222 66 63 151 234 231 148 83 174 69 224 167 159 129 85 227 226 169 235 249 238 149 221 236 197 80 208 155 195 71 141 107 61 187 240 70 212 99 219 242 161
60 334 191 115 86 194 241 204 247 221 206 199 244 62 182 200 127 163 133 132 242 149 146 65 144 73 209 101 141 202 201 143 77 84 114 160 229 122 136 218 177 137 148 228 219 210 61 109 152 235 116 98 74 246 181 150 237 112 64 212 103 243 178 107 168 120 227 75 162 220 240 223 125 72 93 85 119 172 166 76 153 81 180 190 161 189 79 165 176 113 188 230 87 110 215
61 375 88 68 159 171 97 137 197 101 157 84 209 125 86 122 248 227 194 114 217 181 166 226 146 183 167 127 155 179 233 192 203 142 145 225 242 66 243 164 144 71 107 187 237 78 180 240 198 104 69 247 136 172 81 214 93 110 117 135 228 244 79 116 206 133 211 235 173 105 121 208 199 200 143 103 62 182 186 188 132 246 64 223 245 119 83 67 91 191 195 218 149 63 185 231 108 139 95 128 222 112 73 184 239 160 232 189 175 90 77 96 126 150
62 319 212 102 116 147 166 83 143 219 76 152 81 150 105 155 159 244 185 132 134 246 82 68 165 93 86 144 211 222 79 162 226 191 136 96 234 229 176 174 231 98 196 247 242 181 183 118 188 240 140 217 121 216 114 225 204 127 109 248 177 187 123 108 125 101 238 232 138 221 157 106 223 160 119 73 148 184 117 243 200 213 113 104 107 151 112 169 69 237 87 207 197 178 72 80 66
63 306 168 118 217 198 190 239 88 94 204 249 156 175 160 191 129 152 80 188 77 103 157 136 64 219 137 97 119 214 102 221 116 248 142 241 101 89 209 123 147 114 247 199 240 153 107 177 90 174 138 245 173 161 169 113 178 106 146 154 171 109 115 159 68 185 182 133 73 127 196 194 95 222 134 210 78 224 148 212 120 67 81 141 243 87 92 234 187 85 140 96 166 236 207 112 213 232 183 99
64 338 213 94 229 192 248 81 245 74 129 71 151 113 188 219 93 72 217 100 78 73 173 143 167 97 122 121 164 80 218 152 118 223 115 214 85 146 165 117 212 137 205 194 92 134 84 209 89 136 215 239 125 103 175 206 220 130 238 131 171 183 166 153 197 170 204 180 243 83 178 163 182 65 224 69 109 242 75 201 82 101 231 246 133 79 105 225 195 70 241
65 398 132 151 169 125 103 104 95 155 243 158 176 108 198 182 153 90 232 244 100 204 73 110 141 98 113 161 117 123 213 144 197 160 83 214 136 78 152 200 137 69 171 146 119 122 236 111 245 205 118 222 147 106 216 173 185 163 189 191 167 177 133 86 179 130 193 142 139 150 66 91 168 109 228 220 85 124 143 208 71 162 121 74 138 114 149 80 140 218 199 94 159 223 239 190 211 240 72 186
66 264 73 226 78 130 69 190 192 132 111 181 127 248 227 77 89 197 81 164 179 218 245 165 68 159 236 119 170 246 185 79 247 134 135 156 229 174 154 196 175 186 212 114 161 163 219 231 101 95 235 249 146 123 191 99 72 98 187 133 84 194 239 223 112 216 153 225 109 215 126 180 96 200 237 177 80 149 217 100 233 147 142 121 120 241 211 201 207 195
67 326 147 190 116 238 137 108 181 191 231 164 126 115 124 138 180 91 87 182 100 201 117 242 128 112 192 109 169 186 136 218 68 243 72 77 148 104 88 97 211 172 220 204 171 229 70 110 113 94 98 173 84 184 221 160 114 207 188 185 132 159 241 161 202 239 246 105 123 78 237 213 166 125 111 80 145 135 233 226 157 170 158 120 210 193 175 227 163 179 134 215 149 248 200 156
68 313 84 86 200 183 248 201 204 87 140 149 203 115 127 106 198 169 196 93 139 92 242 165 176 83 239 157 119 206 207 80 123 89 73 193 72 190 97 81 154 218 184 88 173 180 240 225 148 171 121 162 108 170 70 142 213 146 220 110 99 131 246 221 120 194 186 150 141 114 228 96 90 234 237 227 100 219 244 235 151 101 232 147 156 182
69 361 172 198 162 132 140 180 141 218 245 192 182 195 144 171 134 90 102 216 173 107 156 80 221 117 196 150 100 174 234 190 78 237 89 148 184 109 202 154 187 220 208 126 77 247 113 87 157 188 149 158 189 228 194 201 159 112 88 199 128 143 124 165 135 181 217 191 215 136 209 101 160 97 161 127 167 120 207 163 151 122 197 193 96 118 227 104 232
70 280 230 196 80 242 86 72 126 153 81 219 75 170 165 142 226 222 180 73 106 135 118 187 223 224 210 99 117 162 150 213 121 138 216 149 183 207 193 228 100 74 160 176 244 186 147 229 174 119 141 124 134 239 167 184 123 173 103 71 190 110 206 246 161 125 90 143 111 241 199 243 85 202 97 116 175 105 172 140 221 238 93 163 234 235 197 188 104 128 158 145
71 436 242 205 173 123 164 89 137 84 185 79 139 206 194 244 193 188 192 176 107 75 91 150 126 187 233 161 225 104 241 246 203 101 96 183 120 163 235 102 208 230 115 171 245 210 129 229 234 215 196 118 138 155 184 162 81 191 85 247 160 132 110 112 78 226 119 189 217 116 221 142 179 94 177 145 114 239 121
72 284 152 231 161 138 172 217 201 186 183 85 222 99 113 117 209 180 74 215 130 101 141 187 122 174 81 115 225 133 227 139 151 193 177 212 185 246 121 220 78 236 160 213 228 158 80 218 169 128 112 216 230 238 175 104 244 134 196 232 148 75 159 82 199 132 248 208 137 168 194 147 89 107 239 211 195 96 146 100 92 135 76 233 210 234 153 200 192 77 173 249 87
73 318 233 208 248 174 85 149 117 144 100 124 217 203 89 105 168 113 142 77 240 132 213 114 165 147 81 169 115 201 152 245 128 237 218 215 156 164 87 159 177 135 227 199 139 191 150 91 127 107 82 161 175 92 232 93 224 86 116 172 239 228 109 246 204 102 157 198 120 229 78 243 192 249 74 207 126 179 171 155 247 97 122
74 318 117 217 166 173 104 193 94 152 186 200 140 232 154 114 115 175 87 79 139 101 138 203 205 89 108 247 185 159 182 156 120 170 201 143 127 97 99 248 82 121 129 88 135 161 221 93 76 119 224 157 236 199 75 237 238 215 111 198 107 165 246 222 230 187 98 218 155 184 84 216 190 179 228 169 194 92 207 178 202 151 162 163 80 188 210 86 211 148
75 364 208 218 166 244 123 207 135 110 96 107 149 168 128 194 129 202 118 139 206 91 175 227 222 221 131 100 133 83 80 203 235 113 245 177 234 115 82 246 159 167 174 151 191 215 198 94 144 233 204 111 109 238 106 157 209 120 155 184 230 121 81 193 188 122 158 105 249 214 199 114 186 101 142 228 146 124 173 79 241 211 77 212 190 232 148 169 205 116 98 185 112 189 163 210 220
76 298 147 79 173 127 111 205 166 242 149 130 133 156 212 150 114 93 249 238 126 109 222 174 102 97 96 190 215 245 134 199 85 233 237 142 168 129 110 228 189 95 84 206 219 146 138 78 152 80 100 181 204 140 224 125 118 86 107 179 132 191 141 157 188 220 223 218 230 143 87 239 187 116 119 161 214 151 209 192 200 184 248 81 98 153 145 203 170 180 231
77 352 214 163 83 236 196 205 209 106 156 93 94 133 148 95 220 208 85 237 176 107 144 165 231 82 121 135 118 187 206 123 81 175 143 147 142 210 173 226 86 183 139 186 127 219 79 222 149 90 177 120 84 203 169 136 103 189 240 212 185 249 128 213 115 170 101 223 234 221 211 162 245 132 238 111 99 137 158 200 155 218 246 89 216 178 201 134 130
78 350 157 211 123 241 170 215 226 195 90 178 237 93 88 89 159 196 168 138 128 246 240 247 95 102 145 94 151 201 136 115 190 233 232 222 165 187 189 239 217 216 244 224 192 220 182 225 99 119 228 203 80 116 100 158 209 83 248 230 120 210 234 238 84 103 132 109 110 113 137 198 219 162 212 229 85 153 206 166 148 177 202 155 181 133 130 188 169 173 134 149 204 139 218 87
79 279 190 172 96 138 140 163 229 80 223 94 222 144 155 170 227 185 160 246 90 99 241 226 154 230 87 239 198 184 85 153 245 194 202 171 224 228 179 161 219 200 158 116 95 212 84 238 129 114 203 98 189 217 209 137 148 110 119 88 188 169 91 173 206 178 180 225 117 216 213 136 157 132 141 93 232 199 211 159 82 92 143 193 215 139 183 128 142 164 112 124 182 208 100 201 145
80 407 103 215 84 183 238 220 229 189 233 226 228 244 105 110 144 159 205 120 93 208 82 128 178 239 111 89 243 169 88 216 96 126 199 91 230 155 94 117 92 153 227 130 129 191 113 140 142 194 158 213 157 195 151 81 114 177 164 119 112 161 106 196 236 123 219 87 210 241 217 222 90 162 181 168 187 202 156 107 171 122 86 225 124 249 190 139
81 314 82 94 229 106 127 196 239 124 244 179 138 176 248 128 134 207 96 99 171 191 222 218 168 247 90 245 246 183 116 155 216 88 233 180 240 98 117 113 144 236 111 235 147 140 206 86 230 119 83 249 165 146 182 217 189 114 123 103 93 198 228 142 92 199 178 215 232 120 91 167 164 200 193 87 150 107 135 194 201 231 130 209 125 177
82 326 232 207 198 210 236 176 231 190 240 212 229 124 85 116 120 93 127 100 101 164 226 249 205 112 97 113 243 119 140 174 199 133 225 185 188 228 121 156 224 187 157 202 175 162 178 104 245 87 96 244 91 163 239 151 94 129 182 111 233 137 90 109 132 158 209 183 107 165 98 149 99 167 150 192 143 208 213 172 139 189 130 118 219 160 206
83 287 160 230 149 162 128 204 143 206 136 209 198 113 229 152 127 172 108 99 103 202 133 183 188 245 141 225 241 182 159 102 146 98 223 104 101 177 173 119 132 226 109 148 163 231 110 192 194 97 224 208 212 237 167 130 210 186 100 201 144 169 185 218 232 176 228 112 147 88 154 138 243 196 247 235 150 191 217 236 200 170 161
84 387 126 89 216 97 102 244 114 155 215 158 207 98 143 142 245 153 248 100 208 214 168 122 111 91 209 202 141 151 110 242 222 144 117 204 130 217 88 178 105 134 166 107 193 246 219 230 170 108 146 101 169 172 229 180 139 185 237 103 106 120 210 182 156 221 174 227
85 383 114 103 147 109 205 97 167 187 239 117 98 108 186 91 104 245 89 169 234 133 236 159 132 115 94 214 221 151 171 209 127 135 188 96 249 126 110 142 90 243 150 102 105 175 139 86 240 154 204 178 101 131 87 122 158 184 172 166 144 197 174 248 170 219 120 160 113 95 111 230 213 215 206 181 202 183 99 137 237 232 119 140 155 149 162 143 212 208 227 182 196 93 100 125 247 148
86 336 101 151 144 153 248 205 131 192 242 108 165 98 180 216 129 157 169 105 168 133 91 224 161 102 122 139 238 87 149 107 150 160 104 230 249 92 135 113 194 229 228 179 130 128 142 111 162 191 195 184 97 99 94 197 200 182 110 93 198 185 193 89 181 155 202 239 166 218 188 148 247 236 237 126 189 199 177 210 225 178 119 174 163 231
87 281 208 105 144 103 188 240 226 145 189 242 125 94 131 146 155 107 95 205 102 199 229 211 154 141 228 249 98 175 104 216 184 117 99 218 187 142 181 134 195 245 158 215 196 227 223 213 180 152 100 135 232 90 159 212 130 91 112 209 111 139 89 168 113 185 92 148 183 194 222 234 118 225 157 137 221 207 115 176 164
88 388 231 124 115 108 96 93 182 236 132 111 219 178 162 107 203 151 199 126 133 206 194 145 105 227 202 246 155 138 157 235 123 156 245 137 148 120 242 230 103 215 168 167 94 191 164 104 238 232 110 177 188 135 173 171 220 248 225 128 217 234 160 109 205 101 190 152 221 249 106 207 187 174 91 166 212 129 142 165 158 127 118 116 100 183 102
89 328 215 162 178 244 143 136 228 189 153 145 242 146 212 193 235 113 249 167 135 101 191 220 185 211 117 203 197 190 232 108 230 195 122 124 92 207 158 213 170 91 177 175 144 125 121 217 222 100 104 133 180 131 112 105 148 182 110 247 238 194 219 214 116 119 204 218 243 179 118 225 132 192 246 137 128 240 141 210 151 120 236
90 284 141 206 137 210 163 221 178 249 104 99 190 194 220 186 106 103 247 166 147 229 100 211 193 127 204 116 179 154 214 224 146 148 121 142 161 234 244 102 172 122 191 140 91 114 200 226 184 228 238 227 236 144 98 155 240 118 134 215 158 101 173 218 105 201 180 222 213 182 117 94 185 196 128 160 119 243 149 156
91 293 165 178 138 167 115 219 100 133 230 246 113 190 119 202 139 141 122 180 231 158 137 111 173 187 226 143 182 185 124 198 130 186 120 216 212 215 249 232 227 128 156 214 142 168 105 171 129 234 145 241 92 149 155 194 213 175 195 172 209 217 183 188 184 222 191 235 210 135 102 174 204 98 169 193 220 247 244 199 116
92 314 195 197 129 128 248 110 115 199 108 133 145 156 149 162 152 105 228 113 148 130 161 132 171 136 177 196 211 134 94 218 176 154 111 230 180 194 249 102 114 185 193 155 217 219 170 173 112 140 204 101 120 202 150 163 207 229 239 96 178 164 138 188 238 224 121 166 116 122 95 172 244 210 181 216 139 231 245 234 106 160
93 393 216 116 207 181 131 200 183 206 126 247 95 99 238 233 108 211 202 179 139 222 148 146 231 157 234 242 177 243 219 96 235 178 170 118 203 122 163 236 172 174 208 191 160 101 123 133 168 218 149 225 180 150 217 212 120 159 201 152 185 153 186 190 169 224 100 195 138 103 109 241 154 227 175 112 114 115 165 244
94 431 105 116 109 169 233 113 158 177 149 121 229 133 100 173 199 243 211 216 185 123 144 188 247 222 207 194 195 159 224 153 124 178 128 99 103 120 205 242 165 155 215 228 160 138 226 189 143 244 219 136 115 249 218 193 203 145 164 202 151 162 172 130 180 245 182 142 213 139 198 163 148 161 126 223 132 246 96 118 191 221 174 238 150 98 200
95 273 130 197 110 108 114 213 109 199 186 210 148 151 237 101 124 211 218 115 180 141 234 232 164 215 196 229 166 225 104 178 153 175 103 121 128 152 206 96 99 162 146 123 172 223 129 98 184 135 216 195 157 208 112 188 230 134 147 182 231 241 249 190 102 207 221 214 118 235 144 170 126 140 189 155
96 296 182 225 210 153 120 167 169 243 178 219 180 183 233 230 147 160 207 248 143 198 125 191 249 158 165 245 104 215 102 175 223 211 118 226 208 107 179 192 150 128 145 110 149 231 239 237 124 202 176 232 100 171 122 229 101 140 144 138 246 188 115 117 99 203 166 146 132 136 187 209 116 206 186 213 247 234 109 127 163 214
97 410 155 177 99 122 137 136 157 168 220 201 183 123 135 224 120 226 192 198 207 247 134 239 193 101 126 156 129 238 124 150 188 209 196 195 203 243 228 175 179 162 167 128 149 182 117 160 148 153 159 240 245 197 171 174 118 229 249 181 132 205 141 146 145 233 208 121 215 186 225 154 230 142 100 178 246 242 185 104 180 214 131 218 151
98 262 120 220 224 180 166 168 225 248 172 125 140 244 114 170 182 227 105 185 198 183 130 202 240 107 161 162 203 137 190 208 128 234 231 245 196 153 177 118 133 186 150 135 160 195 222 159 209 192 216 205 136 214 142 117 108 246 239 215 110 249 155 237 119 247 201 188 146 154 99 199 152 123 219 191
99 328 117 217 164 240 134 125 145 203 230 158 113 202 122 146 159 248 127 206 169 246 224 211 109 233 200 194 132 149 163 247 142 167 181 161 100 123 213 182 180 245 104 179 220 114 130 241 174 121 188 119 204 177 171 223 197 215 176 139 138 244 184 195 151 131 229 178 106
100 252 170 185 117 197 210 241 144 172 165 200 236 246 181 129 146 247 194 211 183 141 158 218 240 147 206 213 169 179 243 225 234 150 219 220 174 204 116 224 207 190 131 145 156 186 182 245 222 189 208 106 188 104 133 137 111 121 167 209 175 235 227 229 217 215 139 118 149 248 155 184 171 152 198 134 249 203
101 279 141 127 213 238 180 108 129 221 179 168 156 135 195 169 233 227 149 229 175 155 119 193 216 210 110 182 236 235 109 217 126 103 215 207 223 246 212 241 115 185 209 145 163 166 242 139 202 178 105 117 143 208 164 232 136 194 106 228 248 249 222 148 190 172 150 197 239 151 234 102 171 243 138 183 125 205 173 225 153 218
102 469 165 170 247 237 201 205 139 105 248 132 234 216 222 228 148 167 131 175 117 200 136 233 230 107 235 208 196 116 242 147 231 193 199 109 125 212 195 185 163 112 150 164 103 204 111 223 214 118 146 135 171 173 134 190 176 186 221 106 158 145 133 119 220 244 141
103 351 249 214 147 166 228 127 145 111 242 113 215 144 129 229 186 213 187 168 108 132 128 119 211 203 178 237 104 163 248 133 153 131 217 206 134 230 156 160 231 202 247 204 158 142 232 243 165 179 246 114 161 207 125 155 152 176 190 216 173 193 227 221 107 196 164 219 225 223 170
104 321 166 117 229 124 245 168 238 237 179 130 138 236 231 108 135 156 125 120 203 234 114 116 208 195 121 160 191 239 157 143 133 150 141 232 139 169 177 244 242 132 187 172 137 106 146 164 118 192 220 181 134 196 225 183 173 214 240 249 186 207 171 216 199 159 167 224 154 145 131 161
105 328 173 226 137 248 203 143 180 162 176 216 209 183 199 116 166 152 149 188 112 160 210 165 247 225 245 242 125 168 136 218 123 174 208 126 107 151 234 122 189 230 184 120 115 201 181 167 121 148 221 109 114 186 211 200 159 164 232 133 124 219 131 229 150
106 365 212 125 232 183 199 195 235 114 217 157 201 137 231 143 194 239 131 124 139 211 133 238 198 170 154 162 229 107 126 215 188 236 159 249 148 214 128 146 191 164 115 118 109 149 110 161 163 207 216 184 234 225 121 151 219 243 200 247 210 221 117 204 130 175 222 156 181 180 144 132 119 179 153 113 205
107 334 148 243 242 138 119 159 164 195 181 146 188 234 231 216 127 230 115 228 241 123 134 155 184 116 220 209 161 168 162 130 160 180 165 174 233 156 147 171 154 145 214 222 215 135 166 112 238 128 226 110 198 150 177 182 173 125 121 122 142 219 124 131 192 111 240 207 202
108 301 119 117 183 215 207 209 235 249 190 222 230 167 171 143 109 226 204 210 238 208 200 144 114 247 127 146 147 245 181 243 188 228 182 113 118 240 201 229 193 178 160 233 231 197 112 176 180 132 213 140 110 164 169 154 223 115 125 191 177 186 139 202 185 175 158
109 280 206 199 127 198 119 235 217 140 214 224 149 155 126 122 163 243 175 228 142 195 225 230 247 229 203 157 185 236 159 160 202 134 194 138 208 178 176 116 111 174 209 223 180 204 234 147 151 237 173 136 182 145 113 139 137 221 215 190 124 141 165 152 114 181 219 164 154 232 242 123 131 125 144 192
110 362 193 126 210 113 219 128 171 231 145 229 115 152 237 170 197 161 153 218 220 116 147 177 245 121 144 158 154 142 221 206 243 138 143 192 160 173 131 212 238 225 118 232 227 164 178 191 129 137 119 249 136 230 156 201 127 203 182 215 120 123 159 194 140 149 174 168 233 223 172 208 236 169 204 185 181 211 132 112 226
111 358 113 247 142 191 178 115 225 141 153 165 168 169 131 222 248 193 223 112 207 231 214 206 190 127 158 241 200 218 125 173 120 160 122 116 230 215 195 148 167 185 210 183 154 164 246 238 220 156 117 197 216 134 152 228 182 217 209 161 189 237 221 147 236 229 245 159 208 157 211 144 172 235
112 363 247 154 235 205 220 218 133 233 124 122 198 208 157 173 166 120 174 185 215 149 119 137 240 181 230 197 128 161 148 136 151 138 184 125 203 121 237 195 210 238 182 145 113 228 140 123 239 158 141 129 249 189 165 118 144 164 131 224 160 246 127 178 187 245 159 142 130 146 152 236 116 213 155 231
113 311 123 188 238 122 195 179 149 146 163 153 133 241 167 134 173 171 206 150 168 180 220 141 210 231 160 142 124 176 217 244 243 120 232 239 184 245 162 164 230 227 199 247 236 166 216 132 191 202 140 165 121 137 212 175 209 143 215 158 211 139 197 174 127 229 147 194 172
114 326 140 186 154 249 160 237 225 185 208 191 228 144 236 133 198 161 224 134 157 142 129 190 180 171 200 167 155 213 130 132 176 218 177 223 229 204 231 248 118 175 187 158 151 210 116 184 196 120 244 242 135 149 181 147 240 138 209 173 179 137 123 125 141 239
115 282 240 178 249 219 186 198 233 146 131 172 147 133 188 245 160 134 202 223 157 175 144 246 220 190 234 214 247 213 158 242 185 238 218 205 191 197 163 179 221 127 174 206 129 237 230 123 204 150 132 243 184 248 116 164 148 130 149 165 192 210 121 229 145 156
116 408 196 129 229 204 139 160 226 205 222 182 173 224 162 133 187 142 249 137 234 218 176 236 177 233 207 190 215 242 151 118 248 239 199 230 132 223 183 237 179 193 214 201 203 127 121 157 240 243 184 185 141 221 200 146 178 213 231 122 238 175 189 149 163 220 191
117 310 220 189 119 194 141 191 206 161 160 226 143 184 198 151 210 182 205 175 201 214 133 165 204 218 173 127 186 232 150 177 166 249 216 227 242 137 131 123 128 149 172 179 130 145 134 209 225 245 213 239 167 187 132 211 237 157 193
118 331 182 121 219 227 172 207 223 242 221 163 206 157 236 205 230 225 138 235 120 200 181 150 145 177 146 214 222 229 162 186 184 129 202 198 175 139 128 137 119 131 179 201 124 133 167 247 213 144 123 211 160 165 166 237 243 233 234 238 143 196 199 168 226 212 188
119 316 138 187 192 202 206 143 190 221 144 171 162 145 126 164 204 141 205 189 245 120 133 194 220 215 199 243 167 134 156 173 234 180 132 135 231 238 188 198 147 227 233 163 140 201 129 181 175 166 223 222 139 197 160 236 151 191 170 210 239 214 123 228 184
120 353 139 168 128 198 208 204 211 216 223 131 125 220 172 157 178 159 203 152 130 121 202 231 143 210 153 142 187 134 155 161 213 247 219 148 193 174 141 154 225 229 214 126 175 179 166 221 188 234 183 184 244 156 199 182 227 235 222 243 180 230 136 127 140 195 212 176 149 163 124 197 192
121 322 169 174 225 204 144 177 148 211 171 210 188 209 155 192 167 244 194 206 198 240 247 203 165 216 242 214 173 236 140 241 191 135 229 151 205 172 235 186 170 185 223 176 156 126 122 183 246 207 127 239 233 232 141 158 201 224 200 222 182 160 147 190 138 166
122 323 189 241 217 220 224 239 200 198 235 188 233 165 218 172 237 153 168 225 177 133 161 155 180 234 242 162 231 138 230 240 126 195 160 163 246 203 193 196 158 222 187 205 134 243 170 249 228 214 226 144 201 190 156 127 173 154 137 223 128 178 129 221 191 174 147 125 169 152
123 355 227 228 204 133 206 222 127 200 218 173 212 246 236 217 130 231 175 177 134 207 186 248 242 213 169 131 168 179 148 188 215 225 181 205 190 155 125 136 146 189 193 209 196 229 180 156 142 159 138 192 171 223 235 154 170 203 145 230 182 184 243 166 197 249 164 224 172 210 191
124 365 218 165 136 243 168 151 195 249 188 206 228 247 223 143 144 129 197 216 241 139 154 211 199 244 219 127 169 246 163 183 210 164 149 213 177 135 245 172 242 181 153 171 150 202 204 187 230 232 134 170 236 140 126 166 157 227 152 196 159 131 207 182 239 220 173 167
125 253 160 149 239 169 138 180 238 188 207 249 185 157 223 218 202 142 135 213 194 193 220 206 131 174 241 128 195 178 246 244 159 208 247 196 163 182 214 173 130 212 199 187 151 240 203 228 242 231 233 171 141 222 126 152 166 192 204 197 190 143 132 235 227 226 181 205 172 146 210 211 165 145 147 134
126 382 215 231 229 157 177 236 134 137 166 180 178 141 184 201 226 192 150 237 181 136 176 168 218 147 225 140 191 195 206 242 153 219 161 196 232 164 244 132 189 188 246 165 190 198 139 151 197 130 159 174 208 211 163 171 209 131 172 224 199 135 243 179 210 133 238 204 235
127 291 207 247 240 230 195 203 249 212 147 143 146 178 130 171 213 176 248 184 239 219 185 233 220 186 166 214 211 223 227 224 135 134 189 183 206 222 197 237 229 226 187 174 192 188 242 231 155 215 235 153 142 208 161 202 164 182 168 199 131 198 154 246 180 244 181 151 148
128 278 192 136 191 230 145 141 222 183 244 159 215 140 200 154 175 248 173 150 135 240 204 202 138 249 225 199 224 211 134 226 151 161 180 216 233 227 172 241 209 246 188 168 223 203 170 234 164 237 157 236 179 131 155 221 130 132 165 196 148 247 169 212 214 207 232
129 431 157 229 138 161 225 218 198 145 170 140 164 184 185 131 248 245 190 148 211 199 130 243 146 236 209 137 226 232 216 155 231 241 201 203 191 214 174 151 212 132 224 178 196 171 175 233 234 247 223 143 186 141 142 173
130 322 137 211 210 213 244 136 177 219 205 188 171 146 179 228 204 246 198 207 170 145 216 192 132 220 190 161 174 234 152 242 173 214 194 243 143 249 199 212 187 233 163 158 164 139 222 209 229 153 135 169 226 203 156 155
131 410 196 226 140 244 150 132 249 194 206 172 228 248 143 163 229 144 159 187 220 148 162 219 165 190 245 216 227 240 149 202 180 157 177 178 174 154 218 192 197 156 201 208 158 239 155 217 168 210 160 236 214 182 213 207 137 225 203 222 164 205 161 169 171 243 136 145
132 268 166 165 237 159 185 220 164 248 170 191 199 147 211 229 214 234 186 218 148 208 158 244 189 137 150 149 178 196 151 142 179 245 198 140 231 174 162 240 195 202 246 201 225 207 155 160 236 241 138 144 173 238 247 171 143 146 183 232 180 184
133 355 150 170 247 243 232 220 224 202 136 216 185 186 172 234 169 218 215 199 245 175 244 142 227 246 238 145 248 182 193 201 168 183 158 179 208 249 161 203 231 149 223 204 163 167 228 147 157 217 156 152 207
134 395 170 223 190 200 229 224 152 163 178 231 197 212 144 191 214 155 217 215 135 241 171 146 153 211 136 185 169 194 166 219 193 205 233 237 242 247 234 184 161 245 188 141 149 230 187 248 181 203 207 213 198
135 250 146 153 176 164 193 171 213 154 168 239 136 173 138 230 181 192 209 225 233 214 190 244 178 211 249 242 246 243 207 188 236 200 160 170 240 245 142 169 202 158 165 145 247 215 149 237 238 162
136 316 228 201 189 203 168 236 213 233 226 181 187 160 178 191 209 153 210 140 244 230 220 173 227 245 147 148 158 143 190 218 238 157 175 163 235 183 205 243 221 241 164 150 222 166 214 188 239 246 211 202 176 162 159
137 402 152 178 233 194 191 139 232 151 144 243 207 184 143 158 245 193 210 219 229 196 211 197 155 141 154 164 167 238 176 235 182 241 190 223 185 160 217 165 153 216 215 246 168 239 227 220 171 202 159 183 212 203 181 206 189 179 138 175 242 188 146 163 224
138 282 141 188 205 229 226 233 236 202 183 219 248 195 203 223 197 169 204 211 231 210 247 222 200 155 234 170 225 146 171 181 168 221 161 235 214 175 217 209 207 184 227 178 232 242 179 192 187 144 193 148 201 239 249 237 167 139
139 266 179 186 231 153 185 176 147 190 234 200 248 230 201 172 150 247 215 212 181 229 189 140 216 177 202 208 196 204 220 152 243 161 193 166 241 180 148 143 226 188 245 151 195 192 207 142 165 197 239 205 183 225 227 174 173 206 233 238 240 141 168
140 323 182 201 228 196 229 210 169 160 230 150 143 145 158 152 245 225 239 190 242 141 173 198 157 216 149 167 180 164 212 224 227 231 221 170 161 188 187 178 223 146 177 189 184 193 147 142 202 233 206 246 220 151
141 411 185 247 149 175 235 240 230 198 161 142 151 237 226 201 222 228 178 147 171 212 168 245 159 202 206 154 233 169 179 146 234 160 224 148 214 248 173 187 236 155 150 205 246 211 213 166 217 238 167 165
142 348 153 216 193 176 177 194 222 157 200 175 144 188 240 244 172 249 239 185 237 161 205 187 211 168 213 158 245 181 178 160 234 195 183 242 154 145 230 191 196 212 246 233 148 199 151 225 169 203 190 182 219
143 320 229 234 156 161 160 145 222 218 194 204 174 231 202 154 223 185 215 243 150 232 181 238 248 195 163 210 182 221 214 193 206 219 200 179 212 184 230 170 213 203 177 198 245 224 235 153 166 192 217 168 183 236 162 176 225 152 191 178
144 332 184 190 192 229 218 214 215 145 211 197 232 149 164 204 230 154 157 238 165 249 235 183 171 213 177 188 176 167 181 203 247 174 187 168 150 206 240 224 179 169 237 208 180 160 248 244 186 182 195 193 246 243 212 202 228 234 152
145 378 168 229 224 222 173 216 184 203 248 187 200 211 178 181 217 239 170 247 150 215 233 172 164 240 210 228 237 165 212 162 199 166 245 149 156 249 190 186 146 182 153 218 246 193 243 158 191 163 147 176 220 192 154 227 179 195 221 198 194 189 238 148
146 366 187 223 226 227 247 186 173 228 203 150 208 232 174 149 170 165 180 210 172 163 229 184 243 211 206 168 216 198 151 239 234 156 248 245 155 176 185 147 153 240 171 190 246 212 199 148
147 256 161 166 148 209 206 188 180 153 185 229 196 160 230 242 167 186 199 224 240 235 155 237 195 149 232 150 249 223 200 245 213 189 244 243 154 246 152 226 208 159 198 227 178 181 191 225 190 221 228 183 222
148 432 171 179 193 207 220 195 160 149 157 205 173 221 230 211 199 238 164 228 194 154 227 191 182 152 215 209 170 163 245 197 187 242 198 225 185 180 219 176 201 234 178 236 166 210 241 218 247 202 216 175 203 232 172 206
149 262 231 220 165 200 228 190 193 184 192 181 164 230 217 237 210 215 171 173 187 189 234 206 195 235 168 151 175 242 191 207 209 239 194 233 154 245 219 218 248 167 226 203 224
150 306 167 186 218 168 203 249 228 229 156 213 235 248 182 151 202 197 165 232 244 173 178 199 160 191 222 214 158 233 180 241 159 212 153 174 231 183 196 169 195 206 246 172 177 225 205 219 198 207 166 163 161 175
151 429 238 225 216 161 227 242 229 247 189 230 222 200 197 202 179 170 207 186 224 231 195 212 226 175 223 154 243 217 218 244 249 173 168 228 203 159 181 158 164 214 171 188 221 193 239 174 236 248
152 263 185 210 198 227 213 178 243 208 212 174 217 175 248 231 196 183 188 161 206 247 235 214 170 193 224 233 195 167 182 197 172 169 154 226 171 156 220 177 204 173 155 242 189 187 239 184 190
153 308 219 228 220 248 206 156 233 170 245 230 188 190 241 186 197 184 187 169 185 211 163 171 164 234 165 240 238 189 194 192 227 179 203 176 173 178 249 172 160 213 157 243 222 237 236 200 223 154 168 224 229 183 182 199 217 215
154 385 185 167 217 210 161 230 183 237 169 244 174 214 224 222 247 231 193 207 162 196 233 216 182 186 218 249 165 221 195 215 194 197 202 181 226 209 204 242 243 192 175 219 160 229 163 199 159
155 267 216 225 201 169 190 158 189 177 206 249 214 231 240 219 179 183 167 222 211 207 163 176 208 233 226 247 203 187 172 234 195 171 202 157 204 194 244 235 174 200 237 181 215 223 199 213 230 170 236 192 198 227 220
156 348 208 171 210 225 198 175 207 212 235 234 242 226 216 238 160 214 215 245 229 246 243 173 236 224 185 201 176 187 205 247 228 197 222 167 180 244 241 166 239 195 188 158 202 179 161
157 372 188 158 241 237 210 204 203 236 193 225 230 211 174 173 248 215 216 218 175 235 181 209 197 228 163 245 220 208 162 231 196 198 176 229 180 166 159 233 192 179 191 223 205
158 361 238 191 159 204 231 193 162 169 183 227 245 226 166 249 173 242 200 176 160 228 202 208 209 230 234 203 196 175 243 201 223 189 167 177 212 164 192 199 180 246 240 198 221 168 216 210 172 222 188 239 233 213 206
159 267 161 245 207 196 169 215 220 198 172 182 160 185 228 221 244 168 167 163 209 237 165 235 223 232 200 188 206 194 166 175 226 230 199 211 193 227 191 203 231 192 229 181
160 260 196 175 179 171 183 207 218 235 172 193 236 203 206 231 198 225 199 238 230 245 177 169 219 186 170 240 234 162 166 243 178 220 213 223 182 165 221 242 248 233 227 173 161 201 174 247
161 302 207 188 178 246 240 165 166 182 190 176 184 163 183 170 198 235 193 171 233 234 245 229 194 219 189 180 204 247 167 218 249 196 209 220 211 243 227 174 173 248 216 168 232 223 237 225 185 201 177
162 438 171 216 188 242 177 227 205 192 225 211 168 238 194 230 200 173 248 166 243 222 244 178 172 239 179 232 201 197 184 189 233 196 246 180 231 235 203 187 226 208 218 223 229 167 164 221
163 363 236 214 216 188 184 189 172 235 217 192 230 203 198 180 166 181 169 187 197 183 219 173 234 168 182 237 185 240 210 244 177 209 207 243 248 174 221 196
164 297 240 241 171 223 193 209 249 202 247 176 205 230 191 229 180 200 198 212 224 222 207 211 167 243 196 183 204 245 217 172 199 237 192 238 178 239 188
165 340 187 218 212 183 231 239 186 244 184 228 225 196 246 222 227 206 177 233 167 216 242 211 245 215 182 190 173 208 178 229 200 168 192 202 204 238 189 188 181 241
166 412 207 201 242 213 192 187 193 218 178 231 173 229 181 177 246 228 222 174 227 189 224 206 249 176 237 195 219 182 240 184 215 232 175 247 191 230 235 211 241 170 188 186 204 209 198
167 272 186 229 198 226 173 177 187 213 249 169 179 231 183 246 189 215 175 193 168 171 242 234 230 239 247 220 248 244 202 243 232 184 176 217 201 206 174 191 218 222 182 196
168 316 235 228 174 171 244 202 215 190 231 200 206 172 199 227 181 183 246 219 230 247 196 217 220 236 187 211 195 178 180 221 248 237 238 209 216
169 430 244 222 237 208 219 232 248 201 195 245 228 187 225 236 180 221 181 196 243 223 186 216 202 240 194 234 172 238 214 173 184 210
170 253 174 237 238 176 224 234 215 229 207 208 201 183 214 242 171 196 235 230 209 231 203 226 195 179 216 199 243 219 244 218 241 204 233 247 240 228 221 198 206 182 175 227 236 223
171 317 227 231 200 202 178 221 179 193 201 207 196 182 208 232 186 242 172 246 190 187 224 241 198 239 248 249 225 185 218 203 212 177 174 229 247 209 235 197 213 222 219
172 294 234 236 210 227 192 218 220 244 245 200 174 229 228 206 208 221 212 203 175 225 204 173 211 238 226 183
173 353 231 241 180 185 190 211 222 237 228 198 200 220 227 206 239 223 225 197 196 217 186 233 244 249 202 183 216 181 179 176 235 236 229 178 243 218 238 232 182 192 193
174 353 243 186 249 210 220 197 188 226 219 187 195 221 239 237 224 180 212 232 222 204 200 203 241 208 176 225 209 244 185 228 217 229 183
175 261 200 207 179 177 228 190 229 215 214 176 197 244 220 223 227 246 225 182 248 237 187 209 196 239 230 247 206 221 238 194 213 195 198 241 191 193 211 245 205 178 201 181 249 192 219
176 450 246 249 212 182 243 244 238 184 248 197 247 230 239 205 236 210 194 195 198 200 199 240 196 225 229 215 185 223 227 192 186 237 228 191 220 232 234 241 204 224 202 233
177 289 246 201 234 222 188 247 215 217 208 244 235 189 190 227 192 211 233 249 243 212 221 184 178 182 209 196 199 225 213 239 238 242 237 230
178 345 244 198 182 212 195 204 190 221 232 211 203 213 215 224 218 230 209 194 234 181 200 201 245 188 233 226 249 247 229 220 243 196 238 228
179 353 238 195 196 232 205 226 206 243 229 230 180 210 193 236 240 245 244 187 212 185 247 202 197 183 199 235 204 242 211 218 201 189 216 241 233 246 225 191 234 208
180 302 194 219 185 196 246 238 242 181 200 190 184 214 223 228 187 211 229 224 183 213 188 208 243 209 210 204 199 232
181 266 228 187 248 190 184 223 246 206 226 233 217 247 198 216 210 208 231 237 230 204 221 185 245 188 191 201 222 243 186 215 213 196 212 182 189
182 432 245 213 187 190 195 220 244 210 221 227 242 189 208 243 218 234 239 230 203 191 223 226 235 186 248 219 215 224 233 202 217 207 184 238 205
183 302 186 201 219 215 194 213 221 225 198 217 190 209 222 216 249 205 218 226 231 200 206 229 224 244 247 210 248 237 196 240 233 223 230 208 235 214
184 377 209 224 213 241 207 188 225 248 187 222 196 246 237 230 208 223 195 226 244 216 193 185 189 247 203 186 217 192 197 218 215 198
185 358 226 191 207 230 220 244 211 215 233 249 192 197 213 222 210 237 221 187 245 224 236 240 239 206 218 195 238 232 186 235
186 265 236 196 203 212 226 218 228 195 202 189 229 215 242 241 234 209 243 230 246 231 197 238 248 227 240 237 244 210
187 263 243 189 219 211 223 230 192 204 221 191 247 248 236 226 239 212 200 240 227 246 199 242 229 217 214 224 208 201 220 194 196 218 193 241 234 235 206 215 233 197 231
188 431 243 192 237 217 203 247 208 199 249 195 226 206 190 246 241 236 200 193 221 224 234 207 223 220 245 233 232 238 216 201 222 228 219 196
189 306 240 222 190 194 214 196 227 199 223 247 195 249 237 216 213 233 212 239 230 197 218 238 231 217 201 245 208 228 220 232
190 396 194 249 208 209 232 225 222 216 191 213 244 243 215 192 200 197 235 204 205 238 211 223 229 246 236
191 297 245 196 221 246 219 199 230 198 223 247 197 222 207 194 225 202 237 201 218 234 241 233 200 249 229 226 205 211 217 228 227 235 210 240
192 307 235 227 246 223 228 202 243 221 233 203 214 195 232 196 206 247 220 213 200 219 212 207 201 244 194
193 350 216 229 212 227 235 243 218 240 246 204 213 231 198 207 220 239 217 226 221 203 237 195 249 200 197 236
194 266 227 223 229 241 240 210 231 197 238 249 211 202 245 199 200 219 233 220 196 207 230 236 216
195 384 233 206 197 204 222 216 207 212 229 238 226 223 239 237 231 211 210 196 228 230 221 203 246 240 199 234 243
196 362 234 216 245 219 228 211 247 243 212 205 229 240 233 249 208 201 248 221 232 237 246 241 200 231 197
197 277 202 220 232 204 222 233 246 201 234 247 218 228 226 236 209 213 200 245 219 207 242 205 199 240 216 238 248 212
198 361 218 211 234 201 235 206 214 237 221 231 238 243 215 225 246 200 223 236 207 233 241 205 220 245 230 208
199 327 210 206 200 217 228 243 236 235 232 224 226 220 221 230 204 216 234 240 241 202 239 229 215 213 212
200 264 237 207 212 247 217 224 210 220 241 209 242 232 225 233 201 229 211 236 208 234 244 222
201 409 232 211 216 245 206 221 249 223 205 207 202 239 237 229 238 204 224 226 248 236 247 218 243 244 240
202 291 242 221 220 214 222 244 232 240 231 226 229 248 203 209 241 217 218 236 210 245 223 234 207 212 227 204 238 230 224 246 211 237
203 400 211 242 241 244 210 248 222 223 220 233 219 243 228 230 217 208 216 237 221 207 240 238 224 212 206 229
204 309 225 248 245 243 238 219 220 212 221 232 215 224 230 229 214 206 241 249 227 207 231 222 218 208 210 205
205 380 248 211 220 224 245 240 217 246 238 236 242 214 243 218 244 241 219 221 230 206 212 235
206 313 244 240 220 225 212 218 249 216 221 247 226 211 236 219 241 235 222 246 208 209 232 224 238 245
207 307 228 213 231 216 235 208 247 241 223 219 244 222 225 224 211 245 249 246 237 210 221
208 425 242 210 221 232 209 245 239 214 235 225 217 248 220 247 230 237 244 240 227 231
209 313 230 233 214 224 248 229 239 244 217 247 249 234 245 213 222 225 221 211 228 237
210 262 217 238 219 245 247 229 224 231 236 249 232 243 211 220 230 233 237 212 226 240 241 235 248 242
211 369 247 237 228 226 223 243 217 220 240 218 231 225 229 236 234 242 238
212 365 228 236 230 231 248 243 225 240 217 216 219 237 244 223 241 239 235 242 226 234 221
213 266 220 225 214 216 226 240 221 246 239 219 245 243 236 215 237 234 229
214 386 233 243 225 231 249 236 215 238 246 239 240 222 223 245 227 234 216
215 305 220 234 229 226 242 241 240 219 235 216 247 245 231 221 248 227 224 232
216 309 234 238 231 223 233 235 247 224 222 228 242 244 240
217 269 247 224 248 231 221 233 229 249 238 242 237 218 244 223 245 230 246
218 330 228 225 249 238 235 223 242 226 248 219 236 233 247 231
219 401 244 241 229 232 222 221 247 237 246 228 233 234 238 248 231
220 260 231 241 223 232 227 221 228 244 247 235 240 243 246 224 226 238
221 371 246 245 249 231 239 243 238 222 229 235 226 228 247 225 241 242
222 369 235 238 242 223 230 249 232 231 229 245 239 237 247 225 227
223 348 225 227 241 231 245 244 224 234 238 236 229 237 233
224 280 246 249 240 243 239 231 244 234 241 236 232 225 230 238
225 372 246 248 247 249 231 242 244 234
226 295 237 243 244 234 227 232 247 229 242 240
227 417 248 245 234 235 229 232 247
228 288 239 235 231 245 244 241 240 246 248
229 319 238 236 239 234 242 247 235 233 241 240
230 345 248 238 236 246 237 232 241 234 240 245
231 336 241 245 238 232 248 235 246 249 243
232 275 239 249 233 241 235 236 240 245 237 247 238
233 323 246 241 249 245 237 248 235 244 240 247 234
234 402 239 246 245 241 248 242 247 237
235 300 243 240 249 237 248 246
236 310 246 245 242 241 248 247 237 238 249
237 390 245 244 247 238 240 243
238 324 245 247 248 239 246 242 240 244
239 426 248 246 245 242 249 243 247
240 250 242 243 241 248 245
241 338 249 242 248 245 246
242 409 245 244 249
243 253 245 247 244 249
244 282 246 248 247 249
245 452 247
246 266 248 249
247 282
248 399
249 319
