60 1000
1 329 10 21 59 47 6 30 25 51 27 18 5 29 12 31 46 39
2 388 48 36 6 33 32 29 9 50 13 16 22 53 31 37
3 283 28 16 25 56 52 30 20 43 27 55 45
4 356 24 28 49 31 51 47 20 59 44 5 23 29
5 271 54 30 28 48 11 16 21 49 56 34 13
6 373 25 59 11 22 14 54 7 10 17 33
7 259 28 16 40 21 58 13 55 17
8 418 12 47 53 38 23 22 31 55
9 323 29 13 15 60 14 44 11 43 32
10 257 45 52 50 13 19 47 31
11 394 29 54 36 49 28 40 53 14 55 30
12 349 48 35 23 39 33 55 24 27 53 51
13 303 49 16 17 21 28 32 46 35 55 29 39 45
14 271 57 48 18 20 50 34 60 49 29 56 25
15 426 42 43 40 34 51 20 32 53 58
16 434 21 40 18 38 43 47 17 30 39 27 53 42 59 37
17 295 24 31 57 20 23 56
18 271 48 38 58 23 54 46 29 59
19 256 60 47 58 23 42 39 44 40 53 25 49
20 278 21 27 58 50 60 33 35 41
21 466 58 56 57 46 30 43 53 39
22 425 47 39 32 55 59 33 23
23 309 42 47 58 27
24 266 46 43 27 37 59 50
25 293 56 34 46 36
26 284 30 29 37 45 48 58
27 423 34 32 33 44 42 35 56 41
28 378 44 54 49 38 45 31 33 48
29 287 57 60 48
30 335 46 36 35 59 52
31 260 37 59 47 32 49 60
32 324 54 45 38 53 49 39 57 47 52 33
33 416 54 41 55
34 331 50 39 52 35 40
35 411 45 38 58 49 46 51
36 258 52 41 45 37 54 55 60
37 250 51 59 53 58 41 49
38 358 45 46 59 55 42 40
39 392 51 53 56
40 408 43 56 57 42 45
41 296 44 53 49 46
42 296 50 55 48 44 58 49
43 277 52 44
44 456 60 46 58
45 267 52 49 56 53
46 348 53 47
47 368 60 50
48 284 58
49 296 51 60
50 432
51 272
52 300 58 59
53 293 58
54 407
55 371 58
56 303 59
57 326 60
58 261 59
59 384
60 355
