249 1000
1 370 125 128 7 174 34 211 205 93 208 63 78 104 112 101 46 238 182 85 229 19 216 164 126 117 142 95 106 180 157 35 210
2 362 56 10 142 230 30 15 203 54 18 231 60 47 50 243 145 224 235 33 146 14 13 130 122 79 43
3 268 170 10 218 155 178 9 150 246 151 49 95 54 141 114 228 73 130 168 65 212
4 346 202 120 47 185 227 113 32 53 215 218 80 242 154 99 224 14 240 109
5 322 219 37 201 30 139 158 57 80 240 159 222 238 52 84 18 45 123 228 168 8 55 89 110 170 149 128 192 214 117 113 175 12
6 332 208 135 112 224 14 82 160 147 111 182 200 209 58 7 30 214 54 22 202 163 93 199 66 210 246 122 59 138
7 319 249 128 9 119 134 131 225 155 194 95 137 115 31 47 162 163 20 189 217 243 12 111 10 135 132 44 129 107
8 257 77 217 182 19 138 205 221 211 50 43 167 245 207 198 84 197 44 21 163 35 107
9 424 193 119 111 49 18 77 48 206 54 85 118 121 167 23 233 93 34 32 219 164 169 110 227 125
10 322 134 37 98 179 53 55 210 140 190 145 183 75 240 72 194 68 186 113 110 207 219 126 236 103 132 44 166
11 411 22 168 220 197 64 184 132 126 118 134 51 136 88 147 244 140 239 130 57 58 163 66 218 20 202 131 110
12 267 158 63 156 36 15 200 219 185 203 135 52 222 173 92 78 162 184 130 31 152 118 68 163 67 19 13 30 91 170
13 328 38 205 75 211 78 119 118 71 196 34 56 225 175 14 234 223 121 120 99 154 144 102 87
14 336 223 38 176 35 236 56 65 71 83 201 134 30 131 226 198 175 77 123 170 153 231 203 145 195 117 94 148 52
15 336 103 27 34 147 173 127 146 22 198 222 133 220 58 145 131 62 107 123 114 81 202 49 88 144
16 402 179 127 105 194 70 82 165 168 233 164 214 183 47 210 242 174 20 223 71 89 212 50 238
17 253 104 94 39 98 231 21 76 210 108 19 206 174 204 156 171 120
18 345 162 40 167 106 78 45 44 38 91 207 64 93 65 200 210 140 113
19 368 112 181 150 143 134 159 169 186 224 85 76 149 116 111 197 54 44
20 251 204 60 218 161 126 29 32 99 81 142 38 221 242 186 50 188 123 199
21 381 178 113 154 107 72 170 201 159 67 137 184 127 119 160 56 63 111 163 132 147
22 294 86 200 30 210 87 51 96 60 133 70 68 65 233 33 57 192 79 189 125 56
23 423 228 174 156 134 140 96 107 65 248 39 77 172 233 31 33 29 55 133 242 169 98 111 191 221
24 283 133 41 197 34 128 236 29 181 167 28 60 152 84 87 111 245 79 48 163 232 132 188 80 67 198 209 30 147 78 142
25 279 46 164 155 209 139 234 66 146 32 94 102 68 36 174 180 143 54 53 218 72 236
26 432 38 47 63 174 179 159 106 248 221 96 242 52 60 57 144 51 168 229 33 133 224 154 36 222 186 77 41 218
27 289 29 178 91 231 213 90 53 48 59 28 44 230 172 99 166 35 65 184
28 427 235 151 185 218 136 56 58 42 84 40 198 247 207 224 244 85 212 118 177
29 260 45 138 232 176 82 125 205 143 196 47 69 156 51 46 67 172 57 214 147 206 211 141 61 180
30 313 234 172 71 220 149 64 246 161 201 33 84 110 162 81 119
31 269 164 136 153 135 176 177 67 58 208 163 187 87 215 162 37 42 211
32 339 66 59 37 45 165 130 143 182 175 154 79 106 186 82 69 112 159 163
33 392 199 55 85 89 189 249 105 99 76 60 166 224 161 119 77 95 34 75 114 78 72 100 180
34 428 200 135 80 229 41 42 89 162 231 185 158 227 248 220 197 156 173 230 177 100 96 208 72 129 212
35 291 143 240 62 117 50 73 200 54 215 125 185 138 71 43 165 149 112 147 79 184 193 68 84 55 216
36 281 205 194 173 210 245 83 142 97 133 51 185 62 126 239 80 225 56 38 144 199 164 235
37 390 71 65 229 62 228 163 78 52 165 68 109 61 64 81 141 214 142 159 158 100 129 87 76 172 148 147
38 288 228 110 200 93 107 104 69 201 229 236 225 241 144 232 117 148 223 133 88
39 322 161 219 241 166 113 202 242 72 201 213 151 218 78 41 244 65
40 285 96 145 195 212 160 234 187 118 227 125 201 197 59 206 112 175 110 169 41 67 163 230
41 261 140 71 160 111 43 139 220 126 163 130 150 95 50 227 212 107 76 169 184 60 239 141
42 454 150 171 106 184 55 170 112 221 175 189 128 58 220
43 300 182 150 144 169 103 70 115 175 112 96 64 79 49 129 141 193 55
44 402 249 201 174 91 243 114 161 56 148 153 183 52 158 219
45 298 217 194 213 134 152 63 57 203 184 133 92 73 198 224 116 205 186 85 62 196
46 354 152 244 91 159 74 116 161 94 57 47 227 156 208 111 56 124 68 90 197 202 128 243
47 287 59 246 166 50 217 214 203 208 80 52 230 167 54 184 105 118 90 156 176 76
48 359 188 92 223 71 171 82 214 114 67 98 218 209 73 242 65 110 111 130 69 230 182 91 148 52 100 236 78 136 135 102
49 344 246 148 151 203 73 221 100 141 228 160 159 93 170 157 192 130 243 152 55 187 214 103 104
50 283 121 181 240 127 124 133 72 222 114 109 227 205 167 115 214 209 88 179 56 65 104 156 213
51 373 120 131 158 212 243 60 89 148 219 142 175 152 160 235 111 113 137
52 250 87 97 136 62 75 116 81 246 154 222 212 57 197 217 71 196 92 170 186 142 101 214 240 88 165 83 182 181
53 371 94 57 98 247 225 158 62 223 172 243 220 197 221 126 234 61 143 138 95 114 56 64 161
54 379 127 56 187 134 171 92 193 226 90 107 113 138 121 211 75 191 221 204 151 118 155 85 220
55 368 81 237 117 194 169 142 223 216 120 75 104 221 84 119 213 137 178 136 156 106 246 181 80 112 130 182 59 152
56 361 118 95 162 136 61 249 172 193 169 168 235 208 173 158 133 225 204 217 142 163 201 190 123 212 198 79
57 271 246 237 200 139 181 232 214 153 148 131 144 113 244
58 268 168 73 107 119 161 67 188 224 228 101 245 98 130 69 239 189
59 321 221 140 151 100 66 135 223 248 171 83 239 213 185 89 131 133 244 111 101 197
60 411 80 239 171 102 236 173 92 213 174 188 84 203 124 94 162 138 224 109 249 120
61 325 182 77 67 239 81 87 93 112 111 91 196 108 89 104 129 162 152 128 158 212 85 198 159 184
62 387 203 230 197 96 175 110 139 80 115 144 91
63 288 185 226 198 236 140 191 165 177 126 235 127 73 68 152 182 249 77
64 394 102 134 207 205 246 131 179 120 233 106 127 182 128 163 238 139 145 183
65 266 229 181 82 144 223 210 76 119 133 154 211 222 128 225 226 203 175 101 87
66 340 156 220 225 92 126 98 230 113 234 163 149 192 170 75 208 94 90 227 134
67 333 87 180 246 210 227 78 221 73 196 186 115 229 192 208 133 93 175 103 195 124 138 112 98 150
68 273 115 129 165 77 248 233 172 154 148 108 100 127 117 95
69 394 185 194 92 178 209 101 231 190 175 225 223 222 72 147 121
70 282 239 227 82 118 185 103 240 138 168 109 132 237 100
71 404 172 84 194 221 191 248 92 189 75 76 80 100 95 187 171 198 146 93 90 164 89 72 181
72 314 198 211 235 128 234 109 179 233 159 207 158 79 153 142 131 123 189
73 335 229 125 197 163 176 151 169 94 117 81 138 154 181 87 214
74 275 139 248 240 217 75 108 236 127 118 209 196 164 157 232
75 390 195 155 237 170 211 115 131 84 242 202 104 229
76 264 209 214 194 85 80 185 148 247 170 221 220 111 141 203 97 161 86
77 318 130 113 111 169 231 226 129 92 249 116 199 114 144 121 96 122 182
78 418 230 201 242 112 185 124 129 161 219 158 243 115 90 229 143 102 94 152 194 142
79 300 150 157 220 240 199 139 213 221 190 131 214 169 196 161
80 325 130 192 95 127 134 208 104 102 84 89 198 177 98 168 106 91 124 214
81 375 192 179 178 153 175 136 244 193 146 85 104 185 116 107 126 82
82 271 247 98 229 227 130 224 196 84 121 164 93 156 134 199 95 140 114 240 88 181 191 94
83 350 219 133 94 126 205 149 85 212 186 245 240 185 248 184 214 227 98
84 379 95 100 135 241 200 110 225 229 176 235 234 231 138 122 202 162 226 188 134
85 438 154 159 99 183 189 86 168 213 212 237 229 187 163 117
86 287 191 168 226 152 194 157 154 242 99 245 202 222 161 120 172
87 275 105 112 117 203 108 107 106 214 95 187 170 99 176 171 200 153 157 220 199 127 156 97 182 194 248 98 186 207
88 310 225 149 178 151 99 237 127 216 202 90 206 240 226 238 187 100 196
89 415 155 209 237 108 245 97 236 188 118 102 135 226 240 246 200 150 244
90 275 200 222 105 249 136 168 137 173 235 115 241 197 233 117
91 255 137 121 158 204 119 130 109 120
92 291 140 215 170 150 223 166 219 120 144 138 116 247 207 210 179 194 212 172 145 178 131 106 190 132 105 160
93 454 242 241 126 171 181 212 153 245 217 214 170 194 96 98 224 203
94 361 169 97 127 96 227 236 134 129 203 214 135 107 141 136 185 144 104
95 274 185 128 179 102 133 106 198 164 201 238 175 124 126
96 365 126 239 171 141 199 172 150 144 156 140 147 219 180 191 213 102 116 212
97 260 165 155 229 104 198 248 192 235 226 247 168 244 176 239 177 164 205 137 100 243
98 301 213 153 198 146 147 183 246 124 219 115 241 215 189 135 235 212
99 439 152 178 129 127 123 165 204 126 218 214 100
100 282 208 141 160 193 211 157 103 247 135 162 116 248 102 192
101 408 204 131 156 123 248 128 197 247 117 196 162 203
102 310 171 226 143 189 180 224 190 138 188 170 107 231 162 240
103 377 151 162 165 110 204 168 174 240 140 210 112 154 207 205 188 129
104 368 245 184 175 149 156 106 246 164 236 223 168 123 155 152 220 151
105 255 216 129 167 238 115 207 222 239 125 113 142 199 206 175 118 215 107 176 132
106 314 201 135 160 112 184 203 113 148 162 161 130
107 284 154 241 144 177 126 187 155 249 127 172 185 243 183 226
108 402 196 112 210 218 213 236 128 246 234 226 176 149 160 110
109 344 149 126 130 153 184 223 200 179 215 138 123 231 169
110 353 236 242 150 145 210 157 228 186 247 173 131 176 174 213 225 217 239
111 303 248 135 236 131 190 188 129 150 240 148 174 237 218
112 399 248 189 139 197 124 199 244 180 121 144 129 130
113 319 238 239 219 247 185 155 189 161 178 242 171
114 282 149 165 181 163 117 243 151 128 180 241 173 148 133 200
115 407 248 128 188 157 140 206 227 193 184 233 215 148 164 194 201 154
116 276 121 225 215 126 162 158 212 132 216 230 219 138
117 317 223 186 187 144 119 150 227 221 177 193 145 135 214 126
118 362 249 158 175 229 227 156 212 163 127 135 134 241 164 207 185
119 320 239 191 207 143 200 233 173 133 213 219 187 210 206 214
120 318 230 208 189 146 122 243 159 209 160 195 203 135 244 130 213 233 180
121 277 231 193 233 144 168 192 177 154 136 128 211 125
122 331 246 208 168 247 167 166 214 213 144 201 125 235 193
123 392 132 200 197 165 210 187 175 149 142 158 160 139 196 199 225 176 179 206
124 257 242 170 235 168 177 236 181 220 226 229 200 129 195
125 293 166 228 238 240 239 193 198 167 226 188 175 224
126 450 235 128 190 131 177 178 127 193 237 194 159
127 391 231 192 136 233 142 206 222 232 169 156
128 320 242 136 244 138 130 178 143 182 164 218
129 289 199 230 158 245 214 248
130 323 177 165 154 172 196 197 133 156 223 228 186 219 139 149
131 346 149 196 176 223 205 141 170 182 218
132 331 137 172 133 136 142 236 186 248
133 358 201 228 200 186 239 135 182 206 224 218 154 240 183 211 238 166 184
134 320 163 160 176 144 139 220 207 211 225 230 182 246
135 322 173 208 201 225 220 219 197 164 170 188
136 287 241 231 240 184 213 219 187
137 334 168 183 143 210 178 228 172 242 212 188 214 193
138 379 143 181 244 237 217 197 211 210 168 222 164 184 139 248 163
139 290 182 140 172 241 181 210 157 231 143 152 235 161
140 322 205 223 228 192 238 148 199 200 155 168
141 388 162 181 212 182 204 208 161 183 229 145 159
142 292 202 228 153 149 212 247 229 241 181 196
143 456 163 249 188 147 154 246 179 228 169 224 240 229 245
144 252 207 232 173 167 191 231 155 174 228 235
145 330 248 200 226 170 186 244 164 203 160 207
146 381 179 150 239 167 241 211 161 203
147 289 247 217 173 188 201 174
148 289 205 177 210 153 237 183 218 228 156 209
149 278 181 242 199 186 202 187 200
150 433 156 241 231 191 179 159 171 213 180 236 199 175 200 234 225
151 311 235 152 195 178 187 249 165 182 175
152 329 186 165 175 160 232 231
153 360 184 187 203 224 233 169
154 334 175 239 238 202 216 213 197 222 193 194 200
155 360 249 187 172 171 223 168 217 214
156 306 244 161 217
157 258 214 205 244 232 217 180 226 196 169 220 165
158 326 230 167 209 239 159 223 195 176 247 225
159 416 180 247 179 181 177 240 212 218 206
160 305 243 209 210 180 214 188 201 242 237 194 161 165
161 346 181 246 208 174 214 175 224 228 243 236 210
162 349 235 205 236 200 225 212 219 220
163 327 177 215 214 198 240 164 188
164 414 245 193 244 170 182 205 233 209 201
165 259 247 194 217 215 223 172 202 196 176 248 197 231
166 262 222 209 189 187 223 243 195 170
167 386 178 175 186 248 203 182 200
168 352 197 210 205 247 207 241 206 203 218
169 255 173 209 230 186 243 226 197 223 204 238 234 215
170 492 244 211 196 208 249 236 200 223 180 185 237 212
171 253 205 209 220 213 189 249 200 186
172 265 220 193 221 186 197 189 177 192 235 173 236
173 438 174 222 186 241 198 194 196
174 297 193 200 209 196 214 178 189
175 386 212 204 182 177 244 227 249
176 259 186 209 177 230 216 202 228
177 355 249 247 219 243 248 198 209 236 199 245
178 286 194 225 226 206 200 217 223 183 201
179 437 207 189 188 240 230 193 234 208
180 277 183 184 218 242 199 239 210 213 188 228 237 226
181 364 245 189 221 222 192 213 214 232 212 204 249
182 377 191 190 243 246 231
183 259 238 233 189 187 215
184 361 187 193 247 228 222 237 205 207 213 241
185 298 188 240 192 215
186 341 247 240 220
187 306 199 245 235 227 211
188 349 200 236 233
189 345 235 242 240 249 238
190 348 196 236 192 244 234
191 277 216 249 241 218 209 192
192 375 206 233 219 198 247
193 349 247 195 246 238 217
194 396 220 235 233 195
195 255 209 239 199 225 207 206 218
196 378 216 210 235 247 211 225 202
197 344 237 205 230 199
198 278 243 232 220 205 241
199 265 221 206 231 237 241
200 422 227 207 209 210
201 313 210 228
202 309 214 238 232 211
203 429 242 207
204 262 232 214 205
205 484 237 213 225 219 215 224 222
206 255 247 213 231
207 261 231
208 363 247 236 229 227 219 249 244
209 268 217 236 244 225 243
210 369 248 212 214 249 245
211 324 230 232
212 283 221 243 232 248
213 393 243 247 237 241
214 305 232 247 249 226
215 250 229
216 445 219 239
217 319 235 247 232 243
218 344 238 227
219 337 240 244
220 472 227
221 267
222 261 227 235 223
223 429
224 271 240
225 300 248 233 238
226 278 241
227 274 241 248 236
228 448 239 237
229 439 241
230 258 235 247 242
231 303
232 378 233 244
233 259 241
234 363 235
235 355 240
236 338 241
237 307
238 326 246
239 360 246
240 314
241 351 245
242 286
243 363 247
244 298 245
245 304
246 398
247 260
248 304
249 436
