60 1000
1 347 35 31 55 19 8 48 38 21
2 308 47 18 34 13 8 50
3 345 46 28 49 9 57 15 26 4 29
4 314 27 13 22 31
5 436 23 48 26 34 20
6 250 54 12
7 475 16 45 18 19 30 13
8 255 53 48 11 27 17 39
9 270 37 55 49 60 21 18
10 459 53 50 24 57 38
11 287 41 39 19 18 57
12 254 14 25 45 18 28 59 40
13 342 51 33
14 307 53 23
15 351 49 18 38 16 32
16 259 57 39
17 437 44 52 56
18 304 34 60 45 37
19 356 49 24
20 388 21 37
21 256 32
22 256
23 483 40 36 54 44 29 46
24 261 55 44 40 32
25 314 30 50 39
26 376 42 58
27 310 55 38 31
28 317 35 51 46
29 327 31 48 50 49
30 356 48 45 39
31 289 52 58 35
32 411 41 56 51
33 300 48 52 36 41
34 335 38 60 56 57
35 338 40 51 49
36 327 52 42 51
37 384 60 50 39
38 259 41 49 42 50 51
39 357 45 44 59 56
40 270 44 41 51
41 396 59 45
42 334 56
43 287 58 44 59
44 416 46 60
45 297 49
46 317 56
47 326 60 48 59 57
48 357 53
49 417 59
50 331
51 252 57
52 300 53
53 366 59 54
54 334 55
55 295
56 284 60
57 421
58 394
59 319
60 287
