60 1000
1 399 40 19 15 9 21 33 45 30 2 12 58 49 35
2 278 56 43 55 32 7 38 30 46 41 50 15 36 18 11 37 28 12 5 49 51 59 26
3 323 53 52 59 6 42 5 15 34 14 54 41 57 38 28 58 60
4 388 50 11 51 7 43 52 53 39 57 15 23 33 5 55 34 40 31 32 49 20 37
5 278 55 53 10 45 44 46 20 60 21 47 49 25 37 52 19 57 42
6 334 15 22 49 39 57 52 40 47 45 20 55 23 12 48 41 34
7 268 34 22 33 14 42 15 52 45 47 29 51 19 21 37
8 264 17 54 9 53 60 48 52 24 50 26
9 468 34 29 36 14 44 42 32 31 19 23 15 53 13 48 39 51
10 289 19 37 22 42 31 12 23 41 14 18 47 16 60 25
11 262 54 31 33 29 43 28 37 58 22 17 47 52 59 35 18 44 45 60
12 449 55 59 37 49 35 54 33 32 25 18 19 31 58 50
13 300 44 35 39 25 24 28 50 52 47 40 58 27 45
14 335 30 22 17 51 38 44 24 16 40 15 20 60 26 58 50 46 48 52
15 365 25 26 52 19 45 55 31 20 27 18 37 43 22 54 53 41 32 40 38
16 303 38 26 60 56 59 36 18 44 19 46 47 50 54
17 381 52 30 34 32 60 48 29 39 44
18 316 23 49 45 36 29 34 41 21 52 46 26 27 43 47
19 321 22 55 23 51 49 29 44 58 35 47
20 429 41 38 21 27 51 52 35 53 40 54 57 29 39 43
21 250 53 32 55 60 34 27 57 56 46 37 50 22
22 469 39 46 55 56 25 43 42 31 45 30 33 51 60 57
23 259 46 26 33 48 40 42 59 37 60 44 27 36 49
24 272 39 27 47 58 48 55 44 52 46 45 31 51 34
25 398 27 50 42 51 58 38 56 34 54 44 26 30
26 302 45 43 34 38 55 33 41 52 44 59 49 50
27 300 36 47 59 32 42 53 48 34 29 49 33 41
28 303 55 56 31 49
29 362 37 50 55 43 47 41 36 45 31 58
30 335 31 55 38 50 47 44 58 34
31 314 51 45 50 59 56 54 37 43 46 60
32 313 51 49 56 57 53
33 373 50 53 36 34 58
34 319 49 56 38 59 37
35 400 45 52 57 51 41 48
36 281 57 47 50 42
37 399 57 58 50 39 40 59 48 38
38 342 54 49 52 39 48 42 46 45
39 259 54 55 59 58 51 44 50 46
40 458 41 44 49 47 55 52 43 56
41 258 43 56 54
42 284 51 54 44 57 49 47
43 367 54 47 46 49
44 309 52
45 324 59 49 46 60 47 55
46 295 60 49 53 58
47 283 54 50 58 51 48 60
48 422 49 57
49 325 57 54 55 60
50 251 60 59 57 55
51 424 54 58 56 52
52 309 56 57 60
53 408 56
54 283 56 57 55
55 341 56
56 382
57 277
58 372 59
59 256
60 372
