120 1000
1 378 76 19 42 30 62 57 78 114 39 60 24 98 33 97 28 93 18 38 52 116 6 89 11 49 82 50
2 303 30 89 114 46 48 21 64 102 58 29 69 54 8 61 11 18 59 104 37 38 44 72 93 110 73 111 23 118 10 77 84 57 31 12 35
3 319 6 101 99 44 48 36 22 24 7 67 79 112 94 58 25 42 54 95 53 85 87 61 74 21 96 62 116 66 77 106 90 88 80 43 57 64 78 60 45 10 55
4 286 15 57 22 43 5 120 42 117 67 26 99 47 14 23 51 41 89 56 100 93 66 72 62 87 97 78 6 102 28 52 106 98 64 118 37 36 70 11
5 403 38 79 55 116 60 118 95 63 33 73 110 46 10 86 48 64 58 22 100 41 75 12 31 17 81 36 44 67
6 311 108 33 12 86 9 75 112 97 52 100 11 10 114 109 13 80 42 101 82 26 118 88 77 50 59 83 17 71 22 95 21 55 31 70
7 323 120 100 22 67 14 69 25 116 56 91 72 101 58 64 95 42 28 60 68 9 23 36 38 43 8 114 15 117 77 24 40 29 82 106
8 408 12 80 85 111 114 71 94 69 105 74 73 44 113 46 22 65 28 56 21 41 14 62 101 75 76 36 99 106 68 16 42 19 33 98
9 269 18 84 83 113 96 86 79 80 111 82 94 21 100 118 77 48 33 19 112 114 99 52 110 108 10 45 109 56 17
10 264 41 96 84 60 76 54 39 75 102 73 68 78 114 106 94 61 112 110 20 111 74 11 53 117 49 90 107 82 21 30 70 23 34 43
11 343 28 56 15 74 21 27 18 71 43 39 33 102 62 111 16 42 47 90 55 99 22 64 51 40 75 104 117 80 81 73 35 57 108 19 96 106 36 25 34 72
12 393 70 98 31 91 83 65 49 108 58 47 94 110 88 14 106 39 53 112 76 17 62 85 96 113 19 54 40 109 34 42 55 59 13 116 69 105 77 118 28 20 38
13 326 81 79 111 38 103 18 30 34 69 50 73 101 31 65 115 60 14 28 21 54 17 33 108 57 114 71 104 27 75 78 32
14 358 45 115 15 41 37 47 96 78 50 79 38 83 63 61 67 69 106 52 57 108 54 21 99 85
15 316 23 90 103 83 36 98 112 26 79 81 21 16 102 24 22 41 37 30 46 33 40 84 31 94 104
16 319 37 58 80 71 45 36 119 105 68 21 28 47 66 69 18 98 23 120 62 81 32 89 61 31 88 38 17 110 44 115 77 59 35 102 112 99
17 416 100 106 27 87 116 23 42 20 18 58 86 76 63 35 66 99 92 72 31 83 114 110 85 108 113 79 65 48
18 265 105 26 21 77 43 76 66 31 107 99 92 46 67 113 27 24 51 63 85 111 78 106 58 79 82 86 39 68 37 30 81 73 94 61
19 311 55 65 27 99 37 77 73 68 28 51 52 57 23 32 34 76 111 82 63 35 66 44 53 25 103 29 117 24
20 323 82 93 40 69 89 73 110 79 42 81 116 84 102 78 120 49 97 52 50 104 23 107 91 99 37 61 88 29 118 48 53
21 366 23 65 67 75 56 31 107 41 64 69 61 119 104 90 48 58 68 30 39 99 108 49 86 92 66 40 79 111 115 81 22 37 83 71
22 359 34 59 73 78 51 27 106 100 67 45 25 52 60 62 112 54 77 70 88 75 91 103 53 36 86 39 42 81
23 323 38 34 99 66 118 36 86 115 94 107 76 48 53 74 120 80 92 91 61 106 109 69 112 54 49 101 46 90 111 65 55 77 82 42
24 318 100 102 79 117 94 97 115 103 110 32 80 43 51 76 53 50 111 107 108 116 28 40 119 72 31 49 62 71
25 284 50 102 54 119 32 90 40 117 57 63 59 107 108 44 48 95 29 84 116 35 37 91 93 67 77 101 110 34 26
26 354 57 32 27 68 75 95 73 79 58 96 39 47 117 51 107 80 81 56 36 53 84 105 59 50 85 44 98 91 110 74 29
27 362 104 87 31 91 47 43 34 90 75 48 97 74 41 63 66 112 53 85 38 95 32 70 76 100 65 101 50 49 83 35 119 79 60 30 89 56
28 355 38 80 85 36 76 88 41 45 77 52 29 100 90 74 101 116 54 112 75 40 57 72 33 47 115 111
29 377 107 81 78 77 56 53 85 36 116 100 43 120 49 113 74 37 90 61 104 89 45 94 70 108 31 114 55 54 96 39 111
30 268 86 114 70 49 104 116 65 32 88 59 68 75 81 113 67 47 63 83 93 78 90
31 402 103 101 96 58 59 112 71 63 116 39 88 72 105 33 95 50 109 57 34 104 74 66 70 120 62 78 102 32 41
32 329 81 91 105 46 66 47 108 82 50 97 109 106 59 41 101 83 53 84 80 64 90 94 85 98 72 117 70 118
33 269 108 99 34 35 84 107 42 57 89 79 39 67 59 95 87 68 45 49 100 76 66 92 61 115 104 50 46 63 105 60 77
34 480 102 50 105 37 118 36 63 90 59 49 43 87 35 61 67 44 113 106 42 60 117 75 85
35 269 96 86 73 58 108 71 65 56 74 40 98 63 59 70 51 85 97 55 57 83 95 111 64
36 251 46 84 78 59 116 93 39 106 58 79 120 94 108 103 117 111 100 37 99 114 92 63 42
37 435 108 84 46 62 85 104 78 91 76 44 55 53 90 113 51 65 83 92 105 39 106
38 284 55 98 39 95 46 118 84 109 114 85 106 101 59 120 76 82 72 86 117 111 93 100 70 89 47 91 115 49 52 45 58
39 281 76 80 66 62 119 52 47 116 64 98 86 61 53 43 77 114 117 91 95 108 101 118
40 424 57 48 74 42 71 41 108 43 53 67 46 76 89 92 87 95 96 93 106 82 60 90 91 99 120 54 50 111 52 68
41 310 98 103 107 62 118 100 78 66 51 67 71 50 116 82 117 73
42 266 59 90 61 55 44 52 67 75 87 116 65 82 57 45 115 92 103 113 85 76 88 77 68 99 101 105 107 114
43 265 109 65 53 57 115 80 46 85 73 100 51 102 83 89 75 58 101 68 60 90 48 56
44 429 106 115 47 65 113 111 100 77 71 99 46 56 112 63 97 74 98 73 80 58 94 95 53 84 105 110 54 92 51 101
45 306 92 71 98 52 89 115 54 79 102 86 72 49 47 101 80 76 96 106 87
46 282 105 52 69 111 98 67 102 50 81 53 87 86 73 65 62 83 49 68 66 95 116 59 110 63 74 47 72 120 91 99
47 328 105 117 108 65 58 57 68 88 67 104 100 109 106 52 98 53 95 50 83 72 80 59 92 73 115 119 77 78
48 390 100 75 118 51 60 117 97 109 57 94 65 93 119 115
49 423 104 68 85 88 101 102 108 67 82 115 50 90 109 99 51 106 79 52 94 113
50 314 58 53 95 65 64 79 85 52 57 56 74 68 76 81 119 82 51 113 59 86
51 263 111 77 97 56 74 66 117 81 115 52 76 110 54 92 114 113 84
52 332 76 56 109 107 61 117 73 74 102 98 119 55 92 77 99 66 100 65 91 88 71 105
53 390 91 107 96 111 112 73 120 75 104 63 108 106 85 86 103 117 101 109
54 278 77 86 99 103 96 61 116 94 100 69 117 73 92 70 119 62 71 95 111
55 404 89 118 109 58 82 83 108 81 73 88 116 97 107 78 115 84 117 63 99 79 110 56 87 61
56 289 93 68 57 63 100 74 73 99 72 104 111 69 76 102 105 77 96 118 107 84 79 120 114 101 115 103 95
57 307 105 116 96 64 97 100 69 89 98 79 65 63 77 80 84 118 87 92
58 270 119 90 84 63 99 117 89 81 88 92 79 73 68 100 64 61 112
59 350 93 104 114 72 116 103 110 61 89 81 65 64 91
60 380 105 113 71 114 102 69 97 92 118 116 83 68 73 93 103 89 81 72 87
61 313 86 87 88 114 108 91 62 105 81 94 63 80 66 99 113 104 95 106 107
62 301 69 117 87 106 79 85 78 112 71 84 74 94 113 101 95 110
63 386 76 116 102 79 90 70 103 114 99 108 117 85 69 67 98 88 100 82
64 326 90 70 87 116 88 118 101 79 112 106 92 114 109 86 115 107
65 279 80 105 99 96 79 95 109 100 103 70 81 86 120 110 104 83 82 72 90
66 395 117 70 90 101 93 67 71 80 72 94 86 73 99 97 119 75
67 415 107 71 73 91 103 77 106 87 78 90 85 92 72
68 292 92 105 87 98 89 99 78 120 111 115 101 108 85 74 100 113
69 293 111 83 91 81 108 72 97 101 120 103 96 112 98 79 85 82 107 105 118 100
70 265 71 99 83 88 100 118 74 110 93 104 91 111 117 78
71 312 82 116 114 109 99 86 78 83 72 102 106 91 111 103
72 423 103 113 99 120 74 86 104 118 84 117
73 286 103 102 117 88 119 120 112 99 97 82 107 114 74 108 75 95 104 98 85 110 94 93
74 399 96 98 86 95 97 104 100 118 81 106 110 99
75 315 94 98 85 87 97 108 120 102 90 77 118 79 78 95 86
76 270 101 84 77 87 120 99 97 83 86 100 91
77 316 79 110 106 104 83 96 105
78 414 95 86 112 113 81 83 108 106 97 107 98
79 388 96 95 114 109 119 93 118 117 81 94
80 345 83 93 104 118 106 82 101 112 87 91 95 107
81 267 88 113 94 110 103 82
82 334 120 109 88 92 93 119 115 90 110
83 327 113 93 108 118 88 101 102 103
84 339 87 108 106 94 114 96 118 97 91 101 117 110
85 277 105 113 99 107 119 91 97 87 111
86 315 87 113 88 94 96 118 91 119 117 112
87 408 95 88 98 111 120 117 112 110 107 106 103 108
88 278 97 92 105 89 110 95 107 120
89 386 95 104 94 102 120 101 115 91 116 92
90 336 96 105 94 103 102 119 104
91 381 103 109 92 95 118 105 101 113 120 106 107 119 116
92 349 120 117 100 108 95 114 103 94
93 270 111 112 97 108 113 96 117 114 94 109
94 315 117 120 103 96 97 118 98
95 414 101 118 96 105 99 117 103
96 271 98 103 111 105 101 102 110
97 415 103 101 120 110 99 106
98 292 115 108 105 120 117 113
99 293 114 113 104 110 112 101
100 304 103 112
101 444 106 112 110 117
102 252 112 115 117
103 264 109 108 105 115
104 323 117 108
105 413 108 116 109 119 112 106 110 111 117
106 251 117 108 115 119 116
107 497 113 117 112
108 252 112
109 411 112 119 110 111 117
110 255 119 113 118 120
111 334 112 113 115 114 118
112 327 115 118
113 299 114 115 119
114 374 118 117
115 423 116
116 298 117 119
117 279 119 118
118 345
119 286
120 369
