249 1000
1 273 119 75 165 74 29 27 46 111 214 60 91 2 93 25 83 30 42 175 8 110 138 210 49 118 197 21 63 219 240 128 82 19 47 161 107 136 66 223 106 101 229 135 234 14 137 59 192 180
2 473 219 76 170 130 55 89 42 9 149 6 71 193 41 88 183 241 224 245 133 169 43 29 243 174 77 117 22 141 220 32 56 164 198 65 197 70 154 146 142 144 195
3 254 224 191 166 188 65 241 127 13 120 107 44 110 170 93 145 89 38 177 80 82 114 111 159 196 71 84 87 129 66 227 47 60 221 101 33 244 204 187 52 98 146 239 99 164 64 141
4 443 135 209 169 243 73 226 31 247 84 63 150 155 151 24 117 225 27 94 74 77 102 130 105 95 145 106 5 153 167 82 45 193 122 188 134 7 114 8 16 49
5 299 103 66 28 114 61 170 78 79 34 222 14 161 139 175 177 81 80 172 196 112 212 55 64 15 91 30 105 33 132 198 23 133 243 71 45 195 148 72 88 38 216 48
6 258 150 170 187 235 120 188 124 108 159 179 50 24 131 140 85 27 11 164 47 41 72 127 157 161 177 100 215 217 54 166 128 42 149 244 171 229 97 163 248 101 25 16 175 190 147 226 143 232 230 62 10 12
7 318 15 123 95 30 199 84 168 214 150 162 75 126 37 34 94 138 195 120 181 188 154 175 134 133 139 91 105 115 33 147 99 242 238 119 209 89 170 135 29 70 71
8 298 103 98 214 246 22 30 140 180 157 216 116 76 218 115 74 82 137 182 176 160 127 35 201 244 121 114 25 174 156 118 234 77 145 188
9 384 204 123 154 232 23 85 78 82 187 125 55 74 194 205 62 165 249 115 146 108 223 127 14 39 247 41 248 51 67 22 164 241 95 143 40 133 160 122 176 225 76 71 103 26 113 169 183 166
10 282 225 13 51 52 25 46 113 133 235 102 48 145 125 210 179 112 76 167 47 45 101 39 97 232 163 121 74 28 170 208 177 107 193 249 165 38 35 92 238 147 85 75 81 124 205 82 240 216 88 197 241 100 206
11 370 83 224 165 214 249 164 61 85 118 75 14 101 64 209 29 141 109 48 228 243 15 26 201 44 146 232 139 124 189 122 54
12 348 13 151 196 227 116 199 40 245 178 192 98 210 127 50 63 64 114 223 101 207 14 177 75 200 58 166 51 180 247 158 153 235 233 202 108 113 133 136 17 244 230 125 27 219 46
13 342 109 224 175 71 48 145 68 96 100 144 60 87 28 166 185 237 233 103 247 209 38 24 19 190 27 236 35 91 231 136 95 34 199 229 228 246 125 88 70 16 212 171 72 140
14 340 66 170 29 226 236 180 185 140 42 161 195 96 214 171 129 117 151 126 113 145 93 191 43 144 215 81 70 54 116 112 179 235 100 244 147 209 133 41 76 234 169 31 159 106
15 318 62 245 52 136 237 69 227 223 95 160 117 167 107 20 246 75 35 70 101 149 40 230 80 162 206 138 203 49 65 171 214 229 231 21 51 193 221 114 34 243 45 179 88 226 129 125 31 211 57 22 176
16 294 173 33 212 201 82 150 84 236 59 25 45 164 68 247 208 61 239 60 228 80 125 53 240 168 249 149 216 99 183 129 17 165 30 175 77 198 197 40 20 171 46 58 246 73 109 185 205 92 162 231 184 159 104
17 320 23 198 199 247 97 124 91 33 173 201 236 129 105 210 165 98 25 223 37 138 214 110 64 107 100 204 75 22 183 225 21 108 163 52 102 26 50 66 241 63 182 123 35 120 96 154 49 218 44 228 41 87 239 61 186 83 188 193 237
18 386 22 143 43 32 107 201 173 112 222 61 47 76 151 231 165 92 187 176 44 132 104 192 149 121 153 82 223 40 238 186 124 208 65 45 115 130 197 87 227 159 19 214 34 249 46 96 93 68 58
19 326 153 50 173 156 63 183 238 228 76 48 170 40 196 157 84 123 191 213 89 118 203 109 198 184 211 60 152 178 110 111 189 35 229 88 223 176 44 66 185 56 115 36 128 59 141 195 65 166
20 330 69 106 171 135 155 230 222 30 39 220 125 43 164 159 100 174 42 54 119 153 102 127 85 208 74 66 53 148 175 142 126
21 344 30 148 216 164 85 172 171 220 41 29 24 207 147 32 105 149 89 217 22 170 66 60 228 48 244 96 202 126 186 82 179 121 230 211 160 98 50
22 343 143 102 189 237 165 28 231 219 134 45 178 136 29 191 164 116 151 153 210 180 34 127 99 175 233 234 154 61 171 222 64 199 247 211 240 42 109 41
23 275 139 249 177 185 55 193 25 187 223 200 83 119 113 50 37 170 239 199 211 89 159 157 65 29 175 224 73 217 222 233 71 179 220 42 125 128 110 244 194
24 382 66 230 109 97 110 182 135 76 104 186 244 52 47 140 192 39 138 55 221 148 70 179 62 90 187 200 143 207 145 130 124 193 80 137 53 58 77 234 153 27 210 37
25 308 27 41 112 220 145 174 245 56 190 207 157 131 163 172 124 217 94 167 29 248 51 96 239 246 114 67 151 173 97 156 116 60 53 204 186 44 75 103 227 192 195 123 105 201 144 170 70 164 109 71
26 294 153 57 144 97 77 48 114 93 29 238 128 69 45 79 146 205 204 141 88 124 215 85 182 52 196 193 83 138 158 82 130 50 80 76 173 64 125 213 167 63 133 156 170 212 231 67 147 168 201 87 161 243 55 112 200
27 398 136 94 74 71 230 62 81 246 206 43 200 28 117 152 36 68 56 123 155 167 72 89 222 209 54 148 237 130 239 174 116 160 207 219 211 127 144 120 172
28 384 82 248 46 225 29 206 84 213 195 222 135 75 83 137 94 202 110 183 79 35 164 155 62 48 142 78 67 145 144 50 227 51 184 80 30 61 233 129 66 199 91 101 219 140 156 215 170 123 191 38 113 236
29 353 195 156 227 187 38 211 113 134 66 130 220 190 71 115 222 143 214 146 200 129 76 234 203 51 93 219 61 212 67 92 97 158 170 104 208 230 43 175 243
30 263 233 193 94 160 119 182 36 228 49 180 111 102 235 144 170 33 229 71 184 90 165 35 109 76 161 248 166 116 198 88 137 237 208 227 38 219 195 192 210 82 68 84 149 222 113 232 122
31 305 209 155 216 158 179 233 70 63 165 174 163 113 97 239 213 71 229 93 203 159 140 120 100 244 36 187 189 124 104 119 108 85
32 407 165 235 154 171 47 111 116 45 142 198 147 238 164 233 101 189 152 103 163 220 173 133 159 70 40 76 129 115 119 212 240 224 140 109 153 194 141 39 122 112 145 201
33 288 60 189 84 176 76 121 95 175 147 229 112 141 144 210 136 223 215 222 108 150 190 221 197 92 230 131 62 91 88 42 195 50 134 187 225 219 168 52 65 69 132 120 149 182
34 377 150 105 93 243 175 235 108 215 86 204 173 240 155 56 134 130 99 226 196 237 223 106 157 57 143 148 198 77 187 142 120 70 121 182 115 98 54 91 46 188 111 78 39 66 61 228 81 76 42 75 138 189 211 73 164
35 316 84 114 160 68 74 245 185 171 133 100 43 76 46 122 67 138 116 175 234 220 141 135 214 195 140 237 70 184 178 44 59 139 130 69 246 64 129 123 56 126 187
36 307 69 161 70 58 38 113 196 146 115 245 244 192 180 74 194 236 49 139 178 238 184 162 51 68 105 211 241 57 41 136 62 66 81 52 199 125 166 149 160 172 171 226 145 80 93
37 318 54 157 120 238 243 122 188 133 121 241 182 123 190 111 218 55 235 63 42 174 198 209 139 151 247 230 197 46 160 117 39 114 164 191 225 58 73
38 383 97 166 229 158 224 123 138 244 199 197 89 182 91 220 88 93 122 185 171 188 249 132 164 195 163 39 155 66 108 48 160 118 145 76 131 178 109 243 236 78
39 299 98 104 122 172 139 199 73 89 180 132 120 227 202 40 57 106 204 169 195 164 162 218 110 217 76 203 99 43 108 50 156 129 93 223 237 220 153 198 140 138 126 111
40 269 201 174 132 50 195 103 109 127 244 210 85 189 187 112 218 95 119 77 175 86 183 186 191 55 150 104 128 225 83 180 65 70 229 206 242 219 181 198 167 224
41 370 55 49 81 149 129 165 155 179 63 136 75 193 239 120 213 131 113 92 78 103 70 219 172 98 80 183 194 157 86 105 167 67 64 106 160 74 128 95 123
42 361 87 129 215 52 57 54 83 218 173 47 110 203 238 229 100 67 190 114 230 188 162 175 55 157 185 48 98 77 64 103 130 96 124 69 140 239 89 154 49 226
43 286 147 162 69 45 202 232 166 170 48 127 91 59 165 107 68 49 163 233 194 201 90 193 109 245 79 187 92 126 85 132 61 121 185 229 164 176 64 56 96 221 210 243 74 206 214 153 122 70 172 149 120
44 425 93 83 51 157 68 206 151 152 186 78 188 221 248 231 224 237 81 210 136 63 112 96 50 77 55 192 160 177 175 200 106 119 225 148 227 88 164 220 48 204 234
45 289 227 220 200 119 135 211 208 196 242 131 182 214 223 206 113 209 110 95 234 70 181 163 87 243 149 158 90 114 187 159 81 71 161
46 291 80 149 95 223 62 121 94 48 138 87 168 145 105 182 180 218 73 225 213 200 58 181 139 166 207 146 209 219 191 202 204 54 89 176 116 135 50 227 148 129 119 132
47 346 212 231 210 180 113 183 128 225 87 58 142 141 93 202 216 240 106 166 160 138 79 137 126 247 189 120 249 134 221 169 236 52 190 206 150 201 61 112 238 80 84 181 64 73 155 139 242 187 193 213 168
48 363 98 63 233 107 105 59 196 180 73 51 140 236 208 80 246 110 112 167 77 131 194 64 223 111 171 72 62 114 136 96 155 245 241 202 165 142
49 384 175 140 249 173 190 72 136 161 247 199 167 211 174 191 121 88 187 206 208 64 56 81 92 113 143 71 119 152 129 160 179 100 237 132 58 169 60 201 196 122
50 300 120 192 182 219 198 99 109 169 122 130 178 144 199 243 158 124 232 179 200 141 203 176 81 133 186 184 215 84 98 167 74 108 210 196 100 83 150 102 180
51 316 192 221 230 64 118 108 208 193 233 133 126 231 67 84 185 86 158 248 79 179 98 148 178 106 234 191 85 143 62 155 129 115 159 167 245 73 235 76 223
52 272 203 245 70 68 170 199 99 237 112 78 88 218 176 246 158 130 116 225 154 164 59 240 184 117 95 160 169 53 147 157 71 148 100 123 80 128 126 73 141 194 89 139 213
53 438 148 65 108 204 246 214 57 245 150 203 127 102 222 91 141 100 120 76 111 113 224 178 99 179 206 56 243 144 64 234 134 189 195 81 118 66 244 152 238 172 54 160 117 146 132 63 130 155 228 125 129 136 227 202
54 290 103 141 88 146 57 213 65 143 113 171 209 244 176 100 106 193 90 204 191 195 85 151 223 222 127 86 129 247 210 208 145 96 124 165 87 157
55 318 72 124 162 70 60 200 232 69 173 93 90 161 138 222 143 201 89 155 178 109 115 246 244 62 135 207 119 64 111 75 214 144 191 223 128 107 239 193 122 117 160 126 101 212 236 226 57 157 158 164 114
56 404 108 116 96 140 119 71 212 103 178 215 205 109 204 148 247 85 95 188 60 169 141 92 227 167 248 130 94 77 144 196 164 107 192 201 221 236 228
57 278 246 176 114 183 123 225 150 224 218 149 195 100 203 204 247 139 93 165 194 237 122 138 155 177 70 125 196 118 142 233 186 81 157 145 117 137
58 329 199 109 124 91 106 130 229 82 221 140 63 138 173 153 161 176 234 99 72 90 240 209 129 93 149 79 113 96 202 139 247 66 107 214 118 205 175 135 165 119 156
59 297 66 242 150 167 165 194 233 119 219 235 249 64 62 209 170 218 159 79 228 198 67 107 146 231 223 113 68 135 203 78 86 69 104 240 106 124 158 81 120 112 181 97 174
60 374 131 87 96 86 90 172 132 74 189 103 195 99 77 231 81 72 161 203 125 228 236 198 176 79 95 71 138 137 94 109 168 220 185 171 98 150 221 188
61 380 177 243 75 91 98 100 128 186 238 190 112 66 195 185 130 211 86 93 203 236 191 187 247 123 163 116 138 200 207 235 174 239 126 231 249 78 223 232 173 181 222 142
62 307 128 151 142 189 228 91 134 205 152 155 137 138 118 147 175 74 244 104 226 121 225 66 75 168 153 125 243 129 210 185 200 72 187
63 313 70 224 167 140 204 192 68 151 243 150 216 85 169 205 222 138 182 210 141 96 161 170 147 95 183 116 128 197 173 206 223 213 178 93 212 235 123 103 133 217 165 189 226
64 364 205 231 115 235 136 240 137 204 207 200 162 178 160 154 132 192 92 158 201 164 151 171 177 112 84 66 120 128 68 118 107 229 232
65 261 108 106 102 135 205 180 117 233 97 204 207 144 241 132 192 134 174 244 203 66 179 216 136 222 176 168 114 67 217 89 95 212 171 246 156 177 206 157 236 112 133
66 375 81 143 130 207 124 211 117 242 77 83 160 136 149 89 221 217 190 166 241 245 105 186 174 158 87 80 203 209 177 133
67 353 81 100 86 113 232 231 116 93 199 222 129 230 209 120 204 228 247 130 106 229 243 157 123 70 114 153 156 75 163 159 68 105 80 109
68 382 211 174 239 109 85 217 92 115 230 146 205 136 83 215 149 140 196 153 151 209 99 179 249 101 155 199 182 176 238 201 79 224 207 132 248 106 214 69 213 81 186
69 265 222 125 94 246 204 111 102 183 140 239 138 153 97 240 192 86 105 228 216 184 233 174 208 176 137 121 210 202 217 187 162 238 166 84 160 114 248
70 399 171 101 137 199 85 159 167 82 183 234 107 163 92 122 71 244 152 121 87 109 141 192 123 164 117 236 127 161 77 196 213 81 126 197 149 145
71 271 241 125 212 155 197 218 119 86 190 78 211 246 102 223 135 179 183 76 165 152 129 90 134 98 206 132 145 106 239 137 210 238 83 157 204
72 330 88 158 128 201 239 109 211 183 136 132 90 147 240 113 122 228 73 185 249 144 168 83 192 138 152 217 173 237 148 244 222 204 137 193 200
73 255 89 197 130 227 233 76 249 77 136 97 185 182 160 243 110 86 157 140 171 206 172 150 85 170 145 142 92 194 108 96 114 219 164 222 138 215 163 100
74 310 245 190 119 218 223 199 215 127 187 82 205 136 229 144 173 236 133 143 140 192 120 167 188 110 193 217 86 124 122 249 88 96 89
75 435 118 79 110 202 223 120 224 239 240 164 123 236 163 158 203 96 244 183 142 139 97 128 93 242 193 124 151 222 85 152 117
76 370 244 112 209 232 158 115 84 159 219 143 121 79 104 233 91 228 142 214 204 152 94 197 201 239 118 177 134 114 178 130
77 334 129 164 227 242 128 234 188 214 165 238 91 162 209 118 78 186 173 142 134 204 104 137 207 144 110 193 226 112 130 93 177 81 123 245 176 122 178 156 84 223 191
78 296 150 127 246 139 216 100 203 205 169 225 181 178 237 174 167 190 87 116 184 125 114 131 244 81 164 170 141 179 130 144 233 230 107 201 105
79 297 135 204 117 107 210 193 237 93 189 99 155 236 240 130 119 246 118 188 115 181 225 182 87 85 244 203
80 386 226 109 155 116 240 104 231 180 119 207 170 168 153 209 185 205 89 143 107 100 187 154 195 223 110 174 196 133 238 169 198 166 129 140 164 230
81 317 117 144 166 172 131 240 174 246 220 165 133 167 96 145 241 188 239 116 171 201 211 204 212 216 105 197 85 87 190 237 107 121 115 161 221 160 157 195 82 142 126 123
82 357 211 194 221 225 142 154 118 233 95 227 176 167 119 149 128 244 134 85 187 138 116 89 106 96 102 168 212 239 197 208 124
83 269 236 87 246 157 88 173 170 111 243 245 247 228 113 201 127 133 151 174 210 155 148 183 143 248 215 167 125 86 119 238 242 198
84 374 193 119 101 97 164 125 230 85 111 110 170 149 211 148 136 99 120 129 217 89 186 106 236 118 152 155 213 132 238 147 212
85 342 175 201 144 118 116 216 213 233 150 199 190 96 126 185 174 191 186 202 125 147 235 167 166 134 95 94 182 159 162 139 121
86 300 241 159 238 113 236 112 189 129 90 223 222 158 139 184 142 232 181 195 174 138 199 154 230 191 114 175 87 88 93 128 140 249 247 132 202 172 152 209 176 226 194
87 358 103 101 115 144 105 178 118 91 180 208 217 187 88 168 114 90 239 220 234 162 189 183 126 166 201 158 212 226 232 128 106 98
88 269 142 96 156 191 245 143 243 248 98 163 192 94 148 157 176 247 216 107 181 171 111 169 149 109 108 224 231 168 215 230 244 188 212 161 131 145
89 418 183 214 209 116 115 241 170 133 105 103 244 162 121 146 207 122 120 230 172 139 157 211 173 169 160 96 127 242 239 106 165 104
90 313 246 232 227 174 137 220 188 156 121 213 243 133 146 157 147 116 110 149 221 165 171 150 236 235 170 205 167 200 94 113 231 228 140 159 185 169 107 127 138 100 208 192 105 99 172 186 201 139 114 225
91 338 131 132 233 235 147 115 169 130 133 217 239 122 150 191 240 229 188 181 242 110 109 94 189 208 149 205 167 99 247 104 151 143 218 129 135 120
92 378 172 95 176 130 237 201 131 234 208 174 210 212 216 140 185 197 221 162 98 220 241 178 226 189 96 203 104 157 180 187 101 164 240
93 284 240 238 154 229 170 104 152 192 142 155 117 150 189 233 237 97 127 176 202 217 128
94 256 156 123 141 233 194 222 238 216 152 112 234 161 140 155 157 120 160 158 185 178 108 150 166 170 212
95 462 210 163 168 149 218 181 161 182 238 224 136 113 143 243 178 192 197 99 231 208 194 242 107 222 225 215 114 220 198 165 219 159
96 282 97 204 159 237 208 186 134 215 222 232 121 246 242 227 161 214 193 230 169 192 141 220 178 239 217 240 165 187 145 213 244 168
97 332 174 224 126 164 123 111 222 147 221 187 215 161 112 218 225 230 118 234 176 168 196 169 247 193 146 202 239 101 223 211 206 154
98 295 120 147 245 202 248 240 236 219 213 136 172 228 102 230 190 125 209 135 134 158 232 112 197 173 225 206 198 163 122 123 128 152 183
99 373 105 124 194 107 138 238 220 248 249 235 192 183 118 108 114 109 164 176 201 188 146 237
100 253 222 194 113 240 164 160 181 239 161 183 177 124 110 201 134 187 208 144 105 156 178 112 228 212 149 227 129 133 141 150 171 184 158
101 344 157 120 115 116 122 118 175 221 190 156 218 158 139 133 210 199 110 235 223 149 229 178 176 219 187 114 138
102 403 108 246 159 216 157 185 242 247 245 238 197 249 132 225 211 184 206 171 173 227 224 220 122 217 116 192 109 114 153 203
103 390 232 191 202 214 141 116 160 199 134 220 176 169 182 208 204 205 210 209 237 181 123 108 150 189 167 245 147 179 172 231
104 250 249 129 220 239 167 156 189 111 141 222 209 158 187 199 127 246 205 195 237 162 126 208 147 110 116 197 121 238 160 163 155 145 138 241 182 179 130
105 360 158 140 222 136 129 159 142 161 204 242 172 110 118 187 168 121 123 239 156 143 149 108 122 127 157 183 228 225 233 200 203
106 388 202 245 117 226 216 234 246 132 144 165 172 236 232 162 175 152 217
107 350 147 204 219 113 148 125 131 135 136 198 174 126 151 237 124 116 231 196 150 201 146 202 165 110 163 153 132 228 221
108 262 174 239 248 184 150 169 127 121 185 192 241 190 176 194 175 117 129 226 147 219 114 249 119 187 125 138 172 221
109 251 112 198 245 123 137 218 135 214 207 206 227 223 150 174 125 132 177 121 124 226 168 241 118 230 114 248 120 161 116 133 202 231 110
110 272 216 130 203 242 201 210 185 206 168 191 188 174 138 190 149 133 137 184 117 229 113 177 211 225 238 226 223 230
111 477 234 209 197 135 242 130 181 175 232 244 210 233 144 186 222 151 133
112 361 207 214 162 140 142 139 226 178 138 223 159 119 197 157 206 120 219 218 175 171 182 246 147 149 144 116
113 269 165 155 149 140 127 225 130 201 153 135 146 217 115 158 134 230 183 145 235 185 194 231
114 370 184 133 146 215 245 201 125 199 229 203 124 156 136 145 132 208 216 166 237 160 211 173 180 190
115 358 181 154 245 156 185 148 143 230 175 203 248 158 182 144 122 149 140 155 119 177 219 161 198 129
116 287 174 201 241 195 168 231 130 173 224 176 239 206 154 132 191 229 142 118 123 197 193 140
117 355 133 213 119 149 221 173 230 214 179 180 193 159 224 208 190 165 239 229 205 175 200 242 152 223 237 174 248
118 354 166 152 153 130 210 218 132 220 122 236 230 232 172 180 205 178 183 202 204 171 154 239 125 214 224 119 150 141
119 284 191 205 186 184 211 126 162 135 137 247 172 246 222 165 209 233 167 195 230 228 194 249 161 152 138 141 127
120 362 245 209 175 139 192 226 127 232 204 123 210 173 161 133 249 146 176 157 220 168 180 200 121 197 211 134 129 155 201 223 132 239 179 130
121 485 192 236 188 175 165 148 136 200 169 244 164 151 145 222 149 204 147 168 158 126 134
122 254 243 145 170 128 176 202 174 130 166 188 139 164 163 218 140 189 153 137 194 198 213 228 134 148 234 177 203 171
123 261 153 226 172 205 144 212 158 220 150 236 188 238 246 190 219 214 245 160 135 156 207 208 176 128 184 133 151 182 240 147
124 412 245 186 212 191 211 227 127 156 239 207 233 205 209 144 184 237 198 231 222 134 176 139
125 269 175 239 236 246 154 153 131 148 218 155 225 194 151 227 160 206 180 167 203 214 226 211 215 130 159 234 147 243 241
126 319 160 161 152 184 241 182 151 196 136 198 244 173 199 147 238 137 220 247
127 312 179 204 185 176 170 187 216 156 242 202 196 220 214 209 200 234 178
128 421 238 205 199 227 226 231 157 214 195 135 136 228 183 208 234 134 165 159 237 152
129 267 242 186 176 199 149 241 191 143 144 154 147 134 170 248 217 173 245 148 201 243 220 166 182 209 211 247 208
130 448 218 168 133 205 165 178 211 232 182 135 171 183 157 215 166 194 224 196 246 175 134 141 184 142 245 225 143
131 270 228 221 217 150 145 244 133 170 176 200 190 186 187 238 237 224 197 191 234 164 162 205 204 218
132 282 240 207 176 134 249 200 148 232 241 214 190 140 141 149 183 226 151 191 237 197 209 146 168 133 164
133 295 166 195 182 139 213 241 187 148 224 247 227 233 143 220 157 145 242 200 147 135 186 177 205 236 173 246
134 361 225 153 220 249 219 192 239 223 187 201 179 159 213 237 186 178 246 161 248 224 172 166 215 188
135 344 243 151 191 227 230 178 146 148 184 198 221 193 235 139 204 160 213 217 224 166 171 158 172 214 196 216 159 211 239 195 188 234 152 244
136 294 178 193 141 147 161 202 172 240 168 160 180 146 201 226 186 175 187 242 155 164 211 200
137 322 163 201 188 155 152 181 235 138 167 206 139 236 205 174 247 143 243 142 249 157 214 169 217 203 221
138 384 220 244 237 208 145 143 195 160 151 184 203 165 200 191 158
139 309 160 194 199 181 225 174 143 239 152 180 176 246 140 249 154 201 158 190 227 214 205 191 229 240 173
140 422 200 206 229 197 165 215 156 151 183 181 199 153 175 172 187 149 176 221 207 145 169
141 269 166 191 195 241 202 215 207 223 182 176 177 244 172 145 203 214 160 169 147 165 210 217 196 163 168 221 178 150
142 266 182 231 157 185 205 181 199 163 167 196 207 172 160 193 248 166 161 165 200 149 197 240
143 297 212 184 177 164 150 187 178 194 176 242 216 233 179 218 166 210 153 195 234 249 248 181 144 241 185
144 437 148 181 214 200 160 216 174 229 161 195 234 242 168 207 205 166 194 169 213 230 227
145 329 181 197 213 162 218 163 219 199 152 146 172 221 202 189 242 173 214 235
146 310 210 229 213 193 179 242 169 163 240 200 227 167 176 165 178 222 232 175 228 166
147 361 242 189 167 209 174 186 234 235 236 195 171 246 151 173 190 215 221
148 288 209 177 249 205 158 243 212 233 179 245 204 186 150 185 230 208 173 159
149 354 152 178 171 205 192 249 209 157 180 216 236 176 230 229 195 181 194 161 162 189 169 188 159 225 238 164 172 154 174 158 185 247
150 358 246 218 220 188 238 178 177 215 195 174 172 183 173 232 161 190 222 208 233 240
151 481 246 236 233 152 237 234 176 235 200 205 240 174 197 187 189 153 224 226
152 257 223 237 196 231 245 165 160 204 244 215 155 206 226 168 203 189
153 262 206 190 214 184 188 219 178 168 201 160 239 200 163 216 158 231
154 299 203 239 171 182 204 186 219 208 164 223 201 209 230 205 167 192 222 241 158 211 248 227 202 193 199
155 417 245 220 249 219 235 184 170 223 202 215 186 182 171 217 237 233 239 172
156 284 209 195 238 221 245 214 230 157 173 235 232 189 202 228 164 176 247 200 248 244
157 344 166 174 212 176 162 224 228 185 159 239 249 164 202 217 244
158 262 214 200 238 224 170 211 219 249 217 199 189 161 165 198
159 394 175 221 163 174 183 185 179 230 173 191 177
160 261 180 225 238 215 192 244 186 229 236 204 233 228 163 193 226 206 191 200
161 287 222 189 201 213 218 226 194 207 170 197 225 175 212 186 234 196 230 192 214 180 245
162 452 207 237 195 197 188 229 249 236 217 183 175 227 174 206 180
163 277 243 229 203 224 195 169 166 227 207 204 181 213 219 244 223 191 249 214 167 174 238
164 403 202 190 235 201 198 232 200 178 237 174 195 246 166 239 185 236 218 191
165 320 209 210 218 215 249 245 227 201 230 182 192 238 204 172 237
166 429 178 189 220 206 219 190 217 169 227 209 210 222 232
167 266 211 238 184 231 193 235 248 219 203 233 178 237 175 181 198 200 194
168 305 200 184 220 174 199 191 213 178 235 245 210 171
169 478 235 183 230 233 211 244 176 205 248 181 245 180 238 227 219 199 224 209 249
170 265 200 233 249 192 217 219 186 209 190 173 229 215 196 222
171 257 220 173 193 174 243 207 184 247 194 183 217 192 199 226 219 175 233
172 417 174 188 177 236 226 205 249 231 214 222 201 243 198 191 220 246
173 295 236 233 239 200 207 192 201 182 211 196 189 187 181 230 234 228 188 198
174 288 207 177 204 175 190 234 248 194 181 193 244 221 230 238
175 384 192 202 235 176 220 240 249 223 213 187 237 186 236 197 226 205 248 201
176 289 180 230 197 214 193 227 208 228 210 222 236 249 233
177 327 180 236 229 181 183 222 208 198 249 202 234
178 251 196 238 236 210 207 202 235 195 219 204 223 241 198 221 220 224 186 212 222 211 200
179 406 235 233 244 193 234 184 211 197 225 224 205 196 183 245 191
180 343 209 220 229 211 213 215 222 212 245 247 242 225 240
181 269 191 216 236 224 211 242 201 245 215 190 210 188 227 208 183 196 189 243 219
182 288 236 225 209 218 232 187 244 213 228 241 198 231 221 243 214 208 246
183 443 223 203 205 228 241 222 240 248 212 210 185 243
184 259 198 223 215 219 230 186 216 191 236 243 239 206 212
185 420 234 208 206 230 205 245 195 189 222
186 321 238 245 229 193 207 244 215 216 247 228
187 369 243 206 237 221 232 218 229 199 222 215 194 193 248 220
188 326 228 245 215 233 195 189 234 199 192 208
189 305 200 223 247 241 207 229 190 230 211 248 213 246 204 242
190 412 208 248 238 242 205 204 202 246 207 212 226 195 213 211
191 334 233 192 211 198 237 203 195 221 220 206 224 232 231 239 243
192 254 243 218 212 216 233 231 204 238 228 245 223 210
193 412 212 195 216 206 202 196 215 230 197 248 204 203 201 228 223 249 233 199 205
194 298 198 228 237 240 226 247 229 224 225
195 290 244 249 205 223 202 215 198 217 225 212 209 247
196 295 239 211 218 240 213 202 244
197 410 217 224 229 241 200 240 238 209
198 295 216 208 217 201 200 247 227
199 431 249 223 238 242 243 215 213
200 288 245 236 246 244 230 215 217 241 238 242
201 281 236 237 222 239 234 247 242 219 244 223 228 209
202 281 213 209 226 238 236 210 222 247 220 240 217 244 235 219 228 206 207
203 289 247 227 215 248 243 229 244 212 228 241 226
204 430 219 221 233 208 245 228 231 246
205 291 218 234 235 241 245 220 246 226
206 396 213 221 214 211 222 243 239 248
207 313 249 248 247 209 218 240 223 226 242
208 352 211 248 230 232 231 229 238
209 353 231 223 246 233 248 241
210 295 220 248 219 237 213 230 227 221 245
211 343 234 222 231 232 233 214 237 218 226 212
212 306 231 222 216 225 230 214 237 242 226 220 215 246 236 239 244 247 248
213 351 246 217 231 233 237 229 224
214 262 235 234 221 233 229 216
215 419 221 225 240 222 229 219 232
216 319 219 232 221 245 231 244 233 230
217 396 220 246 227 245 233
218 326 247 226 236 244 220 225 229
219 278 237 236 245 240
220 310 241 226
221 352 224 239 235 247
222 338 246
223 320 232 234 238 244 226 243
224 308 235 240 238
225 372 229 232 233 234 235
226 300 227 229 240 234
227 318 232 244 233 248 228
228 382 229 230 238 235 244 240 242
229 314 231 237 234
230 377 249 242 234 232 248 231 233 238
231 309 240 243
232 322 234 247 244 238 245
233 317 237 249
234 361 248 241 238
235 259 243 236 246
236 250 238 243
237 491 239
238 402 244 246
239 303 247 245
240 295 248 249 242
241 347 243 245
242 267 245 244 249
243 386 245 247
244 414 247 246
245 286 246
246 300 249
247 410
248 270
249 320
