249 1000
1 398 171 104 188 84 46 44 107 139 91 120 160 167 246 39 22 54 103 205 92 245 137 249 60 67 52 220 58 193 170 10 77 35 5 126 143 223 247 68 158 8 86 235 42 156 162 221 144 147 155 20 197 236 204 101 178 185 34 116 217 225 108 7 45 122 142 195 61 174 37 124 196 152 73 63 141 202 56 218 176 190 210 12 168 79 80 179 128 100 145 129 62 70 110 111 85 88 181 14 134 74 163 243
2 312 168 102 179 177 112 244 37 213 227 36 100 49 169 167 182 116 117 48 23 155 142 97 21 44 22 184 124 25 188 235 40 195 33 104 152 127 239 149 214 122 14 98 26 87 75 81 74 222 6 217 249 231 51 118 162 119 174 110 66 39 46 243 19 92 210 208 125 245 58 146 65 105 42 55 230 86 64 91 135 131 147 56 88 103 60 71 181 234 212 43 183 130 186 129 223 15 59 215 20 197 11
3 290 8 35 190 111 241 90 27 206 221 186 83 131 207 56 51 158 181 138 31 154 157 203 185 34 38 86 145 22 61 183 239 49 134 20 226 200 184 97 43 122 149 227 228 198 42 123 110 19 133 78 76 60 248 230 6 233 243 209 174 30 188 58 191 72 130 79 225 88 100 53 193 95 144 40 219 177 135 21 224 71 87 104 140 236 59 73 195 52 24 148 126 172 28 101 9 23
4 261 178 126 72 134 91 80 19 115 16 145 158 166 220 216 248 165 149 124 83 86 56 223 109 229 189 151 221 209 55 177 244 76 27 11 249 181 224 135 106 48 96 77 14 66 60 159 6 236 116 187 87 215 74 213 163 179 44 5 51 57 121 110 7 246 161 54 17 92 93 15 62 211 201 228 156 132 20 88 39 157 203 127 194 148 212 10 104 119 52 154 84 155 234 207 61 8 172 38 210
5 459 61 82 182 158 131 176 214 130 170 184 113 141 99 98 26 103 227 43 95 32 145 209 139 88 40 215 240 220 45 53 86 9 101 73 244 155 35 159 22 46 12 34 243 62 200 205 55 138 8 77 47 196 218 232 48 239 31 201 163 50 166 248 179 65 226 128 49 109 27 38 75 58 137 225 102 233 211 156 169 180 154 68 151 80 208 127 18 111 44 171 125 14 7 174 33 89 81 152 39 221 210
6 280 117 111 242 89 11 147 35 222 64 85 203 215 91 139 209 225 14 219 199 154 75 175 129 193 112 28 137 150 83 231 46 246 126 34 166 221 60 245 143 194 213 90 240 10 232 224 185 205 51 87 239 13 156 82 7 237 148 16 119 144 55 167 102 196 18 180 101 95 24 234 94 214 155 247 106 191 38 100 181 133 134 174 151 39 70 178 177 107 161 228
7 260 248 21 26 153 25 141 178 117 82 92 245 140 41 59 23 9 90 202 16 73 35 155 224 53 22 55 219 215 230 28 177 211 49 34 134 181 109 149 37 229 71 58 17 50 175 110 222 151 193 104 98 63 244 135 246 158 13 161 32 237 87 19 195 77 166 14 30 218 130 207 69 159 206 83 76 103 216 8 200 186 138 212 152 105 81 238 243 113 197 131 242 84
8 335 18 133 233 116 77 83 174 218 170 208 213 147 187 141 10 79 37 229 214 246 68 150 70 171 149 24 106 39 188 32 142 248 62 157 189 16 36 12 159 221 87 29 203 127 128 196 33 42 58 49 27 179 120 98 9 52 247 108 124 164 115 160 178 90 176 244 107 224 43 209 111 165 220 14 19
9 405 184 121 173 120 128 126 23 219 233 41 18 46 104 224 24 217 146 244 69 193 198 114 246 52 20 102 245 161 159 67 124 187 98 145 220 19 214 177 70 32 125 239 115 135 113 45 148 132 236 158 200 107 91 57 195 39 56 89 79 117 83 111 210 119 105 216 144 25 99 122 72 81 62 27 22 78 31 171 170 163 205 243 167 63 189 231 155
10 284 138 86 28 53 29 172 107 165 212 47 83 133 182 119 62 238 139 36 19 226 92 95 145 213 134 176 101 232 103 44 16 57 190 26 141 181 188 108 135 218 169 48 166 159 69 32 65 131 198 150 196 93 25 117 90 231 46 194 229 239 63 233 228 24 112 208 203 164 157 128 84 189 163 223 127 76 180 206 240 210 13 23 45 192 67 186 41 249 221 17 191 18 147 193 58 89 35 142 88 204 246 151 167 30
11 376 46 51 186 248 222 223 70 239 185 44 130 196 81 142 121 198 214 193 111 234 127 98 76 40 188 179 75 144 233 177 71 60 108 66 180 236 172 128 87 82 227 113 208 20 242 158 49 33 107 129 162 32 116 104 117 99 224 168 14 204 61 192 191 246 131 86 150 230 30 184 26 173 95 62 124 235 88 118 141 29 175 54 134 159 47 38 190 91
12 340 14 221 72 162 46 140 240 96 41 113 126 182 247 204 82 154 137 97 132 130 231 194 147 212 48 31 225 29 188 169 95 163 60 30 141 234 59 106 222 236 218 230 128 99 208 125 229 143 55 45 70 243 246 165 64 131 43 157 39 101 177 92 15 161 42 181 26 180 53 74 244 52 47 203 21 215 197 75 158 196 87 191 129 184 232 88 69 210 142 32 121 22 86 241 117 34 91 136 153 227 178 242 202 120 116 159 249 110 207 54 73 156 63 155
13 341 95 84 56 239 212 124 21 119 247 81 245 93 66 225 36 236 117 189 127 142 190 31 48 51 18 174 78 196 114 135 120 105 204 118 58 177 27 238 180 234 199 168 64 112 134 86 62 182 99 55 160 194 145 23 131 172 42 169 157 128 76 147 159 195 233 15 67 101 87 102 209 74 201 136 211 210 198 68 116 227 152 197 37 230 208 148 165 40 113 122
14 343 119 149 89 189 68 226 177 243 131 218 63 105 73 160 46 197 239 128 143 41 151 121 169 165 99 192 70 40 204 201 62 30 79 111 65 88 47 146 44 132 48 152 77 122 75 28 202 175 144 20 98 17 158 57 23 247 101 117 194 51 85 109 248 196 224 174 206 31 191 106 53 64 200 163 107 195 207 15 213 96 133 238 108 187 157 60 74 42 61 112 225 137 148 66 18 92 230
15 316 40 222 65 120 205 49 80 86 78 107 203 191 101 187 79 200 140 20 241 105 167 240 147 146 48 115 52 36 134 194 44 135 85 234 116 139 206 45 112 60 145 148 243 90 84 238 59 35 183 66 76 83 176 244 74 155 247 189 114 178 61 186 220 182 55 152 160 92 217 124 130 58 77 201 127 39 188 173 31 50 159 128 181 138 53 212 110 223 157 109 25 151 171 122
16 327 165 80 17 24 152 197 48 216 123 199 211 128 213 217 244 245 47 114 221 142 170 53 206 121 238 122 172 97 25 38 96 56 188 34 137 141 40 55 193 75 143 191 69 70 247 131 239 233 71 45 163 37 29 159 115 138 33 157 112 98 204 148 105 95 231 90 28 134 153 201 32 235 225 111 46 186 154 68 218 61 196 222 194 120 22 162 223 130 184 149
17 403 175 149 214 227 140 27 57 161 92 18 172 98 25 85 131 107 93 86 26 193 72 67 21 182 109 228 181 221 31 79 204 88 63 220 185 120 200 127 96 236 22 249 111 100 240 226 103 70 143 245 77 38 134 154 125 121 155 241 194 223 169 69 218 177 133 71 47 32 102 74 123 196 115 46 165 45 212 219 147 166 246 190 51 129 124 144 163 156 174 248 146 179 68 87 73 106
18 270 29 246 139 248 141 241 107 221 207 67 96 225 154 215 183 41 161 106 52 136 66 247 167 126 162 45 61 146 174 185 133 109 229 143 130 160 191 227 91 86 142 46 151 138 233 127 128 137 73 172 190 38 59 78 124 103 152 208 239 44 238 114 179 129 186 19 77 180 202 168 55 85 87 149 169 57 120 211 121 236 22 81 56 75 159 134 235 209 71
19 370 109 243 179 78 69 92 40 229 122 28 46 67 193 90 87 209 53 138 206 88 192 22 77 173 99 228 166 145 135 58 82 112 224 232 146 183 50 121 44 144 81 161 71 97 182 207 159 222 102 226 153 25 184 113 101 129 66 64 20 165 61 154 237 27 62 215 127 239 221 238 172 26 47 32 167 45 195 52 235 151 36 197 85 169 218 56 219 76 140 225 83 54 94 142 203
20 283 131 191 194 73 165 93 239 160 127 113 78 45 195 34 134 109 240 200 68 197 72 184 84 214 199 132 82 36 210 21 163 37 169 88 92 98 158 202 85 61 89 25 75 231 122 106 224 147 102 43 39 237 54 70 218 146 74 189 162 150 58 118 31 152 99 94 126 181 83 55 35 159 117 221 149 71 79 38 183 161 33 103 133 120 49 173 23 128 223 228 229 242 156 114 67 246
21 347 114 136 107 117 128 211 51 210 214 132 60 134 122 37 120 168 135 199 248 207 71 113 91 215 77 23 130 116 56 194 196 30 150 245 144 247 127 98 172 201 45 197 142 63 203 165 42 78 191 173 163 47 126 74 112 217 33 138 85 157 109 249 64 76 224 240 212 241 227 86 73 115 189 29 103 118 228 218 232 233 100 34 170 28 49 145 147 61 202 108 230 195 93 237
22 461 64 100 94 182 238 153 231 113 177 222 31 129 28 166 219 233 59 45 50 209 125 104 243 162 103 87 76 55 25 235 146 75 49 117 67 176 63 66 33 200 192 29 95 127 99 79 37 205 183 248 208 203 234 24 202 124 41 216 97 212 51 207 190 23 131 191 199 225 89 224 34 149 110 60 150 32 158 152 204 80 226 61 217 167 62 38 159 57 214 210
23 285 45 174 170 240 86 241 139 214 180 146 219 35 134 239 105 37 132 198 209 165 204 116 97 34 218 60 196 31 136 157 82 72 181 89 142 217 68 108 102 114 138 159 70 120 48 233 88 93 67 135 81 179 47 98 161 194 199 234 122 235 27 100 53 61 222 43 232 176 109 248 191 36 29 66 141 28 203 208 211 220 183 200 64 101 95 57 113 238 104 249 26 144 94 237 25
24 254 118 166 150 209 162 193 237 210 43 82 117 159 73 89 181 171 72 243 126 168 194 146 83 87 152 144 167 28 39 97 213 46 172 189 30 71 201 49 230 51 208 40 139 141 212 129 191 53 121 75 244 242 79 240 100 69 151 156 29 65 104 143 140 149 112 178 202 231 245 153 198 90 197 116 224 62 215 241 55 92 227 59 57
25 453 76 152 114 184 241 158 98 244 110 140 185 215 65 101 182 195 100 248 233 202 99 111 245 239 143 97 145 196 232 193 41 33 172 217 149 159 225 83 115 148 51 144 229 77 135 75 209 59 125 81 36 235 165 237 204 64 228 78 219 61 141 188 220 109 146 160 58 84 191 44 62 121 56 49 171 106 157 227 176 236 91 175 79 112 128 210 218 156 190 68 138
26 255 164 198 82 157 174 32 214 140 36 44 243 183 59 233 156 150 173 155 64 237 146 116 216 106 83 62 132 175 181 41 240 89 69 205 194 90 229 87 52 93 68 100 84 159 108 215 151 43 76 190 67 61 228 56 154 33 138 204 104 73 74 114 195 101 224 218 158 247 111 165 153 81 96 169 238 57 203 188 37 135 210 107 193 217 185 47 223 39 50 42 220 80 54
27 292 56 80 123 160 198 173 58 59 126 178 121 117 161 213 124 155 82 133 193 73 154 203 210 230 83 179 34 112 79 186 102 67 74 81 75 134 177 95 55 140 28 209 101 86 139 218 122 108 131 224 84 61 68 44 63 151 111 163 159 169 113 145 149 147 191 152 238 175 225 162 47 220 239 174 236 235 129 66 127 245 187 167 42 53 125 35 188 194 40 185 144 219
28 260 35 226 55 146 191 178 114 132 232 84 124 131 197 40 30 67 151 159 88 79 222 99 183 65 204 196 236 142 43 50 145 174 107 105 73 194 219 172 85 33 52 49 138 75 246 155 228 115 193 108 160 224 242 36 70 103 198 81 68 41 216 31 54 203 180 118 101 97 106 44 179 112 176 42 110 129 157 122
29 470 109 130 136 141 175 200 50 202 242 92 160 119 48 226 230 118 196 110 248 135 68 121 112 231 217 139 172 95 64 79 127 188 228 232 47 240 166 122 152 177 168 70 207 97 72 193 34 221 35 124 205 114 246 170 222 125 210 104 86 103 195 129 156 132 154 88 67 185 237 91 146 215 80 30 57 244 194 134 128 99 155 219 87 93 54 73 198 161
30 270 123 83 163 247 161 240 75 244 42 73 36 92 93 65 64 138 128 51 89 82 214 242 210 121 199 211 227 217 177 228 243 108 235 68 237 95 115 230 194 205 145 43 219 67 135 183 71 114 215 74 62 105 193 88 141 133 248 142 99 241 221 69 166 104 162 132 189 222 116 229 184 78 182 181 173 76 52 118 127 231 102 125 55 59 124 146 84 79 238 167 232
31 302 94 146 202 47 241 175 165 123 101 205 166 212 134 247 204 152 124 201 192 177 182 221 104 66 45 105 50 232 60 160 145 193 135 68 214 169 157 100 195 180 228 62 236 116 142 156 43 224 159 189 144 103 249 211 198 117 127 55 208 90 39 137 61 133 149 213 220 185 178 125 219 187 215 161 41 222 89 112 86 181 35 130 63
32 347 157 48 232 38 147 134 153 162 165 57 138 81 50 33 41 40 236 42 196 158 39 67 141 132 122 145 106 213 129 47 49 97 154 77 68 206 116 148 93 83 46 192 179 114 139 73 149 121 186 189 190 108 205 61 228 201 187 151 128 191 105 185 222 167 199 78 212 58 164 197 69 163 74 51 215 220 66 223 91 85 94 142 96 144 82 130 224 80
33 351 42 96 36 241 149 82 143 248 78 220 141 221 171 185 170 63 208 162 91 178 123 158 192 239 44 146 80 85 187 62 107 145 47 70 177 125 94 114 245 61 118 56 65 131 106 166 35 215 148 204 109 243 147 137 175 155 206 138 217 154 164 179 249 233 48 225 127 224 89 203 52 181 124 92 99 34 151 213
34 336 198 227 207 56 199 190 37 102 165 66 241 81 205 113 246 168 107 127 116 123 44 78 51 79 67 47 233 35 195 138 217 109 175 151 189 80 114 145 92 169 83 140 112 157 206 177 204 117 247 97 61 60 220 71 70 111 126 231 185 38 96 148 208 39 240 103 188 42 178 141 133 55 249 244 43 121 64 65 85 158 124 173 202 106 155 54 166 73 164
35 318 159 224 113 231 236 118 58 237 44 171 189 162 148 69 82 176 141 234 243 187 42 209 186 228 92 123 211 208 85 110 150 219 170 184 61 103 165 41 143 167 112 194 104 109 57 193 75 62 180 182 175 80 131 246 95 116 119 88 107 151 240 126 59 106 71 195 97 87 70 190 196 218 73 101 120 166 238 83 198 52 86 172 212 156 93 60 216
36 346 65 59 113 40 212 64 152 154 192 209 68 129 170 247 191 77 73 67 164 99 165 218 119 100 43 216 226 121 208 39 60 72 48 232 87 243 70 143 126 173 157 142 75 45 234 244 78 63 185 141 237 229 214 58 117 52 133 104 224 44 239 106 160 112 118 155 245 206 190 222 61 103 42 149 159 94 91 181 139 69 211 105 171 158 124 166 82 174 223 125 195 153 130 98 50
37 398 98 102 85 182 191 203 204 110 94 129 148 45 195 92 146 58 155 145 87 186 100 152 233 245 55 46 207 82 239 119 114 116 141 57 50 183 226 197 54 232 201 101 107 228 91 247 48 243 136 86 73 122 177 248 63 200 194 221 66 167 47 120 213 215 151 242 164 209 61 244 160 154 40 178 43 199 138 88
38 302 106 134 84 212 239 220 48 158 234 170 62 131 111 193 242 247 44 97 105 66 141 63 222 60 171 241 49 87 123 117 235 70 181 143 182 75 65 152 122 192 248 98 185 147 100 139 116 213 120 71 57 94 67 194 79 72 83 135 227 249 148 155 53 151 110 96 204 80 161 223 175 168 99 211 102 208 113 52 196 112 145 76 178 157 114 187 154 144 51 95 216
39 300 79 205 89 209 42 138 206 190 98 81 61 148 176 238 108 102 137 171 132 72 227 131 96 63 174 117 236 193 67 183 133 69 189 135 66 182 62 172 150 170 68 219 44 196 184 208 168 164 101 99 40 115 181 142 149 112 235 234 210 237 225 213 248 179 214 64 222 88 215 155 116 158 198 59 136 166 146 48 144 49
40 305 70 137 107 122 143 87 100 94 168 111 147 189 82 79 195 169 96 193 201 182 128 170 221 142 197 74 49 54 73 243 155 228 244 205 176 215 232 86 47 93 218 237 89 114 198 78 180 116 140 209 172 183 192 45 123 166 119 248 245 236 85 230 112 216 127 75 129 219 239 134 101 191 56 156 173 76 121 154 113 167 135
41 361 218 143 207 51 80 110 77 169 211 186 91 170 61 134 121 216 172 191 71 65 232 149 220 100 223 129 156 54 195 241 202 165 227 83 124 231 132 190 141 174 133 86 205 188 193 178 155 52 245 179 158 63 90 125 171 108 248 45 239 93 219 217 64 242 85 204 103 185 160 116 206 105 194 192
42 334 84 57 227 122 189 142 62 59 223 80 168 112 204 107 190 67 187 135 134 157 210 76 224 228 60 53 111 177 121 170 149 169 65 185 54 78 211 183 133 102 136 64 151 44 154 148 97 124 129 72 71 167 212 86 69 82 43 181 118 125 150 75 215 174 216 108 95 153 113 164 51 68 159 246 208 94 120 91 100 139 233 240
43 272 130 104 81 213 89 144 121 177 48 224 240 167 223 193 96 174 56 58 120 98 79 133 100 233 187 101 173 84 243 80 117 179 231 217 99 140 46 145 124 118 49 237 76 181 111 86 128 61 208 139 146 189 180 227 159 114 122 182 75 87 229 200 203 138 158 91 66 45 212 62 65 83 218 119 241 206 93 154 126 129 136 69 192
44 306 245 82 171 155 107 213 222 202 55 52 132 120 53 186 219 162 114 106 51 50 228 188 60 142 195 130 97 109 115 237 201 214 200 104 88 45 71 74 91 127 133 47 226 64 208 121 221 93 205 148 72 49 46 161 124 158 102 96 173 99 117 67 156 220 128 59 63 231 141 68 135 218 163 223 229 182 210 176 77 225 137 48 139 112 198
45 422 123 131 126 210 209 181 97 81 144 153 159 157 191 190 140 128 53 160 89 172 154 54 167 127 88 179 180 168 151 185 80 235 110 118 220 202 66 155 245 76 108 104 208 103 113 98 200 158 239 102 184 58 93 82 101 236 221 223 146 169 186 225 46 142 161 100 238 166 132 68 198 226 135 133 171 92 79 72 107 216 197
46 259 219 223 104 106 108 154 98 68 239 167 151 222 217 159 201 123 215 67 105 76 221 148 53 164 136 138 243 109 227 149 140 128 110 101 246 79 204 242 225 139 229 78 177 200 86 209 182 69 191 192 183 176 147 230 179 216 50 240 131 94 224 51 81 193 202 143 127 65 59 163 80 162 122 210 61 208 169 90 220 238 95 206
47 484 129 127 174 182 205 227 225 229 83 60 131 50 71 195 72 184 177 236 104 88 52 185 121 67 201 69 63 57 167 164 206 219 211 79 162 74 93 247 153 199 66 97 222 75 215 168 122 142 193 125 246 55 198 179 213 112 151 80 216 242 48 160 54 102 230 118 84 85 134 132 170 89 183 126 217 96 226 65 159 59 154 140 82 234
48 257 182 62 198 223 189 155 192 79 242 180 195 156 95 226 214 170 194 67 77 203 181 233 164 184 124 196 123 232 122 147 114 249 66 237 101 87 210 174 76 49 135 115 70 240 199 238 141 206 215 179 119 94 187 133 236 178 60 108 168 204 153 105 84 73 71 163 227 85 139 159 200 216 190 100 239 234 218 54 235 59 219 186
49 327 90 93 151 130 192 94 201 147 242 205 243 216 143 248 79 71 229 191 135 162 236 86 83 187 194 227 188 127 215 195 226 118 55 204 156 171 54 165 241 61 134 109 129 231 142 72 126 128 150 57 232 77 69 179 114 214 66 206 140 178 174 190 82 97 144 230 56 166 202 185 182 152 163 120 91 238 75 155 235 65 102
50 285 97 198 201 98 109 91 87 51 74 60 204 66 117 93 174 152 112 218 128 92 166 108 247 162 239 55 202 142 211 113 130 169 89 225 178 206 120 185 203 200 148 124 147 110 64 192 82 189 67 184 127 99 68 176 171 230 54 103 186 205 144 242 217 240 168 72 183 164 229 85 163 63 86 154
51 388 79 135 247 161 169 237 200 126 85 140 179 96 88 102 206 157 211 60 93 166 61 222 162 233 192 145 97 132 165 195 89 173 73 119 177 121 105 82 199 108 65 182 122 92 150 156 229 109 133 63 188 127 158 238 56 123 66 58 248 202 125 69 245 101 198 228 210 54 167 186 221 242 203 191 180 227 174 91 172 154 212 131 249
52 303 117 57 245 82 120 84 93 150 232 65 80 140 157 135 239 139 248 197 92 122 118 196 190 112 211 167 233 107 136 221 90 137 174 86 240 91 88 247 128 212 55 146 236 143 231 67 215 109 166 131 156 219 113 58 141 216 97 154 242 73 202 159 95 164 76 161 74 54 71 79 200 129 127 201 94 205 60 172 192 103
53 410 87 165 125 84 228 166 75 101 176 186 182 178 79 66 133 57 103 237 153 59 93 140 132 154 63 146 175 114 67 188 97 201 161 89 189 88 209 159 71 190 147 58 144 138 218 65 92 241 180 72 137 233 171 185 232 109 106 224 81 70 131 129 210 54 113 126 123 111 195 223 199 230 62 112
54 287 68 203 152 174 158 216 199 99 66 60 244 122 140 104 56 153 221 55 222 168 148 115 74 135 126 237 162 133 188 57 130 79 90 207 103 235 118 211 219 92 67 243 151 239 249 141 224 147 195 116 169 155 212 97 229 215 208 175 228 179 205 193 227 247 197 143 112 64 170 196 95 156 123 96 240
55 456 102 125 134 127 152 107 74 209 166 194 208 196 201 219 149 58 88 249 118 191 210 154 232 213 146 241 98 91 104 180 89 77 178 119 147 68 177 151 207 229 132 145 99 170 163 195 100 192 165 222 101 217 72 143 184 215 167 205 226 233 237
56 252 166 153 87 161 129 140 187 241 164 111 157 69 202 170 194 124 248 162 239 209 79 74 66 89 215 113 204 59 107 222 195 112 196 132 120 141 110 116 135 82 88 158 149 68 232 183 106 80 101 219 206 167 159 84 143 208 134 67 240 115 136 160 142 118 175 182 58 133 205 151 184 97 91 102 139 83 86 144 192 173 231 207 229 228 216 147
57 292 182 241 248 116 129 188 213 99 200 189 235 105 166 118 193 237 127 205 209 71 134 98 225 167 72 67 155 158 69 83 176 212 76 136 110 239 74 139 64 191 220 172 107 185 147 93 249 221 194 88 153 238 135 184 203 123 224 236 137 89 186 197 85 233 164 183 228 204 178 94 247 214 180 149 103 121 169 165 128 140 131 215 240 61 75 113 82 143 202
58 280 83 144 213 139 97 63 244 190 219 198 61 240 133 104 127 102 174 93 184 143 145 77 147 135 211 98 99 196 89 168 235 68 141 221 149 73 95 203 70 179 187 243 231 121 182 103 222 166 153 69 201 170 119 171 117 76 169 122 109 209 248 100 227 239 129 66 80 200 223 75 85
59 335 130 98 140 102 66 99 73 153 209 157 109 196 71 193 111 162 90 206 198 149 236 118 75 85 116 178 146 216 185 64 214 65 244 204 245 60 104 132 163 242 74 219 148 81 190 172 246 227 78 100 155 200 175 164 187 123 248 150 201 142 183 189 215 126 181 207 223 220 93
60 385 193 146 103 109 245 177 187 211 111 198 129 178 61 116 125 153 169 131 134 168 86 232 207 188 159 240 64 87 107 117 113 124 228 138 248 76 144 89 135 197 239 241 226 137 165 139 115 227 108 164 204 243 74 186 174 65 249 68 184 195 96 212 142 82 172 112 222 81 130 160 118 181 114 95 145 192 185 157 132
61 362 184 197 79 92 230 182 226 179 140 242 235 138 116 118 233 216 219 157 146 82 89 180 78 165 90 132 221 239 155 241 147 211 87 240 69 202 164 163 150 201 168 247 212 159 100 142 194 248 215 183 173 223 236 73 209 115 160 94 210 222 154 217 166 208 93 95 199 186 88 152 68
62 309 147 141 122 185 193 247 219 180 167 211 69 102 174 159 158 214 249 242 166 151 129 107 109 207 89 212 225 236 64 244 206 108 68 145 91 220 182 124 217 104 98 95 199 149 203 99 136 116 94 196 72 192 241 139 134 142 101 83 113 133 218 82 123 155 131 213 178 215
63 329 97 200 201 136 161 79 181 194 100 236 239 202 234 96 85 140 102 80 89 207 242 121 180 233 110 64 191 178 82 129 77 143 187 109 221 115 171 157 190 205 70 149 172 183 125 185 206 130 241 163 174 65 245 120 122 69 116 228 247 71 248 196 148 118 101 186 87 134 209 90 225 226 227 197 249 173 132 75 166 232 240 167
64 397 204 242 198 75 186 237 145 210 225 233 175 170 112 180 147 192 116 110 99 229 244 248 65 90 238 216 178 184 95 188 108 102 118 194 117 241 144 234 168 149 226 213 179 235 215 150 126 245 177 220 246 133 77 142 223 71 174 243 181 128 166 97 92 119 151 121 208 84 130
65 280 129 96 111 109 90 75 79 158 199 69 135 182 181 115 141 133 215 228 180 166 94 167 114 249 101 145 220 210 177 113 236 110 97 234 74 232 134 192 241 175 88 239 138 198 206 139 143 216 193 66 67 245 107 203 164 188 183 84 147 70 247 190 100 108 86 196 116 231
66 323 150 121 185 189 98 100 176 68 110 181 238 208 228 204 213 151 126 242 159 246 219 136 113 190 160 184 112 143 78 187 103 157 210 80 221 202 165 153 67 223 195 215 198 111 123 214 180 200 114 133 76 218 144 232 178 115 201 212 194 156 84 138 227 234 69 105 155 154 134 81 245 130 207 224 217 94 175 147 149 166 92 196
67 286 225 95 148 107 123 121 122 157 227 132 164 214 193 213 135 181 139 75 100 204 205 240 178 124 191 112 188 145 129 92 119 87 68 98 244 219 224 237 217 110 140 101 128 210 218 198 138 70 232 234 136 212 208 117 147 120 116 194 85 222 231 248 146 102 180 176 103 93 99 79 192 152 106 189 161 126 190 163 207 209 86 238
68 451 71 186 91 115 108 133 109 196 114 82 78 217 234 80 228 247 94 140 219 197 214 210 159 167 152 203 79 130 145 139 175 230 89 241 84 191 87 242 149 164 202 244 237 193 106 166 153 185 211 198 221 72 179 121 128 118 101 184 144 146 102 168 192 86 135 165 243 131 245 100
69 263 231 144 241 193 246 194 224 143 171 140 96 152 230 181 249 104 209 164 127 204 155 240 141 187 146 170 135 129 122 114 168 115 108 83 142 112 207 117 163 113 123 192 86 199 227 237 88 177 97 149 82 216 196 161 151 178 74 185 217 145 79 78 190 89 109 188 76 99 243 248 101 133 75 165 229 85 238 205 98
70 368 191 224 102 194 136 166 208 171 74 196 84 190 193 207 197 104 91 180 131 124 181 209 228 153 160 158 242 203 237 210 192 101 243 164 81 221 249 200 95 204 187 78 133 247 174 230 165 176 248 137 240 129 186 89 182 170 130 143 233 238 88 93 241 118 108 148 99 199 150 87 103
71 293 199 76 110 156 181 73 82 165 236 86 102 217 221 121 136 84 120 78 233 80 238 207 98 151 237 186 93 166 135 203 126 185 244 99 171 140 146 194 91 222 241 218 187 88 115 138 216 193 104 248 97 227 131 201 124 172 143 240 249 173 231 170 167 103 153 116 72 245 191 206
72 339 229 166 196 191 86 193 109 228 119 232 150 114 216 222 234 178 115 172 199 231 107 87 141 98 132 177 192 96 77 168 131 157 217 84 126 247 138 237 159 230 200 91 128 211 245 223 80 162 117 106 202 121 226 118 90 125 167 186 110 214 137 85
73 365 88 212 112 204 115 238 249 96 206 152 201 183 108 219 232 80 178 163 210 107 243 193 82 224 103 189 198 81 208 229 98 160 172 140 154 99 124 133 190 138 145 155 95 116 226 228 179 191 207 156 113 165 79 147 194 119 132 83 248 117 123 231 135 181 239 87 185 173 146 176 234 120 215 188
74 311 237 206 80 147 151 141 100 182 205 81 204 217 156 142 167 225 120 234 85 240 173 186 161 199 248 97 211 244 106 202 107 243 125 193 104 135 210 168 95 77 105 162 160 245 222 229 192 158 249 174 219 172 176 122 128 214 98 233 127 153 185 180 114 226 108 178 247 165 111 213 242 119 82 179 113
75 324 124 162 143 142 183 197 106 219 224 170 94 163 233 235 91 200 88 216 104 107 86 109 150 156 121 129 111 181 132 190 231 158 101 96 136 120 202 103 122 128 179 79 199 148 108 113 201 95 149 153 168 98 161 131 211 89 130 84 175 242 240 176 243 214 114 174 115 110 249
76 382 77 167 150 170 166 144 226 123 130 149 163 197 214 235 160 103 218 200 199 155 86 108 156 224 181 205 157 83 248 81 195 106 223 173 158 184 129 172 107 238 93 116 154 114 179 91 80 221 87 141 217 222 242 151 204 216 120 244 212
77 294 145 91 103 138 235 244 234 174 150 122 237 212 202 201 99 115 161 220 114 84 157 102 98 198 239 149 200 205 89 144 111 226 120 125 217 147 221 227 96 152 192 154 155 104 232 199 240 134 203 101 208 78 236 118 172 158 185 219 117 206 136 191 245 189
78 324 214 79 223 159 136 194 164 183 116 150 180 199 226 177 139 239 170 213 83 184 171 93 212 221 220 86 182 187 166 181 110 169 157 151 191 108 145 148 119 237 186 174 134 149 228 207 201 130 111 121 106 88 240 158 95 167 224 123 197 160 153 122 114 142 107 185 236 173
79 299 223 116 196 209 184 98 106 208 221 198 245 249 136 239 126 149 114 210 122 179 200 82 101 229 212 227 109 103 107 243 87 99 157 168 178 92 129 215 238 102 171 111 207 214 230 91 163 124 235 232 165 131 94 158 85 182 199 145 161 211 125 222 166 160 174 119 104 108 93
80 331 193 180 239 153 158 100 83 154 196 233 159 109 223 156 199 245 152 211 205 113 148 176 144 183 194 168 110 155 224 189 161 127 210 212 232 115 249 164 197 90 200 93 96 165 140 190 145 84 235 86 101 167 99 137 209 204 132 202 216 160 118 128 208 98 138 81 103 240 125 221 201 218
81 370 200 152 126 157 108 121 176 140 97 241 169 154 203 89 138 239 170 193 183 216 224 141 188 238 120 215 95 94 96 246 116 204 142 189 115 218 117 177 104 133 213 185 187 155 135 137 214 168 212 180 156 163 179 225 129 195 235 106 149 220 93 229 102 113 100 107 118 182
82 298 185 211 171 136 124 134 203 142 220 172 230 194 122 101 232 190 138 119 224 104 176 163 145 216 95 222 118 154 159 242 168 165 102 241 206 94 193 156 210 110 191 195 175 228 197 91 239 215 84 133 158 217 183 198 149 108 114 221 213 238 214 236 180 116 112 86 143 121 181 235
83 450 238 158 91 102 249 147 88 144 244 98 132 154 186 139 134 221 202 118 148 170 218 172 207 241 128 239 109 174 99 247 93 84 173 179 206 191 223 177 153 152 164 123 200 161 196 229 133 150 199 215 204 246 217 208 169 92 180 212 213 167 237 151 142
84 252 239 116 192 196 99 129 235 223 175 187 117 108 118 172 191 171 147 161 165 247 245 151 94 163 135 174 137 210 146 112 182 232 106 195 203 153 102 179 207 126 240 155 248 127 98 180 131 233 184 95 169 130 209 123 176 142 150 107 92 224 149 122 120 237 214 110
85 289 145 137 88 203 218 151 111 233 116 172 224 133 110 182 169 217 106 87 154 226 117 236 158 179 129 200 212 123 214 204 89 140 189 97 165 128 195 155 135 126 147 237 234 242 221 132 211 184 194 134 101 112 103 248 90 197 222 136 94 156 249 181 238 119 193 220 176 98 104 170
86 319 188 88 176 165 236 138 106 122 237 127 147 90 229 240 209 218 120 102 212 110 195 95 100 172 135 243 118 214 182 249 232 92 107 139 233 153 227 235 143 223 103 155 187 132 180 179 197 152 159 228 245 217 162 111 211 215 242 96
87 392 184 166 240 237 216 118 101 213 191 114 105 137 159 144 164 130 171 179 206 160 108 222 195 178 212 97 119 99 225 208 220 140 185 135 247 181 93 205 194 142 103 145 244 151 242 92 226 141 143 123 152 163 161 218 165 233 203 100 176 96 95 223 246 200 88 243 236 132 169 157 204 245 186 158 91
88 395 209 137 201 225 136 246 188 238 141 172 119 143 123 239 111 90 226 192 242 224 157 161 210 213 104 101 170 166 93 217 203 223 178 167 221 230 159 144 228 202 115 229 134 162 150 174 199 197 168 158 92 215 97 233 128 132 124 113 149 236 103 196
89 292 94 190 102 227 229 91 148 189 147 97 181 233 175 243 168 145 125 154 150 121 117 157 153 216 187 193 163 174 191 140 199 95 104 144 135 98 137 230 219 108 236 198 228 127 237 123 90 109 134 232 247 132 119 158 214 160 106 207 142 245 111 99 143 238 203
90 313 245 152 91 111 198 233 175 187 225 137 138 195 101 223 246 214 205 122 114 102 247 168 93 209 99 146 150 142 148 248 124 126 235 170 178 176 167 215 161 107 143 133 182 94 192 188 164 222 118
91 266 249 218 208 182 235 136 165 169 133 210 201 159 152 135 220 240 203 155 119 200 188 149 167 108 157 131 223 192 176 103 248 213 193 97 151 197 198 128 130 160 137 179 174 226 217 127 162
92 442 145 233 201 126 123 196 93 173 137 187 162 116 202 146 133 194 142 129 230 216 220 110 229 180 214 222 200 120 113 183 100 155 134 169 101 186 108 164 165 208 212 189 122 141 95 149 184 248 96 98 121 215 246 241 224 150 247 185 168 154 195 174 234 132
93 292 121 156 137 232 145 240 195 139 170 220 221 180 104 133 171 110 231 167 219 124 116 247 181 214 136 157 119 128 183 96 222 246 146 115 235 198 166 243 199 179 234 189 224 209 103 204 206 122 158 112 212 191 98 176 242 174 95 190 159 138
94 307 137 235 248 175 213 201 106 100 244 194 121 139 197 170 223 233 103 105 206 165 229 200 217 220 125 119 129 149 151 171 104 214 135 182 219 101 221 191 141 193 122 164 126 116 188 110 184 96 109 202 154 236 172 187 227 216 224 158 238 159 108 241 234 155
95 400 246 248 237 104 167 240 123 245 187 106 203 126 124 169 163 247 208 233 228 242 229 114 249 217 182 174 111 154 140 162 147 107 149 139 100 148 195 133 178 198 99 199 168 212 125 239 181 117 179 121 115 160 214 172 196 146 202 171 145 129 183 150 155 176 227 238 206 165 135 230 213 226
96 293 221 138 247 117 183 191 245 130 192 209 150 141 208 243 237 230 226 189 108 239 241 170 97 201 157 227 134 234 166 142 187 179 137 152 165 119 231 205 109 129 233 240 101 223 194 126 215 211 160 177 193 143 102 229 154
97 273 145 158 111 148 188 177 215 122 247 138 128 175 237 249 126 113 136 210 212 105 171 228 234 153 144 223 164 141 109 118 197 190 231 115 209 110 235 121 99 189 130 236 204 169 139 106 125 241 107 129 127 191 142 178
98 454 168 199 118 160 236 222 230 125 154 103 193 185 237 202 211 244 107 200 109 235 195 231 228 218 172 164 239 112 145 100 143 173 150 153 142 214 206 171 181 215 224 186 183 161 188 115 117 203 242 152 129 132 133 207 213 194 176 198 238 217 245 122 140 155 110 104 192 102 108 240
99 273 107 231 249 217 131 204 117 112 167 244 191 242 179 178 205 137 164 177 245 157 105 247 152 132 163 226 118 183 100 166 111 207 197 133 129 160 155 101 173 151 110 180 126 120 212 104 230 232 220 243 236 189 136 190 119 158 248 181 106 211 225
100 342 167 240 179 118 203 227 157 243 242 170 213 146 163 237 183 199 151 176 173 101 104 192 141 197 248 127 129 180 194 145 249 195 215 128 152 214 120 164 217 166 136 109 122 247 108 210 185 188 102 124 144 226 207 238 204
101 287 121 159 166 224 139 198 167 117 244 102 228 155 210 128 209 118 156 123 162 125 107 230 161 222 132 239 154 218 122 237 182 246 172 143 213 157 151 176 170 116 207 163 112 153 149 130 171 191 137 208 234 177 150 221 133 103 205 226 168
102 371 177 210 243 191 178 234 159 164 237 232 235 137 155 224 139 150 120 185 196 212 134 199 129 111 108 246 126 206 241 168 247 227 238 110 113 131 138 162 198 216 190 119 124 105 219 115 244 180 145 140 240 172 207 226 104 215 229 103
103 323 176 135 219 156 238 165 178 241 116 171 121 215 194 131 146 231 132 189 191 150 129 151 232 187 246 235 170 249 180 210 162 161 209 182 117 205 136 155 133 230 222 207 174 193 229 104 139 147 197 172
104 384 220 225 134 186 183 180 245 201 123 208 207 244 171 202 200 206 149 105 138 215 110 132 172 129 230 213 154 237 177 194 135 173 137 118 204 224 248 226 157 139 196 127 238 156 107 164 199 217 125 117 188 242 131 165 218 120 176 205 147
105 293 195 129 125 114 143 159 202 187 170 167 192 113 123 160 218 193 148 106 205 111 183 231 118 206 163 154 249 169 131 223 201 132 228 176 174 155 150 232 145 200 207 109 233 198 222 226 199 108 152 196 181 227 217 115 209 117 110 121 182
106 295 197 163 119 238 144 216 200 222 207 229 126 232 156 172 227 145 153 187 170 177 158 120 235 219 165 210 116 247 140 199 246 249 218 159 121 134 115 189 191 167 152 131 168 175 230 220 162 202 171 124
107 269 159 197 144 149 150 238 165 206 190 135 130 213 223 207 189 129 177 204 175 195 210 235 134 139 185 205 184 183 229 232 193 242 127 157 151 240 114 194 168 169 118 125 202 212 233 239 186 249 132 198 111 211 224 228 148 173 218 182 178 196 128 208
108 436 172 226 144 240 179 122 161 195 204 125 113 153 216 223 220 211 247 126 194 184 242 197 137 228 138 165 233 123 116 162 173 239 150 140 227 166 236 235 192 154 167 196 120 149 198 127 142 156 210 115 168 148 170 175 147 206 146
109 422 234 114 121 182 186 158 219 181 209 131 247 171 211 212 230 178 133 130 157 227 137 156 197 224 238 183 242 236 218 206 231 229 196 187 188 173 123 132 184 195 112 210 202 175 163 237 180 170 161 223 245 141 120 145 179 225 144 110 243 168 204 172
110 304 165 142 189 146 123 216 197 168 233 232 228 153 222 229 226 155 204 193 198 116 147 230 178 227 241 215 194 171 209 172 237 134 218 122 180 240 132 161 125 210 192 220 162 184 156 247 185 136 113 118
111 274 211 195 234 138 175 213 121 143 160 227 130 182 176 199 241 249 159 212 221 191 157 205 245 196 178 200 243 217 177 189 126 120 207 131 133 128 232 181 190 210 135 168
112 438 241 185 136 144 183 151 227 214 191 248 218 219 195 217 122 235 126 184 199 239 174 123 129 124 188 189 146 181 228 138 176 244 130 240 222 192 159 143 190 202 167 140 236 182 215 226 139 115 173 210 208 171 177 229 133 249 153
113 274 181 177 147 170 199 194 205 223 175 183 126 185 207 152 165 166 237 209 144 246 217 238 163 122 186 218 204 212 226 145 139 190 228 124 169 248 240 220 172 216 148 117 160 192 195 197 155 133 142 164 198 215 146 210 136 214 229 242 191 203 193 119 231 224 118 189
114 288 158 227 165 193 232 204 166 225 173 181 174 214 120 220 240 126 238 176 118 213 235 119 206 140 223 157 201 184 167 151 177 189 229 195 155 209 169 246 186 191 230 170 147 237 130 143 231 216 208 243 175 145 161 133
115 261 155 208 221 192 197 121 199 219 161 169 220 186 120 148 217 233 156 142 125 150 191 164 196 158 193 228 188 173 181 184 225 163 130 133 185 122 128 137 210 237 190 140 245 215 235 239 232 187 131 135
116 250 137 212 154 219 208 243 122 218 196 177 156 151 143 203 244 228 144 224 176 179 163 172 217 192 186 160 134 202 241 222 119 209 226 174 223 200 141 199 211 188 238 123 205 165 181 215 233 148 229 194 236 140 173 221 248 142 197 167 198 169
117 489 203 245 143 125 236 211 146 244 184 167 196 151 121 123 120 222 127 212 118 223 132 134 214 139 140 243 147 183 165 204 135 162 191 133 179 156 206 153 199 218 144 175 235 231 182 173 197 129
118 282 208 248 209 216 169 230 180 128 141 135 136 188 249 239 124 163 238 212 240 195 231 134 150 199 227 213 158 198 149 127 228 177 133 167 130 140 155 164 247 222 211 226 241 202 173 157 160 243 192 159 120 138 170 233 151
119 434 219 138 192 181 243 166 132 137 125 126 212 152 191 226 122 164 231 153 239 170 142 224 147 202 246 244 174 168 221 210 248 223 194 159 151 188 136 148 167 222 245 143 190 184 228 183 175 139 204 209 205
120 284 232 166 154 230 244 131 167 134 181 125 163 240 157 249 175 121 192 246 135 221 212 243 164 242 137 200 176 160 248 174 223 171 203 144 156 128 161 126 162 202 186 229 183 170 149 187 177 194 237 169 172 208 214 179 132 215 217
121 261 211 241 195 233 222 160 205 232 156 177 151 207 180 129 239 126 224 214 237 199 248 243 131 216 124 210 123 201 227 150 149 163 196 249 197 174 219 171 133 221 244 217 200 226 225 164 198 175
122 322 156 175 143 195 139 189 241 146 230 123 133 157 124 237 216 202 127 234 243 176 248 240 150 162 239 217 222 190 235 161 164 227 134 130 148 193 160 151 137 125 155 232 140 238 147 228 170 182 223 199 138 198 132 244 165 187 201
123 417 127 153 191 209 176 219 168 200 130 238 186 214 243 204 166 138 241 125 179 136 222 234 226 169 247 225 232 207 212 173 182 242 221 142 147 180 129 198 150 199 249 195 178 236
124 303 145 134 224 242 236 190 208 211 166 205 181 186 153 151 176 222 138 227 215 175 146 210 139 168 160 148 174 217 184 150 235 220 129 177 136 245 201 228 128 192 178 187 158 219 167 229 230 200 223 231 156 142 244 125 247 132 232 144
125 260 220 187 188 221 208 240 217 235 199 190 223 219 157 146 140 244 141 247 163 224 131 245 211 127 162 166 134 215 143 229 148 239 218 186 171 158 200 233 201 222 203 178 180 246 179 150 195 237 133 155 197 225 241 156 164 207 192
126 437 246 215 129 193 131 150 176 220 139 156 192 160 144 188 227 229 242 197 185 205 198 127 137 173 140 235 138 241 181 159 218 201 202 184 149 224 230 174 177 153 135 236 128 237 244 195 163 178 200 152 190 145 223 231
127 353 129 201 149 237 240 181 135 246 184 166 155 143 232 160 243 173 212 221 215 153 164 216 128 196 154 230 177 247 178 162 150 214 161 245 241 163 206 151 130 180 169 174 159 211 188 176 224 229 141
128 252 239 175 150 199 134 229 224 194 196 211 166 200 172 182 153 209 169 185 186 190 207 132 159 184 193 156 206 243 221 222 151 246 223 232 157 168 233 160 178 216 162 226 188 249 244 154 176
129 395 156 219 193 154 134 242 163 189 188 185 227 217 223 171 249 199 233 142 200 170 239 174 172 207 139 231 138 178 160 237 153 136 150 166 157 151 169 244 161 236 222
130 251 226 211 154 218 247 144 190 236 246 227 202 248 159 232 143 215 230 153 134 181 174 140 213 199 221 136 175 183 239 249 138 148 196 216 237 234 184 242 152 240 219 186 214 208 200 161 229 241
131 332 179 190 166 206 217 211 183 136 243 231 195 198 189 184 148 232 203 220 154 156 164 191 167 145 173 244 235 149 181 208 151 242 214 163 137 226 240 216 155 170 197 223 221 233 174 138 196
132 417 142 155 133 179 211 206 183 234 137 203 171 204 215 172 228 148 195 188 198 236 145 157 138 207 175 162 242 231 178 136 223 232 173 241 221 249 151 169 181 160 230
133 293 231 218 244 226 150 214 203 206 240 208 207 138 229 200 135 169 151 246 199 222 205 201 166 183 243 167 217 156 174 219 248 172 140 161 194 192
134 296 138 195 222 184 199 167 206 213 136 204 176 160 137 214 146 234 244 180 190 229 178 215 242 168 193 147 221 140 152 224 220 135 173 153 191 175 201 187 237 202 205 139 189 231
135 411 137 186 141 157 222 146 213 217 179 181 239 228 212 248 184 136 211 140 167 138 158 246 178 166 225 238 240 161 223 247 150 214 221 216 191 180 219 198 215 164 236 147 154 187 149
136 316 181 222 148 200 179 225 239 235 197 185 220 227 165 226 210 240 199 189 218 228 249 216 151 243 236 194 146 137 145 167 170 229 178 208 212 176 166 224 232 231 188 202 187 163 203 241 172 144 161 168 233 245 180 164 184
137 263 165 175 182 159 225 171 235 147 139 176 149 249 238 160 189 212 221 144 156 162 214 148 138 224 222 213 158 181 188 184 243 236 170 190 248 209 205 173 217 141
138 421 206 161 182 223 150 202 152 143 210 246 142 235 213 153 146 237 170 194 234 211 157 187 196 168 191 197 205 174 228 188 147 218 247 214 248 158 177 184 190 176 140 175 183
139 372 171 215 225 236 164 163 149 172 168 144 241 240 156 203 232 221 185 186 206 242 204 216 207 234 230 223 169 157 162 170 158 178 246 150 249 238 245 194 141 217 153 190 147 180 209 205
140 332 244 246 169 241 189 141 225 242 192 217 191 231 187 205 229 186 160 163 248 199 221 230 171 211 202 235 164 215 176 247 179 194 226 249 177 142 245 214 240 168 206 219 155 232 222 172 165 196 150 238 224 148 152
141 296 223 184 249 167 245 205 145 176 154 185 173 197 147 164 183 157 187 191 171 204 232 198 190 241 201 242 174 208 227 248 192 226 149 202 152 175 231 246 166 236 210 209
142 313 171 203 178 190 188 166 231 245 221 191 150 170 180 201 175 241 197 210 161 230 233 156 217 248 185 246 234 177 184 152 186 172 164 208 225 202 226
143 353 176 231 158 228 181 162 202 191 153 236 156 179 230 159 163 149 224 169 178 247 215 248 229 221 201 189 182 184 208 174 243 245 211 233 150 154 152 167 151
144 334 181 239 231 173 161 154 212 199 151 193 203 242 244 240 218 194 211 210 182 189 204 187 246 232 179 146 226 247 159 195 200 229 209 233 150 207 237 171 214 163 230 220 169 227
145 424 237 188 168 210 167 199 246 218 162 184 205 200 239 170 204 156 206 185 221 196 178 208 249 219 157 181 233 220 155 179 203 238 149 215 231 202 195 229 166 193 146 232 150
146 263 194 249 185 160 158 218 228 162 164 196 242 233 161 183 237 174 201 148 230 223 243 246 198 149 181 208 189 168 151 204 171 235 231 178 248 156 190 176 153 213 195 188 187 165
147 313 152 209 192 205 178 247 235 187 208 179 161 197 185 231 163 155 156 216 162 234 148 186 159 188 226 212 199 181 194 228 195 164 176 207 166 225 202 154 180 221 217 211 249 238 248 213 222 243 184 150
148 301 228 172 181 153 192 188 237 197 222 233 240 152 244 226 151 165 203 238 184 185 190 210 187 149 191 178 189 175 239 157 246 215 176 235 205 219 179 202 156 155
149 350 177 231 249 212 213 182 188 233 206 241 235 183 174 161 221 153 222 197 230 225 175 157 223 243 247 185 181 196 193 169 164 154 228 201 234 179
150 349 242 247 222 158 157 175 218 243 170 192 246 236 201 209 179 184 182 205 227 185 191 210 173 195 223 219 231 187 220 206 163 198 208 213 202 200 161 188 151 181 169 165
151 283 224 222 153 226 249 247 243 229 165 214 204 246 231 201 170 185 169 233 184 164 200 203 240 212 175 181 205 237 228 172 199 217 245
152 341 207 175 213 195 188 166 155 247 240 233 243 171 202 203 239 222 177 153 225 198 167 210 165 236 229 214 161 182 184 248 219 181 237 212 185 164 189 211 156 190 170 228 244 162 197 194
153 376 204 196 202 220 238 165 235 161 227 212 155 198 200 244 156 243 172 236 168 215 229 170 222 207 203 154 175 188 179 242 208 176 217 164 225 166 162 216 213
154 265 164 158 193 165 247 209 239 246 217 155 197 182 203 242 198 179 205 171 211 248 207 219 177 156 216 191 236 202 232 160 201 184 181 240 183 215 163
155 399 241 201 228 248 225 194 233 169 249 230 206 179 224 156 184 193 159 217 167 190 160 185 237 247 207 211 198 168 223 161 158 227 214 183 165 229 164
156 336 192 226 247 206 230 193 169 167 243 225 208 213 174 207 218 200 191 160 237 211 195 158 159 180 212 204 235 199 217 205 244 239 201 209 168 171 242 203 210 194 164 163 183 231 241
157 313 171 230 205 159 221 217 226 243 233 177 247 237 193 189 209 196 187 211 238 192 248 216 232 190 172 210 195 197 158 224 229 234 191 176 182 185
158 255 161 159 166 240 244 210 228 227 170 248 242 216 165 187 234 203 168 226 177 194 215 189 229 191 201 245 232 221 236 188 237 181 190 207 184 235 178 214 233 172
159 432 249 184 221 248 216 177 243 208 203 215 239 191 185 234 164 201 181 236 176 171 224 193 187 186 178 173 169 166 231
160 294 191 162 205 204 176 227 212 219 210 178 229 207 237 222 217 231 248 241 199 200 172 168 163 201 244 196 188 161 249 193 243 189 235 225 175 224 190
161 271 223 173 212 239 220 249 224 203 180 240 205 191 199 231 243 232 228 196 202 179 170 210 221 198 204 168 194 242 219 171 218 215 163 235 167 172 206 238 188 246 216 192 214 226 225
162 435 193 186 184 226 235 190 224 241 195 217 175 221 197 211 188 247 207 239 212 182 218 164 173 237 179 196 240 245 185 171 234 236 215 199 177 201 244 170 243 187
163 273 178 218 200 194 221 203 234 249 195 172 181 168 224 165 176 213 189 236 186 192 226 191 205 225 232 196 179 173 164 227 214 243 208
164 269 215 248 205 196 228 198 178 217 242 166 179 210 173 223 202 206 209 197 188 221 218 177 194 195 183 216 189 213 244
165 458 207 167 180 184 189 195 220 188 246 230 193 219 216 197 232 186 209 201 199 204 238 241 242 229 200 182 249 243 210 214 234 211 227 240 177
166 379 237 184 178 244 192 224 174 171 236 240 168 167 234 181 222 186 194 231 170 179 204 197 248 173 209 203 193 200 201 215 207 239 238 219 233
167 301 191 231 208 215 190 230 183 221 194 188 234 246 222 227 168 211 239 218 210 214 229 238 249 201 182 196 169 181 248 170 200 189 237
168 320 206 181 208 191 194 242 211 203 171 186 229 199 198 183 173 228 235 201 214 189 192 238 180 215 169 195 239 205 223 220 170 219
169 274 240 182 237 228 217 202 170 176 212 192 205 187 199 194 173 222 224 248 230 235 236 209 175 207 241 234 218 225 185
170 446 218 212 248 217 234 174 190 183 204 172 221 236 214 230 242 237 181 202 195 216 210 193 178 199 246 186 215 187 197 222
171 280 182 201 174 209 179 206 221 199 235 231 245 246 188 173 205 176 180 223 249 244 192 185 247 220 207 211 242 240 232 227 194 233 177
172 276 184 232 213 210 228 224 183 223 209 208 185 211 234 203 247 242 229 201 193 207 195 214 239 186 206 189 225 182 238 218 235 198 220 221 196 249
173 276 191 211 197 174 178 240 244 198 204 218 231 235 184 196 179 214 195 221 209 202 234 203 224 201 236 180 190
174 448 193 219 178 182 247 244 218 223 188 197 192 199 198 224 206 175 225 191 200 195 243 208 237 248 241 207 202 242 179 210 214 203 183
175 343 234 233 199 204 216 222 235 205 241 178 212 179 214 202 237 223 189 181 239 200 198 230 206 192 191 218 213
176 314 248 233 184 247 196 199 188 206 235 191 205 201 203 195 246 244 228 224 221 180 208 204 227 202 182 183 242 209 225 222 181 216 217 241
177 343 238 215 180 236 237 195 228 196 198 183 188 229 239 249 213 244 212 243 231 204
178 255 211 207 241 202 190 233 198 225 237 239 248 188 242 212 210 205 214 220 243 218 213 183 247 229 221 194 184 215 240 195
179 453 232 212 195 229 208 210 214 203 181 220 192 241 185 240 186 239 227 196 190 228 244 219 226 233 223 198 194 204 206 245 224 193
180 292 233 204 234 184 224 222 218 219 193 194 210 232 220 186 200 246 198 214 208 182 190 205 209 226 227 207 228 202 213 241 183
181 270 203 216 247 239 245 231 235 189 244 213 229 210 226 249 199 230 206 221 194 207 211 209 232 198 208 236 227 222 238 224 237 186
182 460 226 193 200 205 244 195 197 187 242 212 198 235 246 223 186 190 227 224 215 204 236 214 222
183 270 242 227 192 201 236 196 249 198 240 247 241 211 188 194 208 248 215 231 209 217 200 202 224 225 218 197 235
184 395 249 238 186 231 245 195 224 211 242 209 219 190 240 220 214 199 247 200 204 218 234 213 241 232 236 222 243
185 354 239 190 210 224 215 187 242 186 230 196 244 232 235 199 243 216 205 189 192 198 225 229 214 245 201 231 234
186 251 195 214 249 245 218 230 235 211 203 208 238 233 236 215 207 246 240 229 202 232 193 223 187 241 194 198 224
187 267 237 199 247 235 239 245 208 233 192 219 222 224 209 195 200 217 211 197 248 249 221 205 223 201 190 213 188 246 228 202
188 373 247 242 231 216 202 211 208 241 197 244 223 226 236 210 189 233 204 195 205 228 245 190 217 214 220 196 199 225
189 360 249 195 210 192 238 208 191 205 244 202 234 190 243 226 212 213 245 229 215 240 246 242 235 221 232 194
190 272 231 196 242 237 243 221 228 238 195 235 200 241 194 191 223 214 222 244 198 249
191 332 193 214 220 209 243 228 195 246 225 245 230 219 213 221 244 207 248 197 242 233 223
192 396 197 232 245 211 246 201 248 200 215 220 240 216 242 233 208 202 212 238 214 243 237
193 274 217 248 216 249 215 205 214 232 222 200 224 197 196 242 239 237 227 207 194 225 202
194 343 246 205 228 215 217 201 199 220 222 209 243 216 227 226 237 240 221 229 232 238 248 212 234
195 383 237 230 202 245 207 199 232 211 228 243 218 246 248 216 220 219 205 233 239 209 224 231 236 201 235
196 346 239 248 241 249 236 209 229 242 238 247 235 223 227 207 213 210 199 205 219 218 212 206 211 245
197 310 214 223 213 199 225 215 230 226 211 247 210 221 240 243 219 249 229 246
198 344 223 200 212 239 238 240 207 230 219 247 210 229 228 202 214 231 204 215 208 236 203
199 378 228 238 206 219 201 244 214 230 208 227 229 220 236 249 235 233 207 232 218 231 225 222 217 212 224
200 265 226 248 213 249 210 242 208 227 235 233 217 244 234
201 357 221 211 207 225 210 234 218 213 249 231 238 243 226 220 248 205
202 346 205 214 238 233 217 219 231 221 228 204 247 244 215 236 220 232
203 361 245 227 234 246 229 233 213 224 247 249 212 242 217 226 223 214 225
204 293 248 244 232 220 226 247 209 205 245 224 216 206 222 243 223 241 211 221 208 236 219
205 408 227 217 209 232 230 207 210 213 229 246 248 224 228 245 214 247 206 221 218
206 310 238 210 240 209 229 236 222 216 217 211 233 248 214 227 208
207 282 210 230 245 237 226 216 219 240 215 225 209 233 224 241 212 229 238 243
208 378 210 244 226 212 240 239 216 247 242 209 241 237 222 235 223 221 233
209 250 214 219 243 229 222 236 246 220 210 224 230 225 233 241 235 238 223 215 242
210 372 240 214 216 233 218 215 221 249 230 224 237
211 404 233 234 214 218 240 224 221 228 242 215 231 219 239 244 246 236 217
212 316 213 216 234 242 236 224 223 215 214 222 237 219 245 218 244
213 280 228 234 214 239 224 247 236 219 216 218 243 231 244 222 245 225 221
214 337 226 219 230 218 237 246 222 232 245 234 216 239 231
215 341 238 230 235 244 228 241 224 236 233 243 232
216 322 230 221 249 247 248 231 233 223 232 243 226 236 241 225 237 217
217 339 246 231 224 248 243 235 232 228 221 218 240
218 344 219 224 244 237 227 222 235 240 233 249 238 230 232 223
219 317 231 227 246 243 220 248 232 225 238 234 233 245 242 224
220 304 227 249 230 246 228 242 223 245 225 226 221 222 233 235 241 232 239 240
221 346 222 246 229 226 228 235 249 244 245 239 227
222 350 234 232 242 237 249 225 231 228 229 223 240 226 236 245 243
223 456 243 229 240 237 244 249
224 261 232 230 240 247 245 226 239 231 248 237
225 283 239 229 238 240 232 244 242 227
226 272 238 234 228 249 236 235
227 451 231 240 238 229 236 241 245 233 244 232
228 277 241 236 234 243 233 239 240 231
229 371 232 234 249 247 248 239 230 245 246 244 243
230 331 232 231 249 238 237 242 245 234
231 298 234 237 249 243 246 247 238 240 232 233
232 336 240 244 247 242 235 249 236 238 246
233 351 240 238 249
234 313 242 240 237 238 247 243 236
235 350 249 236 241 246 247 242 237 239 245
236 335 239 244 240 242 237
237 315 238 241 246 243 242 248
238 348 246 248 242 243
239 279 240 242 244
240 373 244 248
241 294 248 249 243 247 242
242 359 245 248
243 347 246 249 248
244 367 249 248 246 247
245 313
246 320 247 248
247 478 249
248 252 249
249 270
