60 1000
1 290 59 47 53 28 6 49 23 18 48 44 15 51 45 27 40 29 30 39 9 17 43 11 21 46 2 31 5 33 41 26 7 25 13 58 3 10 8 52 36 32 16 60 35 24 22
2 394 32 46 57 52 26 3 48 60 41 35 15 40 24 33 11 34 56 53 55 17 4 18 29 25 31 42 13 39 51 19 7 27 23 12 30 9 44 14 5 37 6 21 22 10 16 50
3 316 32 54 11 60 48 8 14 29 26 44 15 23 4 45 24 33 40 16 30 58 52 5 35 38 55 39 42 20 57 6 49 59 25 17 34 28 47 18
4 313 26 54 40 48 60 53 13 34 33 24 49 32 51 25 20 52 37 35 21 12 41 27 42 47 39 43 58 19 44 11 22 31 55 14
5 306 50 57 38 47 32 19 58 29 22 44 43 41 25 12 49 7 9 18 28 34 14 37 56 42 46 35 36 13 52 40 53 45 54 20 55 16 26 23 21 8 24
6 381 29 39 13 20 57 15 38 50 58 49 12 55 28 22 11 24 46 45 54 16 31 26 32 40 21 56 53 10 34 60 17 48 51 18 27
7 260 38 32 39 41 21 28 25 18 24 48 34 56 50 42 57 33 19 8 47 55 52 60 15 46 22 11 17 20 54 58 13 36 26 49 10 31 59 14 27 51
8 268 36 20 21 12 56 29 53 33 27 46 23 39 14 35 26 28 32 52 40 50 24 57 41 22 13 15 10 43 17 9 49 54 44 42 51 60 25
9 472 20 57 42 45 19 29 44 41 17 25 24 49 55 32 10 58 12 60 15 33 28 36 35 13 47 26 37 23 48 27 31 40 59 56 51 11
10 369 38 49 26 12 52 28 22 23 16 48 17 19 29 25 39 11 54 24 21 14 57 34 36 56 41 30 40 43 46 53 32 55 44 47 42 58 37
11 372 43 18 22 59 52 34 16 41 33 42 37 21 24 20 14 23 32 56 12 57 51 50 55 53 46 17 40 19 54 28 47
12 259 15 36 17 41 29 55 14 52 49 23 24 25 43 26 18 48 44 38 42 57 20 40 39 28 59 35 34 51 31 54 58 13 53 47 21
13 368 43 44 58 45 15 42 51 24 30 39 57 52 22 37 35 19 17 59 34 32 46 33 54 26 27 50 40 41 31 28 56 38
14 252 57 41 38 40 39 49 60 32 23 48 24 31 25 37 17 34 42 18 21 20 53 58 47 33 56 29 59 19 28 55 51 43 30 44 16 45
15 380 50 30 46 29 43 26 56 28 37 39 24 25 44 52 51 45 41 49 54 38 57 19 40 21 34 27 23
16 260 20 18 23 42 55 24 54 45 59 21 36 17 37 57 44 39 35 19 60 58 47 22 30 32 56 50 27 38
17 285 26 54 48 58 33 21 28 36 22 52 34 56 30 47 31 46 50 43 29 32 49 51 39 19 42 37 55 18 53
18 455 29 57 45 47 28 59 37 24 48 21 42 58 49 41 46 60 50 23 52 32 56 43 40 55
19 351 55 49 20 32 25 41 51 34 30 21 24 22 35 40 36 37 23 38 47 54 50 39 53 58 29 28 31 45
20 362 31 37 26 50 52 59 48 58 27 39 33 42 29 47 22 60 49 41 35 38 32 36 43 46 24 21 23 25
21 287 55 27 49 24 40 32 46 28 33 22 52 42 30 38 23 53 41 45 47 56 59 25 60
22 283 41 35 59 53 57 37 54 44 51 23 38 28 36 50 42 31 48 58 46 25 29 56 52 39 34 26 43 30 49
23 345 36 43 32 45 44 25 37 35 58 24 31 33 42 34 47 27 59 41 28 48 55 40 26 52 50 29
24 372 51 25 29 26 54 45 58 31 47 59 44 57 49 38 40 30 36 52 34 50 35 33 46 43
25 251 58 47 51 60 33 44 30 29 49 41 35 26 34 43 40 59 37 39 50 55 38 48 46 36 52 45 57 54
26 369 39 28 49 36 52 45 55 43 58 44 30 31 40 35 57 48 38 53 46 32
27 380 36 39 53 52 33 37 60 51 34 35 50 40 57 55 32 38 30 58 31 48 54 49 47 59 28 44
28 296 56 44 48 58 43 51 53 60 59 36 55 37 39 46 42 40 34 32 54 31 45 30
29 399 50 55 48 52 30 43 32 60 33 56 46 54 53 38 42 37 57 40 47 44 41 36 34
30 305 53 37 51 56 32 46 42 31 41 50 47 38 43 54 44 57 40 33 52 58
31 388 32 46 48 49 58 56 37 59 39 38 33 44 40 55 36 51 45 41 47 42 60 50 54 52
32 306 41 53 42 59 54 58 40 52 36 50 33 49 45 44 43 55 34 38 60 37 46
33 306 39 57 43 53 37 58 42 46 60 52 54 44 51 50 41 36 49 40 35 45 55 48 59
34 340 52 57 44 43 42 35 56 45 38 60 37 46 50 41 53 48 55 49
35 340 56 50 52 55 37 58 51 45 60 42 43 38 59 41
36 320 55 43 37 51 54 48 56 40 44 41 46 50 57 53 58 59 49
37 379 52 47 44 38 46 57 39 60 59 56 45 51 55 41 49 43 58 53
38 350 43 59 47 58 53 56 40 54 55 48 45 41 52
39 271 50 44 41 47 58 43 53 56 49 57 59 60
40 400 48 56 44 41 57 53 49 45 59 42 50 52 60 58 46 54 43
41 273 55 45 57 47 52 51 56 49 48 53 43 54 44
42 327 60 47 57 59 46 54 55 48 45 52 58 43 44 49
43 309 47 58 59 55 45 50 52 56
44 334 52 48 60 54 50 47 58 57
45 357 47 46 52 50 53 58 59 55 51 49 48
46 343 48 60 49 57 54 53 56 55 50 52 47 58
47 336 59 55 48 57 60 49 50 52 53
48 321 60 52 59 49 50 54 53 57
49 296 58 52 59 60 51 57 55 53 54
50 355 56 58 60 59 53 52 55
51 349 58 56 54 53 60 52 57
52 321 58 54 59 57 56
53 350 59 60 54 56
54 329 59 57 56 58 55
55 323 59 57 56 58 60
56 280 58 60 57 59
57 397 59 60
58 487 59 60
59 260 60
60 253
