120 1000
1 254 101 64 37 23 51 30 3 87 4 90 22 35 89 53 107 34 19 91 108 52 85 80 18 72 48 70 47 21 44 96
2 348 35 89 50 29 76 4 107 101 109 110 93 58 42 88 67 69 36 113 75 26 37 72 34 11 60 6 40 51 112 44 19 71 94
3 398 78 24 58 33 38 87 13 66 20 21 18 103 89 59 88 43 10 119 118 44 4 113 7 9 12 39 63 95 46 64 69 61 112 23 83 65 68 47 34 49
4 268 69 28 96 98 10 65 72 23 91 19 81 39 79 27 76 5 30 88 60 11 97 52
5 372 41 90 42 37 12 79 20 112 35 66 39 56 80 98 10 78 114 70 40 33 74 71 82 27 19 116 95 36 75 111 109 45 30
6 360 75 94 113 24 62 118 43 102 34 64 76 63 47 22 98 33 85 7 38 87 44 27 13 105 100 83 73 68 36 89 51 74 41 71 110
7 298 11 8 45 79 85 108 57 29 120 26 69 113 63 96 50 116 81 14 9 21 67 111 20 68 101 64 47 41 109 35 84 17 56 46 80
8 449 29 23 33 25 90 44 84 22 12 14 96 99 101 110 119 71 92 103 51 17 63 72 27 36 16 86 32 68 18 76 64 21 97 34
9 253 53 23 61 84 67 50 97 81 72 60 16 39 115 42 24 100 92 119 110 78 89 19 70 98 106 88 118 18 108 17 41 66 11 114
10 277 93 116 23 42 52 88 98 77 109 87 60 104 25 32 114 16 56 66 113 91 57 45 59 111 79 76 74 62 119 64 28 35 31 48 103
11 314 67 73 90 16 105 81 31 49 101 19 65 20 18 85 48 69 102 113 27 41 30 12 43 109 50 47 29 72 37 45 71 13 35 91 60
12 409 43 50 68 26 51 58 15 30 39 20 92 93 27 76 24 13 106 70 85 34 63 56 96 31 98 41 64 53 109 54 117 91 95 104 89 107 94 74 75 23 61
13 270 40 72 22 52 93 30 98 111 87 54 100 29 44 53 110 81 45 16 33 26 36 57 69 73 23 104 68 60 94 35 95
14 476 35 61 85 103 24 44 63 56 20 46 58 15 49 78 109 83 60 101 48 41 114 64 62 51 117 116 79 82 45
15 254 41 94 50 22 36 33 60 42 52 63 29 116 103 55 32 119 56 98 105 87 97 18 77 70 84 59 49 115 57 16 92 96
16 289 75 54 64 28 76 108 67 71 97 113 22 58 31 92 34 70 37 40 18 65 20 48 53 96 117 85
17 461 88 91 44 29 50 28 112 106 43 107 111 93 86 113 19 54 37 76 81 40 103 109 35 117 36 115 87 77 119 22 52
18 250 59 76 62 22 104 36 88 86 44 120 112 108 28 71 64 106 20 31 99 45 87 74 23 47 102 46 117 37 58 54 55 90
19 450 76 109 117 95 94 71 25 68 47 48 20 49 57 96 41 116 30 77 54 37 112 80 74 110 99 70 93 52 66 108 87
20 300 28 91 60 68 105 107 58 115 104 92 116 49 64 31 63 76 97 114 54 67 88 100 119 40 30 81 101 21
21 250 41 87 56 38 83 53 52 44 90 55 80 120 33 92 94 35 43 108 71 61 62 81 107 45 48
22 307 96 109 35 105 51 47 54 32 81 88 93 55 58 68 117 24 98 73 40 31 49 70 118 86 28 48 39
23 361 87 94 49 78 97 51 41 103 33 24 72 86 70 75 46 58 43 29 65 119 44 107 104 95 112 63 88 69 61 30 26 89 68 117 32 106
24 332 50 69 29 46 33 64 102 115 34 32 106 117 66 105 81 110 42 111 54 72 28 47 93 103 65 37 36 97 104
25 385 65 117 42 41 114 83 48 93 79 62 120 104 54 90 102 113 47 81 85 52 27 64 94 36 78 88 57 87 111 96 99 35 74 51 112
26 337 110 92 81 69 56 98 43 97 41 109 99 115 34 36 73 47 74 111 112 27 105 114 118 66 119 93 75 102 32 28 120 89 82 72 117 57 29 71 49 108
27 278 84 103 33 78 98 31 104 38 106 67 97 73 119 101 35 65 109 61 86 32 34 60 88 51 62 93 79 37 111 42 118 107 72 43 63 116 75
28 397 82 96 85 73 70 37 90 57 65 40 100 59 32 98 84 53 114 108 67 113 106 116
29 277 31 36 100 110 30 98 56 46 34 67 94 77 37 86 82 118 70 111 81 58 35 63 114 72 120
30 326 50 108 81 80 77 75 95 112 82 100 119 57 70 37 90 76 109 93 92 40
31 441 44 95 103 49 39 68 41 97 45 60 38 81 54 62 101 82 119 78 92 87 108 48 89 47 43 61 51 88 118 53
32 257 117 108 37 88 92 93 60 105 66 42 106 76 45 35 84 40 87 50 120 102 43 95 98 64 110 41 36 70 39 83 33 94 58
33 302 34 45 71 98 90 52 82 42 51 105 112 119 102 96 100 39 68 92 84 37 64 75 70 103 111
34 409 106 44 103 68 119 109 91 63 76 86 108 104 65 36 114 69 49 111 79 107 84 85 71 64 80 101 81 58
35 268 48 108 78 106 94 49 82 109 51 55 91 76 116 47 81 93 60 64 38 111 57 104
36 323 89 61 73 103 108 40 107 57 39 37 42 104 75 114 44 83 116 119 55 90 65 111 110 53 101 72
37 304 119 78 70 56 40 118 46 52 71 90 62 77 84 72 105 45 41 42 117
38 297 104 43 103 89 62 52 53 115 113 81 66 83 110 74 77 94 111 47 102 50 116 86 75
39 399 103 115 72 108 99 49 104 77 53 41 83 80 69 56 105 98 86 112 96 73 91 97 84 43 118 60 65 75
40 369 93 54 84 73 106 107 49 66 104 98 64 95 101 113 72 80 120 90 45 114 63 86
41 369 98 59 110 61 99 76 81 115 64 106 95 45 103 62 77 114 117 93
42 262 112 43 77 105 83 49 64 62 119 91 70 94 93 55 67 68 73 113 80 69 116 61 79 96
43 336 62 93 112 65 69 111 90 119 104 64 70 115 81 84 114 79 74 58
44 411 51 84 52 90 57 97 75 66 93 68 104 107 80 71 79 70 118 110 111 98 106 115 56 76 45 116 48 96 49 59
45 253 78 56 91 64 103 57 65 66 86 55 68 61 118 69 71 87 94 101 97 84 117 47 116 48 58 70 119 100 60
46 300 79 104 63 57 49 52 50 69 73 71 88 78 107 120 105
47 445 110 54 71 52 53 66 95 50 48 96 90 89 99 64 63 75 49 93 118 70
48 255 116 101 86 93 95 52 59 77 54 63 64 61 106 111 98 62 119 56 57 103
49 371 94 71 112 99 73 95 93 59 107 114 96 55 70 97 78 115 84 82 53 91 77 102 72 62 80 109 119
50 291 95 94 104 110 78 117 115 100 114 112 66 90 92 103 65 67 111 109 72
51 338 71 112 79 120 100 111 103 61 70 57 84 72 89 62 116
52 326 58 53 59 68 62 92 97 115 100 60 87 103 110 76 101 72 79 88
53 323 111 103 81 110 57 73 71 109 72 101 56 58 108 69 93 100 80 83 59 55 60
54 351 82 101 74 79 61 85 72 99 66 103 67 97 113 95 96 68 114 83 116 92 86 76 104 108 88 73
55 400 98 58 111 96 77 97 61 73 92 81 62 113 99 59 117 102 83 103 64 85 91
56 250 73 74 102 104 119 106 70 120 85 110 99 94
57 350 63 104 108 77 85 89 78 95 90 105 99 119 76 58 79 64
58 339 99 80 116 62 64 111 75 83 77 114 78 113 84 69 109 73 105 97 107 85 98 59 61 93
59 295 104 83 113 116 66 63 80 109 100 71 108 77 89 112 107 94 87 68 120 88 103 74 85 105 93 118 67
60 366 109 91 119 106 104 111 118 67 90 81 74 113 94 83 66
61 387 85 111 107 78 64 69 91 95 102 87 90 71 105 76 65 98 84 81 109 112 100
62 286 101 89 80 116 84 92 102 106 103 76 87 94 64 68 96 117 95 105 111 90 72 73 66 86
63 327 81 85 71 79 97 72 107 114 105 73 100 65 117 87 96 67 64 77 106 95
64 390 67 92 110 98 75 103 89 109 81 90 77 70 72 86 116 79
65 355 103 112 86 76 91 100 89 114 70 81 101 87 116 82 88 118
66 255 111 80 70 73 67 86 117 84 89 100 118 78 97
67 271 117 87 69 97 77 107 83 118 74 78 85 100
68 450 78 81 88 90 94 70 104 85 91 107 77 71 120
69 279 88 77 93 113 84 99 111 117 115 90 98 78 118 112 103 119 104
70 422 76 74 88 77 109 94 120 79 104 84 105 73 106
71 281 103 79 114 118 81 72 83 117 74 87 78 113
72 297 119 85 120 101 115 83 106 97 80 98 96 105 107 102 99 77 108
73 300 108 96 95 80 112 103 78 110 102 76
74 349 112 116 117 88 85 93 82 101 90 110 79 77 106
75 351 81 92 82 117 78 85 120 84 114 104 113 101 100 110 109 108
76 253 116 81 102 80 112 93 78 88 97 105 107 110 89 91
77 455 84 86 81 115 94 96 110 91 107 108 85 83 104 98 112 106 99
78 292 116 94 115 103 108 84 117 118 87 112 80 97 79 95
79 346 81 111 117 93 91 100 104 92 96 95 101 113 116 99
80 350 115 92 93 100 117 96 119 87 106 118 98 82
81 304 90 118 95 107 86 84 117 104 96
82 348 98 97 104 103 116 90 88 85 83 101 112 106
83 341 108 114 101 115 111 96 118 88
84 311 88 109 104 91 107 119 105 108 101 96 86
85 337 89 111 98 105 115 92 118 116 117 107
86 349 88 106 100 105
87 314 115 100 92 94 111 90 113 89 91 109 120 108 96 106 93 88
88 252 89 93 95 105 96 92 119 117
89 461 110 94 99 93 112 100 102 117 90 108
90 287 110 104 100 109 105 98 108 103
91 292 118 112 104 99 101 116 117 98
92 350 98 115 114 104 93 99 103 110 119 111
93 358 97 96 106 99 108 112
94 302 113 105 119 97 110 100
95 369 105 120 117 97 112 96 115 99 110
96 329 107 120 97 115 118 109 110
97 358 100 117 104 102 111
98 316 120 103 100 114 110 115 113 105
99 326 108 104 118 103 119 101
100 368 102 118 115 113 116 105 101 110
101 250 112 117 113 111 106 105
102 382 113 108 111 114 106
103 266 111 117 112 105 115 118 113 119 114
104 316 119 108 114 111 118 109 105
105 418 111 116 107 114
106 438 110 109
107 253
108 309 120 119 115
109 273 115 120 112 117
110 464 120 113
111 263 117 118 120
112 250 117 119
113 252 114 117
114 498 117
115 388 118 117
116 326 120 119
117 286 120
118 423
119 322
120 255
