249 1000
1 261 9 172 26 106 135 59 144 130 77 203 168 214 101 181 232 196 133 29 157 112 73 198 105 152 93 221 245 199 60 237 45 173 137 236 141 92 234 184 53 244 227 85 50 242 110 23 102 71 39 24 167 31 80 175 118 128 115 97 103 200 188 139 191 210 18 30 121 98 129 124 145 229 212 211 134 249 224 180 247 178 48 213 94 123 84 15 170 72 154 185 28 187 69 243 223 83 159 62 148 90
2 323 244 228 31 195 241 200 32 8 48 223 199 216 210 234 163 62 64 218 125 171 29 105 111 240 137 123 41 231 109 129 80 20 207 196 227 37 26 211 44 24 40 131 148 183 71 70 147 126 198 95 50 19 18 5 233 15 128 34 23 180 217 201 190 175 187 16 67 82 66 221 178 184 219 232 248 3 209 13 55 214 235 169 74 54 57 230 52 76 194 28 213 118 59 136 69 49 159 193 203
3 416 4 142 109 82 159 133 148 45 83 249 65 237 171 30 11 19 175 26 115 110 185 215 55 213 231 39 49 71 87 145 17 20 166 198 207 32 92 191 96 97 134 204 150 162 60 108 67 38 143 105 12 179 27 180 187 34 29 195 13 106 9 243 217 244 50 228 157 6 196 138 147 158 126 47 135 149 164 194 146 239 79 234 101 63 245 70 91 227 209 56 170 216 193 58
4 330 127 40 81 240 229 139 58 70 126 186 33 92 221 206 51 35 228 190 76 17 113 97 159 26 165 66 207 247 230 7 8 101 135 30 164 131 231 197 56 119 63 148 170 217 62 65 55 11 86 124 187 199 248 112 83 226 96 68 47 114 181 20 133 219 169 166 157 116 205 202 80 216 178 74 151 45 146 211 129 236 52 94 44 149 174 137 107 188 154 88 128 130 64 152 171 218 167 175 109 182 161 158 243
5 315 131 122 107 115 219 96 214 199 124 133 171 17 147 90 43 158 116 94 72 238 18 88 48 55 224 193 73 118 66 85 188 125 239 62 32 83 227 208 135 235 195 61 8 204 205 108 198 183 81 181 141 105 247 201 232 190 218 167 78 52 42 146 200 51 149 53 80 179 86 153 236 13 155 231 113 45 11 104 97 29 189 178 159 19 243 106 237 117 112 10 209 220 164 14 129 89 210 95 60 54 196 71 56 163 99 217 34 137 75 223 41 36
6 355 138 43 122 188 198 230 85 89 40 211 123 159 153 107 84 170 101 94 45 212 116 244 210 193 68 223 129 113 25 160 174 203 90 202 232 134 201 208 109 91 95 93 128 119 56 103 60 220 104 199 18 234 184 239 30 27 74 173 55 175 228 178 135 235 115 231 218 81 42 120 150 76 22 92 15 146 16 23 124 112 58 35 12 114 87 169 79 83 136 102 144 221 10 206 190 227 194 168 21 200 73 96 9 238 72 209 225 61 52 100 132 186
7 317 117 113 48 24 229 78 170 96 226 149 41 104 27 57 242 177 138 198 178 125 205 186 79 43 240 109 108 247 87 158 45 23 145 122 199 71 155 40 69 60 167 143 142 97 188 166 225 163 227 107 58 112 37 94 116 194 191 129 146 120 53 42 168 93 161 201 212 134 162 203 150 82 115 147 246 66 232 248 224 153 130 29 195 235 139 75 118 86 14 22 181 34 84 38 222 39 239 85 30 202 49 172 76 100
8 274 112 187 24 225 103 110 167 85 59 64 226 37 190 47 76 154 115 15 156 109 30 181 65 249 206 43 192 197 173 99 151 148 113 146 12 171 169 22 51 35 210 107 198 45 194 53 237 88 153 14 100 71 108 25 9 162 48 17 133 182 141 91 96 87 216 200 102 93 89 67 185 144 94 42 41 123 52 44 215 31 247 27 209 38 230 70 19 60 111 83 158 92 165 78 243 236 191 157 106 233
9 409 145 217 96 174 105 138 60 220 246 47 46 78 35 195 176 163 156 196 113 142 173 77 171 32 219 130 100 210 82 243 86 57 247 114 233 81 127 227 39 221 13 244 62 185 128 230 72 88 180 157 65 76 207 74 168 85 218 54 56 240 40 204 80 99 165 141 20 225 110 26 11 183 215 148 206 50 52 189 234 27 235 212 16 197 154 170 199 44 135 182 103 95 159 153 200 97 238 70 132
10 315 235 207 13 26 160 247 120 137 121 234 27 163 32 194 107 242 134 116 221 171 158 87 133 90 71 213 21 43 143 129 105 146 20 44 25 97 93 60 53 219 17 31 224 168 139 173 149 102 148 83 115 69 190 79 58 236 183 127 179 77 193 59 229 231 74 248 169 198 19 227 80 212 128 195 49 41 40 155 218 245 46 208 130 24 61 35 122 211 180 181 177 118 65 214 178 125 96 99 210 185 52 75 131 39 38 217 222 240 138 233 237
11 267 82 210 196 25 111 18 129 211 182 53 85 50 233 209 161 231 241 69 51 227 93 38 96 169 100 79 244 193 104 76 229 89 110 42 243 20 202 206 62 43 126 230 239 13 177 32 31 119 12 183 197 102 22 160 140 122 75 174 58 235 56 141 40 173 63 118 147 245 115 205 204 188 207 238 181 149 92 101 175 184 168 198 153 17
12 418 26 105 181 238 20 42 138 15 205 212 135 220 196 168 123 229 216 47 106 153 225 174 211 13 91 224 71 129 110 133 98 186 247 131 100 195 203 14 159 117 114 126 39 228 80 194 219 81 145 18 214 197 44 74 128 232 94 88 118 21 25 218 137 104 66 202 188 227 68 112 152 236 134 171 45 141 29 22 206 226 156 101 149 82 119 46 115 28 173 89 38 77 234 170
13 339 65 227 113 67 106 151 44 156 198 43 142 94 60 213 14 191 16 78 248 51 129 165 190 108 117 163 87 66 81 58 90 161 228 127 146 86 137 134 124 24 193 116 119 159 168 49 54 200 62 229 226 194 33 157 217 233 139 70 158 112 98 205 96 97 135 241 153 230 169 179 231 148 69 77 55 29 84 74 100 64 178 154 181 170 225 109 131 99 41 48 102
14 380 16 28 152 121 24 102 25 39 71 97 214 49 243 27 70 75 218 101 164 44 154 116 50 177 100 51 141 77 223 76 203 151 179 226 173 59 93 73 216 95 118 148 166 227 125 213 47 139 61 168 46 120 111 29 171 38 30 217 98 130 231 57 246 174 185 109 209 63 180 195 220 36 143 35 224 178 78 225 188 53 198 159 142 113 155 150 15 144 82 158 211 156 197 235 181 140 128 18 85 163 147
15 281 149 173 214 203 221 249 42 164 146 243 27 195 37 194 89 200 101 111 209 92 151 242 215 199 191 102 187 71 245 64 228 144 22 196 93 103 152 110 85 140 189 65 132 201 148 69 158 79 192 190 107 227 117 239 120 63 96 213 231 99 33 90 247 98 225 211 122 160 73 86 60 119 241 147 19 55 167 157 77 216 78 109 182 43 53
16 251 190 38 157 223 232 66 235 191 208 219 39 26 194 189 52 141 207 183 82 213 147 78 49 204 53 23 114 146 116 105 173 19 124 201 71 160 136 96 221 123 35 195 135 163 131 75 79 28 67 244 83 64 119 243 180 150 65 48 196 155 241 137 56 181 225 37 117 149 164 94 143 87 182 132 95 212 18 236 63 211 138 77 107 178
17 448 125 247 80 46 178 208 180 72 221 199 224 184 217 68 137 122 151 77 244 186 73 89 22 36 79 110 38 83 86 90 161 42 71 53 162 212 205 241 85 52 116 91 171 62 51 109 64 87 181 39 182 54 123 237 120 138 232 57 238 152 121 220 202 75 115 114 117 213 170 21 37 209 191 133 135 215 128 119 81 172 196 169 99 144 43 160 103 157 235 200 210 127 104 134 48 236 113 185 101 147 112 100 145 167
18 301 106 249 34 206 38 59 219 101 191 97 152 169 130 167 145 199 232 227 220 42 143 94 208 41 210 133 234 241 22 127 51 171 224 82 19 155 53 96 47 200 121 52 137 124 237 46 20 128 245 149 144 172 103 24 78 235 177 119 221 158 27 132 161 72 205 108 75 181 180 203 66 93 43 162 215 141 209 192 87 95 40 165 83 84 114 60 65 226
19 350 91 53 35 187 216 133 40 128 196 66 81 28 245 171 162 159 54 143 239 172 246 127 72 49 144 98 43 200 122 23 195 236 183 124 135 223 242 69 116 247 85 163 115 243 189 118 132 248 56 174 134 64 125 62 153 48 190 241 217 150 58 203 121 148 138 142 34 188 52 149 224 30 97 152 114 218 46 131 76 73 179 222 27 59 186 57 67 182 226 145 136 79 26 77 39 96 61 214
20 388 118 124 184 71 119 228 206 207 126 38 63 53 229 140 171 211 215 213 54 214 34 147 44 224 122 180 110 209 57 208 30 116 201 55 156 152 113 182 192 62 247 173 72 143 205 102 200 28 170 222 202 186 94 235 145 52 84 162 96 21 221 183 134 24 230 103 203 80 154 165 25 35 158 48 239 136 249 112 153 236 87 144 179 199 107 27 42 37
21 262 235 203 35 236 149 83 85 176 107 32 112 96 178 60 216 170 128 164 116 90 150 219 93 132 143 22 34 147 169 197 99 125 238 105 183 148 158 69 230 58 247 249 135 100 196 189 166 234 209 136 138 154 24 218 80 66 38 144 134 214 198 98 102 223 97 92 152 245 248 195 192 160 56 191 140 129 49 67 187 141 211 213 61 29 175 229 77 237 44 232 243
22 432 223 58 112 215 206 31 65 119 212 153 139 36 132 52 237 54 73 164 44 130 226 247 102 120 123 138 216 244 238 48 49 161 160 230 29 159 183 220 227 148 176 191 243 24 63 198 83 115 240 118 101 43 228 234 72 241 110 26 129 229 68 34 38 200 211 124 225 168 97 99 204 81 182 33 210 105 166 111 152 173 205 197 236 70 41 67 170 98 103 25 61 150 86 114 39 126 95 80 45 242 248 163 117
23 295 147 138 149 152 248 156 57 166 36 82 211 180 25 98 37 183 193 50 222 230 182 245 76 214 123 144 45 207 247 106 128 79 143 29 105 56 83 184 116 171 194 204 224 65 111 51 41 100 232 221 117 236 137 219 125 217 157 228 201 38 72 44 130 28 78 231 148 129 170 62 109 80 150 27 199 73 153 142 237 34 61
24 273 78 112 104 218 203 151 122 186 136 223 154 240 217 208 219 90 48 153 235 196 141 138 199 77 228 42 163 225 60 89 54 72 156 245 132 130 230 164 39 172 97 183 152 165 85 88 226 105 190 30 38 184 27 248 116 50 93 242 181 86 233 137 59 161 102 244 65 56 210 133 115 236 75 143 205 173 221 99 95
25 378 60 65 122 129 101 161 242 168 238 69 225 118 217 27 119 221 123 213 109 232 67 70 120 33 111 151 127 110 77 189 201 130 212 227 88 188 136 180 160 245 91 114 61 145 152 200 106 92 214 172 164 184 52 165 37 71 190 44 43 45 158 121 230 207 157 104 153 54 146 208 248 117 42 244 126 132 81 197 166 154 222 175 147 209 80 112 95
26 280 150 213 111 127 108 155 89 67 221 29 219 180 169 227 102 196 204 107 106 216 92 249 165 57 87 145 191 222 173 205 119 229 176 99 36 242 182 207 123 95 185 79 125 178 156 86 37 124 130 116 154 85 47 231 81 168 208 172 151 48 193 76 128 188 93 129 69 104 189 233 209 90 170 166 136 43 239 73 118 230 142 100 75 244 101 68
27 342 186 37 182 163 234 157 102 144 30 50 235 214 248 63 168 46 72 85 223 169 156 114 178 81 152 176 161 39 204 99 244 141 35 33 139 109 75 170 237 183 155 79 61 52 147 64 45 191 93 51 224 171 136 56 78 146 216 238 138 87 80 120 133 199 77 249 177 227 36 59 82 221 125 42 208 202 123 29 135 134 49 128 86
28 291 99 79 211 171 246 233 138 243 213 85 214 221 39 228 58 207 52 143 160 238 132 100 84 135 156 149 129 108 38 82 86 192 189 176 36 81 74 184 69 73 245 66 197 234 59 151 242 61 136 206 162 49 103 141 133 146 188 226 91 161 173 159 232 118 180 37 137 101 114 175 56 35 119 111 200 179 120 115 112 225 93
29 291 107 185 196 168 245 187 166 61 30 91 99 180 190 130 230 127 59 239 77 120 90 173 125 56 108 157 57 113 52 33 41 72 163 175 192 186 98 219 213 40 64 228 212 95 110 149 31 191 119 217 123 32 165 36 179 223 226 144 109 105 82 51 210 81 177 243 240 101 89 94 222 115 124 162 242 93 69
30 418 235 92 208 114 57 230 67 209 245 130 112 47 149 213 161 106 198 46 43 53 99 142 127 117 35 228 58 45 121 160 229 60 248 135 201 200 159 193 190 199 71 48 37 141 65 218 41 131 69 89 97 108 157 110 182 100 111 240 36 51 101 238 143 125 196 192 137 63 154 73 129 120 150 189 79 138 222 74 166 172 78 87 203 77 66 187 38 56 39 98 61 206 76 174 212 70 239 225 234 168 80
31 390 104 217 162 33 143 225 46 35 152 141 79 133 159 73 241 69 196 65 235 88 232 238 94 139 219 52 75 129 119 248 108 234 233 156 120 53 165 247 174 111 135 164 199 32 49 80 178 148 128 93 245 67 203 223 163 185 131 110 97 201 197 146 72 137 57 76 169 86 237 112 85 95 83 230 136 161 213 186 74 101 66 60 171 177 91 224 149 68 157
32 318 193 76 225 119 110 157 205 37 43 122 60 171 144 97 189 124 77 99 208 219 55 54 137 48 121 81 114 196 170 151 56 41 180 120 234 46 223 40 136 70 72 169 82 113 177 148 167 109 231 79 206 160 187 209 154 123 93 49 229 191 238 68 233 143 200 63 184 116 162 185 133 240 91 101 84 182 69 183 92 201 138 215 64
33 292 236 229 85 222 106 185 214 71 202 224 40 184 169 140 186 219 44 161 82 113 220 142 100 168 55 192 183 194 208 89 199 99 109 61 217 206 148 141 124 249 52 47 80 59 216 240 103 159 86 53 67 136 111 127 36 131 39 119 129 138 115 48 162 122 242 232 50 160 227 62 230 233 91 145 75 154 157 64 84 211 96 163 118
34 339 144 210 102 95 204 180 62 58 79 151 152 219 201 47 224 178 123 115 193 43 230 63 241 40 135 137 80 183 150 155 228 61 156 213 202 196 229 128 179 71 200 198 149 37 38 142 84 226 51 35 114 39 171 166 126 41 214 205 131 242 112 212 174 78 165 133 164 59 122 89 85 185 216 99 55 169 60 49 57 82 203 74 207 215 189 249
35 349 140 124 89 175 102 239 248 176 224 72 201 47 43 216 213 223 66 103 117 73 94 212 70 63 79 164 246 215 92 142 153 53 186 122 86 75 183 118 50 54 235 177 64 174 136 135 217 106 37 126 188 205 165 101 170 147 184 83 244 197 39 45 36 51 134 204 190 230 82 69 162 198 189 218 88 109 121 243 167 219 71 56 59 139 210 48 166 85 171 80 120 68 58 114
36 312 121 116 37 148 216 232 97 213 127 223 224 131 220 173 170 167 122 198 204 209 39 89 69 234 206 235 141 59 106 236 212 172 192 114 226 55 164 56 61 130 110 94 230 64 175 188 107 163 181 62 180 214 78 70 124 239 154 53 211 179 108 117 149 113 96 205 132 68 83 243 185 237 100 202 246 201 218
37 256 131 159 175 214 52 212 205 118 150 125 163 43 98 208 81 169 109 195 228 76 134 115 148 235 178 218 242 220 106 121 135 62 203 245 116 209 143 215 156 100 153 196 188 144 167 192 55 56 82 248 73 129 95 230 103 210 85 182 170 191 200 198 211 238 75 113 54 137 166 65 141 114 184 69 83 120 59 91 139 132 77 53 122 249 213 60 64 206 216 247 86 197 223 244 102
38 315 113 103 46 170 139 198 236 146 92 185 129 64 109 148 101 232 90 227 56 115 89 177 179 212 43 133 217 65 57 98 51 72 218 175 230 50 202 61 183 240 126 147 244 195 68 131 67 181 83 119 173 234 165 184 186 143 80 248 40 167 128 74 55 231 44 213 134 176 132 130 246 58 39 241 52 151 149 224
39 429 213 52 128 43 95 234 81 98 206 115 124 144 134 192 248 113 237 172 132 229 154 168 199 65 63 97 228 153 226 179 78 148 162 167 157 92 201 121 53 183 222 79 130 196 171 55 211 122 68 239 249 200 244 137 147 217 180 156 40 212 205 110 114 220 93 143 106 178 219 48 62 230 135 174 146 72 89 60 236 245 216 210 90 241 111 51 126 170 243 123 44 233 175 141 107 108
40 304 209 200 218 245 195 46 58 178 111 112 97 125 179 123 214 68 130 171 221 153 208 144 52 206 185 139 117 103 128 219 66 131 213 49 129 211 48 176 89 80 92 194 113 180 86 43 205 78 149 169 212 234 82 225 247 118 53 243 217 101 198 79 150 197 64 65 196 223 147 85 124 236 63 42 122 181 167 93 242
41 307 42 92 128 159 177 79 175 203 148 249 158 210 156 150 98 61 48 129 140 215 125 179 45 63 183 207 71 85 163 216 166 75 232 137 194 117 99 189 208 76 49 233 77 154 103 73 96 46 123 59 200 160 50 167 115 225 68 195 145 107 51 132 133 127 105 228 187 130 184 97 53 138 164 170 60
42 389 117 197 84 134 162 62 43 100 234 57 204 138 78 121 161 198 187 63 69 169 72 240 54 183 71 227 66 164 86 89 208 188 108 103 157 52 111 186 232 154 163 102 74 112 194 46 235 127 107 170 115 129 125 106 109 230 210 189 184 45 219 123 48 242 174 180 175 142 94 139 217 147 110 202 104 145 221 228 190 195 199 150 155 249 130 246 172 65 167 116 120 47 61
43 349 108 119 107 59 89 90 198 58 109 99 144 205 124 151 242 227 244 66 155 229 206 111 201 175 74 123 121 194 228 51 134 48 245 150 70 195 72 85 88 138 141 53 97 149 185 46 52 96 62 92 174 153 79 237 56 137 95 93 200 86 221 243 197 213 126 131 238 94 117 69 177 75 81 113 169 166
44 282 164 240 143 71 173 124 183 72 152 106 98 177 111 179 131 70 165 207 226 154 54 59 65 87 62 244 92 237 95 200 150 193 74 184 118 199 188 247 109 126 227 141 125 209 129 231 224 101 120 221 60 147 223 169 205 119 211 45 79 214 172 99 135 66 149 49 61 78 189 210 134 202 162 218 201 159 81 163 166 91 93 230 64 108 174 222 90
45 369 136 162 127 51 176 108 181 154 55 74 62 160 144 228 157 202 143 177 100 86 129 168 222 103 99 193 121 61 205 83 82 57 89 148 200 97 66 46 197 85 158 247 64 146 156 142 221 92 48 49 211 195 215 248 54 184 231 218 105 190 206 214 96 201 152 189 240 71 128 107 153 115 151 155 183 234 166 130 69 207 187 216 145 91 227
46 282 198 214 125 105 86 204 117 215 92 128 245 161 84 171 57 87 142 170 131 106 138 79 132 91 99 98 127 100 231 65 195 178 136 103 196 217 163 174 76 83 162 218 155 202 216 207 104 172 189 212 151 247 94 227 126 220 194 186 176 225 199 148 173 179 60 134 200 169 74 219 102 233 137 152 181 111 139 213 166 97 70 146 149 222 116 130 153
47 391 131 90 180 89 222 229 123 208 214 97 154 114 140 71 103 57 125 68 127 212 138 241 163 50 59 181 91 238 234 193 231 242 85 106 64 248 223 135 182 170 216 152 247 69 227 122 55 137 82 188 134 167 232 146 196 219 129 201 52 102 186 136 94 63 99 204 239 70 104 176 112 240 217 128 75 115 130 191 121 184 224 67 220 98 218 126 77
48 327 77 223 144 160 184 72 50 179 202 139 157 125 101 173 217 196 116 98 203 205 200 53 171 235 84 58 145 93 155 68 216 240 249 74 97 137 147 128 220 201 119 241 165 158 232 52 78 117 59 127 102 161 85 233 81 106 56 113 122 73 146 247 112 191 111 239 192 245 194 183 164 95 99 237 66 49 234 246 75 62 83 174
49 378 94 123 119 233 192 148 89 157 215 229 52 68 164 207 125 224 128 80 74 77 102 177 188 134 132 114 93 136 92 196 147 206 153 247 168 86 214 90 223 59 76 101 96 51 64 82 244 191 219 99 197 88 178 249 139 91 160 108 243 55 220 124 185 144 166 84 126 107 190 176 199 53 203 112 105 217 70 218 73 122 234 65 187
50 299 137 198 151 212 103 52 248 57 215 233 119 232 141 191 86 177 153 219 222 90 62 183 231 101 146 204 168 240 73 78 241 223 63 174 116 104 88 84 216 193 167 184 65 161 152 76 143 136 186 75 130 156 64 80 182 213 235 230 192 54 163 238 187 128 94 179 173 200 72 208 203 134 217 108 66 196 210 112 159 207 185 74 133
51 323 230 142 179 128 223 198 126 63 138 232 248 170 224 193 208 123 133 137 166 52 196 109 119 190 171 121 151 160 111 141 206 220 67 231 117 225 91 207 217 88 194 54 245 116 221 157 162 85 242 199 92 164 53 156 218 76 57 118 172 77 229 249 175 115 167 98 65 90 216 74 174 147
52 308 223 226 229 234 143 231 58 60 208 57 192 87 72 207 99 134 218 115 93 232 177 230 178 174 146 206 117 73 151 64 209 200 107 241 147 81 201 247 70 210 118 242 102 68 161 181 212 80 142 237 105 150 91 163 160 175 153 182 246 65 165 125 98 119 71 219 108 215 244 205 228 172 112 236 90 54 109
53 338 187 137 138 107 111 125 186 88 144 90 68 73 220 180 229 200 237 160 223 155 110 246 238 161 211 182 101 209 86 166 242 97 170 98 174 112 79 169 245 78 193 102 176 208 206 63 134 148 215 202 158 226 109 167 105 212 228 83 207 82 189 231 151 89 153 225 203 217 163 85 119 149 235 234 56
54 354 189 191 179 218 120 76 187 227 132 105 90 197 148 186 86 184 79 170 152 60 145 136 116 216 203 157 210 196 158 166 128 249 167 188 159 57 163 141 156 154 226 119 108 233 143 178 75 77 204 176 230 142 221 107 92 63 133 220 192 144 59 231 234 55 134 101 209 124 146 137 245 153 93
55 323 246 190 64 184 177 107 124 66 83 136 217 143 71 243 146 166 203 147 63 110 108 86 167 70 242 90 205 193 200 84 185 241 149 73 82 174 79 142 224 228 248 206 135 164 191 220 239 67 221 187 210 106 238 234 76 111 61 128 92 123 232 93 117 145 96 165 68 87 109 144 102
56 275 213 101 144 129 103 153 58 107 187 125 99 242 60 76 154 243 79 208 88 122 171 190 176 104 163 93 95 162 232 180 116 221 215 65 188 184 137 69 74 195 152 165 181 63 143 178 209 61 155 82 117 90 179 136 148 157 204 138 196 237 164 106 147 241 169 170 205 166 240 126 97 70
57 402 108 158 120 72 116 167 174 220 172 232 118 153 181 80 151 194 223 67 209 129 77 94 184 200 137 233 195 244 117 154 211 230 79 146 145 207 231 235 61 64 186 163 198 179 218 241 168 84 242 128 237 226 138 107 95 140 114 125 243 93 240 71 135 229 148 156 90 203 126 105 131 97 86 246 191 106 216 247 100 78 87 160 212 248 214
58 385 222 207 204 85 230 187 162 87 151 94 119 248 74 88 225 178 224 211 86 114 66 234 138 130 101 145 229 226 59 63 238 159 241 67 197 147 136 182 89 239 62 157 131 184 221 70 108 112 174 110 149 75 247 150 105 99 164 120 125 68 91 188 65 205 155 109 97 176 246 142 244 133 113 83
59 275 207 89 177 174 111 244 148 86 163 110 117 160 74 107 62 141 193 61 186 149 92 93 99 192 248 221 188 143 229 115 204 130 158 156 69 82 105 176 230 132 100 225 70 79 65 60 249 212 137 116 122 240 169 185 64 228 72 245 238 136 202 222 235 131 168 128 211 108 67 223 112 84 120 102 164 155 184 167 236 237
60 340 132 227 146 125 220 144 139 62 161 104 93 199 192 127 149 74 179 204 155 97 230 232 75 208 214 175 167 148 236 234 72 106 159 195 96 203 189 119 92 238 135 120 154 222 98 83 141 211 163 105 217 110 157 100 150 185 78 183 164 95 225 145 241 86 201 242 143 129 112 178 85 136 101 194 184 79 153 176 228 245 180 235 90 138 71
61 457 65 126 201 208 71 193 140 174 142 129 117 192 238 187 200 70 197 94 206 141 121 214 168 119 115 226 89 146 90 107 210 167 109 101 244 243 183 171 87 158 83 157 139 93 72 73 155 127 212 81 163 153 216 160 234 179 63 161 180 229 189 111 199 134 105 245 96 215 103 85 82 204
62 291 198 128 118 122 163 206 87 150 197 214 175 247 89 136 83 67 166 202 109 185 134 68 177 73 93 171 153 173 146 78 91 97 176 154 242 117 167 92 209 82 129 246 180 149 211 131 143 179 137 96 224 212 189 184 208 76 81 165 126 85 107 213 90 216 241 196 110 119 160 232 233 187
63 252 79 148 74 236 186 163 171 177 88 114 118 129 248 109 213 75 108 125 115 102 247 110 146 86 216 91 155 156 64 139 187 166 233 179 221 87 219 151 180 198 184 97 232 160 92 99 229 234 67 202 140 124 167 210 138 89 144 82 178 218 182 137 246 106 135 85 157 112 93 176 204 214
64 253 117 156 73 124 114 219 245 67 83 91 175 85 126 198 186 129 140 125 220 234 233 95 76 207 205 148 118 110 92 225 146 242 127 68 224 138 169 86 152 134 119 200 226 65 248 213 102 173 122 204 214 172 166 176 160 66 136 212 167 81 115 185 99 123 72 78 142 246 165 189 97 121 244 84 130 74 137
65 431 137 67 85 155 173 76 104 68 238 109 239 187 219 121 142 134 234 152 248 82 113 136 213 158 247 94 209 203 123 188 95 191 69 181 210 150 133 177 122 199 176 233 223 131 87 157 117 171 89 105 208 214 132 241 88 128 106 205 78 141 99 146 183 245 73 112 196 91 162 77 84 220 222
66 316 210 102 206 160 79 243 217 78 184 104 236 96 133 99 108 97 196 98 162 153 132 171 168 181 193 190 249 211 225 73 200 188 101 164 113 219 110 174 209 187 81 127 112 134 202 143 131 194 144 71 95 183 88 186 118 233 248 157 158 93 221 129 230 228 167 223 130 229 123 147 69 231 90 80 138 170 179 126 189 235 151
67 266 99 82 223 150 71 131 113 183 199 96 239 212 87 187 182 120 164 244 132 151 88 173 226 203 111 192 176 206 97 242 181 217 235 238 205 194 165 81 228 195 69 241 72 117 130 98 214 90 122 243 198 201 95 167 148 138 225 247 216 168 128 234 102 115 170 83 158 245
68 289 244 233 178 101 170 117 163 146 166 154 112 242 144 240 195 130 169 107 232 156 231 73 171 221 105 139 85 92 104 179 182 131 225 220 129 209 120 181 245 238 161 192 174 158 187 210 188 87 147 176 180 138 185 113 74 77 79 111 211 89 99 223 215 152 186 159 133 155 222 100 203 145 219 151 103 110 121 84 71 194 230 193 196 78 76
69 445 80 79 99 125 117 199 90 182 158 87 184 203 178 206 192 138 148 107 84 226 86 141 151 200 179 142 204 188 140 168 209 210 144 71 202 244 93 146 241 102 228 212 216 229 78 75 143 108 74 157 238 208 156 181 198 217 246 123 133 89 72 139 175 215 159 119 220 104 120 131 214 88 98
70 443 92 95 110 192 234 88 182 119 207 77 104 123 73 98 155 209 247 243 121 227 224 91 132 237 89 152 149 239 210 150 215 108 241 172 170 122 157 178 146 101 193 246 135 78 229 235 118 174 109 154 81 194 147 76 213 222 130 112 245 153 205 133 156 162 236 196 106 125 127
71 297 145 245 225 154 165 175 84 237 161 170 96 75 141 128 233 143 138 211 216 192 101 86 206 121 88 197 226 177 124 93 195 179 247 99 178 112 129 146 102 243 214 248 85 73 204 242 136 166 97 131 228 147 213 115 104 149 217 234 209 91 231 108 219 76 232 120 117 139 114 77 87
72 260 135 203 148 82 189 210 105 163 185 103 73 173 159 74 87 85 147 136 156 112 240 126 127 83 244 137 195 230 171 183 167 132 155 164 153 151 225 245 170 192 221 239 201 235 91 94 110 247 175 215 115 216 92 169 165 211 209 179 142 101 220 238
73 401 104 156 237 128 149 247 107 141 225 214 81 82 140 144 241 228 133 185 160 94 123 101 89 207 85 80 125 151 103 111 130 105 161 199 206 222 108 157 148 163 162 215 204 96 113 243 244 194 221 232 210 211 84 98 202 132 216 234 182 208 99 79 137 134 74 191 154 126 230 135
74 331 140 123 152 90 142 169 197 180 218 75 132 104 220 105 164 103 240 168 201 141 182 107 97 130 179 223 205 181 172 227 242 149 194 231 198 248 233 135 145 120 133 190 76 187 192 243 206 98 114 136 78 108 219 159 174 246 247 189 222 77 235 87 85 158 186 216 89
75 268 113 207 132 196 232 183 95 114 157 141 178 249 134 215 217 104 175 76 192 200 193 136 152 177 195 93 107 165 182 189 138 227 229 211 108 109 128 90 102 126 140 238 151 159 239 240 144 234 168 143 191 216 120 78 129 208 127 198
76 362 162 143 221 168 114 94 193 190 246 92 181 248 206 161 235 198 191 166 144 107 122 175 124 88 188 224 216 233 145 220 90 93 128 84 148 202 245 117 91 226 79 214 238 217 130 169 184 185 102 212 159 154 183 137 81 138 119 139 149 111 174 113 237 158 98 165 219
77 366 148 194 227 173 93 147 116 146 78 118 186 160 103 104 247 139 237 162 89 122 205 214 189 212 109 199 235 141 218 245 124 145 192 183 241 229 125 225 226 164 80 191 171 197 151 85 81 132 211 206 217 86 193 244 155 220 163 242 123 79 96 111 179 246 88 170 236 150 152 232 138 135 110 153 195
78 272 235 80 138 162 94 207 104 121 203 190 113 214 194 221 148 249 165 108 134 159 156 191 174 158 137 223 115 168 88 243 184 126 110 93 201 247 246 232 183 220 193 169 166 129 87 116 144 186 206 114 147 154 178 179 234 189 180 124 111 92 132 177 102 217 105 200 106 90 238 125 79
79 298 153 141 122 144 237 80 213 214 116 103 186 249 218 239 159 87 94 133 142 98 113 179 231 188 126 96 102 232 86 162 219 184 115 168 205 169 121 132 199 206 227 128 106 150 149 217 182 180 88 139 147 175 201 123 85 194 198 185 243 138 208 245
80 302 88 185 136 140 137 218 159 210 86 150 225 201 104 236 164 152 206 121 147 216 239 107 226 202 120 109 221 99 101 172 192 175 82 187 119 94 227 145 139 220 102 234 219 114 126 233 142 174 240 235 177 246 200 242 181 154 117 196 110 228 141 224 168 129
81 400 130 131 101 196 218 235 138 174 233 83 175 198 248 249 145 147 191 194 106 154 163 228 157 201 119 232 89 96 183 172 211 245 212 139 91 120 164 207 236 231 222 162 103 177 219 133 146 134 142 128 109 165 214 237 148 99 202 97 117 227
82 378 105 195 229 192 113 203 223 246 182 243 242 159 222 139 249 168 170 86 150 245 131 85 235 87 221 135 94 193 122 215 248 137 237 224 99 130 225 116 140 97 171 219 128 110 207 166 91 204 152 236 200 191 104 196 121 138 190 98 233 181 177 188 183 231
83 337 243 192 147 160 88 220 178 128 237 143 140 133 240 176 115 229 242 90 84 221 121 149 179 177 113 218 130 111 148 146 198 199 157 95 120 100 151 228 142 214 97 108 204 195 248 135 191 96 110 86 200 165 246 203 244
84 285 201 117 222 93 244 155 124 151 149 223 98 178 132 217 129 230 106 94 182 204 100 248 131 164 147 113 243 206 159 142 120 135 89 183 208 166 180 136 224 200 143 173 203 175 189 241 168 209 112 235 145 202 225 162 121 92 139 227 115 193 101 233 108 247 228 240 144 126 198 163
85 339 230 231 97 90 91 210 198 238 119 114 185 241 239 129 137 206 221 158 223 180 243 139 176 225 105 101 93 163 178 245 141 187 195 94 214 181 116 131 213 107 86 108 177 226 202 182 166 142 219 164 249 112 205 228 149 207 184 136 220 244 152 236 248 140 227 189 240 118 109 191 209 150
86 326 175 186 140 227 107 222 116 197 125 235 131 150 100 162 156 170 209 230 194 136 168 178 93 117 169 192 114 243 237 106 228 246 171 112 202 157 224 121 185 187 212 118 109 180 232 151 242 217 149 191 123 113 96 108 133 210 120 223 205 207 219 177 183
87 335 242 206 193 144 163 199 127 238 183 149 239 133 99 100 156 216 211 191 221 167 237 123 169 245 197 180 209 164 184 188 151 150 204 171 246 102 173 134 110 126 222 165 158 166 161 131 116 229 129 153 196
88 287 248 225 149 127 132 178 144 223 247 95 191 236 240 114 227 138 156 186 216 105 94 210 168 184 199 119 147 202 192 91 211 175 103 113 121 143 220 139 231 131 93 213 214 249 158 124 160 197 154 135 245 109 239 98 233 97 203 206 141 107
89 331 121 227 198 244 159 91 181 248 109 200 219 174 149 103 213 101 209 187 223 135 233 134 167 95 242 110 125 215 177 139 150 231 234 171 138 221 97 164 206 224 182 220 210 92 148 114 112 152 108 168 207 188 237 203 202 186 130 193
90 382 128 197 174 106 142 141 184 146 123 91 187 214 100 193 212 227 245 99 156 180 243 195 144 165 170 204 134 238 118 242 233 175 192 229 236 220 248 246 140 217 176 158 130 240 97 234 221 226 132 235 152 108 222 150 181 126 196 190 103 155 111 164 157 143 237 244 202 163 160 137 138 93
91 394 173 179 94 237 247 136 214 130 101 244 147 150 188 207 92 171 155 112 238 228 115 217 100 118 222 139 221 212 113 208 127 242 105 226 133 107 160 249 192 149 232 106 93 131 123 178 135 96 189 168 181 196 121 148 145 213 142 199 109 210 194 236 129
92 293 99 163 140 219 238 249 221 148 138 128 180 225 186 193 214 115 231 136 114 134 194 239 205 153 248 94 200 182 224 172 247 150 96 157 202 103 184 110 123 228 195 215 168 199 243 95 226 229 203 232 240 105 185 135 159 207 100 108 211 158 97 188 160 101 179 246 155 212 165
93 313 203 135 157 106 233 180 191 171 146 227 242 94 110 145 200 164 184 155 238 141 153 173 167 152 176 206 185 98 114 127 226 197 198 113 170 235 109 219 246 228 222 212 100 116 234 193 129 245 221 96 160 201 239 174 192 101 142 136 123
94 331 242 146 119 228 112 220 170 177 191 102 221 118 248 189 162 167 163 150 207 120 164 166 122 238 148 136 168 226 116 165 243 121 222 172 187 215 194 240 161 230 124 104 129 185 97 179 178 108 134 204 137 142 180 214 192 103 130 196 158 232 125 123 113 193 229 199 175 211 223
95 390 241 126 100 187 172 177 222 190 123 213 192 248 136 199 146 175 155 189 133 147 124 151 153 112 246 211 145 218 232 193 242 214 168 233 105 162 237 243 202 226 188 235 223 207 219 163 143 176 170 217 227 119 174 169 166 206 148 121 181 99
96 279 119 114 131 188 228 99 220 224 187 195 217 159 198 176 183 147 106 167 181 162 171 166 123 137 237 218 234 210 154 199 109 148 108 185 206 149 236 172 126 246 201 175 138 239 134 107 203 180 190 117 157 122 139 124 240 191 225 209 164 104 140 245
97 303 170 158 106 165 201 172 168 167 224 182 160 108 162 134 135 200 128 243 202 186 101 181 234 105 169 154 102 213 215 225 153 137 111 192 159 142 247 229 116 191 114 246 205 107 129 203 141 113 155 184 143 222 230 156 124 206 226 214 122 235 231 98 121 104 164 179 228 232 187 136 103 118
98 328 194 226 192 171 218 165 161 123 176 106 196 198 120 162 116 195 132 147 143 164 249 149 201 204 126 186 211 191 200 205 144 220 138 105 156 135 113 222 109 100 210 169 160 202 101 235 244 110 193 119 209 166 233 221 216 180 203 236 148 155
99 369 195 215 152 201 149 125 213 204 123 170 224 179 134 137 150 155 222 237 187 216 118 100 182 217 101 146 109 127 223 165 218 124 115 135 102 208 236 142 197 245 172 227 206 226 235 211 144 210 233 212 129 242
100 411 122 117 137 217 134 131 222 206 130 161 103 246 155 232 191 106 125 213 112 239 227 244 242 110 185 113 186 228 171 146 177 189 157 168 205 159 127 229 212 124 142 198 194 174 203 172 216 238 215 126 149 160 114 202 180 139 184 208 128 226 248 104 121
101 333 226 113 174 151 138 177 171 184 121 203 153 111 114 108 155 107 127 223 132 196 204 232 139 128 175 213 194 147 243 193 197 206 244 210 120 211 182 192 119 178 195 221 231 237 156 185 199 152 149 122 112 209 133 161 105 215 190 183 135 228 159
102 256 215 198 235 122 191 249 103 183 117 223 220 247 152 197 168 132 149 139 241 130 167 214 116 113 169 218 146 222 118 245 212 189 104 174 237 128 185 154 243 111 141 205 172 134 194 166 162 193 234 206 148 158 157 180 161 224
103 341 213 243 205 196 128 202 216 217 201 122 223 163 154 111 108 114 242 153 210 220 185 197 170 171 240 166 203 180 127 191 116 139 239 148 225 245 140 137 188 136 189 224 157 207 145 194 155 195 184 209 190 104 160 105 229 134 211 169 204
104 321 195 196 181 158 193 163 229 242 135 240 144 126 107 228 171 129 236 219 119 180 114 217 133 150 157 192 223 247 173 215 172 209 204 136 166 112 141 191 200 154 132 175 137 127 248 198 221 234 210 189 203 185 108 162 233 156
105 338 145 204 153 123 139 161 140 117 149 179 165 228 187 144 180 238 216 142 213 232 113 172 132 157 151 106 107 128 170 222 112 114 236 163 190 220 168 177 121 194 186 169 135 225 150 199 143 146 191 209 127 116 164 244
106 360 163 148 232 161 216 222 144 186 109 228 143 187 200 158 211 165 136 121 201 168 237 224 246 124 231 116 142 208 176 213 217 133 171 238 195 227 249 225 145 230 235 220 115 128 181 126 199 210 111 242 119 153 162 219 164 188 113 215 202 131
107 340 172 203 162 219 139 151 119 178 235 240 248 141 160 109 168 121 195 222 142 243 190 126 166 221 148 152 205 215 187 207 225 181 169 108 216 200 191 237 193 210 143 133 180 227 158 201 146 231 212 154 130 208 228 185 211 124 199
108 300 209 158 136 224 134 173 208 242 135 201 234 179 129 122 184 196 181 169 155 172 137 210 161 225 211 150 131 156 247 219 249 121 133 238 200 120 119 114 170 168 213 163 194 205 189 203 124 206 236 174 153 180 248 187
109 350 164 232 136 115 213 210 222 248 141 183 217 243 150 127 148 186 170 173 125 249 184 176 185 228 214 230 200 216 134 174 153 166 205 135 130 219 120 227 224 158 245 138 114 168 140 128 181 206 163
110 270 176 166 169 236 197 118 223 144 249 244 219 218 114 241 205 222 196 195 161 143 157 139 212 155 174 181 152 116 154 132 142 209 239 206 134 184 192 207 135 122 131 186 171 235 115 230 228 221 190 156 199 124
111 380 191 170 176 167 221 161 217 179 116 233 218 148 169 119 141 121 235 115 129 240 229 132 206 177 239 153 124 173 183 147 181 211 164 203 144 210 155 122 130 160 236 135 143 231 126 200 139 213 113 168 232
112 282 180 177 118 215 185 167 200 165 173 158 227 179 172 197 137 242 141 131 183 182 223 213 219 125 198 194 135 230 139 129 140 232 128 238 170 228 114 164 176 208 116 245 121 233 241 220 240 216 193 243 191 204 117 151 153
113 430 191 215 202 193 226 165 148 161 130 125 237 209 116 123 118 139 172 236 182 228 173 131 247 187 167 227 238 231 220 248 229 121 199 145 208 146 119 224 134 153 135 183 124 245 163 137 188 197 234 244 218 200 221 179 181
114 288 139 241 183 221 169 116 174 185 200 202 162 248 173 191 217 223 131 214 148 216 129 240 238 141 233 117 193 150 249 160 153 234 229 164 130 188 119 175 137 126 133 199 246 213 161 142 196 144 192 177 115 125 172 209 210 237 239 181
115 262 227 199 136 217 157 200 170 215 158 225 242 173 184 230 117 150 131 154 245 222 116 248 163 119 249 226 203 179 182 201 137 121 196 156 213 210 145 239 133 188 147 228 155 172 243 218 168 240 247 161 190 187 212 176 235 123 139 244 185 189 241
116 264 188 195 176 226 140 229 244 149 206 203 190 181 126 249 245 227 158 160 191 187 122 162 233 182 164 131 207 248 219 224 136 197 119 135 154 247 178 174 196 183 161 148 208 152 199 198 210 123 127 194 202 185 130 200 132
117 474 147 197 240 146 159 235 190 224 238 176 137 127 191 231 155 161 163 138 184 170 248 193 157 226 123 121 160 165 241 196 132 225 228 128 134 149 232 173 164
118 350 126 245 139 122 156 167 210 220 120 190 241 248 146 142 233 133 230 232 150 123 225 214 155 130 194 238 198 235 129 247 184 145 234 177 219 218 187 149 152 226 207 160 249 134 166
119 271 169 227 204 131 248 136 147 185 142 132 158 145 164 125 130 207 161 126 188 128 210 208 177 218 187 214 231 170 175 241 193 151 219 182 141 230 146 181 149 172 242 139 238 197 121
120 379 192 211 164 161 195 246 217 185 159 196 154 238 170 201 236 150 206 200 122 182 226 137 180 144 143 168 240 128 235 214 133 184 147 125 204 249 203 194 165 237 207 186 210 139 135 140 148 136 166 234 121 220 187 248 232 124 189 126 134 132
121 262 202 144 185 158 249 156 204 133 175 193 145 153 230 125 171 189 232 239 198 201 220 231 191 183 241 181 243 219 167 141 157 197 146 212 166 207 170 213 246 132 238 235 154 126 129 226 186 218 211 149
122 431 225 231 235 202 237 129 146 244 217 161 241 152 185 234 198 159 149 236 130 181 248 227 124 134 138 243 128 192 162 203 182 208 228 126 194 164 156 160 123 212 173 205 157 206 219 175 131
123 307 244 216 177 153 179 168 159 248 188 173 203 171 243 192 213 242 164 139 148 224 196 223 176 234 125 198 182 149 127 160 240 187 165 166 186 142 214 246 138 175 174 219 205 152 144 163 218 129 215
124 453 217 156 182 230 180 150 135 138 179 134 195 149 151 155 235 169 143 170 222 160 185 197 238 223 173 130 154 240 211 198 181 139 157 128 161 165 189 227 210 224 205 164
125 295 164 169 192 150 246 131 163 195 178 202 128 228 152 244 156 231 189 201 230 176 237 220 208 211 214 236 181 157 242 199 138 221 209 184 215 249 240 223 229 137 235 172 180 174 175
126 252 141 215 205 207 157 244 189 202 224 209 159 234 185 223 131 184 245 163 247 228 132 235 156 148 166 208 142 232 233 150 248 175 144 231 210 149 171 198 146 128 145 155 195 181 220 216 127
127 372 248 135 220 223 216 150 140 191 186 241 128 218 238 182 207 167 173 239 176 198 202 145 204 133 175 180 183 184 154 208 156 142 164 169 149 177 235 166 131 199 212 181
128 280 131 182 145 180 134 201 172 181 221 177 223 215 191 152 163 159 240 202 233 194 139 183 149 228 245 178 187 219 242 195 222 140 169 189 224 206 234 167 193 170 130 204 137 174 238 188
129 348 207 243 190 193 140 182 219 157 245 196 201 158 231 168 237 146 230 133 211 139 181 205 177 227 238 162 215 179 222 172 239 164 186 170 209 135 150 134 169 225 223 184 189 199 163 216 236
130 280 197 180 213 177 151 216 205 140 160 239 171 241 219 176 218 233 246 225 136 238 228 145 206 183 175 200 194 234 149 248 243 153 161 191 165 190 184 155 173
131 400 225 138 230 166 160 204 216 237 195 152 202 209 163 162 223 156 190 221 133 155 201 206 229 220 249 226 205 197 154 219 181 148 135 222 173 246 134 142 161 177 228 227 234 212 169 140 189 232 180
132 320 148 160 137 218 215 207 183 231 238 173 158 191 147 202 174 156 187 154 205 208 140 163 234 248 149 159 239 152 150 178 190 204 224 212 168 171 225 144 184 200 189 175 243 141 226 182 151 194
133 313 215 164 220 199 154 146 225 156 213 145 239 238 188 197 224 149 159 249 230 221 219 193 243 227 192 184 237 189 222 186 170 190 211 174 152 143 173 168 169 206 235 234 153 195 205 207 167 244 201
134 434 146 193 137 248 183 139 221 208 211 155 178 246 194 154 140 217 159 230 172 150 229 179 171 223 158 170 160 242 200 214 243 144 197 220 233 184 196 138 201 249 181 216 164 177 212
135 253 159 210 170 233 211 185 141 176 244 163 199 158 190 161 139 154 230 182 200 151 198 192 240 187 145 174 147 219 242 201 218 171 181 194 241 229 248 245 224 162 207 249 213 221 222 228 247 167 217
136 265 230 198 160 232 228 147 177 242 152 215 211 184 187 210 144 219 209 206 167 157 145 164 236 139 153 185 193 181 140 204 201 240 138 227 158 189 168 151 141 224 146 182 216 233
137 311 237 157 159 166 229 236 206 181 151 194 223 155 213 249 163 208 202 152 147 233 184 165 232 141 148 142 145 204 210 244 222 247 192 200 195 150 231 167 224 214 245 144 169 197 191
138 424 148 161 219 195 139 151 230 233 211 235 227 192 172 189 170 234 183 184 171 155 202 150 177 218 146 144 247 197 173 225 216 241 217 181 229 198 193 174 221 215 169 149 156 140 212 194 243 168 167 182 238 244 188 240 199
139 367 142 179 243 205 244 148 223 225 202 175 228 143 140 161 187 197 153 171 163 167 230 181 235 206 227 158 212 183 154 172 199 231 191 174 155 221 248 178 246 216 207 186
140 268 177 194 206 146 236 168 180 242 192 185 224 167 203 190 244 176 182 241 178 187 199 174 150 149 200 217 220 156 230 153 231 215 175 248 165 235 184 161 173 164 171 237 229 211 233 246 141 169 232
141 365 228 181 183 182 231 205 145 210 221 227 211 213 155 248 226 164 174 214 198 147 240 212 245 230 146 176 160 186 204 168 175 207 185 161 244 159 171 173 219 218 229 200 188 151 203 154
142 303 173 178 167 185 145 144 209 182 215 148 169 212 154 191 243 166 204 183 245 172 239 170 143 232 188 192 208 181 160 210 201 184 200 202 241 174 246 229 151 223 153 236 156
143 297 178 182 196 177 164 240 179 154 186 217 222 219 241 248 209 224 227 193 152 155 151 197 246 173 226 206 231 180 159 183 234 244 175 162 223 160 194 243 166
144 400 195 229 215 244 200 197 153 243 162 245 208 154 176 226 239 159 177 189 235 209 242 186 232 169 180 192 227 146 205 147 241 165 155 148 170 181 172 204 233 183 221 228 179 247 248 246 190
145 257 204 208 165 182 234 172 212 222 153 173 224 179 241 228 217 206 221 195 176 246 187 177 236 190 238 235 154 233 237 220 205 248 156 209
146 294 242 235 152 150 184 180 170 188 169 221 187 177 176 229 194 228 208 232 195 172 182 161 248 204 178 220 157 203 201 154 238 181 218 165 233 158 246 209 213 247 245 183 155
147 449 165 157 226 177 185 223 221 191 220 243 210 248 211 178 172 212 180 168 164 170 199 171 246 229 245 190 192 149 224 173 225 204 235 194 207 160 156 230 247 195 155
148 315 235 174 224 189 150 194 180 249 187 178 218 167 166 158 176 236 201 243 192 207 183 164 188 195 169 202 170 213 212 244 190 238 153 219 159 217 246 157 233 196
149 333 168 195 152 249 223 230 193 211 232 202 167 165 218 244 178 201 154 222 243 237 229 216 159 234 235 205 198 213 242 197 166 204 192 227 239 182 172 231 181 151 199 157 224 180
150 352 162 194 201 187 232 199 223 169 245 164 235 218 183 158 236 221 173 211 233 174 198 243 155 229 170 172 205 202 234 215 204 160 175 224 231 182
151 283 184 209 158 248 163 170 185 166 229 165 174 193 243 156 154 241 231 213 214 198 180 199 181 160 169 218 221 219 244 197 189 247 157 242 186 187 162 194 226 223 196 167 239 205 173
152 307 182 226 244 174 155 169 205 203 243 230 239 225 233 199 206 166 167 235 194 190 186 163 196 249 227 161 237 246 165 222 248 154 162 215 207
153 410 184 226 157 221 169 158 224 210 238 174 225 188 199 222 187 230 165 160 176 181 213 163 223 183 205 206 203 249 159 167 164 204 219 186 207 168 175
154 277 198 215 227 210 196 168 180 176 174 231 207 172 208 236 185 183 164 226 201 190 249 156 188 222 165 202 234 178 230 247 181 192 160 179 158 197
155 346 220 183 182 200 239 244 179 195 248 164 197 201 205 215 223 207 208 229 173 193 238 159 172 192 217 194 191 230 168 241 222 175 198 213 236 233 218 237 165 188 209 235 249 206 196 224
156 377 178 246 225 198 220 167 196 161 240 247 211 215 193 188 205 168 243 209 212 185 231 160 207 229 186 242 171 157 201 235 190 210 173 195 226 164 192 158 206 217 176 166
157 294 203 220 174 190 191 196 245 202 235 181 160 172 219 236 224 211 182 225 175 164 185 231 223 161 230 197 244 210 170 204 167 232 178 199 205 212
158 331 162 194 217 196 211 186 242 204 197 164 185 226 239 201 163 176 243 205 238 209 159 206 222 188 241 247 210 161 177 179 214 232 166 220
159 375 216 197 200 185 167 173 249 205 179 189 170 224 206 195 184 233 219 198 175 248 238 234 242 246 208 176 218 177 241 235 193 229 227 203 223 181 236 220
160 268 200 235 188 236 171 168 238 212 197 221 218 202 243 194 181 242 167 177 173 215 201 170 180 231 183 205 161 240 186 224 199 193 228 166 169 184 187 172 211 213 182
161 422 173 195 194 189 213 163 200 184 188 203 162 214 185 248 164 197 179 229 221 216 224 212 244 211 233 225 201 246 220 187 165 218 190 245 236 238 219
162 310 222 190 170 169 209 226 172 204 223 218 240 219 165 227 173 192 203 185 208 224 230 193 235 195 184 220 167 244 206 202 207 178 211 198 229 197
163 298 218 206 248 172 212 238 202 210 230 173 200 243 236 231 190 203 211 185 234 169 180 197 189 233 224 179 226 186 182 209 201 240 207 168
164 316 199 200 207 224 166 209 206 237 168 243 213 192 221 169 238 172 180 198 246 171 193 167 225 173 196 179 241 189 227 245 234 184 181 202 223 235 226
165 386 208 202 223 191 241 182 176 227 172 179 245 199 220 206 234 207 200 243 186 235 237 167 192 196 210 187 240 185 170 248 189 226
166 294 194 196 183 176 181 241 233 207 220 189 231 236 182 213 238 190 177 193 185 200 184 242 205 215 210 235 248 249 247 186 246 240 214 218 172 192 199 216 174 245
167 421 198 174 196 203 177 243 207 209 230 231 190 210 233 249 228 173 182 185 246 215 226 213 202 234 229 172 237 181 236 235
168 285 186 209 177 244 218 206 214 194 216 171 195 175 242 220 232 215 169 233 226 221 245 201 235 190 170 228 207 204 229
169 336 214 203 175 172 205 198 191 204 242 194 209 233 202 213 215 178 226 200 182 218 174 246 173 227 208 177 188 221 229 207 232 239 184 237 201 228 247
170 299 229 237 241 203 191 175 172 181 171 217 228 221 214 197 178 231 212 210 216 205 190 180 247 188 206 240 196 225
171 365 208 200 184 201 183 242 225 230 205 215 176 198 199 243 248 238 217 186 227 206 175 185 223 203 234 247 213
172 298 246 175 203 192 189 222 230 207 245 179 233 244 249 195 181 193 224 188 223 187 234 248 202 173 226 190 198 206 229 221 239 180 215 237 185 209
173 365 235 249 229 204 226 233 215 187 196 231 244 192 190 228 194 211 241 209 178 216 243 177 242 195 207 183 185 206 201 175 186 220 198 239 237 225 200
174 337 193 184 242 225 183 204 190 228 185 240 231 196 234 232 188 205 179 214 175 203 233 182 230
175 336 188 245 242 215 189 222 210 199 219 230 247 208 209 218 213 236 249 237 206 235 233 214 228 180 224 182 194 217 229
176 306 193 245 205 244 227 189 187 213 222 180 242 225 181 219 247 239 194 248 230 201 229 232 246 234 249 191 235 215 243 224 220 199
177 358 205 239 249 195 197 248 222 236 183 246 178 191 215 184 198 207 180 189 201 219 187 210 216 190 225 194 235 186 243 212
178 460 195 237 207 231 221 233 216 246 249 180 245 241 203 198 197 226 183 184 222 220 200 248 186 209 229 189
179 290 188 185 222 181 244 231 218 242 209 240 203 193 205 216 180 235 210 191 201 239 233 190 223 224 189 213 246 228 212 237 219 238 214 229
180 250 203 214 240 189 225 218 226 219 194 198 199 244 249 227 207 193 248 221 236 212 247 216 230 186 234 235 200 245
181 375 208 222 245 195 209 201 223 239 185 244 249 203 221 213 196 227 225 193 189 216 238 217 241 228 184 192 211 194
182 325 216 185 228 189 227 211 203 221 194 219 215 236 247 220 201 218 209 243 226 244 246 199 205 208 212 204 233 245
183 300 208 197 210 195 184 239 201 214 223 230 209 229 211 222 241 249 192 202 187 196 221 186 233 203 243
184 377 196 218 234 204 215 191 203 239 208 224 240 199 230 207 225 206 232 236 248 237
185 269 189 237 227 192 225 190 245 191 193 241 196 233 232 197 204 234 229 214 200 186 222 223 243 235 208 218 205 207
186 354 224 238 221 244 212 203 246 209 190 235 198 222 205 207 248 217 218 187 233 220 195 228 214 230 196 201 194 208 245 229
187 304 225 231 239 214 228 190 206 241 212 227 242 221 238 193 245 236 217 204 196 198 229 188 211 210 232 189 233 219 246
188 271 209 208 227 200 203 231 226 232 195 190 212 204 234 207 222 194 236 229 221 211 202 197 237 215 196 235 249 199 247
189 425 192 228 225 206 201 195 219 214 233 234 238 242 230 245 231 239 223 241 202 217 205 213 222 227 220 244 193 211 203 216 232 207 212
190 337 229 230 224 202 245 243 240 208 237 214 241 220 207 215 191 210 226 238 232 231 228 194 225 248
191 371 213 212 222 237 229 196 245 223 246 228 247 209 200 221 240 216 202 233 195 238 227 199 203 217 244
192 292 208 226 206 212 211 227 222 193 195 238 234 213 204 217 209 248 247 221 215 200 246 196 228
193 312 212 197 230 200 215 194 226 228 218 231 227 237 195 205 243 207
194 428 205 249 242 220 228 209 217 196 225 226 238 247 211 243 198 197 246 200 239 248 230 232 244
195 260 218 223 230 216 197 245 222 204 238 242 213 210 215 198 205 202 225 224 231 208
196 284 236 209 203 239 208 198 242 199 207 220 249 222 241 221 243 248 238 245
197 254 221 209 199 249 242 229 233 198 225 241 208 207 248 211 240 236 202 212 205
198 462 247 238 216 228 235 213 241 201 209 240 211 233 231 249 230 200 221 245 217
199 376 239 244 225 214 219 240 217 203 211 242 241 218 224 206 201 205 237 248 235
200 292 246 209 213 204 210 240 224 247 248 223 207 233 249 216 203 226 211 206 243 208 222 236
201 332 206 208 235 214 218 232 210 224 237 230 242 231 241 217 239 211 248 249
202 299 235 231 245 212 226 244 240 205 215 236 223 233 228 206 224 239 230 241 221 219
203 448 247 226 232 213 209 230 220 235 205 243 224 234 217 225 206 216 237 236 204
204 253 212 240 249 207 237 220 223 243 206 205 221 233 234 230 241 211 222 219 214 247 238 218
205 361 239 244 229 243 211 219 216 245 207 240 218 232 236 248
206 309 222 218 224 247 246 243 232 231 221 241 216 214 236 249 211 210 233 235 229
207 330 249 210 246 241 218 248 245 215 221 228 242 232 240 211 227
208 350 247 248 249 235 231 237 213 221 210 240 224 222 246 218 220
209 266 215 247 216 237 248 244 228 231 227 233 213 226 224 238 234 249 218 220
210 384 245 233 246 215 230 221 243 212 217 219 223 237 231 241 247
211 272 220 239 243 231 236 249 224 238 227 219 232 244 242 222 240 221 241 235 217
212 403 214 215 224 238 221 213 233 223 241 220 247 229 232 244 230
213 325 245 232 222 223 238 225 235 247 226 218 221 241 237 234 236
214 314 228 241 238 234 221 246 215 218 226 233 245
215 287 248 240 239 245 224 243 229 228 232 226 242 238 235
216 399 222 224 248 226 236 219 221 229 225 237 218
217 276 222 238 230 232 241 228 236 225 234 235 218 239 227 245 248 231 233 237 219
218 356 219 246 224 237 235 247 243 225 245 229 233 238 241
219 368 239 243 230 249 233 238 220 226 225 227 247 242
220 292 243 225 226 246 236 245 233 248 232 240 234 249 227 239 230 231
221 284 224 237 232 245 222 233 244 238 243 223 228 226 236 248 231 234
222 424 247 244 226 246 231 224 235 230 245 229 234 241 249
223 306 239 232 241 226 229 242 248 246 243 249 235
224 289 241 226 248 244 238 245 235 231 240
225 405 244 246 237 226 235 248 242 230
226 463 237 243 236 228 245 229 230
227 258 242 239 232 245 248 235 241 240 230 249 244 234
228 279 230 238 248 236 243 244 246 242
229 370 232 240 236 231 242 239
230 296 246 235 242 244 247 233 231
231 334 233 238 245 246 244 234 240
232 370 245 236 246 239 244 234 237 247
233 286 243 234 241 237 246 244 242
234 344 246 238 245 237 235
235 438 237 245 239 246 248
236 267 239 248 241 245 237
237 295 247 238 240 242
238 257 240 243
239 377 249 245
240 366 243
241 255 244 248 245
242 362 244 243
243 383 249
244 269 246
245 353 247
246 378 247
247 255
248 265
249 480
