249 1000
1 358 104 137 67 228 73 155 9 3 188 82 11 113 215 53 88 161 7 96 203 14 196 124 123 47 83 71 22 183 233 39 130 205 45 85 193 36 87 13 195 24 156 166 231 224 190 86 163 64 244 238 109 184 171 34 142 147 41 121 133 178 152 23 57 52 170 92 48 114 177 42 51 74 212 97 248 219 245 209 46 43 116 158 118 149 207 222 135 126 72 145 100 79 101 81 12 56 186 172 217 220 232 235 216 208 30 49 54 102 154 106 136 31 65 229 19 127 200 179 21 202 50 75 211 93 198 66 112
2 344 105 35 89 117 43 142 63 72 50 54 30 58 234 183 111 26 119 56 180 60 41 143 77 148 166 16 36 238 191 158 157 87 149 8 13 193 132 125 104 127 194 133 98 83 150 86 12 64 51 239 112 18 161 31 92 74 182 29 47 81 228 95 196 22 134 80 246 200 235 176 71 37 136 118 241 209 57 113 248 66 155 6 144 146 188 230 114 65 164 97 223 126 202 170 100 46 221 233 32 55 94 75 45 103 227 178 121 218 220 19 140 229 212 17 177 42 129 15 67 69 156 237 232 28 4 123 102 138 169 116
3 298 203 169 220 77 132 156 191 173 106 74 111 123 73 60 208 142 136 14 235 158 12 48 18 117 89 100 199 229 241 231 114 45 245 37 197 10 94 200 41 159 225 59 239 167 91 129 168 113 120 35 148 230 215 213 56 126 57 11 20 190 75 216 125 154 206 40 177 185 86 33 227 174 189 24 122 204 218 131 219 179 23 61 238 96 187 232 62 104 42 138 26 5 79 170 147 119 164 53 144 109 47 27 157 88 149 49 172 58 25 146 237 78
4 368 224 24 74 82 54 151 122 31 43 158 75 32 109 125 220 96 154 73 37 36 34 98 136 181 86 152 202 114 10 208 221 239 199 189 17 57 76 118 140 211 21 214 121 138 215 108 27 144 48 89 6 170 150 162 248 223 177 148 106 9 153 100 7 38 207 45 119 176 129 23 172 242 163 167 59 127 70 28 13 185 175 15 71 29 18 35 209 11 79 14 229 105 149 236 235 60 46 64 90 243 169 53 165 52 141 30 20 230 61 164 40 161 184 249 88 77 68 180 92 182
5 275 47 248 136 92 191 229 181 86 202 39 67 236 205 152 246 207 14 173 16 249 113 35 189 222 84 51 162 95 213 148 216 55 127 204 80 30 240 138 97 120 117 200 239 238 135 198 197 174 50 184 66 10 122 58 155 83 219 158 170 88 178 235 49 57 171 150 42 172 242 72 96 196 182 118 48 164 59 98 34 195 23 183 123 225 15 99 26 157 65 82 139 21 125 9 192 112 116 100 115 104 163 6 187 186 206 54 188 63 177 108 121 61 131 203 175 7 234 11 25 227
6 357 234 138 70 95 55 161 228 13 127 194 217 191 31 83 38 121 24 97 52 190 53 185 209 186 41 27 9 39 89 21 126 113 42 50 174 246 229 208 213 135 150 154 99 206 181 240 189 178 122 173 164 96 101 195 23 111 147 47 102 222 239 156 90 67 133 108 46 162 247 112 175 15 134 219 235 57 220 167 187 203 63 207 28 16 241 18 248 49 59 107 54 145 43 238 44 233 78 244 30 198 117 157 34 51 58 249 104 7 20 176 75 103 137 86 148 139 200 116
7 286 98 35 65 166 54 128 169 237 145 150 97 179 232 30 59 230 51 68 100 61 244 127 119 20 95 168 77 104 183 213 9 146 115 27 207 53 45 201 137 233 151 152 139 138 69 219 186 99 211 155 96 165 126 82 29 101 64 185 184 88 142 212 223 214 75 130 149 71 14 161 117 74 154 208 50 235 194 231 227 93 147 78 105 141 221 187 148 67 222 131 153 203 102 171 172 167 49 197 55 190 57 90 215 23 21 43 111 26 22 134 174 216 58 132 240 135 85 73 13
8 347 30 142 145 77 86 96 241 236 89 174 179 33 133 230 211 110 134 118 102 166 201 109 220 154 34 249 74 87 81 178 232 146 200 131 90 56 22 198 83 170 45 21 189 147 88 43 126 41 26 225 19 221 65 20 122 27 66 127 209 180 217 136 113 9 216 140 64 32 222 55 188 15 18 53 92 219 195 84 185 108 98 243 37 70 187 14 29 183 173 193 135 48 205 114 51 107 234 182 82 78 161 172 125 93 245 248 31 54 163 23 184 238 36 224 128 130 150 153 196 156 42 208 167 151 213
9 367 131 101 224 45 53 147 136 46 173 121 57 190 130 18 22 193 191 176 141 228 87 195 220 91 35 174 146 225 52 134 168 162 207 120 30 124 150 21 32 128 169 119 84 161 56 232 123 154 166 137 243 237 144 96 158 206 197 199 31 138 127 159 114 62 181 234 170 212 107 140 219 180 178 189 25 54 93 70 238 209 151 16 240 184 186 38 26 100 82 75 37 182 20 81 135 175 76 242 74 132 51 160 200 110 125 103 90 34 223 179 153 105 117 187 28 227 239 221 139 122 79 198 106 196 155 13 61 98 194 167 241 99 248 94 14 36 19 85 236 171
10 342 92 27 145 141 116 206 184 15 59 221 117 118 167 83 56 150 191 69 13 134 84 94 11 32 193 209 48 240 223 30 12 120 160 67 20 248 185 31 80 202 91 131 249 40 245 156 157 218 126 190 107 17 25 53 188 230 64 210 127 79 108 114 217 199 225 78 153 88 215 87 237 47 182 81 77 180 201 113 219 165 98 52 28 74 236 242 163 106 33 207 189 38 89 90 229 123 178 66 234 213 133 101 228 137 177 142 135 49 51 99 173 41 175 149 75 70
11 309 26 157 202 61 48 101 146 129 181 207 111 66 68 27 173 187 23 232 34 217 32 79 89 240 127 33 172 74 86 165 163 182 110 93 19 209 119 223 106 225 125 226 195 124 92 65 154 248 247 91 218 128 245 16 211 25 100 238 150 175 28 42 158 95 148 137 237 204 170 136 140 144 97 249 115 171 39 12 13 234 24 169 36 96 88 231 188 41 153 47 40 82 30 227 46 149 138 200 53 121 87 152 85 224 108
12 349 83 133 100 198 35 189 179 235 164 211 223 162 65 134 188 186 127 143 248 49 119 157 170 130 34 233 67 17 28 41 21 158 94 57 81 131 32 163 217 145 129 227 89 38 180 187 190 20 194 184 226 168 98 182 231 237 66 213 90 110 140 37 76 69 22 230 228 118 102 88 106 40 156 56 138 97 225 232 126 39 166 24 139 128 173 178 199 242 215 124 104 136 52 116 113 210 96 154 141 202 72 147 224 195 171 183 107 249 176 205 181 19
13 282 213 108 28 168 148 90 190 195 43 161 186 191 201 243 155 62 152 96 123 207 85 45 237 104 249 76 203 231 178 116 209 157 130 149 174 95 20 141 39 65 220 234 92 14 84 25 222 101 86 151 91 69 206 64 77 17 133 221 137 30 215 239 125 26 36 225 187 107 233 131 173 244 35 68 89 71 184 122 57 128 74 100 29 140 113 33 139 170 124 176 211 114 180 47 40 136 163 188 49 240 166 44 134 162 143 110 118 198 218 97 103 183 115 214 63 204 171 202 241 126 153 169 127 81 78 179 61 67
14 252 44 42 134 133 62 110 214 39 183 123 92 169 234 116 58 56 163 85 216 115 195 193 101 80 224 243 54 236 20 199 117 186 160 231 118 201 220 53 74 198 136 75 111 34 210 35 128 122 46 81 109 37 25 45 203 121 32 51 69 189 159 142 215 40 126 47 156 57 150 89 190 182 72 88 95 204 125 137 84 154 71 211 29 175 27 48 38 138 59 55 43 146 165 246 96 79 235 248 164 233 196 171 232 147 24 206 119 181 17 212 100 197 242 245 140 127 143 60 132
15 466 56 42 197 207 119 206 188 238 74 36 227 29 164 81 63 50 172 210 113 65 202 122 35 148 38 136 233 134 159 27 24 143 234 32 176 213 52 41 131 149 214 114 142 139 161 229 126 167 178 59 121 218 146 47 201 187 80 157 248 125 105 30 104 67 150 147 228 192 23 49 116 144 123 92 232 106 129 103 34 117 216 224 180 58 222 98 133 31 101 88 168 163 100 219 111 247 28 70 90 96 135 204 19 154 155 72 191 153 185 85 127 182 177 94 51 158 62 215 152 130 71 120 86
16 400 163 206 180 152 170 220 124 171 121 155 153 199 166 235 24 135 146 103 116 149 100 97 68 162 126 21 117 212 208 82 245 54 142 123 188 132 111 78 144 59 210 240 148 129 39 99 218 94 169 130 60 181 74 38 226 22 184 187 172 69 36 120 92 175 247 110 200 150 119 55 140 138 32 125 106 93 107 128 46 203 204 167 158 136 127 233 202 50 34 115 67 214 83 201 31 198 236 145 178 29 141 47 30 224 231 58 225 228 241 139
17 286 182 106 189 79 68 96 208 151 51 193 199 214 61 109 50 231 59 72 91 101 62 190 57 183 89 52 25 116 140 26 93 111 164 162 176 245 124 42 67 172 88 205 179 112 21 123 218 35 147 22 174 241 28 54 33 80 136 141 41 44 132 240 234 150 153 158 246 149 217 206 114 94 192 36 108 92 120 78 204 247 155 105 154 196 98 102 167 221 48 27 156 45 29 198 56 115 133 157 95 75 203 171 71 43 138 46 47 125 233 104 144 53 30 165 212 20 211 74
18 314 233 176 198 155 97 130 154 245 244 89 36 83 102 248 67 218 59 111 169 221 149 69 94 183 135 22 87 58 104 121 127 71 44 180 122 72 190 211 240 195 95 66 174 37 35 46 23 91 231 21 50 206 175 82 84 96 20 247 232 81 25 141 120 47 209 49 41 178 24 177 217 75 53 237 191 181 165 117 171 99 137 243 213 202 55 114 199 187 230 142 215 152 163 34 197 160 68 113 28 148 153 109 223 204 172 188 139 210
19 335 65 187 34 84 87 138 225 132 83 179 102 158 149 121 40 114 56 205 67 169 232 113 207 161 53 73 223 216 175 219 185 183 89 59 241 186 42 208 66 86 231 193 195 103 90 136 159 180 80 141 239 139 70 27 140 164 61 109 79 46 36 97 235 200 137 237 35 63 165 194 119 45 38 220 182 51 52 228 47 32 129 229 99 151 48 122 77 145 178 217 189 147 246 153 118 110 54 101 144 155 154 29 163 49 209 213 197 233 125 210 23 57 62 201 88 135 50 108 81 95 198 162 206 221 243 76 134 173 111 116 44 184
20 315 165 111 230 209 26 80 114 41 109 112 72 223 130 133 161 38 163 61 201 75 190 141 248 36 123 91 117 194 214 157 118 182 37 189 200 245 211 169 188 144 49 168 97 94 156 238 102 50 69 101 134 159 67 240 70 21 183 205 122 193 228 148 42 191 30 150 127 104 178 125 249 85 231 81 106 68 186 227 129 175 142 58 62 64 27 76 139 95 87 108 120 78 160 146 57 216 110 154 208 152 79 220 88 244 46 184 86 222
21 350 120 92 148 30 111 230 204 41 97 73 155 131 163 164 43 241 78 32 28 242 196 142 156 188 181 45 54 239 23 146 26 228 122 210 166 194 104 127 47 74 102 94 173 113 81 37 157 216 89 167 98 36 221 61 209 211 185 187 162 227 226 70 232 103 246 100 161 186 234 169 170 200 159 153 201 118 90 69 129 224 126 58 99 198 229 63 91 197 178 42 49 125 149 44 75 244 95 137 182 248 206 218 160 175 133 184 119 87 247 123 108 180 191 165 151 205 231 27 51 82 71
22 472 44 58 144 79 248 179 202 174 108 193 71 67 77 99 226 150 142 34 86 139 246 129 36 56 171 95 223 200 75 155 181 176 243 182 192 224 69 89 163 190 147 156 161 87 208 132 205 72 145 52 143 41 218 222 166 49 207 203 236 96 85 177 219 48 148 124 165 197 146 45 221 126 103 88 35 59 215 33 141 232 92 172 229 233 206 158 82 168 65 97 73 167 94 112 136 105 70 113 160 201 231 78 46 210 240 118 81 27 130 133 214 64 80 28 114 91 117 185 159 189 228 47 62
23 259 64 140 135 101 76 208 87 222 46 28 92 244 219 212 80 164 84 117 235 98 62 200 110 163 240 105 186 136 194 157 24 81 239 94 33 65 153 44 229 53 123 40 32 119 216 26 89 118 185 224 106 243 34 97 177 68 54 88 201 236 150 143 139 130 227 109 132 147 152 193 48 221 75 168 197 112 181 122 242 85 51 49 154 192 126 247 187 86 137 202 145 246 35 29 225 134
24 269 230 118 205 76 144 114 31 99 191 44 68 30 137 102 38 227 98 141 37 25 87 73 143 58 195 206 181 166 216 180 214 27 59 120 89 51 193 219 240 167 196 148 139 48 173 241 153 229 207 75 126 203 213 176 188 70 121 65 53 72 42 190 81 129 157 35 94 171 54 84 165 100 66 178 124 231 135 80 85 210 108 189 103 174 46 132 57 97 116 142 220 183 208 154 232 101 115 28 235 170 228 163 95 152 138 34 93 127 52 41 218 248
25 280 44 174 246 101 82 46 83 161 104 178 202 163 188 216 248 162 132 60 56 79 177 37 165 184 40 144 203 55 222 30 76 247 67 73 100 239 41 27 48 90 26 245 136 231 199 150 81 217 143 149 243 221 240 225 88 204 185 155 59 200 196 197 57 39 173 219 224 145 211 129 140 112 151 141 121 94 182 103 102 133 28 167 212 34 235 227 111 179 35 65 74 58 128 232 29 70 135 229 249 138 206 99 91 96 130 189 208 201 238 198 127 110 36 77 42 154 236 64 78 75
26 356 125 95 158 29 211 153 135 52 154 30 199 102 115 144 225 212 81 241 243 96 181 238 83 39 183 162 106 117 190 180 179 72 42 226 114 223 119 78 89 99 166 201 247 159 196 132 105 236 142 193 50 195 43 36 104 63 210 69 213 76 234 170 66 34 194 137 239 64 148 49 143 88 220 249 214 129 151 167 77 124 140 93 103 109 146 128 186 155 133 177 73 38 57 218 229 134 51 56 108 228 55 149 246 101 185 207 165
27 364 41 175 107 223 170 150 100 86 135 57 64 186 218 196 208 81 39 131 83 153 94 176 98 111 203 236 76 151 66 164 28 144 32 80 113 248 85 122 106 162 242 123 118 138 210 227 91 191 120 105 161 119 70 109 188 99 244 225 189 155 115 190 229 183 77 51 199 125 73 89 226 222 49 206 179 219 182 215 220 230 184 193 141 55 30 132 243 75 102 137 165 126 232 136 68 50 216 93 237 238 209 43 241 198 103 92 157 146 221 31 156 38 53 58
28 399 34 244 164 194 48 191 185 29 230 62 161 127 114 55 201 211 193 223 199 68 76 92 237 169 94 249 99 195 122 167 82 247 74 234 43 41 132 219 58 124 64 187 196 70 39 242 129 85 117 177 180 118 116 111 31 141 38 163 53 189 215 192 151 83 216 214 115 190 197 228 42 150 139 49 171 110 188 52 33 103 212 143 240 133 54 166 126 96 45 77 80 78 218 160 203 156 87 56 135 220 225 47 102
29 333 123 153 216 161 158 203 177 167 242 219 35 112 52 71 54 87 99 199 220 164 171 129 72 107 188 244 86 148 41 140 180 143 90 227 106 61 141 89 179 32 165 157 225 69 117 44 122 238 130 58 119 48 103 210 236 155 237 185 115 91 42 50 79 156 190 221 181 100 223 145 33 45 105 213 191 144 205 187 150 49 192 31 233 102 197 132 80 104 109 176 239 93 241 168 74 222 196 56 235 231 139 170 113 212 152 146 101 142 215 111 173
30 268 120 130 188 108 82 126 190 219 173 157 61 247 54 169 133 104 35 145 154 172 224 103 96 200 239 46 151 97 240 174 205 128 179 43 109 55 228 116 87 166 155 161 62 148 72 42 71 121 180 215 249 81 159 139 167 162 226 122 99 143 74 223 232 149 168 202 231 38 39 214 244 101 196 204 59 236 79 31 184 241 32 70 152 123 134 164 84 78 170 203 83 237 158 75 156 102 45 88 201 114 53 198 67 177 216 222 183
31 276 202 33 243 176 51 187 204 217 220 119 129 169 212 112 154 64 163 239 179 57 219 101 37 236 86 65 132 85 54 196 247 144 82 155 200 137 211 49 121 95 141 213 231 81 238 226 103 88 158 227 92 128 43 93 174 59 142 164 75 177 79 206 55 89 73 72 47 94 53 106 114 198 96 134 50 78 181 245 216 41 148 191 124 203 63 188 105 32 235 111 210
32 266 99 128 180 50 33 104 219 110 202 192 174 40 72 74 234 209 222 153 190 243 242 108 228 118 226 57 181 35 170 231 229 103 61 249 200 137 51 127 60 107 55 213 168 247 175 98 77 136 49 184 59 177 232 78 176 125 227 236 45 189 159 121 148 224 150 145 173 160 131 144 207 223 83 52 156 82 93 205 248 48 218 102 178 39 88 66 193 196 140 216 152 129 146 81 210 47 199 215 198 132 149 112 212 141 208 138 166 123 238
33 458 153 166 101 134 161 57 127 122 175 150 156 131 182 228 233 129 163 180 201 234 221 114 242 202 59 90 132 66 155 91 44 154 197 68 176 189 75 240 48 125 181 248 82 184 107 146 138 77 70 62 232 117 160 128 162 94 206 52 118 85 200 225 246 78 229 86 92 69 106 54 170 103 37 147 119 97 76 220 177 183 43 99 60 35 50 42 47 148 96 217 174 158 49 215 40 179 142 104 165 73 226 58 84 190 207 235 102 167 241 237 133 141 63 195
34 264 44 247 179 209 86 135 221 52 69 95 239 58 228 194 36 192 55 211 70 93 89 190 163 183 75 54 137 217 129 153 134 117 139 138 85 224 126 184 140 245 118 120 148 206 143 197 165 67 146 57 249 92 50 64 45 186 41 156 71 142 38 74 145 238 108 154 84 176 46 229 99 226 191 213 111 181 242 233 122 193 47 78 219 199 109 158 240 225 185 102 131 128 198 123 172 90 177 88 216 214 59 56 220 218 210 42 147 170 124 227 82 162 212 76
35 356 108 51 118 147 138 54 88 170 195 43 41 56 140 80 77 165 63 39 217 104 82 144 81 141 102 103 65 90 44 226 174 100 52 209 76 229 243 86 223 216 188 139 133 152 58 156 218 171 69 206 240 121 125 247 42 228 150 145 163 172 219 68 124 198 245 213 248 98 200 234 225 55 157 57 164 189 36 177 95 194 215 115 47 249 237 233 110 38 148 107 96 190 179 48 146 159 207 130 191 119 221 153 120 210 238 182 235 203 46 183 135
36 380 132 197 246 179 220 94 233 214 167 45 87 100 59 39 230 98 238 225 219 63 155 211 217 85 209 142 75 136 244 221 161 172 239 117 218 152 124 107 154 166 168 68 247 222 110 88 240 192 118 189 147 234 163 113 212 228 42 125 65 158 226 109 198 82 149 145 105 153 173 205 50 231 216 60 79 73 89 58 223 123 126 191 174 55 54 78 106 243 77 194 140 207 193 133 235 74 95 146 129 111 102 169 51 196 213 57 249 128 69 183 164 90 215 115 84 72 66 202 148 40
37 341 209 139 201 40 194 62 187 97 207 128 60 118 49 92 227 217 190 166 153 141 164 131 177 184 208 195 38 79 248 169 244 210 147 81 54 45 186 103 135 192 108 136 109 41 44 125 85 46 51 129 237 102 113 171 111 73 91 123 193 222 224 206 249 65 216 145 179 69 150 185 198 196 155 223 52 200 58 174 191 99 134 225 245 143 152 127 43 88 77 239 226 241 233 151 149 53 68 100 95 55 189 204 121 232 137 218 220 183 84 96 176 110 105 230
38 367 97 65 179 56 156 92 87 213 206 137 153 217 226 182 42 178 223 176 48 214 105 166 167 211 112 66 237 181 131 234 210 39 219 241 89 67 117 245 215 248 118 194 133 82 121 130 44 242 120 91 104 71 69 159 199 43 212 57 59 61 114 170 208 93 70 222 102 216 116 100 68 86 183 50 110 233 235 202 198 224 204 192 80 160 191 150 149 203 218 187 243 45 63 54 240 163 177 107 49 189 111 155 205 148 175 196 200 247 225 180
39 292 92 219 147 208 249 149 243 107 236 52 111 190 106 170 229 206 105 96 56 225 152 151 61 235 193 246 153 43 117 215 137 45 73 119 145 85 79 118 177 176 144 157 66 57 161 126 75 89 186 223 101 133 232 59 244 164 99 158 200 192 171 121 49 184 48 129 54 203 104 86 205 217 84 247 202 140 55 168 124 212 40 241 194 207 58 68 123 47 136 44 65 230 83 142 199 102 74 130 41 201 234 204 98 226 175 122 166 42 154 116 125 191 216
40 392 112 68 151 107 164 190 46 97 213 96 220 211 209 125 110 105 42 199 49 100 135 147 182 216 202 174 215 184 204 139 63 142 109 240 114 56 72 118 183 90 158 188 60 159 217 143 93 205 53 50 223 186 238 78 166 162 44 146 165 130 121 233 57 54 173 214 91 218 210 88 230 178 51 48 206 59 115 208 58 99 156 138 137 175 47 82 95 153 246 168 234 232 198 140 117 41 71 187 245 180 170 207 52
41 343 42 138 77 172 235 178 152 64 62 50 230 91 74 84 101 205 214 200 54 113 51 48 117 242 59 154 175 151 72 80 134 132 168 147 192 180 219 126 241 70 139 153 63 82 201 90 83 238 92 109 97 245 110 202 177 167 136 143 106 220 75 179 159 131 121 55 155 61 218 247 89 193 44 56 207 156 246 216 129 237 197 103 141 128 137 85 86 105 94 166 227 125 116 196 104 150 119 123 170 162 45 142 208 120 191
42 265 71 72 113 48 182 146 185 150 212 94 163 58 151 119 45 176 84 217 122 233 247 100 187 249 234 77 193 114 82 83 231 206 118 177 138 183 172 241 87 106 50 115 155 160 202 137 220 161 56 226 219 203 139 222 54 246 210 135 102 78 76 129 162 79 232 91 62 209 147 86 186 228 216 164 242 124 101 53 127 108 111 201 66 171 170 178 134 169 159 55 200 215 144 63 148 218 142 132 192 90 44 207 224 105 109
43 258 119 212 70 245 128 218 187 199 184 148 73 92 52 190 48 62 87 223 104 109 172 129 249 229 99 67 247 84 50 173 59 171 175 79 214 228 133 142 200 206 93 243 54 117 240 238 192 233 51 135 44 89 113 155 116 46 215 74 181 162 216 220 139 189 205 61 65 237 176 77 121 98 76 227 157 179 56 151 183 86 158 53 197 82 63 167 224 163 145 177 204 141 159 108 178 97 49
44 343 191 215 92 178 179 207 234 98 54 186 218 84 148 217 169 196 166 188 70 141 100 187 115 81 195 121 134 65 142 118 222 74 82 155 185 162 246 147 156 219 204 206 53 83 112 164 87 47 248 125 45 124 243 72 159 88 119 205 160 238 67 244 212 89 236 145 180 225 105 63 140 71 85 62 76 201 60 193 184 153 69 146 66 61 94 126 197 177 120 132 152 113 227 170 77 228 249 198
45 399 193 148 63 231 67 112 200 52 102 124 180 153 215 222 96 151 188 166 127 115 106 101 93 119 214 169 149 223 201 185 177 69 98 168 242 88 197 81 244 84 220 85 49 239 65 191 205 225 87 157 165 234 70 56 114 103 202 131 62 187 60 210 107 206 209 175 104 162 246 174 232 80 110 167 132 216 190 117 240 224 145 121 113 133 182 75 237 160 134 64 86 217 51 108 245 195 176 203 91 163 141 55 146 142 120 192 61 68 139 221 226 50 194 57 144 147
46 425 172 112 143 176 233 66 185 229 128 101 224 243 119 92 115 196 249 221 146 177 97 118 109 155 162 140 79 174 69 86 178 111 139 236 206 156 106 225 152 110 108 187 159 153 171 104 87 197 116 163 199 55 150 168 77 205 99 183 195 169 198 56 107 201 154 129 85 170 238 215 70 62 151 237 234 158 239 72 53 246 202 213 180 98 95 131 125 179 211 212 130 136 75 121 148 133 227 50 217 157 192 149 175 219 207 63 74 68 103 57 189 124
47 287 73 61 65 76 194 107 90 116 85 213 95 117 242 227 48 136 134 128 240 142 187 101 87 102 232 241 159 67 234 138 121 77 135 236 235 170 201 181 72 58 171 180 124 189 203 119 109 125 239 111 190 114 62 197 222 63 118 141 120 211 163 217 200 208 130 249 157 228 100 246 182 80 93 123 147 66 192 167 165 88 106 193 153 178 122 52 218 177 131 214 184 212 92 144 146 244 158 183 247 50 98 188 97 140 149 207 133 127 54 55 161 237 206 155
48 288 176 118 173 235 232 212 63 64 175 153 187 190 222 102 226 105 194 165 104 203 74 61 103 223 139 184 84 71 117 49 116 108 80 241 51 100 202 131 97 78 208 111 186 160 225 199 69 247 154 141 195 178 144 60 161 130 209 180 151 127 93 213 170 162 113 76 233 248 138 156 168 217 206 75 229 82 216 58 238 204 62 244 125 143 129 166 197 91 121 137 86 94 54 107 115 221 237 72 158 245 50 68 234 242 81 236 205 109 52
49 262 205 115 55 125 133 210 99 228 147 201 139 88 175 181 167 67 191 76 234 62 203 149 171 90 112 176 83 218 119 58 154 245 226 233 143 247 87 77 53 170 132 111 72 188 177 108 63 243 232 127 166 128 225 164 231 190 50 230 57 123 145 54 156 248 204 189 148 131 91 70 117 93 198 134 100 64 249 168 82 113 69 136 157 152 75 237 116 169 96 86 242 212 106 187 51 71 79 144 238 89 68 195 137
50 357 175 185 200 240 220 131 83 128 199 106 198 99 61 89 232 119 63 228 178 118 74 202 101 72 52 112 136 75 226 164 215 241 73 160 231 147 121 124 93 146 238 162 90 76 157 158 210 218 91 126 71 64 98 207 140 165 114 82 181 170 144 176 130 208 55 110 109 79 120 204 81 78 213 87 190 192 249 95 233 205 103 122 179 149 247 155 196 104 223 214 69 85 191 194 154 132 177 236 139 168 156 242 237 60
51 381 119 147 236 225 141 204 244 203 192 150 215 180 124 178 186 176 193 195 174 102 101 100 148 181 64 165 122 137 74 146 238 117 69 249 128 151 73 65 114 111 231 209 160 173 242 68 159 177 213 226 191 202 90 93 190 136 80 126 167 118 127 72 239 179 54 76 109 92 247 132 246 87 62 234 63 106 82 75 143 56 208 194 144 139 98 169 243 233 115 61 66 230 224 77 130 149 89 161 172 183 248 170 103 189 58 81 108
52 394 55 164 76 56 187 186 210 67 207 99 232 90 98 142 106 224 176 69 119 189 91 171 236 129 196 227 73 150 74 179 144 177 82 113 86 242 89 63 172 60 88 96 198 188 240 218 228 180 222 214 161 247 66 226 163 155 127 166 139 197 120 219 195 64 123 212 243 70 148 140 167 102 149 136 135 100 145 225 246 174 157 104 178 84 233 132 162 169 114 122 182 204 131 134 125 59 220 141 77 202 53 192 156 83 235 168
53 295 65 107 68 182 105 166 169 66 79 122 138 90 134 112 144 143 210 62 118 91 213 163 177 179 176 230 229 212 124 84 77 209 135 154 71 227 170 197 246 140 57 193 187 55 64 96 164 100 150 95 73 110 82 240 149 109 183 125 80 180 54 207 243 215 171 145 165 74 217 201 167 199 237 153 175 202 133 120 216 181 218 99
54 311 146 132 110 69 63 118 208 127 221 88 128 243 241 183 188 96 147 107 140 70 103 200 231 232 82 176 160 157 185 180 131 125 113 139 224 236 172 89 122 106 209 186 72 142 81 158 143 133 120 135 64 153 211 197 159 77 217 104 130 66 117 60 151 114 171 179 195 92 215 134 228 237 212 73 154 61 94 75 78 190 164 191 235 58 204 213 126 184 156 95 249 145 162 167 202 115
55 328 206 152 60 147 185 112 71 122 214 98 104 244 97 210 65 216 200 188 115 123 230 120 170 57 171 218 208 82 143 231 232 68 169 73 63 193 127 106 158 128 74 221 130 233 204 117 163 137 161 249 195 87 86 133 121 58 62 85 241 217 135 187 215 126 110 224 94 190 84 238 119 181 197 113 205 196 227 61 248 144 132 77 156 64 201 199 139 93 146 162 75
56 380 104 201 111 156 114 225 132 135 138 215 169 142 86 113 121 99 239 68 218 102 180 126 73 127 77 188 115 134 64 80 89 176 207 210 226 153 211 120 232 247 74 81 105 67 200 221 196 175 123 88 185 58 244 212 202 137 198 101 233 230 241 235 87 166 159 160 98 103 60 95 125 229 228 72 128 189 208 217 90 174 71 193 191 63 173 94 118 69 143 85 182 190 204 171 197 62 213 75 172 231 119 157 150 234 96 205 84 243 131 242 195
57 292 132 208 219 183 170 99 209 194 164 94 70 59 104 239 90 87 232 118 156 80 148 247 199 222 61 245 161 168 189 88 113 180 171 130 197 231 214 67 93 174 74 150 229 213 226 186 131 193 133 62 217 114 243 119 195 76 78 128 73 160 238 151 138 205 192 140 110 86 69 152 248 66 81 143 124 165 123 184 115 230 58 129 84 178 135 220 68 202 89 63 173 106 91 182 206 227
58 314 187 220 128 154 191 169 93 90 186 207 122 167 142 248 240 215 200 168 249 210 99 66 206 245 96 175 125 136 211 129 117 202 158 98 177 59 81 119 88 121 230 231 223 76 85 205 178 137 115 113 65 71 233 146 94 199 79 159 208 222 244 89 161 189 225 139 112 241 86 101 226 180 201 229 182 62 118 160 224 132 60 217 110 176 148 106 183 134 80 147
59 279 108 156 134 181 131 209 73 128 160 103 237 242 119 65 153 90 135 197 187 123 214 70 89 69 132 188 231 167 179 154 77 121 129 212 83 163 189 216 228 130 66 147 213 113 225 169 182 191 249 150 196 87 215 208 86 236 244 126 115 219 93 101 217 72 210 201 139 229 120 180 143 122 170 145 161 116 155 104 194 125 152 133 71 192 227 222 124 205 157 245 138 68 248 198 206 105 171
60 407 114 211 234 84 103 62 94 180 182 91 135 98 166 123 181 119 147 95 235 79 177 213 201 71 72 116 160 87 80 75 246 126 108 239 73 172 215 248 162 145 86 129 112 236 102 90 144 203 169 242 154 65 217 245 195 196 149 223 244 204 168 240 100 176 133 130 93 233 136 225 227 148 229 156 165 179 232 151 104 74 212 99 157 146 140 170 238 174 120 163 207 218 89 143 68 127 113 198 164 118 128
61 298 69 129 160 122 90 97 220 88 67 150 145 221 239 64 96 103 183 229 214 128 68 193 148 78 151 153 123 147 210 176 152 87 124 113 177 109 63 242 108 163 201 248 167 230 199 166 178 115 228 172 99 106 234 149 94 156 197 203 215 218 237 179 77 74 81 208 227 158 186 75 80 194 212 100 216 206 244 134 185 137 169 213 157 190 144 231 187 110 209 171 165 140 136 207 170
62 270 246 105 221 180 168 173 181 123 107 93 213 187 208 124 232 138 141 169 102 200 214 65 137 159 82 222 112 212 184 68 192 155 118 94 190 164 171 111 85 143 126 150 90 103 148 158 156 140 197 96 110 119 240 202 91 104 172 223 206 128 207 175 75 182 183 188 122 215 189 165 236 237 161 151 226 177 174 217 74 76 113 70 127 224 227 77 167 67 176
63 432 65 136 233 82 109 231 72 158 150 241 142 234 216 246 81 107 141 230 130 139 215 149 243 159 195 161 123 86 151 120 188 200 99 176 137 238 196 69 110 226 73 192 166 94 242 175 163 145 108 245 78 164 214 183 131 87 184 219 140 224 76 154 217 211 210 178 244 90 181 97 111 66 83 170 132 197 225 220 202 80 212 143 247 237 147 207 84 165 236 68 240 116 117 112 95
64 326 199 119 113 85 74 102 117 68 173 129 88 66 157 195 201 126 111 193 184 97 189 204 103 226 170 218 220 140 87 232 123 93 150 135 124 181 121 213 175 247 153 198 116 107 125 166 95 237 151 143 91 80 96 229 221 223 225 197 136 200 222 141 158 144 215 208 134 90 224 185 120 147 211 246 106 239 186 149 99 176 67 82 233 205 148 79 196 203 219 230 179
65 334 135 90 206 112 173 226 162 175 66 107 123 220 116 120 188 109 76 93 192 167 178 89 227 81 230 158 127 216 199 88 83 85 103 234 101 183 138 124 160 238 73 86 149 172 82 196 67 229 95 224 189 223 193 96 145 126 195 121 232 191 212 211 157 236 130 240 176 242 247 77 106 142 184 170 239 179 129 131 244 186 74 100 68 177 237 181 165 87 185 128
66 340 195 163 99 222 229 73 130 187 134 109 236 223 233 77 117 239 235 244 165 189 171 247 197 204 211 216 188 136 172 167 170 153 184 234 207 86 158 224 110 164 116 221 101 145 225 220 119 85 212 104 157 146 91 159 132 175 113 111 140 144 128 88 72 71 208 108 69 248 107 219 243 150 228 232 141 210 161 190 246 245 105 84 162 169 100 149 174 131 70 121 89 124 185 206 139 103 200 93 75 97 183 80 173 76 96
67 346 175 82 245 146 77 215 179 191 172 189 115 226 238 75 139 186 156 248 130 230 160 204 197 86 198 213 206 164 239 199 157 120 101 190 158 131 202 79 73 96 227 185 223 113 70 111 166 132 243 149 165 168 140 173 249 136 72 201 212 89 97 137 159 182 106 200 180 233 68 178 80 236 183 225 69 161 103 203 148 119 102 153 216 222 234 229 240 171 176 220 242 246 221
68 354 227 141 154 188 182 208 137 242 177 69 151 202 191 198 108 164 112 180 101 237 146 172 91 169 94 161 159 213 85 173 235 166 84 127 148 82 211 228 248 240 81 222 130 197 230 80 96 119 104 153 244 195 249 100 135 223 139 181 99 241 170 117 225 116 75 206 123 218 124 93 97 209 87 134 205 200 76 118 217 193 77 192 167 233 73 138 129
69 300 201 155 177 173 221 141 90 171 126 225 133 168 223 167 76 214 237 205 199 109 116 242 142 71 95 144 89 125 150 154 244 99 190 166 96 86 102 206 243 194 224 212 74 149 157 110 101 240 111 220 70 222 156 202 236 160 234 215 158 148 72 79 204 192 185 186 92 145 85 162 87 93 249 169 138 97 119 146 183 118 105 195 246 130 163 80 187 128
70 317 79 164 90 146 223 144 203 139 128 171 150 121 118 93 97 227 245 101 145 168 83 185 160 99 175 136 248 244 87 85 216 78 217 207 110 179 132 226 178 92 137 189 108 230 219 182 133 100 138 130 81 247 135 243 131 224 163 114 238 111 127 149 232 156 147 158 242 80 166 172 177 188 196 212 246 105 211 233 170 126 249 208 200 191 239 221 193 88 116
71 357 169 165 161 102 79 171 150 131 185 120 230 167 194 214 188 141 89 135 212 218 202 118 241 103 192 143 228 191 168 151 229 122 211 249 226 100 183 234 78 247 193 144 147 140 220 97 215 196 205 138 123 108 236 248 208 83 115 124 207 231 119 180 127 187 137 72 178 186 136 173 245 104 149 92 113 209 246 244 172 95 142 181 227 117 238 154 197 223 176
72 326 75 161 178 177 243 88 92 175 109 157 82 136 234 100 127 147 158 95 183 184 227 145 231 140 204 169 230 150 205 202 195 106 134 198 194 248 247 141 225 215 87 79 74 220 163 172 191 224 110 170 181 168 189 166 237 113 123 228 85 73 212 118 197 209 128 219 203 76 83 190 77 122 162 101 126 192 238 173 241 232 249 213 233 160 239 221 99 206 146 107 98 186 187
73 289 192 244 100 173 80 103 93 158 225 139 230 107 143 237 127 226 169 84 77 227 196 75 221 224 218 206 104 91 217 172 223 76 125 210 106 242 233 216 147 171 228 178 123 129 151 122 150 174 170 189 110 118 141 89 124 92 213 205 185 234 95 212 135 128 183 114 235 115 160 208 215 245 140 108 181 167 211 102 136 155 239 209 207 198
74 252 166 112 78 154 223 75 235 82 222 163 175 81 199 92 242 186 214 215 107 160 192 196 79 212 225 172 132 105 243 213 211 83 204 137 182 217 141 248 188 125 245 233 102 220 209 156 229 80 228 193 171 201 117 86 148 216 97 205 94 190 210 134 183 127 108 147 161 122 227 177 88 119 120 77 103 121 232 101
75 459 200 167 246 151 169 219 224 155 163 244 108 190 179 212 87 111 160 124 164 80 196 211 174 245 147 76 157 131 136 153 106 187 90 249 198 199 243 83 89 226 142 88 94 77 216 235 237 116 125 176 173 236 118 159 205 207 98 210 150 93 221 209 149 241 230 166 217 102 231 103 120 185 213 130 186 165 86 189 107 220 101 184 112 180 140 247 104
76 342 132 228 213 85 204 141 231 163 216 112 144 249 99 160 136 188 96 209 128 227 193 91 208 170 154 81 219 168 153 214 181 149 139 135 239 77 127 171 246 224 199 143 221 172 106 157 189 137 211 78 232 100 197 156 166 175 201 159 138 194 236 116 241 134 155 120 185 129 217 92 200 111 122 142 97 147 223 102 218 104 176 146
77 296 135 201 171 78 84 157 97 196 92 226 109 193 130 246 145 240 230 121 204 220 108 89 141 127 169 245 199 80 216 101 94 182 124 206 186 116 137 202 249 243 162 110 91 177 86 115 229 192 125 148 126 111 82 112 172 120 122 198 214 195 96 139 159 154 167 165 163 207 175 129 236 149 104 146 160 85 211 219 208 170 168 113 103 81 128 218 189 117 106 134
78 362 146 242 213 160 114 141 156 113 128 231 171 205 121 80 82 208 98 212 118 92 221 143 234 241 225 103 154 172 223 86 138 189 182 151 89 207 161 220 100 232 224 94 111 109 106 178 115 198 120 123 101 144 108 211 110 187 219 174 228 196 104 204 166 222 88 238 157 246 192 129 247 229 235 93 117 162 91 153 152 122 179 97
79 357 139 137 229 134 157 105 173 151 102 236 237 201 80 164 145 130 188 179 113 194 184 110 120 191 131 186 135 81 187 125 91 198 89 180 218 209 141 144 244 160 178 232 146 156 221 124 181 103 128 195 138 96 219 88 129 249 204 95 84 153 175 85 127 240 190 111 109 213 176 108 231
80 377 158 143 137 93 240 132 178 243 196 94 109 221 153 210 184 162 224 213 83 112 231 98 176 202 159 185 242 237 84 138 171 217 227 218 145 239 141 219 198 177 135 187 223 111 197 247 103 136 139 204 194 195 168 234 205 206 181 131 144 245 200 164 212 105 82 86 188 169 152 199 228 236 129 249 183 110 126 203 189 174 92 116 117 106 190 160 102 211 191 115 165 246 99 87
81 266 84 169 141 163 82 119 106 164 229 228 202 230 143 194 186 96 203 215 128 135 146 116 204 105 200 195 145 140 176 219 118 124 192 178 188 247 167 233 168 99 136 207 151 158 214 95 131 209 223 134 222 216 208 185 226 142 113 201 227 221 109 231 191 197 205 160 108 162 180 104 155 165 156 189 130 147 224 110 86 198 93 127 173 102 246 144 172 129 88 220 238
82 417 213 120 126 140 246 182 217 135 183 179 161 244 212 207 202 239 220 230 190 94 85 130 193 113 168 216 172 242 101 225 151 145 201 133 88 211 162 196 131 222 103 232 204 181 173 198 157 189 83 111 174 87 221 180 93 147 139 110 205 240 218 195 153 143 117 200 149 188 219 171 178 128 108 231 84 191 107 142 194 215 234 86 238 184
83 277 193 102 241 218 161 240 244 202 197 177 84 93 214 229 237 138 122 210 205 179 198 112 114 243 156 172 127 216 140 222 232 168 92 128 231 129 104 85 89 219 227 246 165 195 215 109 185 212 126 213 181 146 153 209 149 103 182 159 110 238 131 221 120 142 207 169 136 224 184 106 190 157 100 145 167 230 180 226 134
84 306 104 121 141 95 116 153 134 122 210 239 223 160 145 162 198 115 229 186 100 226 179 87 126 176 149 195 158 218 204 244 232 85 225 164 230 155 143 221 249 99 98 241 184 213 234 139 182 159 194 92 97 233 133 105 127 102 137 114 207 147 152 112 96 119 132 197 243 169 193 117 151 219 140
85 277 184 215 100 182 209 170 205 224 190 172 145 202 111 187 249 128 220 211 88 186 87 231 165 193 113 159 246 180 147 149 129 208 189 133 177 176 127 121 134 146 161 178 132 221 247 154 139 237 144 136 230 114 212 198 229 91 151 233 140 107 92 241 117 227 204 179 160 157 143 130 156 167 124 238 203 110 217 98 119
86 355 101 106 217 216 125 147 123 129 214 89 131 164 221 189 244 242 218 177 119 126 188 240 210 245 98 232 134 223 87 90 153 178 117 142 111 141 109 212 196 191 165 146 161 113 135 173 239 222 180 127 115 179 247 104 229 185 209 88 144 167 145 124 136 249 175 200 238 170 100 103 181 122 114 190 102 193 162
87 368 91 166 96 138 181 196 101 220 99 155 201 127 234 211 163 224 199 152 148 167 219 230 228 115 149 237 198 185 188 110 145 235 243 193 139 133 223 135 206 191 209 182 119 248 143 195 216 227 130 108 222 207 106 97 176 168 154 100 180 104 94 88 183 140 117 184 187 221 129 146 147 111 141 174 215 202 164 179 122 113 89 175 190 162 107 208 114 240 120
88 271 151 168 239 95 172 201 144 179 196 125 220 100 159 175 212 90 228 113 91 169 230 183 96 97 117 101 248 178 200 242 185 150 108 237 227 137 188 204 124 89 214 127 142 225 154 236 106 166 98 184 177 149 182 224 234 203 205 211 103 222 210 93 167 111 138 180 202 141 194 238 122 158 176 206 181 146 140 246 209 94 121 107 115 244
89 294 135 127 179 198 117 235 213 172 133 120 129 234 155 189 137 163 114 90 162 130 121 109 92 112 208 154 139 217 160 232 110 176 229 102 156 105 177 205 148 219 191 188 123 224 223 115 242 97 136 124 193 168 244 95 167 181 190 158 144 170 182 236 228 103 119 192 108 240 241 183 141 184
90 435 93 219 224 152 178 104 238 201 149 99 118 126 146 240 233 114 249 115 105 243 109 246 167 121 156 134 172 215 100 116 237 210 162 133 128 191 203 228 139 155 220 241 190 202 141 165 242 231 196 183 101 96 110 247 226 217 218 102 213 234 119 159 184 98 143 160 161 182 117
91 298 102 238 142 170 108 103 162 191 175 235 121 105 242 109 243 210 227 113 146 125 228 143 135 92 199 124 245 186 128 133 202 138 230 185 220 182 192 173 248 208 98 119 231 115 156 168 222 104 232 151 112 141 193 211 198 204 229 176 246 148 100 106 132 122 145 126 212 249 207 187 169 97
92 444 105 182 171 96 244 195 217 135 225 200 154 183 226 193 222 112 111 163 160 148 95 143 206 146 164 246 215 230 145 133 227 142 106 198 159 121 165 136 172 238 221 100 248 179 108 228 94 190 137 157 102 236 130 117 185 232 166 242 188 140 170 175 127 192 93 219 158 249 150 199 169 216 211 101 214 234 189 149 124 144
93 258 239 204 148 183 249 202 207 187 195 179 118 126 231 114 248 235 212 175 169 137 209 125 240 181 139 220 150 184 143 121 132 246 113 160 218 200 211 192 97 168 129 236 149 172 223 138 107 161 186 196 225 105 133 229 221 128 117 96 245 104 193 199 234 141 103 224 171 189 109 115 232 164 95 244 191 230 201 243 116 213 166
94 257 98 229 201 230 122 129 112 173 168 178 196 177 121 214 204 207 136 172 193 179 225 175 100 139 249 106 181 195 151 202 184 170 125 114 163 241 247 200 209 141 223 246 189 158 119 127 206 103 221 109 216 239 118 147 224 248 244 182 117 101 130 123 212 104 199 165 140 208 107 150 133 108 102 198 245 161 213
95 342 99 198 210 246 126 177 130 241 247 211 208 143 218 179 186 151 184 173 243 229 122 97 134 231 197 242 234 127 212 105 167 131 135 216 239 104 170 180 109 136 98 227 223 209 189 133 118 217 171 206 224 111 149 129 213 164 190 120 182 165 235 219 202 204 207 228 116 233 154 203 221 110 119 100 200 123 248 128 183 188 113 121 103 162 193
96 401 242 184 142 117 122 241 213 156 189 140 171 108 230 167 247 172 248 222 98 146 105 115 154 232 126 110 239 204 116 135 166 125 218 207 136 103 164 203 180 102 155 97 174 217 220 244 200 106 148 240 212 138 215 249 161 245 182 246 234 130 147 216 191 133 128 181 101 224 193 134 123 144 150 201 124 132 194 205
97 281 211 139 222 206 117 133 231 168 208 187 200 102 203 178 214 177 170 135 198 113 116 246 191 189 199 221 155 248 240 192 106 243 144 175 161 159 212 157 228 105 230 216 224 103 111 109 188 110 185 194 149 130 119 179 104 115 201 249 152 114 181 118 226 172 171 158 223 112 145 244 134 154
98 370 167 134 235 150 192 179 148 175 108 140 114 157 199 176 207 228 186 249 190 133 178 196 189 200 110 195 231 115 125 214 166 136 112 180 154 241 188 119 104 113 177 169 212 109 101 243 100 245 99 236 138 137 173 158 198 181 210 203 118 139 141 213 130 183
99 349 201 159 147 195 123 145 225 140 179 162 163 204 114 129 220 108 245 138 111 109 199 183 116 213 166 165 200 149 188 130 224 235 186 206 230 170 158 196 164 212 222 128 240 134 249 237 218 178 246 161 152 148 120 118 176 127 208 106 131 180 193 198 113 194 135 182 239 217 216 173 234 221 185 171 219 146 203 155 169 247 232 211
100 262 248 137 212 207 160 197 101 224 204 217 107 223 220 199 244 186 135 158 218 156 162 234 110 127 182 129 133 112 227 108 115 106 246 118 188 235 222 201 155 140 153 148 150 192 226 171 177 119 145 170 105 178 230 242 152 180 168 172 161 214 142 236 141 138 174 247 128 232 240 225 206
101 350 149 243 186 207 148 157 168 219 161 152 206 114 132 127 121 117 245 172 179 221 234 210 222 248 106 164 227 160 113 147 200 158 153 142 150 141 105 192 169 151 134 187 143 123 137 182 193 246 118 185 215 209 233 194 189 171 198 102 104 167 145 239 247 115 110 190 208 122 218 156 196 177 126
102 388 158 105 160 175 173 131 234 200 179 244 137 151 208 237 224 138 118 178 146 225 239 182 143 247 190 144 219 171 192 188 168 153 204 228 220 231 157 229 187 242 232 207 245 104 235 201 212 121 163 164 134 103 211 240 203 217 246 150 243 185 120 124 236 186 241 135 249 226 215 112 109 107 111 139 117
103 321 161 179 215 244 232 111 110 249 117 151 240 196 177 130 135 221 185 159 214 107 248 234 154 201 206 233 104 197 175 200 147 142 207 238 211 158 182 188 133 216 247 121 105 128 157 115 218 243 192 190 236 174 141 149 118 242 203 191 209 164 219 228 145 245 143 195 169 198 126 194 148
104 354 122 192 215 181 155 157 235 209 223 109 236 136 182 150 175 218 206 220 207 240 115 203 187 141 129 195 114 183 112 133 242 130 154 216 202 194 226 149 179 139 116 118 244 233 249 212 113 158 107 171 120 142 165 228 173 135 137 213 176 185 105 184 111 229 238 189 140 119 247 151 134 144
105 325 195 161 124 234 133 153 141 245 151 158 227 163 107 237 145 110 137 212 200 176 196 240 116 177 232 248 173 155 117 147 182 224 144 160 134 154 231 246 159 207 192 162 180 131 199 244 112 143 157 178 167 193 132 226 148 249 214 222 146 149 208 118 213 174 229 210 150 189
106 350 219 223 165 205 155 232 244 179 246 158 124 144 143 146 163 192 190 222 177 211 125 224 112 111 131 213 204 220 108 248 230 154 181 214 121 160 139 216 238 196 145 241 134 161 128 137 218 157 236 229 174 123 167 164 110 227 122 243 162 129 136 249 247 115 120 201 188 142 127 118
107 307 169 246 118 144 234 129 123 215 224 243 113 163 150 198 229 220 108 242 180 183 221 127 130 177 139 148 191 188 222 218 231 187 214 151 211 147 206 223 116 153 170 126 237 244 121 192 133 249 173 217 119 136 120 161 190 135 145 226 141 194 182 158 197 236 154 240 164 157 219 213 132 209 210 245 109 202 159
108 343 232 213 231 211 242 116 174 151 210 194 143 180 131 127 206 132 155 240 150 159 149 222 148 139 229 247 193 140 173 142 157 239 188 117 208 130 169 170 152 120 244 197 217 109 113 182 154 230 112 129 215 198 133 184 176 121 201 185 161 178 172 162 192 145 207 203 122 223 196 156 183 164 147 138 179 166
109 275 175 172 188 208 146 199 149 235 121 177 220 201 196 194 122 132 249 236 169 136 147 179 143 215 223 139 246 162 185 127 173 154 113 117 170 156 190 180 161 229 142 167 120 110 124 158 128 150 221 176 228 205 242 123 160 241 174 232 218 211
110 305 149 237 187 179 161 156 140 220 162 246 248 195 164 160 152 183 178 174 128 224 117 240 176 163 157 169 197 234 177 172 171 210 214 135 154 112 227 123 120 130 241 193 168 238 133 213 194 232 239 198 127 208 184 181 196 146 228 173 167 142 180 189 134 244 218 165 219
111 420 231 235 142 175 188 166 238 149 160 155 240 221 129 116 226 209 223 148 227 215 161 203 112 131 130 230 206 225 195 168 127 233 216 163 186 115 118 146 124 123 243 144 200 113 126 213 117 177 244 141 183 132 157 159 128 162 178 145 135 207 153 147 121 193 190 224 164 143 192 210 196 228 119 171 170
112 324 216 219 150 234 190 249 214 176 206 228 237 118 197 233 166 193 186 127 230 138 184 245 246 155 187 170 182 140 124 177 180 248 135 194 131 156 181 163 178 165 202 149 164 129 133 157 159 152 244 195 235 139 192 222 158 169 213 153 183 200 196 203 205 211 212
113 310 238 124 125 146 129 187 123 199 243 176 163 245 216 152 221 175 210 184 158 248 149 198 249 236 145 240 229 232 219 137 220 119 157 242 154 214 189 185 143 222 203 138 171 230 126 114 153 140 141 227 131 204 128 122 207 161 181 167 165 144 226 164 148 115
114 366 173 139 203 135 125 122 181 157 138 131 196 170 211 144 189 218 198 210 188 223 153 199 208 205 120 207 116 132 216 150 124 179 115 204 121 240 190 154 133 219 156 193 222 242 126 209 234 158 147 176 142 224 165 213 171 127 151 227 174 206 191 155 202 243 169 230 129 160 149 187 220 166 192 212
115 351 197 228 116 131 223 163 210 240 166 191 183 203 226 214 180 238 184 169 153 172 221 202 200 242 185 227 205 134 152 193 188 231 148 192 245 123 230 159 196 171 187 117 133 141 198 168 174 126 156 150 239 211 189 218 129 229 130 149 232 160 234 119 195 176
116 286 234 124 248 129 162 216 134 226 154 206 143 123 132 192 196 208 219 173 223 141 243 144 225 203 205 178 121 218 239 169 247 167 117 163 197 140 230 166 228 193 127 195 125 207 136 175 233 119 199 202 145 236 242 147 159 240 174 241 194 153 188 204 201 198 176 156 158 245 187 246 222 150
117 363 170 182 161 149 215 144 135 140 156 226 236 121 237 210 119 218 207 212 183 162 185 234 165 225 184 202 160 243 219 244 206 178 150 154 167 186 204 235 208 148 174 118 145 130 230 194 177 124 147 142 125 171 201 163 166
118 282 190 198 233 231 185 244 138 173 167 194 132 212 207 195 139 206 176 246 130 237 158 121 123 248 133 209 178 245 234 146 145 162 196 238 214 125 201 243 211 217 136 187 239 164 215 182 199 205 177 216 166 144 221 156 160 247 154 122
119 281 133 227 156 222 221 146 136 243 163 194 219 176 138 165 188 147 196 178 169 127 213 181 191 209 211 220 206 125 171 155 212 172 162 201 152 173 180 230 241 218 202 168 246 154 159 190 120 135 205 215 132 137 153 183 130 244 216 203 160 223 157 195 145 167 199 128 231 208
120 437 203 193 194 235 175 214 201 239 170 200 217 199 126 139 153 230 209 133 165 202 216 205 137 219 140 123 210 148 186 125 164 127 145 206 168 131 167 237 224 177 183 215 189 234 218 157 122 154 136 240 138 192 236 176 178 229 179 204 124 152 134 232 151 191 130 244 243 225 135 228 172 173 190 156 231 212 141 166 150
121 297 190 127 126 149 165 202 179 196 191 203 140 198 145 144 185 189 122 213 195 180 188 130 160 181 204 147 240 246 168 192 229 200 241 166 234 226 210 142 183 151 236 248 163 153 128 129 216 139 172 239 211 134 225 201 146 237 244 199 135 150 209 186 249 205
122 415 228 166 145 180 203 150 207 127 129 218 208 237 205 147 233 220 195 241 201 148 194 155 175 227 160 131 161 242 182 154 183 187 206 246 186 193 164 174 211 243 200 229 176 156 123 162 202 198 177 188 204 132 169
123 288 205 202 141 190 241 191 171 211 243 200 219 237 137 189 231 136 125 154 188 149 225 153 176 239 209 217 184 172 207 163 230 124 175 197 204 198 128 236 206 167 203 162 210 215 242 169 195 246 180 193 222 216 166 220 139 240 168 135 158 178 221 152 142 164 157 145 177
124 303 245 201 160 233 166 215 227 129 206 156 220 174 185 217 199 219 212 125 170 232 163 239 144 142 132 195 211 197 154 186 234 168 126 229 136 181 238 247 241 231 189 176 182 141 175 127 194 225 173 165 128 140 138 135
125 288 141 156 169 208 153 146 188 194 222 227 147 173 233 159 164 242 193 232 219 231 133 248 207 171 136 187 239 157 139 190 162 238 201 180 243 202 158 130 205 172 176 236 170 183 165 178 148 211 132 168 152 145 161 198 230 151 155 223 241 224
126 409 245 172 196 142 140 148 162 161 207 182 228 147 183 129 192 198 187 214 204 213 229 243 249 141 158 137 188 159 217 238 190 164 225 205 153 146 168 219 240 179 234 189 130 201 224 186 134 169 226 199 195 235 185 223 178 230 197 216 132 138 221
127 360 214 172 164 207 190 169 150 152 154 219 178 208 224 158 223 181 145 140 165 197 211 155 242 141 199 159 245 185 210 162 217 132 248 129 147 144 176 148 247 196 142 139 192 200 173 234 138 194 240 186 212 246 174 235 175 209 131 249 193 133 237
128 330 162 153 203 150 163 157 204 238 161 136 236 239 225 173 147 138 224 176 231 221 215 170 240 229 219 133 148 132 237 243 209 192 149 180 151 242 158 155 166 212 200 152 205 141 206 177 179 168 130 171 167 222 201 202 187
129 310 229 183 221 211 137 227 177 246 209 166 248 131 191 138 153 220 149 226 216 178 222 219 234 189 163 140 224 210 217 245 169 145 159 240 182 242 228 165 175 160 142 247 230 174 196 136 157 190 146 168 192 130 181 198 232 167 233 156 134 237 215 151 187 225
130 310 246 153 227 190 223 244 219 203 205 154 139 184 198 191 157 214 168 149 187 202 229 240 137 177 222 188 175 171 230 247 179 144 195 161 145 208 235 193 156 211 132 158 216 242 248 167 160 134 218 155 147 170 152 189 181 220 210 174 176 228 206 217 245 148 226 201 243 150 249 209 192
131 299 229 209 230 216 226 179 242 247 141 228 207 168 177 237 249 205 182 176 150 220 178 184 218 151 172 245 175 193 203 174 227 165 134 223 147 160 164 221 224 246 210 158 197 198 225 217 139 166 136 201 243 167 194 154 173 196 240 171 156
132 391 178 213 232 143 198 160 169 162 141 212 138 133 172 144 176 173 135 228 190 140 197 149 203 210 233 179 193 201 243 188 171 217 152 246 156 225 205 165 241 183 175 154 167 159 215 244 242 202 186 191 181 211 207 216 187 184 164
133 279 195 135 216 184 210 153 213 239 246 162 148 202 173 241 226 228 175 186 178 193 222 177 141 164 248 147 204 189 167 217 237 187 203 219 179 182 227 142 245 242 244 229 225 134 159 207 166 209 155 163 180 188 174 143 156 170 139 196 192
134 384 203 192 193 185 195 171 182 151 139 164 198 225 247 142 174 172 191 231 156 137 204 233 226 207 209 149 135 144 241 147 221 240 136 189 146 234 201 138 205 218 232 228 213 246 197 168 208 176 148 194 169 150 220 184 238
135 337 208 195 194 228 183 244 170 182 223 181 231 166 138 213 139 236 222 220 161 141 158 205 234 197 246 227 185 237 204 165 239 156 177 153 203 180 144 186 238 142 247 150 189 235 226 192 154 221 137 162 224 191 215 173 171 167 175 193 164
136 362 140 241 161 249 137 154 188 150 175 214 186 218 157 235 195 236 232 223 143 219 158 205 185 155 153 230 225 180 142 238 206 182 176 171 213 190 145 192 212 201 193 177 149 146 229 144 245 234 156 203 191 204 198 202 138
137 288 248 157 138 179 240 236 210 180 159 247 226 208 167 160 169 183 227 145 246 152 237 188 140 155 238 176 233 164 194 189 229 218 148 144 141 195 156 174 147 201 239 224 185 209 187 193 161 166 214 190 243 225 205 165 162 231 198 172 242 151 203 207 213 181 170 197
138 350 178 208 152 245 160 226 207 191 181 171 182 147 176 194 172 201 153 190 235 224 140 151 197 229 165 145 149 155 150 233 161 199 219 221 247 204 202 213 167 223 225 240 206 180 173 185 143 184 144 203 234 249 214 139 227
139 314 155 181 195 198 217 156 142 172 215 210 194 214 161 203 200 211 184 233 148 227 147 167 239 224 220 185 237 209 216 218 234 235 175 213 149 176 187 177 166 226 228 236 153 232 164 178 173 180 144 193 168 207 245
140 358 147 226 170 177 155 193 228 153 233 156 216 198 242 148 175 221 145 189 223 173 144 204 179 163 165 220 150 190 167 188 161 200 227 142 222 213 247 214 152 186 240 197 162 159 146 178 199 218 182 229 206 184 187
141 328 177 200 236 213 222 192 195 229 165 153 242 238 193 168 249 211 175 188 233 201 234 210 191 221 187 158 231 185 224 227 237 214 166 143 151 245 189 203 223 220 241 215 219 216 225 212 156 194 160 202 244 232 162 152 171
142 274 247 209 197 243 172 240 157 208 202 237 235 177 168 178 245 196 151 170 207 242 221 164 167 190 244 206 236 181 215 185 162 204 222 182 155 152 216 226 233 160 165 175 194 147 188 246 223 161 198 176 229 156 228 211 187
143 424 149 171 242 227 144 243 178 209 200 238 192 204 198 231 147 165 236 163 222 184 190 202 214 216 220 169 203 176 212 182 244 215 164 199 228 235 185 154 145 156 229 186 168 249 232 177 175 153 226 179 189 148 160 225 181 194 218 240
144 302 199 249 163 162 239 180 229 232 198 247 218 186 214 246 231 215 245 174 190 205 195 150 157 208 196 184 173 191 194 238 213 177 197 222 236 165 152 192 211 175 181 212 219 242 147 155 210 217 164 220 149 153 161 228 146
145 426 184 219 227 174 158 151 230 208 173 242 229 235 237 166 162 193 167 214 178 172 228 203 196 240 217 190 189 185 236 192 245 198 218 187 220 206 205 243 186 150 148 231 191 244 241 169
146 323 149 170 211 232 159 212 245 199 179 169 190 186 163 197 200 221 202 195 167 162 185 205 180 191 216 224 181 247 198 147 219 237 248 220 249 203 215 223 193 201 194 241 150 178 184 217 156 227 204 196
147 251 208 173 177 234 158 215 153 187 223 190 197 186 185 220 188 195 161 245 232 154 211 219 149 216 170 238 221 171 184 241 226 225 200 148 179 167 191 189 212 222 174 230 199 196 159 155 151
148 339 195 231 214 215 208 245 194 211 234 180 169 226 248 161 170 239 224 185 175 178 173 166 179 216 247 225 246 217 149 209 189 152 213 156 191 192 183 212 241 154 160 163 164 193 188 168 158
149 262 180 191 219 196 207 209 159 185 161 162 212 226 179 172 176 245 211 170 171 153 187 154 193 203 215 194 169 192 164 240 246 186 231 189 223 241 181 168 205 158 220 167 218 217 214 228 233 244 198 238 184 165 195
150 399 209 205 228 183 244 237 182 229 157 208 230 165 246 160 193 172 164 179 166 218 212 186 177 249 225 236 239 226 181 195 227 184 170 223 191 243 221 188 210 242 167 234 198 187 202 217 178 211 163 248
151 282 152 205 154 213 241 179 214 233 166 210 195 204 198 231 246 230 243 168 211 228 235 165 176 226 157 197 206 192 221 216 203 217 200 160 162 175 227 223 161 236 240 234 238 191 189 202 242 237 219 249 170 155 218
152 379 190 155 208 242 204 227 184 230 201 164 195 153 240 245 237 170 235 233 205 211 188 234 185 239 248 176 203 218 163 238 225 221 165 210 236 212 192 198 168 158 243 156 199 159 215 196 206 202 175 241 167
153 339 242 198 228 177 201 237 205 181 184 162 241 187 229 164 179 233 243 232 193 167 245 154 248 207 216 194 219 199 195 204 230 209 188 236 213 231 163 220 190 200 227 186 169 224 191 203 182 217 155 161
154 268 226 161 204 192 215 163 221 196 243 199 186 203 179 240 209 237 185 212 191 189 181 248 176 174 158 183 228 167 173 182 168 190 213 175 207 233 220 206 229 238 178 217 202
155 301 185 169 204 215 214 186 165 200 181 171 195 193 223 249 224 232 203 213 217 188 159 206 240 192 209 245 176 190 180 243 191 236 158 227 170 220 234 216 198 226 211 207 238 231 173 178 166
156 431 238 163 190 237 184 180 186 187 220 192 198 189 212 166 233 195 239 182 225 217 214 224 175 227 202 171 206 157 209 218 174 168 210 223 232 215 196 216 201 236 169 247 211 173 207 221
157 306 201 182 212 214 178 169 217 203 239 167 168 175 235 180 188 231 164 238 245 210 205 187 170 248 240 197 228 213 223 200 229 236 184 198 183 246 232 160 243 165 222 181 226 247 216
158 285 168 195 215 159 167 181 182 210 209 216 176 235 218 187 197 228 179 175 230 236 191 185 221 233 162 200 174 189 237 205 248 172 204 244 239 246 245 214 231 229 241 234 220 198 160
159 409 206 168 207 238 197 212 229 235 246 170 165 196 191 181 180 209 237 193 163 160 166 179 240 245 224 192 221 249 219 231 213 208 174 228 205 187 184 239
160 260 201 200 234 203 215 168 211 190 233 204 164 207 199 246 242 175 218 171 210 165 237 166 170 176 193 192 226 236 181 174 220 206 221 196 187 241 213 245 243 194 228 229 163 247
161 256 205 169 185 248 213 178 228 195 183 172 226 202 197 241 176 201 164 173 175 217 234 246 224 215 207 243 204 211 187 184 192 165 229 167 242 212 180 200 194 214 235 222 162 199
162 484 226 204 182 171 168 210 165 193 185 183 235 187 172 192 216 220 241 205 170 237 173 249 219 230 181 246 245 236 164 200 191 223 197 221 194 208 231 195 174 166 175
163 293 214 233 242 232 217 164 203 218 179 229 193 245 176 191 195 182 240 235 236 237 228 174 190 241 209 165 188 221 216 238 171 202 215 222 244 184 194 207 249 198
164 254 214 239 192 247 231 186 178 220 241 190 196 201 215 182 232 226 200 211 203 184 217 225 223 243 174 168 208 210 197 249 222 244 234 224 228 209 230 205 240 237 212
165 453 249 197 207 206 247 203 192 173 185 174 184 177 214 229 202 246 171 205 200 241 236 212 209 211 187 221 190 195 193 168 234 231 215 248 225 237 188
166 267 180 181 185 247 239 208 234 207 230 213 179 175 189 210 244 188 178 217 229 171 218 186 235 167 248 241 220 205 202 212 194 201 168 231 190 228 223
167 463 186 170 238 189 196 197 221 225 214 211 216 243 191 227 204 199 245 177 171 240 194 188 234 173 217 241 198 209 239 242 200 232 202 230 233 205 247 208 231 249 213
168 270 209 230 232 226 187 195 200 246 215 197 216 174 208 199 192 224 214 173 181 171 242 170 243 245 234 204 217 198 218 240 207 235 248 239 186 180 236 183 213 222 188 220 237
169 453 203 222 213 185 229 227 243 212 192 238 244 226 188 189 242 225 186 180 194 187 239 214 205 176 175 193 246 207 183 177 245 211 198 178 195 233 182 236 235 173 216 232
170 253 212 243 238 199 244 242 246 209 214 181 226 227 179 221 175 249 187 207 190 213 198 210 205 202 241 233 203 171 195 219 200
171 294 228 231 186 238 200 229 183 191 182 176 179 190 187 210 193 246 204 211 219 185 226 232 175 216 192 205 245 194 236 224 243 188 213 220
172 353 202 218 228 214 223 194 174 244 243 191 227 188 235 175 234 182 225 245 229 198 197 242 192 220 247 173 238 230 179 211 239 199 226 236 212 210 200 186 219 231
173 346 242 186 211 212 184 244 209 219 249 239 187 198 206 190 192 202 241 197 248 203 185 227 210 230 181 229 222 246 204 176 215 233 243 247 201
174 301 215 180 189 207 224 187 196 237 225 249 178 230 239 233 214 206 212 219 226 200 204 179 240 217 182 245 229 223 195 210 241 243 181 183 231 228 205 234
175 273 230 189 220 182 178 223 248 183 237 241 232 209 245 201 179 221 244 216 211 247 181 222 207 226 246 205 239 191 243 215 233 206 227 234 229 224 199 208 203 190
176 374 178 238 197 195 234 192 186 194 180 184 185 216 224 222 233 207 210 229 244 188 196 209 248 219 228 199 223 183 208 190 211 241 181 198
177 353 239 194 247 221 185 192 202 203 226 187 207 232 217 224 231 189 222 204 243 216 184 219 191 206 190 212 229 213 180 201
178 429 196 212 186 184 190 180 237 233 205 218 227 225 245 179 220 249 209 210 234 187 222 189 238 213 226 223 211 231 247 188 194 183 201
179 254 189 214 190 183 226 196 181 193 223 207 225 186 245 221 185 227 216 192 201 224 233 182 246 203 241 194 247 218 240 222 236 248 206 187 188 211 239 205 217 229 242 230 215 184
180 317 223 200 236 193 208 238 212 233 184 189 217 209 226 199 190 229 186 243 205 249 221 188 192 201 232 196 213 204 225 195 181 231 210 198 241 248 211 191
181 305 241 183 229 182 207 214 218 192 235 227 202 224 205 213 209 200 197 222 206 245 230 189 208 220 199 211 184 246 234 239 191
182 271 223 246 234 243 217 185 245 189 247 198 184 194 235 213 212 240 228 202 211 249 215 205 232 242 206 204 203 187 191 220 227 214
183 424 234 237 203 212 189 248 188 227 228 221 186 217 232 245 235 185 204 239 238 244 233 222 200 230 207 184 195 198 190 215 218 242 205 225 202
184 350 247 187 209 239 210 192 233 230 189 228 224 191 208 234 246 199 219 200 198 242 248 190 243 244 223 213 194 245 186 206 201 214 241 212 216 237
185 327 205 231 236 246 197 230 189 245 239 188 219 220 222 226 218 212 201 207 237 196 214 190 238 240 228 200 198 199 211 215 224 233 209 191
186 323 237 209 200 197 223 195 194 206 211 191 248 196 239 193 230 247 240 218 188 245 189 215 207 225 229 243 217 190 199 232 216 231 192 201 228 220
187 453 241 221 199 248 194 249 238 208 202 203 235 204 230 206 213 197 222 224 198 244 211 245 242 233 246 216 247 228 193 196 223
188 288 204 194 212 238 219 215 191 227 200 245 236 243 207 217 213 211 205 248 199 225 223 234 244 198 249 202 210 233 229 209 235 242 232
189 259 219 195 245 232 249 200 221 216 218 231 237 235 227 214 246 198 241 201 213 234 205 229 228 202 223 215 224
190 322 223 192 198 237 228 243 248 193 232 202 200 244 229 247 233 203 220 240 199 208 210 219 226 195 236 197
191 342 216 238 225 212 215 224 198 202 233 222 248 220 230 223 201 209 207 231 218 205 196 244 232 211 235 246 243
192 336 235 230 211 194 197 220 206 221 241 246 227 226 214 236 249 212 200 193 243 237 247 201 231 244 202 218 223
193 340 238 229 195 219 231 200 208 215 207 198 244 209 204 214 228 233 205 196 217 212 232 237 218 247 221 203 240 242
194 302 223 205 204 229 246 227 245 230 201 212 198 217 195 224 209 244 220 203 233 231 218 202 206 239 210 232 249 241
195 358 247 220 211 232 228 206 231 201 215 245 200 242 243 224 196 234 209 213 218 208 230 239 249 203 241 240 246 217 210 233
196 292 205 228 212 232 199 249 230 231 246 220 222 234 202 204 244 242 237 210 224 214 208 243 207 238 206 221 219
197 325 226 242 218 214 213 244 238 228 247 240 225 237 223 202 230 231 224 248 241 207 205 232 215 212 236
198 383 244 213 209 223 247 207 203 215 236 232 230 218 243 228 239 246 205 229 242 224 225 240 219 208 214 201 202 226 217 241
199 259 238 203 233 201 218 247 213 217 209 207 221 211 202 249 205 232 206 216 246 240 245 212
200 386 213 246 218 206 232 204 210 238 240 241 215 220 224 248 243 202 231 245 229 249 211 239 216 209 203 244 221 227 226
201 355 213 207 214 234 226 219 208 236 202 237 211 221 238 218 230 222 220 247 210 241 243 223
202 267 215 247 205 244 246 230 235 208 234 221 204 242 210 209 218 240 212 222 214 223 248 245 231 225
203 387 210 220 208 207 242 234 244 209 237 219 230 247 221 231 238
204 346 205 231 248 249 240 242 219 217 236 223 233 235 232 207 226 212 246 218
205 370 217 238 225 213 210 229 226 246 245 227 233 228 208 218 247 214 212 223 232 220 231 248 243
206 305 218 210 245 241 228 242 227 233 247 216 208 237 235 244 240 215 230 212 243 249 238 211
207 325 215 217 229 214 234 216 231 232 237 228 241 223 249 224 227 225 210 239 243 219 238 209
208 287 219 233 247 230 240 227 239 225 210 235 237 241 217 223 229 216 236 213 245 234 220
209 451 234 226 217 224 236 225 222 218 231 216 248 210 247 230 219 243 223 228
210 262 219 221 238 214 229 235 247 216 236 227 233 243 245 228
211 271 245 249 212 219 244 217 214 238 247 222 240 236 232 243 218 223 248
212 472 242 226 238 241 228 230 235 231 219 239 221 216 248 220 225 227 243 218 222 246 245 229
213 257 214 218 245 233 232 221 215 231 241 244 239 225 238 242 224 222 248 234 237 236 216 246
214 316 247 227 238 220 244 234 226 231 223 243 245 248 229 217 241 239 216
215 403 247 242 248 221 226 223 219 233 225 228 243 232 220 216 217 239 222
216 281 232 243 236 227 248 245 229 234 239 246 247 228
217 359 237 227 223 241 243 244 228 219 224 231 240 234 225 218
218 356 235 233 249 230 246 223 225 231 234 220 222 226 228
219 285 245 232 223 225 242 247 241 236 230 222
220 263 238 232 245 226 231 242 221 222 244 246 229 227 230 228 249 224 234
221 454 223 249 241 233 228 229 236 245 243 230 226 247 248
222 283 248 236 245 225 232 242 238 224 231 227 230 244
223 279 248 236 249 239 226 243 246 232 224 233 234 242 237 228 240
224 282 238 237 243 233 236 230 247 226 239 228 231
225 439 247 229 245 242 237 226 228 234
226 321 244 233 227 243 245 237 236 235 240 229 234
227 346 234 240 238 241 231 229 232 242 249 228 247 244 233
228 333 233 247 240 249 244 245 248 241 236 237 232 231
229 409 235 236 245 234 232 241 244 239 247 240
230 302 234 247 235 237 244 245 241 240 233 246
231 289 233 237 235 243 239 232 236 246 234
232 356 249 233 241 246 245 234 237 238
233 385 247 234 245 249 236 235 241 242 238 237 246
234 259 243 247 244 249 235 241
235 365 247 238 237 245 241 236 243
236 345 244 248 246 238 240
237 290 248 241 249 242 245 247 238
238 330 248 240 241 249 244 243 246
239 403 247 248 243 246 249
240 267 242 245 249 241 243 248
241 332 246 243 245 244 242
242 412 243 248 244
243 256 245 249 244 246 248
244 289 248
245 362
246 349 248 247 249
247 269 248 249
248 414
249 317
