249 1000
1 318 195 230 113 41 242 17 125 111 129 59 55 149 201 112 110 227 80 198 51 146 221 157 150 104 131 167 180 32 57 164 69 66 213 152 192 92 87 153 139 62 3 132 173 68 185 28 177 141 42 233 20 136 243 117 83 24 108 98 148 235 71 33 45 109 15 64 211 209 114 90 232 118 130 248 218 126 99 9 119 8 140 200 163 2 21 31 240 54 36 120 237 53 91 154 181 234 6 35 204 96 138 88 210 73 214 241 79 165 5 215 225 74 23 12 101 123 194 171 56 172 207 145 161 75 50 128 228 144 219 25 134 103 100 127 183 159 44 147
2 329 182 168 244 177 126 107 113 38 73 94 172 220 6 108 193 225 61 10 39 144 187 111 146 57 86 25 15 9 164 162 217 147 67 97 99 34 121 102 132 101 188 58 148 85 211 208 129 171 249 13 84 131 228 183 17 122 127 81 71 141 52 63 4 210 66 216 69 53 219 213 75 227 152 241 105 154 8 91 214 43 20 36 7 19 145 232 104 30 44 156 223 186 3 62 114 12 175 109 157 28 27 221 201 124 139 181 205 70 191 93 78 239 117 120 233 166 11 234 48
3 353 5 36 72 16 148 25 4 85 7 14 214 6 21 11 84 40 155 197 91 135 69 88 183 65 156 248 96 19 229 141 20 198 53 83 170 31 87 199 110 215 208 82 63 206 75 152 169 13 245 246 225 98 38 239 227 193 117 224 129 147 139 71 86 194 124 106 185 115 249 131 151 134 54 232 103 8 47 163 62 76 52 111 203 17 173 179 222 138 33 73 165 81 137 41 235 45 158 144 112 243 99 113 157 195 93 123 210 9 244 116 161 127 10 43 80 146 67 24 78 172 66 177 105 242 191 56 128 70 58 237
4 271 228 246 216 197 191 165 14 137 223 84 120 218 160 249 182 177 158 187 35 148 167 41 241 16 94 47 208 50 43 149 135 235 217 202 92 69 122 234 229 76 205 111 230 108 129 171 141 183 37 242 81 170 207 159 119 12 176 193 32 71 143 121 243 78 29 31 156 155 184 36 44 244 107 225 51 123 144 188 219 80 75 117 26 8 139 99 201 60 115 101 154 21 52 90 138 103 112 151 128 116 236 45 203 162 56 20 104 152 63 59 13 147 19 240 126 49 224 239 113 34 247 48 22 248 100 68
5 417 172 29 119 161 14 102 212 171 232 236 141 62 28 101 23 107 108 220 189 20 156 37 66 211 149 179 12 248 186 91 97 116 183 57 89 230 238 69 122 159 32 120 100 181 177 130 207 176 148 206 242 61 16 48 157 199 106 160 158 9 21 155 123 205 53 38 104 184 85 239 145 197 98 152 124 95 168 60 151 40 93 115 94 226 46 194 166 7 129 26 249 188 222 173 71 64 234 63 80 216 135 44 110 58 13 153 27 215 136 88 73 167 74 225 198 209 15 208 246 25 109 138 81 237
6 312 41 27 137 240 135 11 52 213 103 12 133 113 203 219 44 169 208 199 46 56 22 161 70 122 89 244 214 53 157 249 230 238 196 102 201 243 204 59 15 190 140 162 126 24 164 236 29 110 95 189 145 187 210 127 197 159 111 223 37 248 130 173 14 233 128 121 177 166 183 60 235 20 119 191 168 179 26 33 72 174 194 205 118 57 200 78 25 35 125 188 178 7 227 49 40 108 47 17 55 202 181 114 43 99 217 36 220 100 96 138 80 185 84 97 117 21 71 88 63
7 303 157 129 20 114 217 192 69 122 66 36 12 21 103 193 35 153 15 104 111 224 206 161 140 108 112 169 14 44 238 121 163 61 223 205 249 158 24 33 48 197 198 141 70 137 37 72 183 155 240 231 126 245 68 151 170 95 213 212 50 215 8 214 162 57 138 118 79 26 244 93 208 101 58 65 211 186 86 83 32 113 25 73 204 177 55 92 248 80 199 242 148 53 77 210 235 89 46 82 136 185 187 52 43 196 247 106 146 201
8 390 238 156 249 226 241 101 71 160 218 18 104 65 152 25 223 79 121 102 27 143 109 57 29 84 37 150 24 82 107 86 164 55 105 167 216 58 46 35 72 179 175 154 44 54 62 217 36 236 187 135 171 11 184 158 43 209 120 117 47 81 96 211 13 23 230 137 125 173 112 185 144 68 195 73 48 16 59 188 108 12 111 207 245 203 182 212 51 38 233 10 148 178 200 122 131 140 115 94 174 139 153 32 134 192 213 90 128 159 124 240 205 201 103 242 17 147 172 228 247 95 221 77 243
9 307 73 174 38 71 18 232 113 88 182 20 234 130 236 151 248 133 138 176 222 158 171 101 187 54 148 30 42 205 202 218 108 168 26 221 167 220 206 186 244 230 242 74 94 29 165 13 239 98 235 191 104 154 226 188 203 170 161 152 207 139 211 107 169 97 184 119 249 131 10 216 245 35 195 201 210 61 125 204 15 95 28 92 118 37 246 193 36 238 34 183 23 164 102 83 17 105 51 166 126 153 160 116 41 149 189 81 159 27 124 77 179 229 224 233 58 122 69 19
10 256 48 56 154 108 152 113 42 30 32 14 58 66 20 160 208 122 167 183 240 97 191 82 109 162 246 209 57 189 175 19 52 215 53 136 124 43 60 15 211 24 92 81 63 145 17 94 155 200 25 214 116 150 243 28 159 112 138 223 106 33 139 85 40 229 61 65 87 205 219 37 98 93 118 144 143 163 171 132 115 140 119 178 213 35 193 179 169 228 137 180 79 147 36 197 80 203 59 104 31 237 177 146 34 64 187 222 75 88 90 29 12 220 70 127 196
11 347 17 235 41 159 200 243 153 52 225 36 213 85 86 78 234 183 221 140 232 90 77 143 45 58 174 46 75 188 216 65 142 115 64 79 12 94 123 72 32 220 92 128 125 124 133 150 178 120 101 24 131 146 184 233 33 248 207 97 205 55 246 113 56 25 57 51 135 151 155 29 132 208 237 37 91 210 165 218 214 39 67 42 26 241 240 199 204 35 13 107 82 66 103 100 166 22 171 170 121 28 27 96 160 117 201 198 136 247 21 158 69 49 19 98 80 209 195 212
12 397 66 26 54 96 23 209 175 123 152 134 14 159 88 82 237 98 171 21 232 109 212 129 158 140 125 85 218 243 79 195 145 188 153 206 78 185 201 13 105 244 60 177 157 92 40 87 42 160 94 80 83 151 90 120 165 179 238 113 198 84 93 143 203 219 225 128 224 189 52 178 207 136 233 24 18 64 33 124 91 110 30 62 117 101 138 46 111 76 249 119 248 187 228 197 154 112 49 114 181 213 103 139 27 174 216 104 236 56 22 44 39 146 183 227 126 155 192 75 72
13 299 80 151 49 214 61 150 231 43 23 14 211 216 190 15 141 101 92 132 57 218 157 199 223 103 137 171 173 207 227 217 235 118 37 78 70 212 102 28 162 159 79 85 24 247 153 69 51 46 193 21 55 191 228 81 236 35 60 172 177 246 127 149 58 75 183 244 65 195 41 44 134 104 27 175 56 241 119 130 116 215 192 112 155 144 209 143 40 135 221 169 188 154 59 185 106 95 161 147 96 117 213 45 110 208 142 245
14 281 59 41 94 30 128 234 136 244 197 33 169 28 174 201 202 75 55 82 203 111 73 26 175 67 149 79 101 207 227 147 200 20 48 241 117 160 221 29 51 236 118 141 22 112 92 64 229 45 15 143 57 184 31 81 131 25 42 109 239 90 208 104 114 181 185 76 163 162 47 158 91 126 243 223 134 54 182 180 74 177 16 125 212 168 17 56 32 89 247 110 133 40 187 85 24 122 226 188 129 148 248 216 116 72 189 70 121 246 87 231 108 164 171 232 120 237 63 179 142 71 62 53 151 146 215 123 214 137 166 44
15 420 105 44 40 147 240 64 97 141 85 117 234 58 170 129 144 161 245 48 205 36 59 192 224 212 180 213 207 204 199 38 128 136 236 209 191 79 54 41 195 17 143 110 70 218 78 124 148 163 57 239 196 174 21 123 227 93 229 62 200 242 215 216 20 91 173 42 210 190 171 51 27 244 221 96 111 118 84 222 167 172 142 101 235 31 158 50 22 160 90 247 92 186 125 248 237 99 63 113 56 246 94 164 43 185 72 37 121 187 133 198 104 65 138 223 81
16 276 33 37 113 151 140 63 235 242 121 31 134 156 94 129 32 241 23 38 26 220 131 24 223 111 174 81 98 136 75 120 79 248 181 21 72 240 118 224 20 167 92 105 65 200 80 213 51 249 18 146 149 145 48 55 86 211 28 187 103 96 160 35 97 138 219 228 189 214 109 77 122 195 22 183 192 179 42 123 205 34 153 95 147 17 47 45 41 206 172 115 76 36 182 186 52 173 170 185 207 25 58 66 70 198 222 169 199 104 150 203 39 204 114 87 227 91
17 351 106 90 137 33 155 247 62 129 208 109 69 46 170 48 89 67 32 188 227 125 108 94 140 96 120 154 70 126 210 28 65 177 184 111 147 104 193 138 150 225 35 130 30 22 206 175 142 86 199 51 39 107 139 217 240 131 171 215 185 79 187 45 75 82 246 201 76 214 151 98 105 36 29 143 55 228 195 124 226 197 180 31 194 167 203 87 80 243 160 157 172 23 162 118 161 135 20 219 144 248 19 231 133 115 209 88 249 74
18 373 136 91 226 79 22 99 196 53 94 152 220 227 244 66 35 103 101 184 168 199 175 26 124 215 181 65 58 32 39 25 211 190 60 64 119 50 201 43 97 191 106 198 157 63 150 108 162 164 180 222 204 83 141 241 20 27 242 228 104 49 21 100 217 77 188 140 174 107 197 210 68 145 221 234 41 214 28 147 247 48 113 86 137 159 47 93 105 59 96 192 29 76 224 208 72 205 172 73 248 90 173 102 155 146 195 36 109 163 23 122 98 212 165 127
19 360 131 114 30 153 222 138 223 61 116 109 102 238 83 237 111 103 176 59 50 112 172 45 122 135 156 55 173 169 194 247 232 51 240 63 148 105 178 73 216 227 144 197 65 98 48 119 211 196 58 233 226 75 166 188 175 161 20 29 177 46 74 195 154 248 205 201 77 44 203 193 118 150 141 242 170 137 86 21 168 134 79 231 215 52 162 136 37 43 165 107 218 217 210 221 239 147 249 132 220 68 104 40 214 192 35 96 157 189
20 289 121 217 62 204 227 249 190 61 222 67 49 195 110 30 91 193 42 92 53 54 123 45 200 117 181 55 46 165 95 78 66 179 230 44 137 41 132 214 84 171 242 75 43 247 167 202 161 166 129 48 32 118 112 139 127 86 155 235 144 64 50 73 225 89 80 191 243 25 58 142 24 90 164 180 122 102 106 38 168 226 136 219 36 238 109 182 239 187 188 154 212 203 74 98 113 124 88 47 244 23 97 56 163 199 175 216 234 35 26
21 351 81 104 239 96 22 78 146 36 163 184 207 149 167 248 109 72 222 56 166 218 64 205 84 188 201 116 227 105 23 65 234 125 112 147 131 90 63 156 140 41 210 229 53 54 221 120 97 138 152 162 57 49 202 226 94 88 69 204 31 155 70 154 118 77 177 157 231 181 129 216 198 148 50 108 119 66 24 48 142 235 219 86 101 145 215 197 30 206 67 183 169 136 79 33 74 37 233 172 114 247 158 209 28 200 87 144 91 153 186 223 199 111
22 412 95 219 51 169 88 72 43 222 136 59 227 157 128 90 178 170 242 25 214 147 94 124 168 34 57 81 56 150 100 99 148 202 209 33 131 91 78 154 76 194 32 205 119 71 123 74 171 102 69 239 135 73 161 140 47 28 200 155 215 144 31 160 40 244 104 129 179 183 180 235 199 112 191 54 143 111 187 206 103 164 224 125 89 217 36 192 156 152 137 181 201 229 211 68 44 114 27 158 75 67 35 79 122 45 70 176 101 113 185 173 39 195 207 63 52 165 130 153 146 98 166 97 61
23 305 97 34 165 80 206 113 110 195 58 131 179 167 170 81 245 95 94 89 226 56 198 199 71 158 152 197 86 36 171 229 104 133 30 168 163 151 73 25 45 52 204 126 182 221 78 246 225 116 29 140 236 237 70 153 240 85 187 143 205 38 154 200 60 186 117 160 180 169 84 218 66 105 46 28 190 57 166 203 64 141 238 223 127 67 96 130 26 224 145 176 213 24 148 249 207 247 211 146 107 37 217 214 33 156 42 175 55 208 109 188 128 142 31 164 76 239
24 283 133 56 212 112 166 199 169 150 45 43 240 44 95 89 176 127 50 25 164 219 202 156 77 191 94 61 178 195 197 129 67 57 183 192 154 42 65 102 159 96 79 123 171 63 114 135 244 34 142 136 51 36 108 107 120 103 222 162 201 58 188 239 203 84 247 174 243 205 139 204 217 246 70 167 138 181 78 88 211 231 210 149 121 101 68 235 165 116 26 130 242 106 76 157 74 216 196 113 170 200 55 193 180 207 214 224 146 40 209 245
25 360 52 51 88 150 74 240 205 161 136 43 39 249 172 72 194 139 133 123 71 118 64 239 84 173 181 65 98 129 241 211 152 140 153 28 170 93 61 79 90 176 165 48 144 113 130 56 246 119 121 120 230 218 167 169 212 138 50 135 58 245 67 62 147 57 126 158 102 155 53 207 217 196 115 200 80 32 191 112 226 97 70 78 197 159 30 85 208 209 178 202 107 186 222 109 111 210 142 73 204 231 201 148 49 96 195 63 162 234 221 122 110 128 228 75
26 347 210 160 115 171 236 109 64 145 182 215 123 240 59 183 57 82 225 87 63 204 79 200 226 148 178 39 34 42 166 127 101 102 48 173 167 121 36 233 185 175 238 224 208 212 188 117 77 172 229 60 177 49 213 152 247 111 186 144 142 151 80 104 100 179 83 241 199 161 135 118 91 242 75 219 221 27 170 93 246 107 97 112 230 244 163 65 67 157 191 44 40 198 201 156 143 169 153 134 195 235 28 126 81 51 216 85 72 248 154 249 222 193 38 197 168
27 293 70 95 170 229 195 116 211 87 204 31 189 171 237 37 146 241 98 203 131 111 215 201 67 74 79 57 82 150 120 48 240 91 183 165 64 119 123 122 118 54 66 197 60 216 71 114 36 62 103 44 45 144 160 184 148 76 126 127 93 129 223 110 102 156 182 212 73 61 179 225 177 188 232 136 235 151 33 85 181 231 113 224 35 100 138 55 101 206 234 39 246 106 193 205 159 155 128 249 218 145 194 244 125 226 190 233 154 90 191 186 239 84 143 196 32 228 105 207 172 178 192 163 198 52 238 230 42 83 59 47 78 40 208 132 104 108
28 271 159 88 106 248 227 180 170 205 111 169 140 214 179 70 82 52 197 207 202 124 135 173 30 43 182 208 73 125 206 92 141 137 161 142 204 157 188 44 230 198 50 196 222 238 144 120 38 90 113 187 243 58 84 80 47 193 236 89 34 247 123 122 245 79 228 95 172 74 241 166 136 41 183 219 171 239 40 132 155 72 218 156 49 184 213 233 128 101 163 114 104 133 143 48 232 51 220 42 100 109 181 36 167 224 148 75 237 81 37 244 225 116 46 138 129 164 61 97 147 54 71 215
29 468 185 196 197 136 121 125 178 249 79 44 146 192 134 120 47 60 186 52 63 32 221 173 37 128 33 159 48 87 201 226 107 220 114 55 148 45 131 244 138 124 166 89 248 97 233 80 175 88 193 78 169 127 111 198 237 202 245 154 58 200 179 212 209 194 108 56 223 129 112 217 142 85 90 191 231 116 95 168 213 102 195 150 187 115 77 133 31 92 239 164 216 51 132 232 110 34 246 67 174 91 144 214 147 230 189 137 243 163 225 130 165 122 81 181 74 66 172 206 75
30 261 44 175 223 193 178 48 89 173 49 57 66 93 141 64 224 196 216 62 84 92 135 218 86 176 32 236 41 136 191 134 83 133 245 238 165 151 168 207 231 243 146 143 181 95 71 47 43 60 160 67 182 177 203 61 88 190 220 120 97 150 206 37 59 247 225 81 235 197 162 161 98 246 227 117 121 156 100 38 76 157 131 87 50 149 217 239 54 171 139 214 198 39 241 248 77 106 166 74 55 105 199 132 42 58 172 201 113 116 138 115
31 317 96 142 90 82 110 209 48 86 75 118 46 217 66 174 51 162 91 247 183 125 190 37 57 216 246 204 62 104 233 230 200 52 242 68 237 38 89 235 234 105 124 130 132 73 49 108 192 65 214 93 231 153 119 184 133 168 92 53 120 170 176 193 181 87 173 129 131 202 167 106 109 58 128 206 60 101 211 160 149 191 244 74 166 148 179 165 221 97 56 98 196 33 134 151
32 358 86 162 130 58 93 87 117 45 70 241 160 89 37 99 74 77 166 199 222 186 184 168 147 150 175 127 123 220 180 214 116 145 49 137 57 90 40 115 169 174 204 227 39 67 105 64 203 138 157 185 170 71 88 195 226 94 161 103 231 244 223 194 50 200 113 68 95 235 65 63 112 167 182 55 61 205 213 128 81 188 207 238 129 33 177 228 109 232 209 114 153 215 82 198 53 165 79 78 54 135 243 212 43 196 75 76 59 181 164 73 201 187 233 69 56 142 246
33 325 160 115 56 240 215 128 147 207 48 109 34 113 206 66 170 104 119 158 224 166 136 40 60 63 70 140 225 195 148 100 77 162 196 87 244 145 43 110 248 233 139 221 174 49 228 131 181 36 236 231 62 79 135 78 82 241 91 121 54 175 191 74 72 86 219 229 159 200 179 75 52 129 124 149 107 217 59 214 223 69 114 198 146 185 99 138 44 234 230 123 85 95 35 220 88 126
34 288 91 204 139 66 244 50 160 205 143 142 119 103 135 145 154 233 202 173 195 237 167 159 207 112 193 191 105 175 82 197 216 118 78 166 198 113 246 188 64 206 153 85 236 84 71 219 162 48 169 178 148 225 172 73 111 45 132 137 212 243 108 163 134 102 229 92 42 77 220 194 180 182 53 75 129 170 98 51 83 126 168 183 38 61 87 238 69 177 109 146 123 152 247 44 151 96 141 76 199 54 186
35 310 205 171 85 82 39 76 193 144 121 124 113 102 96 188 110 90 244 67 123 119 43 166 223 72 139 55 69 130 167 59 232 115 214 87 56 198 174 246 111 51 240 186 149 217 176 199 38 197 147 170 36 142 236 212 122 242 112 230 241 160 47 106 239 103 132 222 215 60 44 196 153 80 189 228 187 158 49 126 131 104 220 46 200 99 249 177 163 58 207 209 165 118 84 234 83 192 109 78 195 233 221 179 202 194 52 248 190 229 168 105 238 41 74 70 218 68 129
36 402 209 233 203 225 84 42 138 137 69 207 217 107 124 156 72 110 234 191 92 211 192 58 208 150 40 158 183 221 123 106 210 82 66 201 167 130 98 224 91 62 80 136 239 78 96 118 105 135 222 67 57 87 47 240 125 247 248 55 157 226 120 160 140 241 95 39 198 181 228 249 46 50 155 71 104 171 48 37 200 169 43 186 149 223 73 195 172 53 165 131 148 197 242 230 86 229 214 121 49 163 56 68 199 206 177 196 111 85 212 81
37 321 172 94 229 171 180 213 188 190 98 169 201 200 203 111 132 99 151 143 70 104 106 194 123 102 210 235 73 101 214 46 78 50 56 204 223 107 71 145 159 105 115 168 158 92 89 54 82 212 60 47 216 86 189 165 58 196 202 184 142 181 45 83 198 85 117 177 127 183 231 236 248 59 130 187 133 61 197 64 193 69 139 234 160 146 208 228 134 118 192 166 122 138 174 227
38 426 240 70 46 62 203 161 135 101 195 165 131 109 229 87 174 59 145 233 159 76 193 148 47 150 156 230 222 170 113 237 85 247 105 154 126 43 208 239 232 89 246 196 209 191 58 201 40 179 116 207 137 90 234 224 167 211 149 93 183 75 82 100 235 153 115 249 189 228 53 91 164 236 192 60 190 178 73 108 155 200 146 245 128 71 67 226 204 97 106 102 94 129 238 152 143 122 213 84 52 68 63 197 205 182 142 231 119 160 223 141
39 253 190 157 100 99 220 61 167 193 52 150 237 113 64 140 181 208 226 139 45 230 106 149 233 72 169 244 41 228 54 189 42 104 81 236 115 200 136 67 218 90 114 217 44 212 55 98 47 209 122 121 117 82 125 214 205 239 232 227 103 187 186 146 160 48 138 126 204 112 162 73 165 171 46 80 128 191 119 213 75 62 131 83 178 172 124 85 133 155 229 158 145 59 199 135 49 221 68 247 71 60 195 87 154 223 107 111 148
40 255 199 62 75 162 215 183 91 120 88 160 139 49 109 94 70 221 149 106 168 154 241 225 201 205 219 169 111 216 89 50 67 66 153 68 238 186 76 195 152 220 110 45 194 47 191 126 198 193 246 181 124 108 232 119 146 112 41 192 114 248 227 218 73 123 207 135 81 155 184 166 133 203 95 71 60 93 42 209 97 245 92 145 82 121 228 187 174 103 86 46 229 208 79 116 226
41 433 241 151 233 234 123 239 183 153 146 230 80 68 160 161 52 244 99 170 109 118 49 142 45 78 176 206 157 240 139 85 74 58 193 82 100 138 211 247 182 189 245 164 121 148 236 159 180 150 44 158 192 112 81 165 246 152 117 235 195 67 62 224 76 144 56 57 184 217 107 134 75 238 155 197 229 171 65 145 243 50 79 168 47 188 113 106 51 208 61 126 203 248 77 198 232 90 53 231 212 66 190 223 87 131 196 108 167 72 213 116 88 97 210 110 83
42 312 60 188 142 62 50 103 240 115 123 80 114 113 120 199 224 177 135 190 122 192 74 136 134 221 187 197 132 164 79 109 95 51 220 226 53 70 180 88 99 110 82 154 59 118 207 75 201 100 143 184 194 183 58 208 104 121 167 91 81 138 43 182 127 101 150 173 161 65 223 116 242 96 125 111 229 191 204 76 174 131 63 84 157 162 145 105 232 52 214 89 233 133 56 243 202 216 71 176 151 92 102 139 83 47 181 117 130 210 90 54 231 169 212
43 419 184 114 150 88 81 148 161 191 216 146 78 227 169 117 175 104 47 60 132 46 241 249 111 119 125 172 176 63 204 233 240 64 62 210 134 53 121 181 196 87 162 137 140 160 102 170 164 61 149 124 100 179 158 171 224 107 144 143 157 168 182 103 230 203 108 118 93 152 154 214 126 186 239 74 98 244 200 167 82 198 142 94 220 185 97 159 178 133 115 122 72 110 106 217 86 109 49 199 219 234 165
44 256 223 191 109 146 88 120 93 72 121 47 144 79 248 188 65 242 152 138 202 200 161 181 227 74 159 131 141 85 208 104 174 68 165 89 105 185 71 135 126 61 225 220 56 115 130 178 249 210 247 230 60 215 147 170 69 158 63 231 78 45 94 224 241 100 70 145 51 154 150 96 201 173 49 196 163 113 123 205 127 186 184 183 232 143 206 180 99 122 175 142 246 139 243 198 216 98 169 124 92 80 151 218 157 66 190
45 325 81 94 142 227 199 137 165 224 174 221 115 99 186 141 218 160 70 176 157 131 111 136 169 77 48 106 114 73 108 119 167 146 95 147 189 202 233 190 62 213 74 230 88 247 121 234 198 117 89 92 179 54 122 161 153 93 231 123 82 154 209 205 66 196 178 145 135 219 226 58 188 139 246 172 71 242 138 69 228 85 63 177 214 208 236 49 59 201 76 204 235 185 206 134 47 86 116 46 184 244 51
46 448 215 226 143 72 91 220 181 203 242 78 122 95 153 239 237 236 197 179 173 193 55 74 205 208 190 85 227 136 48 157 212 174 116 170 123 133 235 210 120 149 132 51 163 68 175 124 192 84 57 47 223 172 59 230 183 50 240 231 155 67 100 154 102 144 206 71 156 104 75 128 162 137 99 182 211 69 112 199 249 185 106 178 219 140 145 81 232 201 158 225 98 58 188 221 135
47 301 145 215 128 230 212 101 227 213 244 75 99 113 66 111 181 132 172 160 93 72 88 207 224 58 115 202 183 216 104 176 124 234 76 245 150 135 228 237 233 74 187 129 57 153 106 121 48 201 200 51 232 154 192 50 195 65 137 84 49 203 62 155 210 161 223 144 120 89 107 70 80 208 133 162 81 243 117 164 90 194 116 64 166 179 173 136 56 214 249 193 52 78 95 246 105 94 188
48 251 244 138 211 58 169 137 206 146 226 140 130 245 104 118 89 222 57 201 189 68 160 157 174 96 93 59 141 166 139 101 85 171 91 117 170 181 246 70 214 156 109 54 150 86 182 218 173 79 92 74 212 225 147 94 235 163 106 60 90 61 216 116 50 62 209 178 135 148 165 220 142 134 84 172 97 76 219 167 63 151 49 223 128 114 239 213 188 207 105 103 75 184 108 193 132
49 375 127 130 119 229 220 101 131 212 124 154 169 126 153 200 62 171 70 59 125 110 219 227 82 164 138 187 112 79 99 208 209 190 146 188 128 230 233 123 81 249 166 168 139 149 161 167 239 226 118 148 180 238 58 98 129 202 199 178 60 95 221 215 122 205 194 224 243 133 157 87 211 213 231 162 151 56 143 140 152 85 84 103 248 245 105 192 183 77 52 97 177 203 204 142 53 189 88 51 144 141 236 237 75 67
50 366 67 125 182 153 239 139 161 82 166 228 221 60 93 229 88 128 77 54 234 51 127 172 122 108 148 199 196 121 66 81 227 145 75 94 205 210 159 248 120 58 110 170 193 157 207 188 155 156 168 74 90 186 184 61 190 62 107 232 104 68 242 56 218 247 246 160 219 150 116 169 177 220 97 129 53 179 213 57 142 101 163 197 191 236 69 89 112 115 126
51 259 68 56 190 166 66 214 174 248 86 247 196 170 198 99 180 121 93 133 188 189 237 159 156 91 225 92 69 215 75 54 221 177 107 77 245 67 218 104 154 227 211 182 74 223 128 113 173 147 87 114 97 155 212 105 116 171 110 232 184 193 71 194 64 151 242 123 130 244 158 205 55 191 127 163 57 222 167 160 229 213 179 197 219 122 72 98 150 203 157
52 388 183 211 186 201 91 118 160 81 225 193 227 57 141 217 184 233 241 109 156 58 130 101 55 206 102 187 208 99 169 75 110 143 239 170 105 90 173 163 139 207 106 205 172 89 157 178 134 93 100 232 222 194 96 95 123 190 203 181 202 66 199 249 62 158 230 152 149 82 80 78 196 137 242 218 140 86 221 226 237 174 73 124 128 113 79 188 236 76 63 70 69 61 94 74 166 161 136 115
53 326 170 127 168 185 159 247 244 198 67 70 235 191 221 138 107 173 94 154 212 142 166 113 177 183 91 134 95 187 211 147 101 158 248 194 186 222 195 190 153 163 114 54 184 189 171 131 161 164 125 130 204 157 230 179 237 88 109 246 201 226 245 104 73 115 215 220 232 234 227 102 56 106 64 208 79 178 193 110 123 122 77 225 129 236 148 85 156 205 209 231
54 286 241 91 202 237 189 200 225 246 103 107 206 203 87 197 117 216 102 146 65 245 60 88 124 159 213 211 135 174 152 185 208 218 220 55 97 113 129 164 190 167 119 154 133 169 249 143 179 71 139 223 210 247 63 105 236 182 172 239 198 177 79 181 243 201 57 77 81 165 233 205 92 138 149 230 187 244 111 219 82 101 184 122 76 173 194 162 72 221 131 106 145 78 89 80 61 136 62
55 292 137 129 146 169 116 142 133 163 156 83 128 75 112 233 181 202 220 159 65 230 206 109 127 117 64 245 99 135 187 150 89 219 203 114 247 209 173 103 240 177 105 98 215 126 223 191 199 153 71 140 170 232 212 88 221 235 239 119 210 56 242 74 121 238 154 161 106 120 231 82 108 110 87 147 145 192 91 122 244 197 227 73 60 81 241 249 229 85 111 186 216 180 79 213 123 63
56 396 134 233 113 240 170 199 64 66 85 67 175 100 102 168 77 201 115 75 248 147 118 157 182 61 76 185 189 218 191 116 193 123 106 68 247 196 158 103 129 92 58 165 246 86 210 101 156 112 126 213 90 207 93 197 225 137 155 190 98 125 219 243 153 122 110 120 119 176 150 221 159 183 229 148 117 179 249 57 217 74 81 166 94 241 164 138 208 133 236 104 211 162 72 195 121 59 192 239 160 186 109 226 71 107 232 204 128 245
57 312 153 235 88 107 248 72 243 141 187 105 233 160 149 124 209 226 109 73 152 196 100 67 112 205 78 94 58 127 240 223 224 130 156 227 123 102 168 190 163 84 204 188 150 180 81 247 140 216 83 110 208 59 237 74 144 221 116 220 159 162 178 242 85 231 177 218 131 134 198 69 249 135 202 229 97 148 170 68 217 158 120 87 176 167 174 98 230 63 192 86 161 241 197 103 165 143 62 203
58 302 160 180 244 97 210 214 187 208 178 236 60 206 73 72 122 108 219 164 128 119 204 161 170 198 183 130 221 138 173 152 223 112 245 103 195 242 153 62 127 68 248 96 230 74 94 171 202 92 76 100 126 129 101 176 177 111 162 113 150 217 151 143 193 175 169 227 104 114 106 142 238 234 247 59 168 225 131 144 218 116 207 188 141 99 98
59 342 204 100 173 169 106 115 89 171 63 244 87 159 203 82 198 150 181 187 242 131 77 60 216 124 160 157 127 249 208 225 66 188 177 70 155 236 229 190 193 95 141 194 128 184 199 240 211 69 172 140 125 163 245 61 101 248 167 239 158 138 182 174 179 142 151 202 90 93 223 80 120 162 231 126 148 154 217 238 108 137 112 75 227 123 139 178 170 98 222 161 71 220 105 122
60 356 99 125 95 232 141 168 204 79 98 195 150 212 122 193 234 73 208 184 213 203 243 89 160 137 76 75 215 93 82 237 96 145 148 239 92 224 218 179 236 188 114 86 111 233 120 206 135 124 127 230 176 67 126 219 65 189 244 169 157 247 210 192 84 80 69 170 242 211 155 166 70 78 121 223 71 229 113 194 186 133 131 228
61 401 210 192 240 92 235 79 77 87 131 107 84 100 127 76 144 164 145 222 73 196 177 245 211 116 200 69 185 153 186 91 171 199 167 134 124 148 243 169 197 80 146 121 220 104 109 170 62 129 206 218 105 246 122 207 90 231 112 217 93 224 223 95 174 219 151 228 139 103 226 114 72 181 236 82 212 64 83 158 67 152 249 111 184 166 232 221 94 66 150 201 162 137 157 161 140
62 346 184 157 92 88 242 66 117 152 209 238 96 107 226 208 119 72 98 101 166 233 181 123 237 67 222 84 155 110 239 141 240 235 68 122 187 180 142 65 218 183 163 76 197 229 135 85 219 171 193 156 106 151 150 198 190 120 241 94 223 63 109 82 244 77 86 97 143 185 146 221 220 83 134 69 176 159 234 148 125 191 74 102 129 230 182 118 227 211 95 131 248 114
63 253 146 96 235 133 72 112 130 162 90 248 175 210 179 229 132 225 249 238 122 241 93 189 139 76 66 136 159 181 227 88 213 104 105 165 75 239 214 143 245 246 85 74 226 230 186 166 108 164 247 91 102 170 158 137 68 204 129 64 220 131 70 193 237 141 199 92 171 172 148 187 223 73 190 191 110
64 304 199 133 204 154 128 147 194 157 149 96 103 155 195 131 122 214 156 222 127 93 201 185 197 206 90 109 72 205 124 138 247 66 186 184 94 218 91 73 99 116 104 175 146 85 219 174 242 136 246 102 188 213 112 130 95 119 81 114 139 97 166 74 220 233 210 234 79 140 239 240 152 129 221 168 172 196 202 217 223 118 209 164 117 132 216 211
65 411 211 187 216 129 174 199 162 236 78 112 224 237 196 148 141 182 139 101 119 68 85 209 186 133 108 246 124 142 98 161 201 175 180 163 231 249 145 188 220 218 70 184 185 233 159 195 88 103 118 95 114 226 164 76 97 87 136 80 123 146 157 117 179 110 169 116 172 90 167 82 93 130 143 230 84 86 225 248 190 156 191 150 92 128 104 102 200 105 234 131 214 134 113 178 223 239 111 243 212
66 285 108 196 248 103 77 137 161 138 142 228 170 209 171 118 225 96 136 79 220 69 132 197 76 139 129 211 121 247 68 82 190 249 145 130 116 178 95 143 219 224 111 179 243 214 159 141 80 158 215 245 194 191 100 119 181 176 113 83 242 135 115 157 193 172 112 98 97 120 71 92 75 90 229 208 189 148 99 102 217 216 131 81 101 235 91 207 88 165 231 218 78 125 230 201 160 188 67 156 127 86
67 320 228 230 220 249 140 208 225 146 165 93 129 92 127 96 177 187 163 123 71 135 131 82 203 74 153 75 169 247 159 130 231 212 69 145 174 134 156 72 108 77 170 102 176 172 246 223 149 210 184 84 117 244 114 197 227 195 112 178 150 101 171 204 86 91 94 103 168 115 219 245 125 186 85 173 116 243 233 120 237 202 136 118 97 104 234 164 215 109 180 147 216
68 371 143 235 233 95 212 223 123 241 207 125 107 234 242 249 77 150 131 177 82 140 129 114 71 209 246 245 147 221 199 133 182 90 173 188 141 152 184 74 137 248 215 175 230 89 81 193 80 217 203 222 224 139 220 162 70 229 183 205 240 101 244 127 186 238 208 117 91 78 138 196 98 145 237 79 151 116 76 195 161 168 213 200 158 85 232 149 92 174
69 309 185 196 95 157 162 93 117 70 101 191 232 182 113 169 92 153 73 94 221 125 104 76 161 114 211 212 243 140 85 174 213 236 159 127 144 150 86 210 180 109 234 184 74 173 187 217 160 218 151 83 167 215 188 198 119 108 138 249 96 107 246 222 134 129 100 79 178 163 102 118 239 175 80 158 110 183 177 200 122 229 231 146 154 181 199 223 120 240 82 227 128 245
70 272 180 104 232 84 228 96 219 220 242 99 224 132 231 139 234 155 208 166 201 80 110 147 213 221 237 138 127 146 108 183 207 214 87 187 204 149 100 135 229 245 117 86 81 109 212 75 233 114 107 136 168 158 222 144 72 169 131 225 215 175 152 164 123 230 124 133 197 88 118 243 193 85 246 74 140 112 77 79 95 163 153 90 126 91 121 113 226 249 97 94 71 145 116 185 195 170 235 240
71 260 95 202 180 165 228 221 88 237 102 198 115 107 125 226 135 219 141 218 136 232 110 161 155 210 215 160 123 138 164 175 169 174 91 231 134 207 93 248 208 96 242 149 130 127 245 97 185 133 240 241 144 187 151 129 196 119 116 74 189 148 179 233 139 191 154 212 247 205 117 128 114 153 238 230 243 214 77 201 137 100 152 167 197
72 468 230 199 131 202 235 136 179 194 172 170 183 245 207 80 188 130 98 227 85 163 104 102 204 132 239 218 246 157 186 108 167 160 77 149 94 208 103 220 105 174 164 249 156 93 190 238 113 175 99 206 111 161 158 78 203 75 81 118 134 171 115 162 237 236 138 151 223 240 193 145 153 248 176 211 133 195 76 127 88 147 155 225 92 241 209 231 222 124 143 73 159 126 117
73 255 213 128 219 85 118 192 177 151 232 247 216 223 236 139 137 126 240 242 144 167 153 188 196 101 125 119 98 191 77 114 82 133 237 239 76 243 110 205 165 193 147 94 87 146 107 136 138 228 160 179 178 182 214 249 168 123 80 158 143 149 157 200 169 241 115 75 181 130 106 222 122 185 204 83 121 96 198 246 113 176 97 127 84 140 245 93 95 117 124 189 105
74 427 160 162 181 123 86 153 76 146 202 108 232 200 207 122 140 141 222 110 101 148 168 226 121 136 128 249 118 152 170 231 106 175 172 137 107 239 104 133 150 225 240 229 246 120 203 109 184 85 100 157 242 131 127 114 143 241 192 189 176 158 201 144 83 206 147 151 167 138 190 154 219 174 218 215 111 134 237 89 227 95 211
75 318 208 207 101 115 244 96 215 179 133 167 199 248 144 143 139 155 176 218 180 160 203 192 224 205 223 212 193 138 216 240 116 186 113 105 230 77 243 89 210 187 209 242 120 239 158 148 232 92 126 169 137 127 196 149 151 129 222 150 106 140 82 189 177 84 99 227 235 153 132 157 175 238 171 156 231 197 237 166 184 103 123 121 131 245 236 100
76 418 193 234 236 166 77 93 175 130 205 106 223 79 225 209 247 170 141 182 232 248 124 202 213 176 99 120 126 211 142 119 181 80 115 139 110 189 146 94 199 207 184 227 113 154 97 237 108 242 78 216 197 167 117 180 190 85 131 128 122 241 134 136 161 215 133 159 158 96 164 162 129 111 104 82 204 103 171 156 217 107 149 228 87 155 121 123 231 240 144 127 172 95
77 296 165 144 164 238 109 80 153 248 244 83 93 197 196 91 113 132 190 125 227 140 141 210 169 206 189 105 211 198 81 205 87 108 122 214 85 199 124 242 245 155 222 247 111 237 162 217 226 170 184 114 104 84 78 240 131 142 173 163 145 246 86 185 174 187 149 201 225 92 97 157 219 209 152 183 159 134 230 121 95 102 160 178 182 156 204 119 180 224
78 286 85 158 213 239 208 94 118 163 187 240 141 127 157 119 189 159 101 222 235 109 120 154 98 137 142 148 103 133 135 243 105 231 228 179 177 167 129 225 132 93 91 193 149 160 112 182 247 153 92 113 168 242 123 102 96 121 244 200 84 169 156 166 211 108 241 188 206 216 186 86 130 122 89 248 95 249 99 87 145 224 97 217 173 147 220 143 204 209 183 140 246
79 278 247 182 249 106 206 225 146 151 133 194 89 87 129 102 240 128 199 220 213 158 92 226 233 147 101 155 145 126 154 156 177 248 227 88 118 120 212 205 170 96 175 168 100 242 211 97 140 195 107 224 223 232 123 176 125 141 178 238 122 114 150 157 167 165 169 180 234 134 235 85 186 214 192 236 127 161 139 217 222 124 198 196 148 84 130 219 149
80 271 153 139 240 83 209 99 243 229 233 218 225 217 129 213 207 230 119 236 159 216 205 150 154 241 187 239 215 95 201 102 245 197 158 231 183 123 164 156 128 221 141 204 188 202 248 134 238 125 137 161 106 176 109 228 173 126 174 178 211 104 171 212 180 168 93 203 192 145 117 235 234 172 121 132 151 177 196 94 246 227 163 113 244 103 97 116 184 82 237
81 451 127 100 82 164 91 138 240 126 183 162 122 120 158 147 148 134 163 173 226 199 86 130 116 172 98 171 216 109 184 234 170 103 245 223 175 152 137 203 187 218 125 198 202 88 102 160 191 231 190 85 169 142 97 215 166 115 136 213 186 83 248 144 113 149 87 176 168 107 143 232 165 92 124 196 211 131 90 193 239 209 224 141 220 182 212 247 189
82 263 211 199 90 231 157 162 86 217 112 172 229 132 216 189 209 150 126 97 145 161 123 153 156 210 174 111 241 93 99 184 85 102 106 141 200 236 134 131 160 192 242 239 137 151 219 168 240 182 130 113 202 147 179 139 149 143 103 107 183 104 232 95 140 88 144 186 133 196 164 120 187 138 208 203 188 148 87 158 175 146 222 205 197
83 460 221 198 89 155 196 116 217 223 126 147 225 90 203 172 190 107 119 139 209 242 243 237 152 171 229 162 227 218 180 215 213 199 247 120 95 94 212 220 219 118 140 240 191 115 127 238 245 179 161 205 193 156 153 99 138 211 234 108 141 192 104 84 151 210 181 186 93 142 177 194 101 87 129 100 226 233 109 91 110 137 103 160 175 202 150 183 143 132 230 208
84 277 112 124 221 135 154 211 217 195 162 206 141 98 204 119 190 187 239 220 225 161 159 224 138 87 192 208 249 155 106 133 95 194 243 89 110 86 209 205 139 178 183 111 117 248 191 134 189 238 108 198 88 233 151 113 126 218 246 101 144 128 247 214 212 85 116 175 123 118 121 168 241 226 219 179 102 153 100 174 164 215 93 115 150 125 186 173
85 264 118 209 113 107 163 129 146 202 187 142 143 102 237 145 93 172 232 199 100 155 134 222 203 238 90 165 233 101 98 249 126 236 196 178 154 141 97 150 125 205 241 176 182 124 138 104 121 92 230 173 158 220 231 217 130 171 95 179 96 133 221 160 206 175 212 151 169 170 119 94 226 213 91 106 198 207 88 190 188 246 122 235 228 200 239 204 224 214 211 248 227
86 321 187 116 117 222 195 138 106 110 151 133 134 188 234 154 165 201 178 196 107 130 245 242 88 148 205 186 127 136 158 215 244 164 169 87 170 90 246 96 115 171 157 243 149 203 232 180 230 192 238 199 159 100 143 216 113 104 131 177 213 145 141 198 231 166 126 189 211 207 105 109 202 125 121 150 140
87 415 222 120 225 144 128 157 111 228 151 217 214 108 178 241 221 206 126 227 100 93 158 117 89 118 124 114 240 171 176 140 125 246 208 173 101 164 239 244 123 145 96 134 116 190 202 129 161 98 201 102 97 169 212 234 180 210 192 148 216 122 207 166 191 88 193 189 147 149 224 99 133 187 220 200 186
88 344 153 208 127 227 228 90 170 96 142 195 184 207 239 216 175 155 141 166 188 108 215 180 182 100 191 172 138 210 140 159 137 134 214 234 219 120 129 146 246 152 133 211 122 213 212 132 203 197 189 119 106 121 150 103 143 117 233 223 97 109 238 130 101 114 217 221 160 237 229 128 177 165 178 89 198 249 135 187
89 338 142 106 136 208 229 217 172 119 143 149 140 163 147 194 198 160 241 206 155 234 101 114 113 181 243 117 135 180 189 197 125 132 103 110 111 218 227 199 231 92 156 97 134 170 183 144 133 237 168 164 211 122 171 128 185 126 94 93 137 212 120 115 221 226 190 245 213 239 138 153 223 102 150 107 173
90 318 103 208 104 108 93 239 236 140 237 217 131 188 161 228 100 126 153 158 110 173 106 193 156 138 136 114 244 226 151 174 152 94 222 116 107 216 165 169 202 225 160 189 148 122 144 238 206 121 163 181 95 233 205 145 99 154 175 135 97 109 224 220 187 113 198 186 127 221 196 112 234 201 146 245 218 192 132 115 230 210 235 125
91 263 177 192 178 113 209 240 170 109 167 148 158 249 108 137 173 161 228 232 203 207 174 140 235 180 200 193 204 231 96 248 218 176 216 245 141 98 129 122 132 183 130 237 150 220 100 143 189 169 181 233 123 124 198 238 116 247 171 145 101 224 206 142 115 225 105 208 179 166 241 119 184 244 195 155 246 194 236 221 191 205 239
92 323 98 97 229 210 156 194 110 108 116 183 152 150 117 248 196 140 106 244 175 170 155 236 153 122 130 180 120 95 146 127 142 115 235 129 204 207 96 119 242 249 245 206 179 160 162 103 182 101 189 222 224 220 166 203 216 111 157 100 201 230 174 177 169 202 148 186 121 143 188 161 135 197 104 159 137 185 114 247 246 195 226 213
93 414 171 194 235 230 172 205 173 227 240 134 212 110 96 151 125 147 149 233 162 102 223 122 197 156 142 247 174 199 140 241 248 143 104 201 179 100 99 208 195 109 145 155 215 188 249 136 234 180 101 152 245 166 228 148 133 192 120 98 95 132 170 244 181 165 131 135 103 108 164 138 196 206 116 218 236 229 226 169 118 150 246 209 176
94 301 147 95 179 128 196 96 170 192 229 228 186 176 159 142 194 175 111 157 233 236 171 178 143 209 107 118 115 217 211 181 163 158 222 218 103 134 132 230 133 207 139 204 247 165 239 135 242 104 130 202 117 154 102 112 212 203 164 125 244 168 150 119 105 152 121 187 151 148 237 249
95 427 150 170 216 230 234 193 147 192 164 172 237 213 244 190 109 96 134 138 98 239 108 199 118 107 153 133 174 159 137 205 249 167 243 130 182 171 183 247 214 180 148 197 112 143 194 186 132 202 128 120 223 131 116 124 179 151 123 226 210 117 99 145 105 102 168 248 231 97 146 225 209 142
96 272 146 186 145 116 105 197 231 110 227 140 195 189 150 199 194 149 171 245 183 224 134 167 249 114 219 168 217 247 126 156 196 161 170 188 143 220 108 120 214 182 136 180 208 172 98 205 248 160 207 138 139 104 210 209 165 154 238 119 164 144 216 187 155 237 185 175 236 112 152 159 225 141 131 198
97 262 208 109 121 138 162 167 206 174 126 192 127 186 216 135 230 187 189 145 195 243 102 125 152 115 120 204 154 220 116 101 164 172 191 124 136 151 100 182 180 157 137 171 249 194 233 205 143 128 99 219 248 153 169 200 196 98 103 146 178 181 238 163 111 168 236 231 141 184 108 159 224 106 193 247 147 122 213 170 112
98 315 122 170 168 112 133 127 247 244 245 156 219 172 200 230 217 165 144 160 109 145 143 167 206 194 183 214 236 180 120 135 163 225 177 108 164 147 198 233 159 201 224 226 128 111 175 105 195 150 207 232 196 212 187 139 149 189 238 181 235 208 102 130 209 124 178 223 154 114 166 169 113 107 118 171 229 203 157 162
99 423 161 179 125 134 244 169 188 118 222 158 148 176 189 241 186 123 174 112 171 214 141 151 153 177 173 147 192 149 117 180 231 202 168 184 191 206 233 114 175 216 154 110 245 212 242 116 190 182 183 218 170 235 121 150 137 143 209 196 227 203 219 152 178 248 204 243 111 136 140 194 115 200 220 139 234 138
100 267 239 195 225 185 209 174 223 226 172 182 154 170 168 228 153 134 119 109 173 138 216 140 235 127 178 152 116 184 187 160 183 143 156 207 231 188 104 164 224 186 118 162 247 144 161 202 101 132 122 248 146 136 175 197 237 115 133 110 108 158 204 142 236 201 135
101 458 214 139 143 114 142 241 239 192 177 204 135 238 215 133 188 117 216 213 175 125 245 195 103 121 146 217 242 102 173 229 136 172 184 132 131 197 178 124 220 196 155 232 150 138 179 233 106 116 115 130 154 163 119 111 198 223 169 189 122 134 230 191 208 203 110 105 228 108 107 207 248 181 205 164 157 206
102 275 223 209 237 241 175 129 225 226 155 142 118 208 190 121 133 169 186 152 110 210 114 181 204 140 245 136 179 239 150 111 116 149 132 128 131 201 203 176 144 184 151 148 249 164 207 212 234 147 183 166 180 165 216 122 213 113 108 194 214 228 130 200 174 124 215 105 146 197 188 244 104 232 246
103 328 193 160 128 132 179 152 149 148 135 114 153 129 183 172 218 138 180 189 144 126 222 158 150 233 141 226 118 185 117 125 229 210 249 116 154 157 166 156 123 207 165 111 134 213 220 211 177 184 204 240 192 107 199 139 232 173 174 228 190 208 181 105 133 124 109 131 112 155 159 176 227 162
104 326 246 162 112 205 149 115 179 175 129 176 242 153 168 105 116 134 152 200 154 119 133 201 210 212 128 125 211 124 164 117 233 203 221 248 170 127 222 166 240 192 177 135 197 232 229 183 151 113 186 208 226 110 161 224 146 150 245 189 114 184 148 147 130 218 206 219 187 169 231 106 123 237 214 235
105 346 249 149 184 185 207 166 176 226 246 169 165 242 167 137 174 161 228 118 248 143 181 160 204 173 235 156 224 113 215 234 241 238 212 236 123 129 217 208 122 132 237 108 158 230 134 233 120 163 142 164 186 148 195 119 124 106 219 154 128 183 135 205 178 116 206 139 209 193 225 138 112 150 177 162 243
106 253 197 174 149 162 213 120 124 188 246 109 223 217 138 203 145 214 229 140 147 142 134 122 182 126 117 247 238 161 139 201 133 204 222 158 112 143 167 148 137 164 179 127 125 110 234 219 171 248 169 170 194 215 243 155 230 231 128 144 175 132 193 153 206 159 236
107 261 209 202 207 138 108 126 216 245 110 136 150 134 170 195 172 124 191 155 159 232 122 238 229 230 174 177 231 123 153 151 169 129 208 201 193 233 173 204 205 118 168 249 156 166 227 140 241 185 176 119 146 188 139 145 175 171 137 132 158 196 242 220 247 141 128 162 165 135 114 236 117 198
108 486 235 249 205 122 246 181 188 222 238 172 214 116 138 163 183 176 199 151 112 211 148 129 231 160 212 180 114 165 178 161 240 227 156 144 207 139 185 117 196 159 175 171 202 124 237 155 198 157 204 248 215 219 143 216 184 109 134 217 221 174 111 236 241 242 166
109 478 180 115 116 210 234 182 231 126 139 135 117 147 243 179 224 174 144 208 195 232 223 161 248 151 133 181 212 197 125 177 221 136 240 186 141 153 128 201 127 167 163 194 206 164 183 238 220 118 131 138 211 165 159 199 192 166 198 156 173 172 218 187 200 245 241 142 207
110 255 241 192 203 111 154 235 236 130 230 177 226 219 248 126 180 151 157 231 168 206 239 119 191 158 249 175 125 247 143 136 112 123 162 169 129 156 198 124 176 233 218 145 153 229 222 186 140 190 211 193 135 216 240 210 147 155 202 188 232 246 134 117 173 152 221 189
111 267 217 243 228 224 144 209 184 147 146 226 245 112 196 165 164 235 212 192 218 127 123 157 130 171 190 152 194 195 185 238 236 203 151 201 134 132 193 137 115 240 180 117 142 225 191 197 122 200 186 249 220 207 145 247 155 181 140 126 233 153 120 205 141 174 156 244 116 118 124 246 208 167 213 136 198 154 242 169
112 371 198 248 130 172 239 244 210 197 207 116 242 149 131 143 221 236 126 222 125 158 225 132 189 139 227 180 160 113 178 217 165 191 241 220 154 211 184 155 205 167 115 192 136 124 140 153 190 135 162 200 206 118 121 204 169 234 247 119 213 156 214 151 114 235 230 157 249
113 265 164 243 133 120 196 204 244 127 156 148 157 241 132 216 193 210 169 184 118 173 150 194 168 186 158 200 170 152 134 137 121 189 212 167 174 154 240 171 182 122 245 181 114 238 227 116 239 205 125 218 179 221 191 123 151 207 160 140 198 190 209 139 149 180 183 233 130
114 364 227 205 144 119 124 208 243 161 160 132 174 237 241 175 225 156 210 116 138 151 172 206 171 226 187 207 148 166 118 202 137 142 133 164 197 145 162 125 143 248 170 157 215 247 139 135 128 239 165 192 203 131 158 195 238 169 168 127 141 222 182 235 122 189 216 209 194 218 126 159 242
115 415 180 132 178 196 157 243 131 220 217 195 134 229 240 150 170 154 127 123 206 230 160 233 193 223 226 162 182 173 153 121 192 155 235 200 189 179 204 188 245 209 152 224 174 176 190 118 175 136 128 227 238 222 161 146 246 129 120 140 197 158 231 159 138 185 122 135 244
116 320 134 189 202 154 228 217 225 135 219 229 183 176 184 144 178 185 243 200 146 121 139 137 246 188 128 143 163 174 165 244 216 224 197 142 169 181 132 153 145 147 168 173 133 204 125 235 236 159 122 203 190 215 210 232 213 164 222 117 201 170 158 206 150 130
117 265 132 172 149 170 213 232 176 171 217 164 158 236 165 120 201 163 222 207 204 223 231 220 187 141 242 127 240 233 219 168 169 147 137 195 145 135 162 178 175 146 205 237 118 154 190 133 167 180 197 234 193 161 152 214 157 212 124 199 185 184 221 241 248
118 308 130 230 122 129 134 119 149 205 163 147 238 170 159 187 145 216 183 229 146 198 210 226 160 239 208 131 155 203 196 173 221 249 143 166 242 142 179 232 167 191 193 206 164 200 133 123 137 194 223 148 188 136 234 141 209 157 184 212 126 207 224 201 139 243
119 259 130 138 214 131 212 200 223 196 199 128 191 171 198 241 160 156 164 240 127 216 192 237 141 148 158 190 159 193 129 185 122 154 143 150 163 151 149 218 168 238 181 207 162 202 243 173 169 213 147 222 245 229 227 230 153 180 175 239 228 121 203 234 246 211 215 188 123 135
120 433 219 247 165 151 211 173 126 212 236 199 146 171 188 177 167 148 123 150 159 214 248 191 244 175 184 245 210 158 224 160 130 229 168 201 230 243 155 187 121 208 161 137 198 238 170 196 179 209 240 193 143 135 233 153 246 200 242 186 190 176 166 131 172
121 285 153 207 237 214 156 190 240 161 128 177 133 188 212 239 137 220 196 186 145 244 193 141 227 216 231 175 152 245 235 160 248 180 228 229 191 174 135 194 154 241 162 199 155 217 192 122 233 238 198 197 136 168 234 130 149 211 157 206 223 189 170 209
122 271 127 189 218 234 161 154 192 125 202 152 232 245 176 242 207 206 172 160 181 175 180 237 240 210 235 186 199 236 241 147 144 137 155 157 188 174 214 153 170 185 198 171 123 248 203 139 128 194 200 244 226 246 243 216 233 142 159 129 196 151 215 224
123 444 161 237 176 214 212 194 139 209 182 157 173 152 163 178 169 156 218 171 249 226 134 242 143 225 131 183 125 129 166 208 159 221 247 151 243 244 211 219 184 196 197 144 162 185 231 174 201 228 140 203 187 241 198 188 136 248 172 150 128 245 167 229 132 204 222 164 138 224
124 279 231 223 219 140 210 136 192 165 234 176 153 159 126 171 184 227 125 182 200 185 152 195 156 207 247 128 189 127 129 226 132 138 168 187 220 147 211 143 175 217 236 214 148 161 202 130 145 173 137 239 198 133 167 177 213 216 221 178 209 204
125 355 175 216 161 212 144 170 210 142 201 234 152 188 192 165 207 215 195 214 140 248 235 189 196 163 227 133 193 167 198 178 191 171 206 183 211 160 230 217 168 219 185 204 245 151 237 134 233 127 249 244 199 202 187 132 222 247 238 180 128 229 139 172 153 181 213 224 145 135 143 129 138 197
126 366 211 141 195 163 194 220 231 145 162 210 150 221 176 199 146 155 218 223 234 138 219 208 161 175 133 192 185 240 217 164 169 174 173 206 229 183 209 245 160 237 181 168 239 228 248 213 156 202 127 236 215 207 190 235 165 132 144 249 230 226 167 238 182 128
127 303 138 171 249 234 207 179 248 229 192 196 156 143 241 169 239 152 133 194 224 215 151 208 204 235 147 223 218 136 140 145 230 150 146 164 153 155 173 148 132 186 221 183 182 212 175 130 206 190 191 144 139 242 217 228 225
128 328 236 217 178 241 234 129 131 175 177 160 240 138 218 133 210 221 155 161 215 167 136 239 147 189 237 166 134 196 140 235 188 164 170 143 144 197 137 211 139 173 208 151 207 156 184 232 157 148 195 185 182 201 233 190 154 231 204 169 214 180 202 245 200 172
129 369 180 137 199 185 245 194 154 225 131 242 189 134 165 139 130 217 226 140 204 190 153 198 145 233 144 158 236 227 168 203 232 196 177 216 240 149 188 132 229 231 230 163 243 184 133 244 141 210 183 228 211 142 238 172 237 146 212 205
130 422 134 174 188 151 224 148 215 225 200 223 236 218 183 222 141 137 169 144 186 207 156 210 153 177 158 229 167 235 189 157 231 248 196 194 146 206 243 175 145 199 205 193 209 192
131 270 249 160 152 194 212 204 220 167 150 172 202 206 180 231 232 208 239 173 234 133 146 216 170 217 238 148 195 151 174 210 209 213 134 230 147 143 219 153 233 221 171 235 139 155 227 190 164 161 215 197 203
132 308 228 189 166 185 138 183 188 237 234 199 160 174 169 191 186 220 177 202 223 153 181 227 238 167 225 137 139 187 244 239 198 150 217 201 148 219 173 243 208 242 221 162 200 203 145 142 141 147 182 214 151 235 204 146 175
133 297 212 161 166 154 138 192 183 248 172 155 165 150 184 139 142 137 146 194 233 199 176 174 221 239 219 180 188 187 244 207 185 208 213 203 177 135 141 143 249 229 222 193 226 148 156 205 225 175 216 241 136 197 235 145 190
134 411 211 214 247 191 222 193 232 226 144 157 135 138 156 218 137 172 202 153 168 195 166 244 161 210 219 248 187 192 179 237 206 183 162 148 169 164 140 152 154 145 223 185 249 203 197 229 181 230 233 139 234 227 225 204 245 141
135 292 239 205 157 234 220 149 178 145 173 146 182 154 144 162 138 230 179 136 241 156 172 201 237 238 168 246 197 193 175 153 219 225 190 249 143 176 166 223 192 211 150 159 161 235 139 245 180 185 194 212 148 224 184 244 186 233 242
136 423 249 221 147 217 165 169 178 146 163 198 219 244 179 206 142 183 207 237 170 152 189 240 239 190 181 144 148 232 246 235 204 172 159 191 168 231 218 248 242 153 164 215 243 145 137 154 176 225 184 229
137 301 226 207 232 213 249 156 191 182 150 149 184 230 146 237 193 225 188 208 157 194 216 228 248 222 220 153 204 142 196 172 155 161 138 212 242 235 239 214 223 140 197 154 174 187 227 180 198 233 148 147
138 276 221 155 157 249 201 166 177 248 196 205 232 209 218 215 207 216 245 170 146 239 183 186 141 225 240 162 147 200 238 189 187 206 161 222 241 247 219 212 184 231 195 143 149 169 154 194 220 171 182 243 142 223 235 210 233 145 167 227 168 229 217 181
139 459 244 199 179 209 206 245 201 168 170 241 198 155 226 178 150 196 172 211 225 238 197 194 195 248 162 228 191 147 216 247 205 176 177 231 161 237 213 144 148 221 212 232 249 230 153 227 187 180 158 239 223 219
140 254 246 189 202 144 207 163 149 152 216 199 179 173 236 147 171 239 241 150 222 155 175 197 172 169 158 198 186 248 226 208 201 177 240 200 210 191 145 249 238 229 225 167 180 221 220 196 184 242 143 176 247 243 181 213 212 187 224 156 215 174 203 194 193 233 153 142 151
141 287 200 156 209 154 219 211 176 197 190 215 181 165 225 180 163 239 248 194 243 206 227 241 175 153 148 226 164 151 162 207 186 242 233 166 182 222 146 228 192 199 195 191 169 234 236 220 213 238 173 159 196 167 237 149 145 161 246 183
142 302 212 213 181 174 150 176 247 182 164 228 185 231 241 170 211 195 224 223 160 218 193 179 204 206 246 210 216 226 187 203 184 219 243 236 198 191 155 227 153 171 209 143 188 248 205 234 215 148 175 154 249 239
143 262 145 161 217 219 170 171 206 146 197 229 147 194 230 187 233 241 218 208 248 189 210 216 240 151 215 247 190 172 160 183 196 188 202 209 175 227 158 226 242 182 228 174 205 181 245 223 144 159 185 201 239 173 236 232 221 212 180 184 244 178 249 213 237 204 220 235 157
144 436 163 196 241 195 178 214 216 242 219 217 221 158 234 208 237 243 194 215 151 146 223 201 231 168 186 213 165 188 192 190 171 180 155 248 232 197 233 187 245 210 147 162 209 229 148 176 207 174 170 183 156 205 167 235 182 202
145 411 236 193 184 192 241 231 164 159 212 178 147 161 153 232 160 197 215 210 190 198 218 223 222 204 203 149 211 171 217 208 170 176 247 246 191 200 183 150 166 239 189 154 158 219 238 242 165 216 181 228 206 174
146 321 187 238 243 163 168 220 213 195 157 160 147 233 223 247 209 177 185 150 222 204 158 241 205 231 245 240 174 193 218 190 236 183 179 173 149 211 232 151 201 217 186 227 228 169 221 215 207 152 178 210 164 226 175 203 234
147 268 205 188 235 159 204 154 166 201 220 229 171 217 219 228 202 180 162 246 186 236 242 194 174 225 160 176 222 157 247 238 239 192 181 211 212 151 175 241 170 182 203 191 195 216 226 177 223 207 158 209 178 196 199 165 173
148 298 187 216 152 167 176 209 227 168 242 165 220 173 231 190 164 218 239 226 222 211 169 149 189 180 240 194 181 210 198 182 248 221 154 232 199 179 201 215 233 236 155 202 241 196 200 185
149 296 166 236 195 190 167 191 164 185 241 196 237 219 208 173 245 205 193 217 180 218 230 246 201 211 189 152 175 238 186 204 178 223 159 228 240 157 184
150 406 221 185 212 233 234 217 249 183 188 209 195 211 238 187 157 178 172 215 189 244 151 197 170 191 230 240 160 194 179 199 243 190 177 237 166 155 171 246 186 214 198 162 182 202 225 167 193 216
151 349 200 243 231 213 164 188 175 236 234 230 211 162 161 184 210 208 172 204 157 195 169 187 222 174 241 232 160 249 203 245 228 180 171 193 248 182 218 227 220 209 196 185 229 177 224 215 152 221
152 375 231 202 182 194 190 236 154 173 227 235 176 244 189 224 226 187 203 237 196 209 201 185 220 207 164 200 193 240 157 159 245 192 167 211 156 217 161 170 208 175 191 212 184 178 204 195 215 168 223 238 239
153 276 224 249 207 198 211 233 167 169 216 175 161 155 192 186 177 229 193 191 242 223 190 240 210 245 231 201 228 238 160 178 181 212 226 166 188 206 158 187 182 159 195 217 154 235 225 185 243 237
154 263 235 236 184 177 172 179 211 221 203 216 162 215 164 231 205 191 214 201 240 170 202 242 229 197 212 208 174 227 159 233 206 245 187 200 248 228 167 178 189 180 156 239 222 181 249 217 199 163 183 230
155 356 170 208 189 218 203 219 202 188 191 176 245 243 226 216 186 248 240 199 236 246 204 164 244 175 241 227 195 233 206 212 229 183 230 196 214 158 211 169 242 160 232 234 217 237 171 207 201 161 156 182
156 381 248 173 231 172 176 175 169 178 244 196 214 189 246 201 205 222 238 186 184 237 228 163 193 217 225 227 158 200 219 199 167 212 203 235 192 249 218 202 181 240 157 234 164 190 239 216 177 197 195 198 185 210 162
157 278 171 162 187 204 238 167 216 195 242 190 230 233 168 175 221 244 196 199 236 218 188 182 183 247 224 213 243 225 198 166 249 228 211 234 173 240 181 219 235 170 174 200 210 191 189 164 179 192
158 390 217 183 212 189 234 163 229 224 177 203 187 238 239 185 180 194 197 233 240 227 169 160 237 248 219 247 235 175 245 213 214 192 161 220 208 204 207 226 222 164 174 231 178 223
159 332 230 202 225 228 170 212 249 189 243 171 185 168 207 248 217 229 165 193 234 164 204 246 188 167 240 184 216 244 241 242 199 178 200 213 231 206 183 232 208 247 181 172 245 187 238 173 177 220 221
160 441 194 189 178 246 218 198 187 204 203 228 183 202 180 199 216 201 209 212 233 220 190 225 169 172 210 245 244 231 192 168 241 243 195 238 239 185 232 181 222 166 174 237
161 295 243 195 199 202 197 212 179 200 193 246 180 239 238 172 224 201 170 208 190 229 196 220 249 237 210 194 214 215 217 226 206 242 236 211 225 213 204 248 232 227 166 185 221 198
162 264 167 219 224 193 243 237 233 173 175 209 216 178 177 189 194 235 197 184 212 213 239 190 244 248 181 228 249 247 207 226 245 222 227 192 205 241 210 220 221 234 238 188 185 246 230 164
163 358 248 241 216 187 178 171 218 205 240 234 222 168 175 193 220 233 169 181 225 197 235 188 238 236 201 211 185 164 221 173 182 239 215 249 247 226 176 186 212 166
164 331 199 172 208 185 212 202 184 245 182 189 228 224 246 242 223 179 175 241 201 209 218 226 233 197 180 243 249 205 227 193 247 177 217 214 165 211 221 191
165 311 194 211 193 215 167 174 247 228 187 226 233 246 231 201 182 170 210 223 177 181 168 176 235 244 202 204 216 229 189 217 248 225 209 197 169 208 200 207 214 172 173 196 179 224 234
166 308 246 199 243 235 231 197 208 206 241 189 245 171 187 176 180 217 233 181 193 214 194 247 191 220 216 184 205 242 240 223 167 174 239 200 224 195 232 229 183 190 237 221 207 219 172 211
167 312 169 242 219 177 222 171 180 208 199 174 186 191 172 205 234 230 247 185 246 243 218 209 193 240 175 198 200 196 182 184 224 237 241 212 228 207 220 236 216 214 232 211 179
168 380 170 238 191 202 230 201 178 194 174 188 172 231 220 219 247 239 186 193 189 221 244 206 236 210 180 228 176 187 207 211 209 200 235 241 218 181 169 214 208 195 215 190 205
169 413 221 241 191 227 181 192 247 215 224 207 175 239 233 196 211 245 226 180 209 214 205 174 230 240 231 222 217 248 187 219 184 220 171 182 178 203 197 236 177 242
170 311 185 192 207 208 212 188 223 213 229 215 205 228 226 180 242 186 197 206 174 239 200 233 172 234 191 222 190 182 240 183 176 238 187 177 246 189 243 194 210 202 227 244 201 230 249
171 276 222 182 231 212 232 230 188 226 202 241 247 233 215 214 227 240 172 207 206 246 249 237 243 184 225 189 198 181 186 173 178 242 208 191 179 176 219 204 183 187 221
172 357 184 180 224 209 186 220 204 195 226 223 243 197 192 214 194 232 179 216 230 236 196 222 212 189 190 198 178 174 245 175 200 225 203 213 217 173 248 240 187
173 365 217 184 195 230 233 236 226 225 246 241 189 232 203 206 238 192 201 197 177 228 204 205 190 188 194 234 222 180 210 178 224 174 215 187 196 179 243
174 278 247 239 237 184 228 236 175 218 177 214 229 226 215 205 242 246 230 198 216 220 194 217 191 192 190 189 207 204 208 199 185 202 240 238 233 201 183 179 195 235 180 203 211
175 275 211 187 244 200 190 215 242 246 226 232 224 225 241 206 235 233 222 181 218 221 180 243 198 176 179 234 195 205 217 247 219 203 178 239 229 199 209 204
176 394 198 178 192 201 211 223 243 203 249 197 196 209 231 184 181 202 241 220 234 218 199 182 236 235 213 215 179 216
177 331 203 185 178 227 219 221 189 244 223 228 210 187 214 212 238 242 247 232 183 245 241 239 191 246 206 199 249 196 218 213 198 197 205 181 209
178 296 207 210 186 246 218 241 209 187 225 201 185 203 205 190 217 197 184 188 200 215 179 230 237 196 220 211 233 236 183 206 245 224 227
179 316 185 182 208 235 203 187 225 195 198 233 241 204 191 180 236 209 240 199 200 234 196 216 242 226 230 237 222 227 215 190 246 192 211 197 189 210 181 183 217
180 388 226 220 223 189 240 239 186 206 184 231 216 235 228 241 225 215 201 182 203 238 212 197 234 209 191 242 200 194
181 284 217 237 233 207 234 212 230 222 218 226 202 199 221 215 242 239 194 224 191 241 201 214 189 193 206 216 245 210 182 238 198 187 225 236 227 248
182 317 217 232 185 220 208 223 201 212 195 233 205 186 200 187 249 231 206 203 245 190 244 242 198 229 192 225 224 241 218 234 199
183 399 231 196 190 244 193 206 201 215 246 235 184 214 212 207 220 216 236 219 222 241 209 225 229 195 205 249 247 186 217 237 224 238 191 221 232 210
184 446 231 198 228 247 216 227 238 249 248 224 187 239 233 200 230 232 236 223 215 237 226 212 202 203 207 229 185 240 244 197 188 190 193 217
185 257 224 194 214 233 236 213 240 215 230 245 226 238 231 190 218 199 197 207 204 225 235 205 210 198 228 195 200 223 191 196 217
186 297 239 214 233 225 246 243 206 242 195 187 193 189 220 228 249 232 230 203 211 210 191 192 247 240 235 226 215 216 202 209
187 343 190 189 207 245 188 221 196 225 211 214 238 199 208 239 243 200 242 249 229 192 203 202 218 194 223 232 210 201 228 235 224 198 216
188 264 215 239 198 223 216 242 244 247 204 238 196 246 206 230 213 248 208 233 225 203 214 236 235 207 222 227 249 220 245 195 199 229 234
189 393 228 215 216 207 203 233 196 239 238 242 195 227 213 225 222 192 243 206 219 210 236 232 234 193 211 235 231 230 240 214 200 217 194 201 199 221
190 336 238 217 200 246 220 222 213 206 243 205 247 226 199 192 239 248 228 204 249 232 202 225 235 201 227 207 223 212 236 233
191 404 232 228 226 246 207 208 239 247 198 196 193 200 210 244 220 249 227 231 245 224 248 214 194 235 202 222 238
192 260 195 240 220 211 201 218 203 217 230 249 221 247 237 213 232 210 206 235 204 241 209 194 222 205 196
193 309 207 202 244 227 204 245 196 226 246 249 205 238 221 216 243 220 223 240 215 214 206 248 194 203 229 218 217 210 201 233
194 314 231 222 213 235 233 224 198 245 196 221 200 202 236 217 209 214 216 239 244 218 247 230 210 229 249 219 226
195 377 209 239 248 217 235 231 240 238 197 245 215 218 233 249 207 226 210 242 203 234 212 247 221 204 219 236 211 246 198 222 225 208 227
196 293 241 225 205 227 238 234 226 204 242 240 233 228 223 202 222 245 246 237 201 203 200 210 208 231 221 207
197 363 248 210 226 224 198 199 218 217 231 247 234 219 232 240 212 205 209 235 237 215 243 201 227 211 230 213 204 221
198 344 209 200 203 222 225 201 232 245 241 220 199 219 204 202 216 205 226 210 230 242 213 212 236 227 218
199 276 201 219 234 214 210 231 222 200 247 205 220 217 239 245 242 211 244 209 240 208 236 223 221 235 228 238 230 207 249
200 339 247 217 236 213 201 235 246 223 205 224 204 240 241 228 216 232 234 215 214 237 221 245
201 385 202 209 234 223 240 247 218 206 232 212 238 220 243 235 244 204 219 207
202 426 208 214 211 204 243 240 226 238 248 223 247 245 249 205 237 224 236 233 207 229 239 228
203 294 249 231 232 218 240 223 228 205 222 225 230 248 241 237 238 229 215 245 209 214 244 227 233 234 212 208
204 280 215 212 240 243 227 223 218 214 239 244 221 230 231 235 207 219 237 224 234 241 205 229
205 406 244 241 209 218 236 211 226 223 222 230 214 210 238 247 232 235 249 217
206 323 228 215 221 245 238 243 224 209 216 214 234 207 220 233 218 242 244 239 231 235 247 222 226 229 232 246
207 271 213 232 240 241 226 220 245 214 211 229 244 246 215 248 238
208 361 234 218 211 209 235 236 240 245 230 238 222 215 221 243 226 216
209 305 233 227 216 226 248 232 244 215 214 212 243 225 249 229 224 230 221 238 239 236
210 334 233 240 220 217 214 238 211 235 212 231 226 237 232 241 244 219 230 243 218 222
211 415 238 215 242 243 244 225 213 216 214 229 246 248 233 230 221 235 212 231
212 316 246 228 232 219 238 225 214 216 244 218 248 217 242 223 229 241 234 240 233
213 269 214 229 238 230 243 220 241 247 239 223 226 222 240 248
214 375 233 244 237 225 232 223 238 246 235 241 249 234 224 218 231 245 220
215 253 238 227 218 240 243 242 236 241 246 247 220 224 244 216 222 225 248 228 219 245 239 234
216 372 243 239 248 234 237 217 218 247 220 233 249 241 224
217 363 247 236 222 220 234 229 237 227 239 240 242 225 232 228 245 223 218 248 224 230 238 226
218 316 227 228 219 220 232 236 247 238 235 242 231 248 239 233
219 321 238 243 245 240 225 221 228 234 223 233 246 227 232 229 226 239 247
220 277 229 228 236 240 234 239 238 221 225 226 237 243 233 248
221 341 247 248 231 246 236 245 244 228 227 222 238 234 243 242 240 224 232 235
222 382 244 234 242 232 223 224 230 227 243 247
223 280 227 244 224 230 239 228 233 235 234 247 249
224 320 248 245 246 229 228 230 249 238 225 240 239 234 236 226 232 231
225 400 234 235 232 230 236 240 246 248 244 239 226 231 228 227 237 233
226 259 231 228 233 232 248 235 234 237 242 243 238 244
227 354 242 231 228 236 241 235 229 245 247 237 238 246 248
228 387 239 249 248 237 240 241 246 232 242 231 234 235 229
229 330 231 241 244 245 249 235 240 246
230 386 234 249 235 232 233 243 236 246
231 284 241 247 236 234 249 246 239 245
232 319 240 235 249 243 237 242 246 233 236 238
233 373 243 242 241 237 249 240 236 245 239
234 308 245 244 249 236 239 237 247 243 241 246
235 408 248 238 241 237 244 242 249
236 312 241 246 242 248 238 240 243 244 245 239
237 280 238 243 241
238 399 242 246 248 240
239 254 248 242 247 244 243
240 347 246 249 242
241 402 248 244 247 242
242 336 244 243 247
243 262 247 245 248
244 282 246 249
245 396 246 247 248
246 322 247
247 330
248 358
249 312
