120 1000
1 314 6 28 62 105 109 88 108 73 79 95 68 120 52 101 86 90 78 82 35 87 18 25 30 26 111 114 117 65 84 110 112 20 4 99 13 64 32 45 49 116 27 15 66 57 85 104 97 3 14 12 7 34 96 22 40 59 9 16 36 19 118 80 47 54 102 51 83 37 21 58 93 89 39 60 81 24 48 42 44 38 76 70 98 50 106 33 17 8 61 107 69 31
2 264 61 65 86 117 100 14 62 34 96 36 16 64 118 91 110 6 84 81 101 98 74 32 71 94 31 41 51 24 25 105 58 12 113 48 114 53 23 69 76 57 8 107 112 5 28 11 18 82 72 52 63 108 15 60 30 88 21 50 111 95 80 70 40 90 29 109 9 68 75 46 39 37 119 85 17 42 67 55 87 4 59 93 77 19 83 45 7 44 47 56 13 35
3 422 81 96 49 77 34 73 92 76 99 46 24 80 103 33 28 12 56 30 20 85 101 44 111 29 52 4 35 108 54 60 69 26 11 88 27 55 8 117 71 89 106 57 119 112 104 58 36 7 15 70 74 120 98 90 53 78 10 51 100 72 67 105 109 83 42 94 116 50 43 97 38 23 6 59 21 110 37 84 107 114 86 14 9 31 17 113 45 63 25 79 41
4 311 5 24 112 72 34 43 20 29 48 88 87 61 101 114 104 28 52 65 18 111 82 75 60 77 91 68 47 49 55 117 21 6 105 109 81 106 51 116 108 40 27 59 73 16 56 10 79 99 44 118 23 19 67 84 26 115 113 66 35 38 64 95 41 71 54 8 25 70 39 7 33 69 78 12 85 22 90 107 86 119 17 63 30 80 120
5 438 119 13 93 104 105 25 15 34 45 120 87 62 77 113 51 94 60 53 21 76 110 23 56 44 27 49 100 16 19 42 33 59 24 81 107 88 99 52 66 14 30 101 32 6 86 116 69 112 31 8 108 38 117 28 118 73 26 10 109 9 80 68 54 102 71 92 95 78 40 46 106 111 97 70 63 58 18 115 41 65 43 98 82 114 7 57 84 67 11 36 74 29 39 83
6 251 65 58 111 33 49 78 80 31 41 56 96 53 79 90 69 29 88 36 18 84 63 11 85 87 60 61 7 70 59 48 71 62 22 39 83 57 13 92 14 68 103 47 34 113 104 118 20 109 19 89 119 30 55 21 38 95 117 26 81 46 94 99 67 24 120 54 91 37 64 51 10 108 98 27 23 115 82 77 42 110 72 45 25 28 40 9 44 16 101
7 271 96 47 55 34 50 104 93 61 57 63 13 94 36 117 24 113 58 100 120 92 78 29 22 19 45 46 70 74 79 66 37 26 97 41 75 71 25 17 28 108 102 111 115 99 62 14 20 88 15 49 87 40 16 18 98 60 72 44 76 114 30 12 105 52 95 64 89 69 9 59 110 68 73 33 39 23 85 112 10 54 32 48 35 80 109 31 77 83 82 101 11 67 107 56 81
8 458 55 37 14 29 112 23 41 85 70 93 34 58 107 42 15 120 100 74 63 106 108 78 73 88 43 104 75 52 28 64 72 77 59 47 71 110 105 21 11 18 60 9 31 87 24 92 48 39 49 101 80 90 97 115 32 16 40 54 27 98 26 65 94 57 66 102 117 68 62 114 113 109 33 50 83 79 56 46 53 69 119 45 86 99
9 271 50 17 16 35 65 53 69 23 100 116 110 109 31 108 62 115 27 97 80 58 111 67 30 61 95 88 44 118 91 99 72 41 40 60 81 68 70 12 75 76 82 36 10 46 104 34 93 117 25 54 106 49 94 87 39 55 57 85 14 120 47 107 22 56 84 83 92 103 78 51 19 77 20 71 73 79 90 66 28 43 11 24 86 114 113 33 102
10 380 14 87 45 51 50 64 100 28 112 37 91 79 12 52 21 32 110 81 55 38 76 73 77 49 61 59 106 107 20 24 85 62 96 109 16 99 65 104 40 13 111 36 25 56 105 30 15 90 63 23 18 44 78 43 17 34 115 80 68 101 92 88 102 118 48 71 69 67 103 70 95 46 75 41 117 22 119 42 83 57 82 19 60
11 251 48 35 99 89 84 109 94 91 14 65 20 69 57 22 97 107 64 102 83 39 68 21 70 19 92 26 29 80 17 77 74 38 115 31 62 76 55 43 30 37 16 87 116 12 15 100 66 59 98 40 96 23 117 75 72 50 119 13 93 104 63 56 51 58 34 95 47 113 118 25 105 90 32 44 86 114 85 24 27 78 81 106 111 60 28 79 110 61 52 36 71
12 369 92 47 44 26 103 16 30 61 43 62 36 66 58 88 102 42 113 75 110 90 54 40 111 105 65 106 20 23 14 37 112 18 63 83 56 41 60 31 39 68 15 32 19 85 33 79 87 53 82 17 116 52 22 55 72 74 25 35 114 34 76 100 50 71 99 49 45 89 24 69 59 28 96 117 73 98 70 48 29 118 77 13 57 101
13 327 84 68 74 39 56 71 27 96 119 100 78 99 109 38 91 31 95 43 118 37 83 66 103 90 104 58 34 24 46 108 106 76 79 105 54 82 111 73 115 36 52 87 59 57 112 64 117 98 35 41 110 75 85 14 107 26 72 45 48 44 101 49 69 55 94 62 22 89 77 15 17 53 32 93 70 23 120 20 33 50 21 16 63 30
14 403 39 63 61 88 77 106 32 45 28 96 90 73 58 105 117 17 82 115 119 36 47 18 67 84 23 42 62 116 112 89 43 85 22 78 27 97 104 59 93 103 54 109 110 15 74 24 26 91 56 29 71 81 113 49 19 46 35 111 41 75 65 57 38 60 72 37 50 51 95 118 68 86 53 30 25 101 66 92 80 44 21 76 40 55 107 70 64 48 94 20 31 69 79 114
15 270 79 84 31 97 51 17 27 21 111 83 89 94 88 62 50 108 19 98 41 93 40 117 73 32 114 110 47 61 67 101 18 113 85 36 26 35 53 44 112 49 70 119 120 39 106 22 64 65 29 81 24 56 38 63 78 57 96 75 82 20 115 54 105 59 95 55 16 107 74 80 52 87 43 23 104 58 100 69 102 99 25
16 355 17 33 112 21 51 72 44 30 119 18 20 74 97 66 92 68 110 91 69 64 50 60 85 98 94 114 38 108 103 65 100 79 34 117 45 106 104 40 73 99 59 77 47 71 39 93 24 83 42 29 81 115 36 32 62 116 75 63 41 37 109 48 35 80 57 61 102 87 56 58 89 82 118 107 86 76 96 26 55 54 49
17 262 79 49 99 115 25 77 31 48 44 109 93 87 82 19 21 24 80 67 74 105 50 43 41 57 108 111 71 103 70 106 68 18 107 110 83 97 22 96 86 34 92 39 81 117 66 104 116 33 54 98 40 56 88 29 61 46 75 47 20 100 101 73 89 27 55 91 37 65 114 78 59 118 76 30 112 42 58 90 85 64 60 95 23 69 113 119 53 26 28 72
18 383 49 95 88 39 48 36 50 96 77 90 23 110 119 30 99 91 101 93 79 33 61 63 62 66 37 67 46 109 87 76 20 72 89 81 104 108 53 105 58 40 34 100 25 29 103 44 98 55 59 64 75 111 56 117 106 22 73 51 47 28 120 68 83 86 78 65 114 35 41 60 115 38 43 116 92 74 19 97 94 52 85 69 26 24 57 80
19 382 38 95 92 62 118 55 59 47 46 42 64 87 69 41 30 66 106 65 68 110 51 83 24 115 85 22 48 105 104 40 32 98 72 31 21 117 57 113 67 112 44 73 82 27 43 78 97 63 49 88 93 116 52 100 108 76 89 53 54 102 35 28 74 34 61 99 20 86 36 70 91 96 114 81 90 101 80 25 29 45 50 120
20 339 95 74 68 75 81 62 38 93 71 78 37 21 101 35 34 26 72 100 60 45 114 87 46 116 36 84 58 48 91 92 56 104 54 44 111 113 32 65 80 55 29 27 90 73 66 118 33 97 47 112 109 70 79 63 53 89 108 106 94 86 99 39 103 24 51 82 64 76 43 105 31 117 69
21 279 89 62 87 29 67 37 79 51 95 72 111 108 54 49 53 36 27 83 58 32 30 65 64 61 68 44 48 90 42 26 109 92 82 80 34 93 119 110 60 23 38 94 88 86 25 57 114 104 45 105 120 47 75 69 71 100 31 106 118 33 112 73 96 102 101 52 117 98 43 39 63 113 22 76 28 66 70 40 56 116 84 107 74 41 85 55
22 444 50 44 105 96 83 68 27 112 57 62 49 101 41 114 117 91 56 54 98 82 106 72 70 113 36 118 111 84 24 103 30 119 63 81 34 23 45 75 67 108 59 65 69 77 99 40 109 73 46 38 60 43 90 35 80 100 32 52 61 107 64 87 97 78 37 55 86 102 79 120 58 110 88 104 76 25 31
23 298 85 53 64 34 111 47 49 112 95 89 58 57 24 106 69 76 120 28 74 117 98 59 109 93 87 31 102 35 56 115 105 104 101 62 40 72 80 90 33 92 55 68 54 94 81 42 48 52 71 36 32 108 84 30 103 61 75 67 37 27 43 51 77 29 113 82 83 99 97 119 44 60 41 50 26 96 66 25
24 258 83 81 64 67 30 114 50 112 49 106 34 107 84 100 101 99 82 105 103 40 48 42 65 41 28 102 109 92 45 117 61 119 71 57 80 95 63 38 96 39 79 31 88 74 68 27 98 55 118 56 110 86 91 72 87 90 115 37 70 73 66 35 78 53 43 120 51 52 29 33 69 58 113 104 89 54 108 97
25 367 30 88 75 83 55 47 99 85 101 62 102 58 66 110 98 68 32 77 89 82 119 70 36 39 116 94 73 40 91 34 92 104 120 27 93 64 72 45 53 105 114 97 76 113 61 59 90 54 33 67 52 42 46 41 35 84 71 108 28 44 38 50 86 107 78 43 74 109 69 31 37 60 95 80 56 100 111 106 81 79 65 63 115
26 281 114 117 68 81 64 95 65 51 27 119 28 37 107 120 56 96 79 61 49 116 58 111 53 90 63 46 87 71 66 110 75 45 43 35 97 40 82 93 42 103 44 57 30 36 59 88 98 52 70 34 94 48 72 73 104 39 78 32 102 86 33 38 105 77 29 106 85 113 100 74 80
27 352 91 74 51 73 111 76 97 114 100 96 55 79 49 99 98 52 88 61 93 90 44 71 103 53 29 115 66 92 94 48 28 67 43 84 86 60 95 105 102 83 40 109 63 69 112 119 57 59 104 32 106 33 37 46 77 80 64 42 47 65 56 72 113 45 110
28 318 61 103 34 35 64 110 94 62 63 85 104 111 79 66 55 36 97 115 98 78 76 42 119 41 70 43 39 87 44 82 114 84 91 75 93 81 107 65 96 92 90 69 105 40 68 117 51 108 48 60 83 74 118 71 30 73 72 49 46 33 89 50 32 95 86 102 112 59 37
29 251 48 34 83 67 99 82 97 104 86 35 109 93 40 55 76 66 74 49 112 90 39 52 107 102 106 58 56 71 111 32 116 72 79 51 43 103 98 118 38 105 119 63 81 89 42 87 78 69 84 60 53 96 36 91 57 117 70 77 41 46 44 94 101 108 33 88 110 64 59 115 61 113 73 95 50 37 75 100
30 431 87 102 50 41 77 61 35 68 111 113 73 47 48 117 103 88 34 51 55 54 96 63 84 109 57 115 44 53 93 101 46 105 45 119 80 116 99 100 52 60 114 36 64 62 85 92 72 76 98 71 108 83 70 79 97 42 40 69 66 32 120 82 31 78 118 43 65 58 112 106 95 37 74
31 273 110 49 47 44 91 67 51 88 68 48 120 71 118 65 40 64 34 81 66 74 59 115 35 62 61 114 99 87 100 77 108 116 86 55 63 94 54 36 104 117 75 37 112 84 45 33 85 32 80 107 119 102 58 101 42 56 95 76 92 41 96 90 103 38 83 78 89 97 70 111 69 46 73 52 57 82
32 402 89 114 66 97 120 79 78 84 56 59 64 119 39 112 94 107 62 54 70 87 65 103 96 46 93 61 42 117 40 95 49 37 74 72 63 82 35 80 71 36 88 76 33 98 91 99 104 90 69 58 115 41 83 118 92 113 53 34 108 110 38 85 48 44 52 45 50 100 109 86 102 73 77
33 325 110 44 76 105 100 85 56 81 72 66 102 87 58 68 97 61 109 60 74 98 67 117 54 86 69 82 40 45 43 84 113 119 35 71 92 89 88 41 118 53 106 77 90 107 50 70 103 36 79 59 42 95 112 38 62 104 83 57 46 111
34 397 118 82 116 81 117 83 60 66 110 54 35 64 53 108 78 62 55 45 41 76 58 37 75 114 40 68 102 48 36 93 42 91 89 107 63 105 70 106 99 92 84 104 119 69 56 96 113 79 57 87 61 98 67 38 101 74 95 71 73 115 44 90 46 94 80 112 72
35 269 36 65 105 113 57 66 104 42 81 44 91 60 38 39 54 101 48 74 110 107 78 67 111 76 53 115 89 90 83 102 58 117 49 69 94 45 119 88 70 61 72 95 52 68 73 59 47 100 41 98 55 108 84 92 75 64 63 79 62 97 114 82 46 85 71 96 50 56 93
36 334 99 81 66 118 98 65 46 84 107 72 38 119 63 82 39 92 86 68 44 47 58 78 52 50 89 100 40 114 53 108 103 43 79 60 101 111 80 75 110 76 91 55 120 94 85 83 71 105 93 96 109 51 62 117 56 104 61 67 95 73 102 45 42 90 41 59
37 269 101 43 75 93 47 84 57 120 81 54 76 106 45 73 74 113 107 58 89 42 70 86 99 38 80 71 46 82 50 108 111 63 62 109 94 68 78 51 69 87 44 105 65 56 64 104 67 98 115 77 66 83 110 39 61 90 96 55 91 103 97 95 102 79
38 326 83 110 73 104 114 106 61 109 41 115 55 81 91 68 40 69 39 120 80 71 56 113 49 59 54 87 60 108 52 46 100 79 97 93 64 101 84 47 78 75 88 116 99 119 77 63 50 96 74 70 89 66 48 98 107 118 86 58 112 62 67 94 82 53 42 111 65 90
39 405 65 52 88 47 90 41 84 119 95 42 112 50 82 98 101 80 44 107 105 96 43 74 106 55 81 62 54 94 89 56 100 66 59 115 93 86 85 48 103 40 118 109 116 120 61 72 58 70 91 79 76 99 46 111 77 71 51 97 63 45 64 110 113 67 57 92 49 104 75 69 117 78
40 483 53 50 42 47 74 114 104 49 98 108 96 119 59 78 71 44 77 82 109 64 60 81 76 92 116 101 46 43 63 48 118 97 80 65 83 90 112 115 79 111 87 117 69 107 86 72 94 93 110 91 102 70 75 113 106 84 66 58 56 105 55 54 100 95 89
41 261 82 88 119 107 51 59 52 94 72 47 105 97 83 110 86 50 104 78 42 46 118 44 87 117 70 114 77 53 79 91 112 93 96 55 68 65 80 57 120 103 49 63 62 66 48 81 69 95 92 75 85 58 98 56 109 67 99 45 61 60 90 116 100 111 64
42 256 59 82 92 69 57 116 86 62 95 110 102 108 73 61 70 72 119 112 91 75 50 77 96 65 85 51 99 63 90 118 115 54 43 89 80 109 56 60 87 78 114 45 100 55 117 106 84 49 71 47 107 64 104 76 79 103 52 111 68 105
43 285 99 56 113 61 62 73 92 44 108 65 84 69 81 88 54 46 118 80 52 68 114 53 64 91 117 98 100 87 101 75 116 120 119 102 115 110 48 77 58 59 66 86 104 49 112 79 94 67 57 51 70 89 63 74 47 60 105 107 106 93 96
44 335 84 60 54 112 73 96 114 120 101 117 62 65 46 52 93 83 91 86 111 61 100 45 80 64 108 119 115 57 77 81 50 76 66 109 102 71 113 90 98 67 58 95 110 87 88 51 104 106 85 47 103 53 75 70 55 48 94 68 105
45 380 91 60 76 111 103 49 54 100 97 84 80 70 59 85 113 51 117 95 87 57 99 110 48 109 65 63 116 83 112 118 69 56 96 62 81 61 79 120 101 88 82 102 119 90 92 74 89 73 50 72 93 47 114 86 104 67 115 52 68
46 368 51 82 106 64 83 100 119 56 99 92 55 53 95 108 70 78 89 103 49 75 72 84 73 74 81 107 54 60 93 67 88 105 61 68 102 101 110 112 117 48 91 66 65 120 85 116 109 69 52 94 50 113 98 118 71 80 97 62 47
47 259 89 77 63 62 66 98 56 116 59 103 87 85 91 58 110 82 70 102 105 65 117 83 88 64 52 101 109 53 115 71 68 50 80 108 57 111 106 67 51 81 119 86 120 79 76 100 118 78 97 114 48 107 61 92 93 49 60 112 99 113 72
48 373 98 50 115 107 64 77 66 102 61 113 53 105 120 99 76 63 112 89 85 94 93 114 108 78 55 103 109 116 106 79 104 87 69 65 97 117 58 90 54 59 111 92 96 75 62 52 74 70 56 110 83 57 71
49 438 84 98 51 104 55 110 109 56 58 77 74 64 71 65 105 88 87 69 76 119 113 61 115 72 99 53 79 62 103 60 100 114 118 116 92 91 52 81 112 89 95 82 68 50 117 67 57 70 111 59 66 94 73 86
50 303 68 103 70 74 59 80 62 71 73 120 100 75 93 83 61 118 66 84 105 97 106 56 85 112 117 94 53 60 110 54 77 67 91 98 63 108 69 111 72 107 64 115 81 79 113 55 96 109 88 58 87 92 78 116 76 51 82 104 90 52 86 101 119
51 259 100 66 108 112 84 52 75 74 116 70 99 73 53 58 85 69 110 90 89 86 79 67 71 78 102 93 62 101 96 95 83 81 109 114 88 59 120 94 97 80 76 55 119 56 118 61 113 65 63 107 77 104 115 64 103 68
52 338 99 84 105 66 100 88 56 112 98 86 62 59 116 109 111 79 103 81 77 114 61 72 65 75 97 108 78 102 119 68 106 63 95 92 55 120 118 101 83 76 113 64 117 94 96 115 90 58 53 60 91 54 67 85 73 104 80 89 93
53 358 85 76 114 66 116 77 110 73 112 57 83 102 109 58 104 78 74 88 82 81 92 62 75 113 87 80 72 61 54 90 103 69 95 60 98 97 100 105 106 93 94 59 65 117 119 108 111 64 56 86 99 107 68 91 96 84
54 304 85 73 97 109 56 100 55 66 61 117 116 78 57 96 91 80 102 75 93 84 82 76 104 60 89 71 62 68 69 65 87 105 90 114 106 83 113 110 107 115 94 81 64 101 88 77 103 120 92 98 112 67 111
55 426 99 118 73 64 102 119 79 71 66 94 58 101 107 75 83 116 67 117 77 95 90 120 69 93 111 98 110 70 65 103 80 88 100 84 109 114 113 87 78 91 108 63 61 60 72 76 104 57 115 97
56 311 84 63 102 61 72 60 120 95 104 59 105 88 117 108 79 101 110 74 93 91 106 69 80 107 109 70 58 67 96 90 81 89 94 86 75 77 119 78 111 57 116 62 66 65 64 83 118 82 114 71
57 263 76 92 95 78 86 72 65 84 81 97 60 77 64 98 93 101 119 63 120 62 99 106 59 117 85 73 71 94 66 115 104 107 87 112 100 105 109 91 83 68 114 96 111 74 58 110 108 103 80 102 61 90 116
58 482 110 118 117 59 95 112 79 60 97 90 73 119 88 62 111 64 93 98 101 68 80 96 100 94 71 99 86 114 102 78 77 70 120 87 89 69 105 83 116 76 85 82 61 65
59 253 70 109 74 65 90 85 96 120 69 110 73 106 117 116 84 119 80 100 104 77 118 105 71 97 94 60 88 113 62 66 64 67 91 93 78 112 89 75 63 95 114 108 82 103 86 79 111
60 265 111 84 88 104 120 71 70 98 118 90 106 119 114 81 112 96 63 115 93 89 75 78 65 94 79 97 77 87 67 76 95 105 68 116 73 103 102 74 99 107 72 64 61 108 66 110 109 82 100
61 452 106 92 85 82 86 105 78 91 109 68 100 64 120 114 110 117 118 112 104 95 94 77 83 70 87 103 76 65 97 75 113 69 107 79 62 93 72 63 73 116
62 293 111 110 102 96 119 109 88 120 72 70 115 104 77 87 97 98 76 66 105 83 68 86 89 80 67 116 90 81 75 101 84 94 95 92 73 106 100 63 108 69 107 113 103 93 91 82
63 255 113 102 65 94 96 115 73 99 87 70 105 120 110 90 100 108 118 76 86 107 68 103 77 88 116 66 101 114 104 71 85 67 80 119 72 84 92 79 78 111 83 97 112 81 106
64 445 86 96 119 81 120 113 108 77 85 91 112 90 71 65 95 109 72 75 105 114 83 110 66 70 88 84 97 73 68 116 67 93 102 118 89 111 98 79 100 92 69 87 101 76 104 115 103 80 117
65 255 118 76 81 105 74 79 92 82 85 98 83 67 73 87 86 117 95 113 93 110 106 94 66 72 91 107 90 100 108 120 78 103 97 119 77 70 69 115 80 114 109 71 99
66 300 120 85 106 99 111 107 115 116 113 112 86 70 79 110 100 89 73 92 118 84 93 72 97 74 102 98 105 119 67 69 71 81 108 104 91 114 82 88 95 109 78 101
67 254 109 120 114 71 116 83 92 108 84 110 95 101 106 97 88 111 85 104 87 82 119 74 75 86 118 70 80 68 90 112 79 96 91 105 103 89 99 81 78 69 102
68 491 100 92 72 74 82 105 81 110 96 87 107 70 89 117 118 78 114 79 102 97 109 73 80 88 91 103 99 104 119 71 98 76 108 106 93 86 94 116 75 83 120 115 85 77
69 255 90 85 111 96 104 88 102 112 110 82 89 115 106 107 101 113 70 105 97 95 116 75 94 80 84 72 91 119 86 100 77 83 98 87 74 109 92 79 114 71
70 324 71 78 79 72 82 77 115 73 108 107 88 114 110 104 76 93 112 89 100 86 105 98 102 92 113 74 118 97 109 99 83 103 119 80 81 120 91
71 313 93 118 114 95 112 101 119 106 73 86 111 103 120 99 74 109 94 117 104 82 96 87 76 115 108 105 79 85 90 100 78 89 81 116 97 80 77 84 72 92 75
72 363 86 115 104 120 103 105 79 82 93 112 88 74 113 97 84 92 102 108 110 116 75 78 101 99 109 100 94 95 89 98 80 117 76 77 118 91 114 85 83 73
73 361 76 116 78 94 79 92 91 110 81 105 113 106 99 77 115 82 111 102 108 95 117 93 83 84 119 114 101 90 86 120 112 100 80 98 89 107 104 88 96 103
74 264 76 100 91 115 105 97 118 109 107 99 90 101 108 89 113 82 111 75 103 98 83 92 102 79 95 77 80 114 106 85 94 119 78 117 86 93 120 84 110 88
75 375 105 88 106 84 113 95 80 119 117 104 114 93 77 92 94 112 120 90 91 76 86 79 116 83 109 85 101 102 82 98 103 118 111 100 107 89 115
76 383 79 104 91 81 82 108 118 113 98 80 102 106 78 99 109 116 100 85 101 83 94 93 90 97 111 105 117 87 89 86 88 92 84 119 120 114 112 103
77 327 84 82 88 117 109 104 92 91 101 114 93 83 113 90 118 115 86 79 100 85 89 108 97 87 116 120 119 110 96 94 78 107 81 98 103 80 106
78 290 94 87 110 97 115 104 118 85 95 79 83 119 106 90 109 113 117 88 93 84 99 105 89 111 82 86 107 102 116 91 114
79 356 85 86 97 87 112 83 94 106 116 102 120 119 118 113 105 109 98 99 92 91 107 104 89 110 88 96 82 90 111 114 103 81
80 291 90 88 99 85 92 93 95 105 91 86 107 81 111 84 98 120 94 102 114 89 117 110 118 96 115 101 103 112 106 104 100 109
81 353 119 82 115 103 117 107 95 120 87 108 99 114 94 111 98 100 84 97 83 96 85 86 105 113 101 109 112 93 110 89
82 392 101 109 104 120 107 94 117 90 111 83 116 86 93 118 85 95 96 97 106 91 105 98 115 88 99 103 102 112 84 110 113 89 108 119
83 264 108 117 89 105 85 103 90 106 95 119 114 91 87 93 92 100 115 112 102 111 104 94 96 118 101 98 86 109 107 120 116 113
84 344 85 116 89 108 104 90 107 106 98 120 118 102 101 97 92 112 91 99 86 117 95 88 105 100 111 87 114 115 94
85 270 114 95 94 96 102 104 86 107 112 100 88 91 120 92 118 113 115 108 98 106 109 90 97 116 87 117 93 110 101 99 105
86 343 114 88 99 89 115 119 113 109 91 120 100 110 116 90 103 98 108 96 106 101 111 104 94 97 118 112 95
87 387 100 119 89 95 111 98 88 118 94 97 107 92 120 109 114 117 104 90 108 116 91 112 113
88 278 114 91 108 115 90 118 89 102 94 113 109 107 92 104 119 116 99 98 93 117 97 105 95 120
89 470 96 108 103 101 106 93 100 104 120 98 111 90 92 116 102 91 110 109 113 99 107 97 95 118 105 115
90 252 101 107 115 96 94 111 104 113 114 119 106 97 120 116 102 98 117 110 108 92 100 112 105 95
91 413 101 104 107 106 120 118 113 96 117 98 99 105 109 97 114 93 116 100 112 95 102 111 110 108
92 252 93 113 98 101 120 111 112 104 103 109 106 114 97 119 94 100 105 99 115 116 95 96 117 108 102 118
93 335 114 95 108 110 94 117 118 97 111 105 119 107 106 104 99 115 109 101 116
94 276 99 114 116 115 119 113 95 96 97 111 120 107 108 102 118 98 117 112 110 109 101 106
95 271 108 116 118 112 115 107 98 106 117 102 114 111 104 103 110 105 100 97 96 109
96 453 101 97 112 114 108 109 119 104 98 100 102 110 117 115 118 103 120 113
97 471 113 102 115 104 119 112 110 103 100 114 98 120 109 108 118 117 116 101 99 111
98 254 106 102 101 110 107 114 99 104 115 108 118 119 111 116 120 100 109 112 117
99 275 115 100 109 119 112 114 113 110 106 101 108 117 104 102 111 103 120 116
100 265 119 115 116 105 113 112 117 110 103 108 114 107 109 106 120 101 111
101 385 109 106 119 107 102 108 113 120 115 118 116 117 105
102 350 117 109 113 112 107 111 115 119 106 105 104 110 108 103
103 342 107 116 111 117 105 120 119 118 112 114 108 106 104 113 109
104 392 113 116 118 108 110 119 111 117 105 120 106 107 115 112 109
105 266 120 118 115 111 119 114 113 117 110
106 270 108 114 110 119 112 107 113 120 109 118 117
107 454 109 112 120 108 118 119 115 114
108 276 112 117 109 116 110 120 118 111 119 115 113
109 296 119 116 114 110 112 117 111 118 115
110 444 118 111 115 116 117 119 113 112 114
111 260 112 115 118 117 120 116 113 114
112 316 120 115 117 119 113 116 118
113 254 115 117 119 116 114 118
114 430 119 116
115 363 116 118 120 117
116 305 117
117 332 118 120 119
118 391 120 119
119 329
120 280
