60 1000
1 341 10 36 39 35 5 57 16 8 42 33 27 40 31 4 2 58 25 22 6 60 53 14 15 41 19 28 30 52 55 9 49 23 29 20 44 13 21
2 372 51 34 46 29 33 39 25 11 60 43 58 55 26 52 56 54 13 41 15 28 45 42 47 38 6 53 14 7 18 49
3 287 59 8 18 6 22 12 47 24 13 14 9 45 19 51 25 15 34 43 58 32 21 30 29 37 31 7 42 33 54 56 20 10 16 48 17 50
4 250 44 24 56 48 52 25 9 36 12 50 57 60 54 7 21 14 45 15 37 18 17 38 31 20 23 11 32 51 47 28 39 5 41 10 27
5 444 19 45 34 27 26 21 52 55 54 37 60 31 48 9 13 51 57 16 59 43 30 47 24 41 15 36 46 35 56 11 14
6 306 35 15 22 14 59 46 16 33 38 41 10 60 7 8 31 40 27 54 30 26 32 43 28 23 39 25 12 44 42 51 19 57
7 260 37 54 12 35 25 30 43 39 55 57 41 59 50 42 24 20 11 60 15 36 56 23 58 13 47 29 28 48 16 10
8 255 12 52 57 30 42 17 39 11 47 20 38 33 18 19 40 56 50 55 10 37 13 51 27 21 22 34 24 46
9 485 41 20 27 60 44 25 29 31 57 13 43 48 11 33 12 59 56 16 21 49 53 36 22 23 40 42 55 15 58 37 39 45 10 24 30
10 363 44 37 26 13 27 38 52 19 14 40 50 54 41 49 42 45 11 55 16 47 60 48 35 59 33 15 39 31 23 21 43 28 51 24 57 32
11 290 48 47 50 44 25 26 35 14 16 46 54 57 15 19 52 20 31 32 37 51 12 27 17 13 53 39 42 30 24
12 347 43 21 19 20 17 38 29 40 30 41 26 13 15 57 27 36 44 25 24
13 407 42 52 25 56 50 32 57 17 39 15 58 40 43 16 30 36 37 23 53 31 38 20 29 45 28 41 35 44
14 264 32 23 54 56 49 18 58 36 51 40 59 45 55 26 33 24 22 29 48 46 30 35 19 41 52 31 16 60 17 28
15 329 52 39 21 55 23 22 42 17 59 37 47 46 50 28 44 33 58 24 19 29 20 16 27 45 49 30 60 43 18 56
16 362 26 44 18 21 58 30 57 28 32 22 45 23 56 43 52 47 48 34 46 25 31 55 36 50 19 51 54 33 40
17 266 41 50 39 57 49 18 34 36 56 35 40 22 44 28 33 31 21 37 26 58 32 45 24 29
18 372 58 56 48 28 31 46 32 49 50 22 60 25 23 20 21 39 26 44 34 55 29 54 33
19 368 57 37 47 29 50 55 27 60 24 22 54 43 56 48 44 41 26 59 35 23 51 20 32 53 58 21 42 38
20 359 26 53 39 48 59 30 22 23 54 21 25 56 47 55 49 31 37 46 35 27 44 28
21 273 36 47 57 25 44 22 49 42 39 24 30 55 34 52 33 35 60 48 58 26 38 28 40 45 41 56
22 320 41 46 52 50 38 39 40 51 47 36 58 27 59 29 24 30 26 35 43 48 33 57 44 42 31 25
23 275 32 29 36 49 25 44 60 56 28 39 58 43 40 31 52 54 47 24 51 41 53 35 33 30 46 26
24 405 51 59 36 25 27 58 30 55 60 57 50 28 48 31 54 38 40 33 26 47
25 442 53 41 48 31 46 38 45 37 56 32 40 34 26 28 51 36 33 52 59 43 44 42 39 50 58 29 35 47 27
26 292 55 36 27 41 46 33 45 28 39 47 37 42 30 51 60 32 40 43 29 58 44 57
27 266 50 41 58 32 46 39 42 33 55 35 54 44 38 53 57 56 28
28 280 51 58 39 37 31 38 36 30 57 59 40 42 43
29 455 58 57 45 37 39 36 38 35 42 50 44 53 41 60 47
30 265 59 37 60 48 47 51 54 39 36 32 57 38 45 35 50 46 55 52 31
31 250 47 35 44 57 51 39 59 54 37 52 36 58 49 42 41 46 50 38 32
32 264 33 49 60 43 55 38 59 39 56 45 35 46 53 41 50 36 42
33 486 41 59 49 51 34 42 56 55 35 58 53 57 39
34 444 58 36 38 54 35 40 39 47 53 55 57 42 37 49 52 56
35 297 58 40 56 45 47 51 44 49 50 42 48 38 36 46 59
36 259 46 49 38 59 60 52 51 54 37 56 45 39 58
37 255 47 45 55 51 44 53 43 54 42 52 48 39 38 59
38 331 51 52 48 53 58 45 59 50 42 44 55 57 60 43 56 40
39 414 56 59 50 58 49 44 51 46 45 42 43 60 41
40 402 44 50 60 52 43 58 42 54 48 45 56 41 57 46
41 297 43 52 47 58 59 45 49 50 57 60 55 51 54 46
42 301 51 52 47 55 56 53 60 48 57 59
43 252 55 56 48 57 54 47 52 50 53 59 58 60
44 433 53 48 60 52 51 56 57 47 54
45 315 56 54 50 59 60 47 46 49 48 57 51
46 306 53 48 50 56 59 60
47 369 52 58 49 55 50
48 325 59 56 60 51 55 57 53 49
49 326 57 59 53 51 60
50 353 56 55 53 52
51 321 59 58 52
52 295 58 59 56 53
53 406 54 59 57
54 299 60 55 59
55 262 59 56 57 60
56 375 58 60 57
57 363 60 59
58 337
59 280 60
60 383
