60 1000
1 259 13 47 44 15 2 3 7 19 24 12 14 57 11 35 53 48 60
2 401 54 51 57 20 44 18 12 38 28 33 24 29 37 15 47 25 4 55 14
3 340 39 44 11 54 56 12 17 57 27 58 14 13 30 25 31 48 16 28 38 42 41
4 311 22 8 31 16 45 46 7 50 52 43 51 40 56 20 42 39 23 44
5 346 17 20 36 19 14 6 23 46 38 51 25 41 48 29 55 22 35
6 343 50 60 7 37 24 46 14 25 33 18 38 42 43 51 23
7 254 17 33 8 39 44 35 51 30 38 24 16 34 56 58 48 45 49
8 272 46 40 27 37 49 29 50 17 26 9 55 53 14 57 43 56
9 474 50 55 35 39 41 45 13 14 32 12 23 44 29 26 24
10 305 44 22 29 19 54 11 32 26 42 40 43 27 17 52
11 441 45 32 28 35 55 29 23 52 50 39 38 59 17 41 16 31 43 13
12 254 45 53 27 47 35 58 48 18 44 36 39 16 52 22 40
13 324 34 56 49 16 14 38 27 28 48 23 41 44
14 387 53 51 19 18 37 39 33 55 59 42 15 27 25
15 289 55 30 56 37 33 40 17 24 39 32 31 21 16 34
16 376 21 42 43 45 30 20 19 44 46 54 32 41
17 322 39 55 36 29 56 28 37 58 52
18 302 47 43 55 42 51 24 20 31 39 37
19 306 42 58 36 56 38 22 21 34 60 44 51 25 55
20 359 49 43 34 30 26 45 41 32 27 53 21 47 39
21 335 53 57 23 60 25 35 56 45 39 32
22 254 42 56 49 24 26 28 40 47 44 36 57
23 400 24 60 44 49 31 43 50 40 56 59 35
24 346 47 46 56 48 25 37 38
25 268 29 37 51 52 40 38 42
26 288 51 40 52 60 46 56 54 35 36 32 41 42 38
27 444 48 57 49 35 44 41 29 32 42 28 59 54 43
28 295 55 42 60 57 50 59 38 52 44
29 382 47 46 35 45 39 57 31 40
30 323 45 51 32 39 56 60 36 54 33
31 262 37 53 38 54 34 32 55 43 51 44 47
32 403 39 47 37 57 35 36 55 34 41
33 335 53 41 46 60 57 52
34 276 59 41 57 37 53 48 35 40
35 312 56 41 46 51 50 45 47
36 412 58 55 56 39 52 60 51
37 313 39 40 53 50 47 46
38 291 53 43 58 48
39 396 51 58 47 41 40 48
40 448 44 59 58 56 41
41 273 59 44 46 43 50 60 53 52
42 279 46 52 59 43
43 313 51 47 54 49 55 60 48
44 347 57 58 47
45 340 52 60 49 51 57 55
46 277 49 48 56 55 52 60 47
47 278 58 56 48
48 445 58 51 53 54
49 357 58 53 51 52 50
50 274 56 52 58
51 369 60 56 54 53 52
52 465 58 56 54
53 278 56 54
54 257 56 59
55 368 59 57
56 309
57 323 59
58 331 59
59 290
60 379
