120 1000
1 273 116 39 81 119 47 34 99 17 114 105 107 94 90 58 57 24 76 42 45 108 95 53 35 64 115 68 70 50 41 37 20 13 78 2 5 19 59 118 38 55 44 97 87 54 33 3 49 65 111 62 43 75 86 98 28 80 93 92
2 266 3 40 25 90 77 7 87 32 33 71 21 37 10 59 36 101 107 79 70 47 51 44 50 99 31 86 105 81 109 23 111 61 14 72 76 94 39 73 95 43 69 34 18 20 85 110 103 115 75 78 35 83 68 46 38
3 461 24 77 22 40 71 39 58 91 111 108 109 10 26 79 44 21 63 86 98 62 45 59 16 107 56 78 60 27 84 34 36 52 14 76 37 120 92 89 101 57 97 102 73 110 54 53 12 104 18 88 9 90 65 68 99 50
4 307 63 9 48 25 59 106 108 115 82 79 110 32 84 102 116 17 88 107 85 69 96 70 31 58 103 54 34 37 119 47 98 30 13 45 46 60 109 120 86 6 61 100 5 20 21 71 35 42 29 78 81 101 113 68
5 281 82 55 65 35 69 107 116 60 11 111 17 25 91 37 21 26 109 41 18 15 22 29 89 8 75 45 51 46 12 7 73 76 71 31 119 64 94 49 118 96 42 13 10 47 61 6 102 83 33 9 27 79 77 53 40 120
6 412 27 77 112 71 48 13 73 54 108 12 100 32 20 66 31 82 98 89 70 57 113 69 47 95 117 61 7 25 40 24 59 87 22 93 99 83 85 97 110 63 75 106 88 11 118 102 16 86
7 393 109 61 22 33 42 120 78 104 84 95 29 19 98 14 108 74 53 118 113 106 38 50 69 102 73 39 13 92 65 82 107 116 30 27 83 62 70 71 112 101 31 110 48 99 114 87 18 119 17 85 55
8 345 114 78 89 28 29 93 47 107 79 35 19 84 21 38 27 50 20 31 100 12 51 77 14 34 17 42 82 105 119 58 65 83 75 109 66 87 68 104 48 9 49 111 60 106 13 52 61 32 22 118 54 98 97 71 80 30 41 110 103 56 86
9 262 98 87 46 32 28 34 86 104 53 112 81 51 88 73 20 35 80 44 105 37 45 60 114 22 16 63 71 91 75 69 38 33 119 17 108 95 70 52 78 55 76 23 36 97 118 19 30 96 15 13 68 14 12 83 116 72 85 57 103
10 413 61 99 59 104 67 53 83 21 73 63 109 37 27 17 116 58 23 26 40 85 93 30 107 76 18 25 29 54 62 68 113 90 98 112 20 80 39 24 94 110 71 19 111 56 115 114 11 100 74 70 69 28 52 65
11 317 24 55 56 92 16 91 103 95 58 69 60 76 45 88 104 79 51 49 59 73 13 53 65 23 93 48 43 119 42 66 27 47 70 108 15 32 67 99 113 20 118 116 86 112 19 36 30 77
12 270 101 60 81 71 15 50 97 65 110 72 109 48 49 46 57 90 25 99 115 51 58 62 22 102 13 24 78 55 14 73 18 95 36 116 118 106 87 105 44 111 114 83 31 103 112 43 77 26 98 27 100 42 19 92 61
13 287 17 23 83 106 50 94 84 112 98 62 56 65 20 107 52 44 86 38 18 14 35 95 29 102 105 113 115 57 36 45 92 22 59 19 58 61 120 53 109 82 32 89 75 27 47 64 67 41 21 46 37 87 91 60 93
14 298 15 20 60 69 57 102 35 78 52 79 26 68 59 71 117 27 100 118 50 86 85 21 34 91 103 94 51 22 36 43 105 70 115 108 32 42 44 97 96 87 31 77 80 92 64 62 99 95 83 101 40 84 107 55 38 29 111 76 46 41
15 415 81 64 26 75 59 80 84 54 73 86 19 74 78 41 65 87 51 79 117 108 63 120 98 34 23 67 49 16 118 18 114 44 104 97 20 93 37 115 91 82 111 43 28 57 112 105 70 48 45 77
16 318 30 94 72 50 38 81 113 57 63 70 114 80 51 84 41 56 68 108 73 54 20 39 32 52 83 90 91 95 29 117 28 35 100 59 75 98 26 79 46 89 48 47 120 74 17 103 99 116
17 301 115 120 94 51 48 106 83 104 119 60 45 37 22 69 19 112 107 103 38 95 66 49 20 29 99 41 76 32 114 63 70 50 86 80 100 44 62 109 82 52 54 25 73 98 105 81 85 39 64 28 58 77
18 381 64 69 55 56 63 50 24 93 115 88 43 86 73 36 85 81 45 101 80 89 47 76 57 72 84 119 75 30 53 116 25 59 94 34 108 29 21 104 42 92 52 117 33 41 90 95 38 105 54 77 49 111 113
19 347 93 98 49 31 108 32 72 79 35 60 95 63 97 81 47 100 38 59 117 50 103 91 22 36 64 92 55 73 53 118 20 41 40 89 75 86 88 83 90 56 101 39 52 33 30 84 85 110
20 372 108 107 22 29 109 120 71 117 42 52 74 60 119 93 43 28 32 21 81 88 86 85 68 111 97 67 54 30 75 84 79 35 48 92 36 82 58 41 47 78 56 110 61 26 24 38 102 37
21 281 51 87 50 96 46 61 58 62 120 81 68 31 113 43 25 38 108 54 27 80 98 49 34 93 37 112 23 83 97 56 100 118 94 114 45 69 89 57 115 65 117 70 85 28 84 73 116 72 26 77 91 22 55
22 261 98 50 114 39 94 71 102 33 110 74 63 106 60 119 104 30 115 82 79 113 77 28 87 72 107 46 76 68 23 31 88 52 64 85 44 36 55 93 101 66 56 118 57 49 96 25 26 32 111 45 80 27
23 334 97 41 95 84 93 69 72 63 102 90 60 104 83 52 96 61 76 114 106 120 87 29 59 65 51 56 77 28 30 73 40 119 25 81 74 55 111 89 115 110 58 48 75 88 109 99 79
24 405 35 65 80 63 105 92 101 40 96 60 27 99 73 30 31 91 74 49 33 43 50 78 34 72 82 97 26 67 104 108 46 95 110 120 98 119 44 54 106 32 47 102 86 117 52 90 81 84 57 61 25
25 356 29 80 105 109 92 47 100 65 68 108 111 91 84 104 64 88 67 39 79 94 43 54 48 75 38 34 71 57 97 81 118 82 41 115 112 27 44 85 46 116 99
26 287 34 105 114 92 35 39 113 58 88 100 119 80 94 45 108 77 71 93 74 120 85 106 72 79 109 50 60 37 117 104 69 91 44 73 116 103 115 42 87 57 28 56 27 96 97 89 33 46 86
27 357 68 45 80 92 112 50 99 32 108 91 105 37 81 75 31 70 64 118 93 74 39 48 90 61 84 111 97 71 69 107 59 57 101 78 116 66 109 110 65 86 73 55 88 34 62 98 104 51 114 87 119 115
28 283 49 72 30 64 52 79 102 89 86 80 61 50 100 85 67 47 35 65 82 116 69 99 75 42 40 73 60 107 105 41 45 46 66 96 63 114 98 117 56 110 112 84 62 77 115 104 32 87 29
29 449 36 88 31 57 44 118 119 101 98 91 78 74 96 54 93 64 85 113 34 59 52 79 116 77 109 46 69 63 33 62 99 86 50 68 120 53 67 48 38 108 105 92 51 35 112
30 268 50 108 32 68 54 73 65 103 48 77 83 31 42 37 116 84 63 94 80 99 57 97 56 52 72 86 62 95 45 34 117 98 119 39 102 114 64 113
31 290 84 54 90 63 62 91 68 118 108 37 79 40 82 80 102 70 44 83 77 50 39 49 66 87 71 103 74 96 32 42 116 100 46 88 34 97 95 115 53 59 120 101
32 261 106 53 41 84 100 33 52 101 64 36 120 77 42 55 119 43 74 92 65 63 108 62 61 95 38 73 69 79 113 91 78 39 117 110 111 85 37 83 99 54 87 97 40 94 71 56
33 449 79 45 78 72 50 46 117 52 49 56 41 107 66 87 40 70 37 62 88 106 100 43 103 53 119 96 120 90 110 55 75 108 63 91 44 109 76 60 83 47 39 99 48 34 35
34 364 37 77 44 50 79 73 63 109 59 76 110 39 40 65 70 60 85 112 72 87 66 48 78 94 58 104 97 119 88 115 93
35 334 77 40 113 78 69 50 96 95 103 83 42 118 71 106 80 47 36 59 39 45 37 65 85 120 43 102 101 58 55 84 90 98 60 117 110 97 70 99 104 63 111 56 41 87 49 73 72 76
36 302 72 76 77 48 114 52 97 82 47 51 59 43 73 84 75 66 70 107 90 108 56 104 65 38 106 105 120 83 78 119 91 50 69 98 87 118 117 60
37 271 109 73 40 75 44 91 52 63 119 85 74 60 110 69 54 53 84 58 38 89 90 120 117 72 68 99 98 51 105 57 95 50 78 65 56 96 62 48 104 97 112 118 113
38 418 91 68 58 74 57 109 106 69 60 72 55 47 85 100 83 97 96 92 113 75 77 115 67 43 93 87 101 114 90 117 86 63 41 62 56 108
39 311 54 110 94 92 43 56 71 75 80 116 81 69 114 118 48 108 44 41 96 72 79 47 106 115 85 49 89 61 58 82 107 105 102 67 73 99 109 74 88 119 111 42 46 104
40 352 61 83 52 82 74 68 88 58 64 70 55 113 118 92 105 63 120 98 104 60 71 95 87 112 73 47 48 117 94 42 41 97 102 109 59 72 75 66 43 69 51 96 78 77 91 79 111
41 296 53 78 76 74 117 43 63 92 84 80 60 50 94 99 119 86 89 120 64 88 118 65 98 101 87 110 62 54 51 111 93 61 71 69 42 113 57 56 91 77 58
42 352 53 44 85 111 116 67 101 68 113 58 104 88 95 76 78 110 70 98 83 118 72 92 57 66 48 99 107 87 97 46 71 60 49 45 106 56 63 80 86 75 79 108
43 363 100 90 114 56 87 105 59 110 119 108 75 62 72 92 78 111 116 102 68 66 53 64 95 96 52 82 115 118 69 50 45 112 93 49 89 88 77 74 94 86
44 286 92 99 61 113 93 91 85 68 55 98 62 75 101 72 47 82 106 102 103 78 73 45 87 67 107 49 53 54 114 90 69 115 97 104 86 59 70 50 118 105 84
45 351 84 69 63 101 94 62 90 117 97 55 71 59 92 77 95 100 52 118 115 106 72 65 105 82 51 102 57 111 113 58 50 46 87 112 53 93 120 96
46 279 82 72 79 102 103 52 73 99 49 106 105 118 59 91 98 97 62 94 117 47 80 100 63 56 68 104 61 53 77 83 116 60 81 108
47 413 65 115 89 107 118 60 99 98 86 48 62 96 111 55 59 67 77 61 57 112 68 81 85 71 102 100 82 52 116 113 50 95 87 64
48 308 55 92 73 79 65 115 97 87 93 71 86 118 70 80 81 72 111 78 104 66 102 64 63 69 107 76 84 88 61 56 75 58 52 99 100 110
49 339 109 99 61 115 89 91 92 105 96 79 110 111 70 82 65 60 85 54 50 87 112 76 64 114 106 108 117 62 103 93 100 57 119 56
50 313 64 108 118 79 120 116 117 80 53 89 87 112 103 55 54 107 85 101 68 111 95 60 90 63 94 75 100 66 74 61 96 73 91 51 92 106 115 57 81
51 348 83 107 91 109 76 55 74 119 92 93 111 106 118 104 78 52 115 120 66 71 114 80 82 81 84 56 110 101 87
52 344 87 70 77 74 73 117 66 72 111 78 67 92 114 91 119 57 58 63 68 53 93 102 109 55 103 120 85 110 101 79 86 99 96
53 310 100 113 96 71 119 56 55 63 98 87 59 110 88 80 67 83 118 93 66 74 114 78 69 60 75 61 79 117 111 109 85 68 94 65 89
54 346 105 67 84 78 120 116 63 114 79 62 95 92 91 94 61 64 83 119 110 75 80 102 71 65 101 118 58 86 70 117 57 74 88 87
55 360 64 94 77 75 61 60 112 119 113 57 96 108 63 69 80 70 102 74 87 83 86 90 78 120 117 66 100 118 114 73
56 364 76 110 58 87 91 117 94 89 109 63 105 101 64 114 112 67 69 77 72 96 90 115 86 61 102 100 81 85 71 66 119 79 95 106 74 118 88 104 78
57 276 115 96 92 120 86 70 89 61 73 65 58 99 98 101 82 100 109 85 104 107 118 77 87 113 112 119 79 67 108 114 102 62 117 74
58 309 94 101 95 114 93 104 115 78 105 82 73 83 109 96 84 61 90 117 63 89 66 102 62 71 68 110 112 79 67 86 98
59 370 62 92 63 84 85 111 74 67 89 75 118 68 61 87 93 108 103 98 100 116 76 80 119 64 78 96 69 101 120 94 97 90 115
60 321 65 101 105 110 119 62 74 70 85 109 63 113 90 61 118 117 86 107 96 92 99 75 114 71 66 94 116 81 89 67 69 91 76 103 79 93
61 294 115 112 111 120 62 92 87 82 79 95 85 68 102 71 66 63 65 113 98 86 100 97 89 118 101 88
62 444 111 95 115 93 106 116 89 90 103 104 109 86 100 120 112 66 76 79 98 81 83 65 110 64 105
63 262 105 83 102 117 100 88 69 94 98 115 104 67 112 120 118 76 89 70 87 77 72 91 93 103
64 365 115 83 96 65 90 101 98 68 116 111 87 104 106 85 77 66 75 69 94 120 100 76 89 102 99 92 81
65 339 69 76 89 81 117 102 72 108 85 114 90 106 91 115 95 96 87 103 68 73
66 296 93 95 104 84 114 117 118 99 71 108 86 112 85 88 72 67 102 120 80 100 109 69 119 113 90 116
67 397 68 104 99 84 71 95 102 96 116 85 90 101 75 108 89 105 94 70 82 114 98 107 91 115 120 77 69
68 282 92 93 118 113 115 75 109 120 79 106 95 114 110 78 86 100 108 119 104 88 74 101 94 89
69 321 71 73 98 118 80 108 75 78 117 94 101 96 109 85 100 83 120 82 72 111 89 102 90 74 97
70 309 116 77 107 112 104 106 105 113 96 78 79 100 87 99 98 83 118 71 120 85 89 94 88 86 108 76
71 386 96 88 105 107 93 112 104 86 103 120 94 100 87 76 89 82 110 95 114 98 92 90 73 106 115 109 78 101 116 102 85
72 305 84 77 120 107 89 117 99 100 76 86 118 111 79 94 75 109 119 110 96 102 92 87 105 90 116
73 331 80 104 90 103 112 81 79 74 106 78 85 75 89 110 102 95 117 96 115 88 105 119 91 77 99 97
74 379 112 117 97 96 77 116 103 78 108 75 92 94 82 120 101 109 83 87 106 105 119 76 102 80 110 86 107
75 290 82 106 96 103 90 104 97 95 114 120 102 105 78 118 112 91 89 87 116 86 99 80 92 115 101 84 119 111
76 303 91 87 120 101 98 116 79 78 111 83 100 93 104 108 97 109 94 77
77 350 84 101 98 102 90 107 119 87 81 111 114 97 108 110 93 95 106 117 118 82 78 94 96
78 347 88 109 94 108 120 114 118 116 111 115 99 81 112 87 119 106 105 86 91 84 80 96 89 95 90 92 102
79 268 112 98 87 93 119 84 120 117 89 108 116 88 106 85 96 99 80 109 90
80 437 104 86 95 98 85 117 83 99 108 82 87 113 90 81 88 114 118 101 103 102 92
81 295 109 89 102 106 114 96 87 100 99 113 116 111 107 112 88 108 82 84 91 104
82 291 99 95 102 104 117 94 87 88 109 113 100 106 92 83 85 108 111 101
83 305 102 104 95 94 119 117 108 115 87 109 92 88 97 93 101 98 105 100 113 96 91
84 404 120 92 106 104 118 100 90 101 112 114 108 116 89 119 115
85 294 111 96 118 88 119 103 102 105 97 92 107 99 120 113 116 100 98 104 117
86 266 118 117 103 107 99 92 94 110 113 93 114 101 106 108 90
87 440 109 110 97 108 98 106 104 89 103 92 100 94 119 102 96
88 383 113 105 98 119 112 89 115 120 116 114 110 97
89 298 113 102 119 108 96 117 98 95 115 90 109 105 104 116 118 106 99 93
90 319 110 98 92 94 116 96 102 111 117 91 113 106 104 114 119
91 390 102 100 114 101 97 116 96 106 118 98 115 112 110 92
92 319 99 116 114 95 108 93 107 104 94 113 119 118
93 291 95 114 96 103 102 110 98 118 94 113 101 104 115
94 287 107 102 101 103 105 104 100 118 111 96 113 114 106 97
95 450 120 115 99 117 119 116 107 109 98 102 108 97 100 96
96 263 113 115 108 101 120 103 99 98 104 112 116 119 106
97 399 119 115 112 104 101 105 106 117 100 120 98
98 324 119 109 104 115 99 112 105 108 110 118
99 277 100 110 106 118 115 114 104 116 102 111 103
100 363 110 103 111 108 120 104 102 109 116 119 105 112 101 117
101 381 104 103 113 115 107 117 119 112
102 256 109 111 118 114 107 119 108 104 115
103 280 120 112 105 110 119 118 104 109 108 106
104 296 116 119 111 112 106 107 110 118 105 114
105 424 110 117 118 111 112 113 108 107
106 264 116 114 110 112 118 111 117 109 115 107
107 441 116 118 120 111 119 108 115 110 113
108 295 117 109 110 119 116 118
109 266 115 119 118 120 110 117 114 116 113
110 301 111 120 117
111 433 113 115
112 325 120 113
113 264 114 115 118 120 116 117
114 411 116 120 115
115 388 120 119
116 353 119 118
117 259 118 119
118 424 119
119 307
120 269
