501 1000
1 251 193 306 106 395 293 418 67 182 20 423 31 458 27 168 7 77 483 492 72 6 153 111 470 372 121 477 157 424 275 357 420 386 173 442 238 297 319 389 402 103 309
2 308 415 210 202 64 353 406 281 10 95 199 244 500 335 319 31 113 360 22 498 6 304 67 494 495 201 24 331 387 270 484 401 459 7 112 4 317 174 164 187 420 175 34 151 123 121 310 337 117 42 286 285 116 477 122 416
3 441 254 105 168 29 441 370 79 25 56 270 343 422 92 68 37 274 457 285 400 401 317 121 135 27 443 484 140 153 155 280 393 248 43 117 83 355 13 128 409 428 273 242 74 427 435 417 131 296 202 175 252 244 146 243 307
4 428 439 428 310 30 185 396 474 468 475 94 44 366 96 177 131 317 367 263 248 500 416 41 395 277 138 462 360 134 485 245 181 158 82 21 7 205 128 223 108 296 340 174 150 480 349 113 70 251 458 327 478 397 308 457 454
5 275 29 60 139 37 489 456 81 483 186 370 399 17 57 320 274 381 473 342 93 118 413 445 402 106 458 171 49 493 486 88 356 190 79 227 119 268 380 439 366 307 192 157 368 147 434 94 312 463 44 383 294 184 459
6 297 370 261 9 423 70 176 212 104 442 304 198 210 90 200 418 125 238 50 97 120 362 222 363 32 340 53 345 214 428 253 14 239 118 145 219 193 156 433 392 79 469 277 190 491 440 329 396 494 501 48 319 35
7 314 414 62 482 229 287 18 188 95 256 147 319 387 284 177 146 253 473 117 419 300 24 108 222 386 219 182 120 202 100 264 495 21 404 41 425 429 53 315 37 216 486 158 56 116 364 350 89 298 447 190 163 155 86 153 421 406 348 68 58 488 81
8 366 71 137 293 406 374 389 480 420 317 330 327 95 207 55 182 208 215 86 475 166 319 391 304 21 324 398 433 177 134 297 302 492 123 316 125 271 130 451 422 436 191 396 111 359 253 341 472 347 133 483
9 320 254 465 74 359 319 100 194 161 25 275 143 182 131 139 55 196 248 499 94 399 393 273 167 97 216 242 159 235 14 174 96 134 295 12 314 109 243 377 149 64 133 16 411 439 434 463 168 82 277 233 60 84 274
10 458 231 434 12 78 226 199 191 460 72 57 240 98 35 143 266 382 309 28 182 219 454 292 254 27 272 384 403 190 499 122 260 120 92 371 383 323 472 49 289 483 244 405 343 235 31 142 398
11 266 349 260 489 378 234 197 480 268 139 59 218 434 217 320 46 122 117 223 356 313 228 255 447 239 245 235 109 216 470 230 71 446 137 333 455 124 439 411 500 395 134 441 339 44 168 386 191 131 319 89 292 47 464 330 62
12 276 366 16 232 346 416 287 114 357 51 142 78 429 471 247 45 324 167 361 46 209 433 241 426 219 97 52 215 368 112 133 482 220 117 311 103 74 420 89 291 238 67 243 93 300 23 235 186 200 464 94 139 175 245 43 402 495 308 453 382 143
13 363 193 59 410 313 64 361 322 61 335 36 491 214 144 393 501 482 77 457 274 286 255 390 210 442 369 119 40 125 306 401 465 244 84 23 87 187 31 191 195 238 86 481 282 32 194 384 105 283 433 43 475 356
14 368 389 56 316 326 115 461 121 410 188 400 364 466 235 68 166 358 102 196 497 209 427 432 262 354 43 479 94 481 110 485 467 451 434 417 142 161 404 151 258 137 116 304 128
15 269 273 356 438 92 447 464 282 105 147 355 140 271 492 157 25 69 340 211 258 463 48 188 182 366 234 74 41 411 270 235 219 290 252 159
16 315 128 211 469 189 35 331 98 348 380 497 219 372 76 157 195 160 463 429 21 240 468 127 174 167 259 222 150 51 228 433 232 131 130 454 394 323 341 66 404 100 82 109 302 205 342 450 449 419 209 78
17 399 369 383 221 438 93 447 329 198 52 47 97 72 366 88 103 154 28 469 370 91 428 400 92 20 444 202 196 76 57 424 276 420 87 499 195 322 281 211 199 394 23 208 481 312
18 286 134 489 480 395 400 273 471 349 496 54 53 410 154 208 256 250 343 501 153 73 25 452 318 23 403 40 162 351 466 151 142 306 384 423 307 346 444 453 125 105 204 100 130
19 295 360 400 258 367 405 407 298 136 217 230 69 81 463 450 275 296 39 94 277 43 229 86 295 304 234 409 319 165 24 490 92 289 471 185 102 317 153 244 459 143 479 373 35 142 357 87 410 457 67 272 218 327 469 82
20 268 308 158 91 281 408 145 292 114 82 394 193 260 313 237 475 427 88 60 309 453 151 482 268 404 421 368 174 305 177 375 407 253 21 148 59 81 249 351 38 439 47 376 135 297 190 405 207 52 459 290 33
21 437 145 25 487 33 497 302 132 202 71 331 453 458 194 199 76 467 277 356 416 193 334 412 51 85 345 495 369 94 365 496 188 46 280 450 312 349 242 397 358 337 366 152 329 288 401 406 253 460 419 198 426 395 103 346 143
22 302 377 83 58 469 426 335 489 325 476 262 212 385 113 296 361 304 166 270 266 143 89 243 340 362 349 491 115 318 453 430 147 25 461 477 207 28 117 222 108 160 168 218 474 408 449 311
23 415 264 216 328 122 300 500 428 347 203 363 499 81 75 349 409 40 361 295 438 303 346 464 421 146 217 341 463 211 411 412 454 82 342 367 56 178 415 456 379 427 410 69 476 259 465 294 25 170 271
24 283 248 464 298 38 466 330 177 53 372 219 415 287 171 130 477 449 396 471 214 128 68 309 398 433 340 382 92 70 200 255 164 299 212 75 104 62 305 267 455 149 201 324 205 118 500 137 422 168 498 437
25 411 450 336 65 155 50 284 75 457 146 35 227 158 190 218 338 292 418 243 282 27 424 101 254 468 469 106 500 429 286 122 443 41 26 295 118 36 51 37 358 318 327 260 280 141 199 394 464 53 481 94 262 454 407 405 217 77
26 291 460 122 309 421 469 57 237 211 159 388 335 200 319 151 98 318 491 440 69 480 382 368 358 423 407 264 35 470 219 165 415 109 47 207 196 67 438 343 142 455 90
27 298 330 236 84 409 354 100 149 123 485 224 252 122 306 469 184 480 368 171 424 328 398 40 500 310 374 95 261 59 118 285 455 234 464 412 273 111 454 247 130 229
28 260 41 341 60 468 352 186 289 473 230 349 68 246 71 441 212 126 485 99 385 274 149 106 89 196 96 498 486 348 327 85 283 264 261 58 495 211 314 109 169 268 171 75 467 363 374 93
29 478 440 90 151 35 377 389 121 498 494 282 444 259 122 345 184 393 56 153 458 111 43 279 354 238 71 359 339 316 480 44 212 361 216 381 257
30 262 359 75 46 286 176 247 407 432 126 466 216 406 154 374 392 140 378 335 434 461 175 86 153 272 362 39 329 375 423 195 349 385 250 138 214 200 43 348 360 399 312 485 246 396 181 227 400 131 319 143 228 487 173 357 220 274
31 333 95 490 435 365 410 339 236 352 394 393 75 142 347 497 160 217 132 222 242 470 501 154 466 387 442 144 203 361 274 389 114 363 177 331 479 304 117 104 498 297 272 493 162 302 234 247 156 471 303 98 129 290 165
32 331 360 391 488 310 266 347 88 98 399 93 69 269 397 309 287 256 429 452 61 313 461 297 119 418 302 338 406 223 152 45 353 487 440 333 196 184 413 211 217 133 243 483 316 189 477 357 51
33 336 410 386 167 257 211 287 122 451 200 58 357 74 493 88 56 310 433 360 127 55 298 355 178 434 217 276 382 255 169 69 224 297 123 70 462 500 139 82 201 495 425 411 468 413
34 478 402 344 273 312 170 356 418 382 55 216 153 377 290 305 370 341 394 414 443 182 94 213 179 159 438 66 217 258 346 225 256 189 111 89 261 99 491 473 423 412 496 362 85 43 244 57 68 245 220 461 317 222 211 494 74 241
35 263 94 312 377 395 454 368 163 125 281 486 255 351 298 192 88 386 469 319 71 272 279 316 167 415 61 262 416 209 207 443 453 49 203 434 355 156 204 211 197 87 467 65 217 160 266 398 389 475 282
36 259 469 279 253 342 324 113 422 188 387 368 51 301 471 170 476 465 289 432 71 99 179 457 135 481 399 74 274 496 283 439 285 70 286 339 184 489 232 110 52 96 228 446 501 347 374 164 448 437
37 355 330 497 388 257 79 390 84 329 226 447 100 196 56 169 82 476 498 377 141 58 342 455 464 328 116 299 179 370 451 160 66 151 48 479 96 218 287 286 466 52 430 104 242 90 146 208 67 325
38 253 299 363 398 392 148 440 301 259 445 255 127 283 309 402 229 182 180 290 142 105 214 501 397 303 443 189 280 291 476 207 268 324 349 111 73 386 96 278 187 62 273 426 391 208 80 481 269 365
39 392 115 47 212 295 311 151 388 347 449 266 171 167 284 173 262 235 267 490 65 424 491 285 98 372 51 290 237 275 478 143 358 250 138 326 188 282 231 56 499 45 132 42 349
40 256 181 462 196 476 88 346 475 460 61 183 400 300 135 366 351 316 223 365 500 330 103 95 250 302 87 77 49 319 353 255 286 205 458 97 287 411 50 106 203 265 434 215 104 398 147 324 393 247 473 456 416 187 432 284 435
41 260 484 405 164 341 89 469 68 452 378 202 283 205 165 443 182 150 470 406 47 281 162 49 66 352 396 363 349 303 336 450 342 437 116 432 226 195 411 110 238 85 351 493 372 221 477 98 209 446 190 421 433 154 222 248
42 484 130 342 64 405 212 425 443 145 276 226 171 192 51 386 401 76 104 79 253 224 180 56 271 383 71 426 341 153 260 262 328 157 436 484 367 416 162 489 54 185 91 420 310 351 108 254 187 106 154 408 89 293
43 250 169 143 63 206 141 258 122 460 317 307 242 224 491 372 341 80 214 345 405 203 471 55 497 301 433 283 484 344 303 103 138 322 340 302 133 64 313 363 192 195 392 373 272 124 309 99 440 92 396 282 338 202 403
44 253 267 156 46 385 150 315 280 313 342 229 318 378 429 86 436 418 423 454 300 460 372 319 225 222 266 287 98 120 221 66 213 277 294 82 316 53 217 264 410 489 384
45 497 99 401 435 428 283 489 103 306 162 321 123 315 439 335 80 255 282 85 56 383 360 66 246 91 358 334 96 386 451 382 300 389 411 425 399 482 199 252 213 164
46 365 203 320 112 71 211 215 184 186 206 381 209 290 402 120 176 489 314 360 125 236 321 434 100 325 356 303 403 355 391 89 90 260 319 389 129 371 446 443 189 267 272 111 172 218
47 350 477 401 114 208 48 96 188 269 226 359 257 189 118 262 414 302 473 142 484 77 86 134 108 69 481 199 470 313 325 78 337 265 90 475 450 298 365 250 274 97 140 410
48 285 484 124 176 165 269 323 254 400 414 276 284 444 417 97 322 234 208 117 180 416 455 274 120 168 251 402 345 481 494 310 68 55 306 62 347 384 184 352 472 258 263 371 411 290 401 102 365 334 372 140 185
49 312 452 298 286 60 461 274 226 323 428 438 451 210 321 80 476 344 250 260 409 315 307 330 148 300 93 390 207 359 216 139 350 384 214 457 354
50 330 84 443 52 495 321 226 331 57 120 232 153 366 420 184 72 423 344 56 478 255 386 447 329 349 425 238 290 266 58 353 171 314 237
51 358 66 444 160 195 184 479 482 57 162 271 247 311 288 348 236 302 281 261 407 225 124 341 77 221 153 372 181 396 193 114 474 158 231 266 56 146 456 239 436 227 136
52 415 230 306 362 137 170 300 392 476 157 172 252 368 284 311 291 79 118 439 400 94 74 212 224 341 195 266 292 435 96 108 237 410 66 203 418 199 378 453 357 207 312 389 187 85 253 455 290 184 323 430 348 438 128 415
53 277 103 119 170 376 435 120 430 245 137 143 476 207 455 305 405 179 496 271 323 337 172 433 250 350 112 188 328 171 321 351 178 76 431 338 319 450 369 472 453 75 294 85 423 463 180 393
54 308 310 232 241 56 377 296 415 119 87 352 103 314 57 435 409 170 110 330 280 181 350 188 446 214 469 148 187 179 422 136 236 115 427 169 139 282 325 389 252 150
55 351 307 197 417 403 346 485 169 325 96 263 359 146 112 78 220 294 458 113 473 326 333 277 123 286 89 425 241 173 83 455 335 406 110 460 272 392 474 312 298 114 223 296 72 248 439 457
56 295 268 236 482 320 301 132 340 154 459 296 484 322 217 392 70 241 105 258 202 433 304 430 204 199 139 403 234 396 381 239 445 341 197 93 496 120 118 434 457 73
57 354 285 344 274 313 147 286 416 170 247 69 417 259 439 414 265 495 113 315 466 480 293 311 175 223 297 455 348 220 71 63 360 428 89 404 193 396 334 478 260 475 109 328 272 432 104 271 485
58 439 359 128 135 105 302 266 422 469 127 492 160 126 210 147 165 187 133 307 440 280 239 324 269 242 399 194 349 475 164 249 66 389 205 228 173 406 420 219 295 103 327 216
59 261 211 488 138 379 199 190 480 497 491 381 313 437 127 129 193 494 338 264 434 476 447 236 206 294 409 357 141 439 316 201 456 253 75 350 460 367 489 463 248 226 385 242 143 312 213 235
60 300 474 439 214 263 222 107 135 167 237 377 331 319 486 317 145 489 114 415 264 359 491 100 71 315 148 258 473 85 268 427 352 499 449 163 441 132 202 314 305 481 127 448
61 315 492 396 93 72 132 259 482 385 391 455 169 233 162 275 480 110 475 308 407 210 401 131 122 460 75 64 198 398 252 380 370 232 213 348 188 96 400 362 148 240 217 357 476 186
62 309 158 63 113 314 467 149 256 143 217 401 129 222 367 389 147 133 114 106 262 121 413 85 385 80 444 338 229 300 438 325 449 73 94 243 91 198 235 247 203 102 211 196 270 283 320 220 298
63 376 187 413 236 501 65 224 208 223 412 117 256 114 242 387 207 85 445 122 465 410 260 229 479 279 481 357 297 482 360 453 337 419 411 84 79 213 290 333 332 110 245 190 96 162
64 349 105 439 97 446 458 451 182 472 268 373 382 485 400 125 122 488 247 149 250 259 227 351 484 429 292 231 499 301 221 365 119 128 300 286 78 173 210 100 228 137 166 266 181 398
65 362 92 257 118 196 475 343 243 191 421 211 423 262 440 137 462 301 88 221 375 93 374 157 474 87 446 431 383 318 327 468 328
66 289 425 428 396 499 106 301 306 244 303 316 178 222 378 131 497 247 488 471 82 371 405 239 443 185 221 445 487 254 449 258 431 359 345 340 292 80 326 290 291 274 451 309 479 279 193 328
67 260 442 454 367 268 449 247 433 220 344 461 310 480 191 122 415 353 193 200 145 236 471 216 138 286 404 144 357 299 131 77 258 403 291 400 348 211 188 417 486 233 150 422 369 246 260 194
68 477 498 428 336 125 243 476 488 184 288 231 289 159 252 239 271 381 170 451 162 343 123 71 260 348 235 112 161 173 329 372 359 69 278 195 79 277 158 395 478 491 135 261 187 265 149 493 250 181
69 263 121 283 364 206 98 373 374 314 86 496 111 372 180 209 189 223 497 426 343 345 281 195 412 475 487 363 169 294 390 247 457 478 437 490 268 453 380 312
70 348 238 89 479 215 482 355 324 174 342 148 160 93 182 383 328 122 371 81 252 321 307 493 118 245 130 373 170 460 296 433 498 454 83 436
71 255 338 299 345 134 483 223 116 344 179 125 201 308 227 137 261 128 321 329 83 198 127 461 202 445 79 430 491 80 466 301 382 413 162 258 371 310 143 183 211 285 331 459 191 230 165 158 356 342 418 492
72 397 414 314 496 322 498 104 489 487 201 235 377 415 438 134 243 165 106 123 74 476 217 404 137 186 260 466 423 424 447 281 442 190 444 331 184 445 97 242 176 112
73 251 145 201 310 276 481 371 250 439 242 441 259 270 316 84 112 338 77 185 283 210 195 408 388 110 497 446 116 313 261 106 174 115 122 400 176 492 154 104 496 493
74 266 455 290 182 377 114 374 262 150 346 260 96 426 312 239 359 411 492 341 194 439 119 274 136 144 299 284 244 145 376 303 86 123 448
75 483 322 238 256 129 83 172 225 398 364 136 456 499 178 501 463 310 444 345 358 368 181 257 173 189 485 400 299 453 492 423 201 138 418 336 384
76 450 400 205 177 497 391 127 259 434 223 408 496 225 288 181 103 324 397 184 114 283 195 92 440 433 287 428 328 290 132 308 402 234 248 329 366 452 360 150 461 488 370 115 224 265 232 427
77 288 142 195 291 200 441 348 371 93 312 434 334 499 425 417 368 193 396 487 188 460 111 324 131 498 150 488 196 283 182 186 362 464 194 360 429 481 447 260 91 474
78 262 194 397 166 385 98 330 411 128 485 319 122 377 103 266 214 310 225 451 126 372 96 97 273 215 331 382 112 293 493 388 234 141 286 369 268 494 470 370
79 296 107 102 333 486 272 205 95 138 323 448 153 305 276 214 113 456 499 429 474 194 466 101 303 228 416 478 164 280 197 237 209 331 127 326 177 452 295 338 447 340 245 375 434 289
80 278 101 474 179 265 274 302 181 384 279 88 240 221 257 398 152 429 132 317 299 225 116 100 399 270 170 98 273 278 194 255 249 324 386 271
81 426 326 407 99 394 191 102 452 458 383 256 303 411 306 437 225 159 427 138 322 459 462 434 223 481 153 313 305 365 339 125 84 490 426 316 343 279 405 241 142
82 281 480 110 124 177 132 230 408 388 409 145 452 393 465 83 486 442 103 267 139 501 131 268 461 320 351 190 468 293 463 101 476 280 243 281 269 244 303 270 458 194 413 308 181 487 234 274 278 231
83 300 335 118 440 261 396 334 243 425 88 329 213 382 495 401 291 431 491 268 120 211 345 227 465 241 148 254 404 104 368 114 210 421 195 191 115 498 214 203 375 147 308 391 407 274 98 186 217
84 419 299 363 468 338 400 185 189 315 243 351 347 126 207 379 318 479 199 271 416 153 398 346 193 484 178 365 453 342 324 350 386 174 118 487 113 135 401 187 283 396 418 284 89 301 353 137 102
85 283 371 231 356 265 222 483 105 372 224 147 301 248 494 250 486 369 376 220 470 89 489 292 323 343 138 307 488 439 186 416 241 451 341 192
86 335 443 356 217 87 212 97 390 501 453 317 308 296 338 91 474 216 239 422 431 483 237 313 260 334 429 322 457 447 458 194 189 149 172 473 188 295 258 183 323 336
87 382 245 254 468 109 259 320 242 132 204 347 492 249 218 501 499 100 295 144 394 428 386 379 360 334 91 133 136 115 106 407 189 260 434 325 209 191 118 92 323 368 89 202 480
88 455 196 171 435 115 100 442 343 330 450 293 242 382 451 91 454 348 351 101 363 425 113 164 479 468 443 154 386 337 139 427 160 447 103 486
89 292 445 355 164 438 270 128 266 396 341 234 104 491 169 280 188 295 499 175 112 391 362 439 434 484 103 226 213 404 114 150 443 148 168 130 105 430 199 380 349 488 316 118 297
90 253 393 176 499 291 158 143 284 423 157 374 99 409 293 381 449 436 369 145 234 264 201 350 462 126 123 391 115 208 327 306 360 224 114 269 138 445 193 477 107 343
91 281 237 492 196 245 188 410 174 461 441 150 225 464 122 252 109 256 353 440 120 106 485 279 233 396 258 494 466 420 412 292 416 113 209 342 163 103 462 361 212 117 480 370 446 374 496 445
92 384 448 296 165 163 465 306 492 485 476 138 300 194 369 94 346 265 472 139 497 362 305 250 273 474 319 295 332 462 455 146 297 481 254 144 344 193 244
93 335 216 161 478 131 465 452 399 376 164 217 95 104 291 191 497 309 293 340 297 314 278 306 225 349 411 169 331 403 420 358 482 341 205 196 149 469 391 305 359 183 348 433 172 194
94 348 321 343 206 475 101 340 392 97 430 361 351 166 299 265 167 277 134 125 163 453 156 300 462 298 391 248 172 438 385 158
95 262 379 376 405 158 378 119 456 395 337 215 411 163 309 115 226 357 305 423 326 427 359 167 244 384 205 334 192 496 358 271 126 312 287 375 457
96 390 111 490 106 341 366 218 227 161 124 108 339 333 414 156 194 116 312 119 250 257 122 405 402 345 463 476 401 144 172 154 301 439 332 226 461 455 176 357 427 284 407 102 383 276 272 137 452
97 252 422 468 188 161 376 293 186 314 445 446 195 285 207 339 108 257 411 123 494 209 201 99 239 190 112 491 265 181 420 192 163 106 475
98 335 280 441 389 311 443 361 474 276 177 439 148 440 192 245 449 434 303 274 401 317 285 190 400 492 310 409 437 466 319 207 118 430 147 158 308 486 144 321 291 393 365 247 224 328 228
99 413 185 271 307 100 346 251 364 105 337 428 270 465 453 424 112 369 436 245 361 218 101 490 471 148 392 205 463 396 137 167 492 125 210 108 321 107 310 371 266 331
100 355 450 132 326 102 416 131 433 445 447 263 109 192 138 176 174 327 472 126 422 170 383 278 397 239 193 457 485 252 363 328 470 340 169 181 501 465 180 338 122 368 398 265
101 260 285 413 346 270 362 216 109 348 160 227 213 331 286 277 395 444 380 116 345 480 222 358 108 254 291 489 220 202 114 477 248 398 461 431 181 271 165
102 385 185 263 481 496 487 488 228 422 291 376 288 454 421 200 242 391 142 143 463 184 125 319 236 154 196 290 480 140 148 429 318 437 308 359 500 363 298 174 180 176 295 353 461
103 374 427 313 162 492 132 435 353 179 230 387 198 372 363 339 209 129 280 266 207 454 323 241 136 183 423 114 305 274 314 398 420 479 487 159 168 461 326 137 357 301 238 181 205
104 354 282 196 225 390 141 462 117 480 189 289 242 356 214 244 260 115 193 348 456 264 442 449 228 478 165 458 437 278 447 366 116 432 420 152
105 272 465 327 220 400 398 233 363 338 396 424 462 214 150 441 264 221 242 119 428 227 454 415 423 486 117 111 187 393 432 414 303 351 195 328 379 308 361 451 169 238 266
106 478 276 358 333 256 359 473 372 391 230 407 228 215 322 158 403 300 308 352 429 195 133 467 220 385 171 190 345 210 463 191 382 147 291 166
107 262 403 376 386 226 377 287 475 323 186 357 458 247 451 288 179 304 402 486 238 167 374 474 209 137 411 118 330 406 263 344 291 322 362 375 373 466 331 372 383 274
108 260 374 356 149 378 370 446 393 221 449 159 216 174 129 312 387 118 357 457 167 315 382 164 265 197 398 168 171 321 218 303 390 183 200 328 142 500 499 407 253 344 269 418 396
109 368 466 259 115 444 112 417 246 248 212 318 404 234 165 188 494 231 340 383 347 168 317 379 476 395 462 138 125 111 146 217 281 446 239 456 282 135 310 345 346 257 392 143 481 403 187 298 159
110 351 190 470 436 492 441 341 208 454 260 118 390 217 477 432 174 346 293 468 122 126 248 493 307 289 198 128 206 321 303 425 218 458 443 283 374 184 155 312 478
111 281 464 314 207 124 208 291 220 164 449 219 242 241 385 422 377 308 261 300 156 451 265 213 118 421 178 225 312 317 483 399 146 166 289 379 382 157 147
112 366 255 318 163 328 237 404 191 383 225 456 312 316 459 401 457 462 391 427 153 142 216 479 185 125 162 265 170 290 273 146 251
113 284 240 230 310 484 158 475 212 386 376 174 142 367 452 496 493 331 154 332 316 180 147 194 149 140 116 320 368 500 466 443 133 294 299 438 364 200
114 350 303 238 209 197 358 349 161 418 450 322 408 396 285 393 279 395 444 375 495 292 259 258 445 388 381 266 147 478 323 354 385 321 275 159 300 262 382 204 473 124
115 304 136 252 255 181 146 442 276 356 203 271 463 167 368 363 341 129 153 348 337 296 423 398 135 233 163 396 231 330 185 137 224 211
116 375 470 301 365 443 262 137 150 208 288 429 204 384 187 475 163 257 207 413 372 432 401 446 170 118 153 334 442 452
117 321 338 200 201 475 289 238 315 131 287 474 374 279 402 368 195 266 362 314 379 497 291 161 258 478 151 450 133 343
118 299 256 366 249 329 484 240 157 401 486 172 147 299 207 288 498 142 470 374 413 128 192 195 333 443 363 496 186 308 409 431 500 269 372 168 313 330
119 342 185 462 349 437 430 382 165 306 373 396 155 305 259 407 164 177 453 122 183 358 385 309 213 234 441 142 410 498 415 381 310 443 455 313 203 282 296 191 289
120 359 341 193 176 423 443 500 292 355 461 386 351 238 214 330 254 153 467 486 498 457 239 434 234 480 398 357 361 413 222 278 235 402 378 287 446 142 201 436 340
121 375 321 410 386 490 458 404 460 252 169 362 195 291 196 181 123 182 160 323 148 295 399 193 495 168 438 128 427 236 307 315 361 474 353 439 482 398 334 254 143 259 271 299 327 152 441 229 215 352 249 301 421 419 330
122 271 253 316 466 329 255 248 261 169 381 331 434 444 158 361 164 373 302 188 383 485 321 299 240 471 476 489 224 187 221 303 270 294 190 462 232 386 405 179
123 354 361 263 207 275 228 306 282 183 341 323 442 477 406 431 485 224 376 139 380 127 199 277 462 393 374 274 429 400 375 288 259
124 387 494 359 281 377 223 321 146 147 258 244 425 388 467 426 234 385 406 303 322 186 166 395 309 240 165 269 132 226 158 216 405 160 133 447 208 387 142 339
125 301 396 441 229 223 201 347 321 195 350 224 404 303 126 357 371 408 372 200 444 316 228 493 427 165 383 133 497 166 501 247 180 345 240 181 384 204 255 365
126 312 283 320 187 338 423 417 471 145 364 465 224 189 445 253 339 328 479 256 489 138 207 407 185 473 448 228 343 245 270 405 454 308 500 287 162 421 486 129 188 272 128 497 391 173 164 304 398 440 493 388
127 376 417 267 423 221 453 307 255 151 152 403 180 238 190 328 430 397 217 335 279 142 140 209 338 440 366 270 204 389 201 181 457 155 410 302 401 166 213 414 183
128 291 327 468 182 148 400 387 420 234 280 198 439 482 304 478 437 178 162 385 421 257 332 361 419 346 390 153 293 236 315 156 298 157 396 357 250 485 410 310 292 444 456
129 333 191 303 179 376 452 157 350 328 349 297 276 255 272 205 197 149 176 270 379 405 288 131 200 204 312 298 414 293 335 282 427 225 317 310 345 332
130 254 293 131 424 228 286 412 492 494 177 299 184 329 334 138 258 465 263 345 171 477 409 257 150 441 155 335 306 371
131 386 463 148 317 481 378 332 307 211 493 247 181 141 201 479 304 455 278 197 324 303 382 406 486 492 494 487 256 419 147 195 329 286 375 319 156 453 445 452 362 398 285 450
132 360 298 303 233 220 195 439 361 177 386 366 432 146 231 213 307 327 418 484 293 323 351 447 358 436 493 171 374 498 491 445 475 269 199 367 266 468 389 501 406
133 413 446 254 227 334 459 395 458 256 161 264 134 501 200 373 282 408 167 142 495 147 259 378 267 492 439 255 478 494 422 345 401 230 220 452 362 281 266 426 158
134 298 145 328 500 202 381 436 404 226 195 394 497 253 239 379 417 153 496 316 343 499 222
135 289 405 275 217 457 493 443 171 340 238 468 148 335 178 179 199 433 300 439 451 334 412 282 320 472 150 476 194 419 364 276 470 284 319 411 234
136 344 402 168 146 372 438 211 407 171 175 468 294 331 388 325 266 441 307 248 183 422 342 347 157 249 152 321 389 327 424 333 459 298 487 324 179 452 439 244 156 427 315 414
137 375 417 423 291 475 422 270 250 403 355 181 435 271 266 240 225 469 220 462 147 384 249 223 145 318 392 356 432 427 492 171 286 405 479 302 457 209 429
138 281 225 387 245 193 198 465 369 227 419 186 370 325 244 496 362 452 489 367 306 155 445 424 231 448 415 382 196 277 397 453 341 212 356 406 217 266
139 321 361 274 155 231 427 146 410 464 161 425 413 224 431 487 206 213 190 241 480 354 246 494 304 496 151 223 415 486 141 414 186 202 339 269
140 277 285 483 294 201 142 407 369 274 325 446 167 434 307 432 343 466 209 214 296 279 207 344 496 450 257 481 149 494 273
141 402 326 487 213 414 451 279 238 146 155 473 337 156 422 335 350 228 498 198 389 212 468 460 173 247 470 224 417 406 151 196 383 457 149
142 315 161 423 410 256 260 414 433 403 312 236 355 419 200 201 315 413 358 349 438 302 493 240 388 325 162 253 451 476 293 396 446 306 230
143 308 363 458 331 145 206 472 176 278 459 271 322 388 360 213 194 364 234 430 415 443 446 484 316 153 288 269 217 375 437 444 267 147 223 414 323
144 377 232 278 166 273 477 424 363 242 182 376 401 267 243 313 485 359 204 489 248 365 397 290 384 196 162 449 268 444 374 299 215 370 396
145 261 149 300 256 409 357 301 203 401 219 291 314 277 225 395 187 364 224 467 370 279 273 473 476 205 242 172 151 331 480 359 270 342
146 334 218 282 166 170 317 225 409 385 454 446 487 372 227 172 488 400 331 484 278 415 382 327 464 462 427 425 352 376 230 453 252 465 285 321 184 292 373 158 173 347 336 267 319
147 405 411 405 330 162 370 483 238 227 236 458 432 430 346 280 333 475 257 433 327 166 396 209 276 258 288 481 163 473 436 261 447 474 240 256 184 272 295 472 426
148 423 209 475 239 435 349 487 230 443 397 179 229 267 329 220 235 194 416 172 257 319 306 358 188 228 398 315 498 252 412 390 182 436 430 244 248 255 485
149 266 439 245 359 492 376 192 452 422 316 372 232 200 244 234 425 266 190 477 229 467 479 389 367 184 177 334 281 378 253 480 393 423 242 424 288 440
150 311 422 280 324 487 436 497 219 206 418 251 252 463 347 466 370 440 215 457 231 452 355 305 395 477 380 357 295 238 177 271 346 402 484 244 164
151 327 308 232 238 478 329 234 175 371 387 389 378 435 320 484 176 365 291 254 369 196 428 231 160 467 355 269 399 409 198 480 177 441 199 216 271 292
152 312 338 183 397 471 259 292 155 447 171 464 210 181 230 258 403 367 173 469 198 321 271 328 351 450 205 285 275 485 157 276 323 234 253 420 413 474 452 499 294
153 361 418 462 158 434 212 314 166 159 344 240 175 474 351 261 219 190 316 165 389 182 202 342 423 402 426 304 226 327 293 168 352 237 432 329 479
154 296 355 292 214 386 373 347 465 429 231 286 487 446 300 206 472 439 466 222 245 366 328 450 301 157 500 304 353 367 297 402 416 320 274 324 215 280 236 212 445 296 365 441 336 314 164
155 310 362 217 223 370 383 391 312 245 274 495 256 424 480 266 329 287 323 300 288 417 348 204 168 461 388 403 294 179 428 316 374 195 347
156 394 210 393 345 181 444 377 293 233 215 239 161 251 416 227 317 352 379 464 176 242 412 194 357 322 427 247 477 392 461 254 408 246 376 216 170 500 493
157 346 220 180 306 317 238 232 272 339 260 265 470 451 489 482 380 384 194 340 331 402 389 358 224 357 275 367 243 210 446 159 277 412 371 491 365
158 254 328 211 181 270 311 489 354 214 315 187 313 164 469 337 372 176 442 377 363 287 308 355 501 166 429 385 321 279 396 343 482 344 203 331 306 310 272 338 238 269 444
159 400 271 249 329 373 469 210 327 378 226 311 166 209 381 243 492 326 475 406 347 200 435 208 395 278 187 236 169 252 177 369 228 328 189 259
160 392 493 279 192 239 312 445 161 386 483 357 249 284 302 240 257 200 206 199 463 474 259 246 464 181 169 415 219 388 232 407 397 369
161 349 391 218 301 440 449 311 335 244 245 175 289 344 313 182 180 288 414 183 209 250 299 312 274 486 443 199
162 259 498 417 430 214 324 295 471 237 265 372 466 242 376 440 421 404 418 175 399 303 350 349 202 382 325 171 364 311 460 238 180 203 211 490 367 215 434 195
163 253 488 293 217 230 402 194 448 350 289 364 225 491 240 202 379 399 257 421 342 332 499 456 238 490 269 442 319 290 287
164 261 328 387 355 303 183 271 298 320 294 431 412 219 291 256 335 248 237 464 317 236 373 466 301 384 306 212 213 467
165 486 425 181 377 308 218 267 316 173 382 287 499 437 192 346 183 391 189 418 324 239 248 498 280 416 480 371 244 297 353 447 335 178 202
166 354 300 361 325 231 440 205 479 173 445 402 365 446 267 272 342 354 296 410 235 384 385 281 422 182 438 309 356 392 352 397 191
167 322 284 485 500 307 244 262 431 458 371 328 218 456 320 304 346 355 400 312 490 441 314 302 210 271 470 393 450 325 429 362 229 468
168 324 304 346 445 386 467 331 294 260 334 483 176 406 401 278 408 423 439 480 238 200 302 376 368 321 296 383 387 435 360 184 444
169 260 348 440 255 405 300 243 245 463 241 248 443 366 476 319 221 368 447 278 199 480 239 471 435 419 328
170 411 393 438 285 437 258 241 428 415 443 414 316 483 265 239 187 246 375 282 314 224 352 179 305 419 442 351 379 208 469 232 341 175 228 421 177
171 329 323 468 190 179 185 328 351 472 461 372 409 184 314 405 205 402 448 345 429 495 217 193 410 494 365 396 198 274 431 243 226 242 482 370
172 262 361 330 381 225 356 245 217 327 211 308 379 430 279 280 363 372 295 428 199 208 292 353 340 403 447 391 486 303 326 357 283 395 459 189 384 429 466 274 294 227 443 369
173 375 418 203 328 493 322 281 409 180 202 443 381 256 221 397 353 449 277 176 372 349 401 309 352 218 473 291 215 186 187 312
174 363 226 214 215 398 182 195 218 492 415 293 424 431 362 436 482 458 448 495 499 462 185 387 457 281 450 262 473
175 296 340 205 199 200 265 380 302 333 488 475 374 241 410 285 215 207 319 244 375 246 272 208 438 372 392 482 415 329 443 420 459 194 231 421
176 359 375 273 284 398 350 224 397 441 411 492 320 214 182 404 452 274 199 201 341 265 358 448 384 244 354 279 418 183 228 277 215
177 345 447 202 384 452 286 225 188 248 216 259 241 482 366 474 475 408 235 454 194 401 185 287 312 445 240 362 283 284
178 383 446 484 393 299 377 358 413 476 335 251 486 394 285 386 245 326 454 292 480 318 287 252 431 226 204 338 246 218 232 477 224 457 475
179 274 268 424 422 211 300 219 263 220 467 393 459 453 483 340 341 209 194 436 418 371 299 465 408 279 369 188 252 212 385 264 309 446 282 223 283
180 343 380 453 248 318 331 276 352 359 309 451 312 424 245 374 267 192 457 266 185 464 433 448 220 302 437 284 253 205 225 297 434 327 265 332
181 303 212 251 489 341 201 480 184 425 351 196 435 474 388 467 240 245 438 222 193 239 382 486 450 333 436 191 219 299 234 210 406 358 495 468 499
182 402 263 385 289 188 432 418 270 476 413 468 218 274 361 321 425 210 189 489 482 252 292 445 283 375 461 479 349 194 265 388 298 450 330
183 295 492 351 319 273 329 194 345 339 390 413 354 296 253 231 483 268 294 247 436 422 290 197 218 322 353 363 430 375
184 329 462 237 210 376 383 414 426 358 362 262 473 223 332 478 254 190 434 343 395 431 308 283 211 350 252 212 411 371 316 235 209
185 399 205 308 271 491 454 462 240 424 221 374 334 284 303 289 217 377
186 272 373 397 396 401 389 287 475 430 313 498 404 249 357 206 356 194 363 358 295 350 271 459 261 253 420 393 471 193 434 192 392 359 435 439 326 406 484 290 445 254 408
187 279 410 304 458 472 425 501 199 487 379 234 217 467 205 496 390 414 197 316 342 213 245 405 247 303 232 230 306 198 237 388 276
188 305 301 251 277 263 262 489 220 403 217 389 434 195 289 290 222 255 218 432 493 242 420 481 311 501 456 214 458 449 438 212 429 223 250 208 324 221 316 278 299 451 228
189 416 243 287 439 477 383 308 438 266 422 273 303 290 475 443 297 432 461 363 255 359 222 312 208 497 460 472 295 357 414
190 313 451 345 469 387 354 379 338 204 294 215 320 247 489 368 218 286 282 468 276 422 416 246 356 255 425 277 477 293 418 461
191 394 320 422 374 435 262 211 407 282 202 354 296 474 443 252 335 378 305 329 460 294
192 293 322 230 247 295 233 487 465 220 304 342 215 291 384 497 361 255 400 355 427 196 258 454 309 352 477 437 396 276 341 283 237 431 484 489 462 410 412 426 311 302
193 391 367 285 243 277 245 198 345 362 430 208 316 214 417 348 468 298 498 201 370 447 441 222 252 294 433 259 264 275 224
194 286 273 249 221 269 373 374 462 242 282 310 490 409 383 410 238 441 450 371 348 299 302 372 391 286 320 200 365 276 402 471 429 351 321 199 478 313 304 420 241
195 323 381 470 339 488 244 352 366 436 282 382 385 235 253 380 262 490 283 447 256 500 293 498 246 445 268 281 327 403 315 277 266
196 362 438 337 475 287 368 268 460 282 330 493 402 367 483 463 498 343 248 321 212 318 245 210 420
197 377 333 380 275 331 399 473 498 433 390 199 430 382 423 237 403 276 220 202 411 279 305 410 468 480 261 285 475 398 327 401 457 302 492 278 436 206 320
198 261 268 289 278 484 468 467 428 207 344 347 233 454 213 208 393 211 387 364 238 383 492 366 424 309 379 457 224 260 439 290 391 452 352 215 280
199 355 262 463 317 417 246 296 318 322 498 301 451 413 203 430 212 450 383 288 300 225 467 202 252 276 245 365 454 348
200 277 255 472 296 283 253 455 202 448 368 316 240 468 500 384 266 208 395 498 232 461 377 295 217 430 446 465 241 302 474
201 368 347 445 499 404 413 474 247 285 440 371 249 328 287 372 274 421 392 261 441 225 292 388 288
202 259 500 260 206 377 342 331 462 353 322 459 465 461 422 335 468 467 368 279 205 406 272 268 300 297 284 440 474 350 365 397
203 398 499 387 210 309 381 219 423 307 287 370 454 266 364 382 372 439 480 277 215 375 490 347 282 228 226 467 238 212 453 501 308 270
204 343 230 382 237 394 343 368 235 477 210 292 223 212 445 337 440 483 308 303 455 492 498 323 427 374 429 299 211 456 244
205 369 465 453 335 266 475 414 388 487 341 394 429 258 274 288 441 295 385 281 252 328 250 256 479 383 304 446 494 330
206 283 336 310 487 481 265 360 417 305 349 425 406 254 500 221 350 497 442 422 318 480 403 379 404 259 423
207 348 439 389 498 305 384 323 239 471 247 491 234 221 325 275 235 295 316 329 319 433 236 251 417 219 276 444 475 379 415 395
208 327 459 378 233 282 321 441 468 414 228 375 320 333 339 433 291 409 402 426 311 494 411 363 313 450 312 398 239 284 376 404 461
209 406 428 412 444 337 274 275 303 276 386 488 311 339 317 238 400 321 388 452 284
210 267 241 266 453 371 265 346 226 425 492 223 294 281 475 261 365 451 488 455 283 463 482 295 462 337 355 330 219 303 363
211 254 444 369 423 223 389 315 353 379 235 429 485 499 388 453 256 278 473 303 345 237 447 477 427 413 457 441 215 500 340 250 383 468 279
212 278 278 340 306 329 247 261 313 472 350 384 477 398 428 233 288 356 422 315 277 427 220 497 262 346
213 468 362 231 307 332 403 300 458 345 287 249 344 454 462 493 409 389 219 432 234 333 419 280 250 241 457 260 388 224 257 273 238 484 261 283 473 400 480 398 407 311
214 273 304 252 287 257 476 462 261 420 330 354 395 376 310 306 385 418 273 275 313 249 336 247 295 406 491 497
215 461 366 307 473 412 327 331 221 262 219 438 232 379 483 499 455 249 291 275 369 479 393 355 285 265 320
216 266 470 420 255 452 381 250 456 417 330 332 283 459 494 396 379 272 377 358 252 434 265 218 391 293 235
217 448 265 462 225 334 485 396 332 291 337 323 296 449 492 376 260 309 382 445 438 339 318 476 398 391 239 473 229 363 409 311 440 368 441 474 498
218 278 419 317 372 239 431 290 348 493 480 463 333 456 230 220 262 272 379 251 240 328 413 258 366 377 467 375 334 465 470 332 268 361 259 352 402
219 274 297 448 459 433 323 431 284 434 285 417 412 416 304 239 474 452 334 391 359 483 346 385 292 482 406 306 455 311 401 253 415
220 348 450 340 337 223 243 451 244 277 489 370 353 294 315 373 246 283 471 328 453 416 285 249 390 490 241 458 427
221 352 476 422 239 434 333 484 379 255 241 288 478 348 329 229 250 317 318 420 315 445 389 278 406 247 459 226 388
222 300 465 385 330 299 359 431 372 310 290 223 398 361 472 430 351 439 257 308 240 337 377 395
223 254 363 498 325 329 482 261 351 311 407 275 330 252 458 234 483 302 474 408 491 395 346 451 352 277 373 323 283 392 485
224 348 405 274 301 227 293 231 263 418 254 485 285 479 317 245 465 363 300 391 489 270 230 337
225 398 374 421 338 249 316 456 486 292 464 345 455 492 274 252 362 349 286 229 482 483 453 441
226 347 420 278 462 427 444 465 313 473 470 312 311 442 242 280 299 289 333 454 457 348 378 472 284 382 362 314 480
227 356 292 250 424 257 468 397 368 325 312 347 370 275 434 228 446 232 478 332 268 353 314 435 470 234 306 437 229 231 496 465 425 245 310
228 297 282 375 374 381 322 331 285 284 482 408 304 379 345 238 266 452 350 490 301 392 256 389 470 244 368 498 255 291 298 416
229 286 244 357 394 466 446 276 472 328 312 248 391 309 417 266 475 234 316 381 324 392 471 335 362 423 404 242 265 274 371 397 405 339
230 331 255 410 464 378 314 286 460 454 380 278 472 251 480 425 452 291 403 240 259 381 258 474 398 300 446 402 289 439
231 383 232 258 305 365 315 369 280 467 463 472 499 343 457 375 380 274 368 339 271 487 451 312 248 395
232 263 492 456 370 251 301 457 497 326 240 409 262 314 418 374 328 258 242 406 500 475 363 253 379 338 498 346 395 330 294
233 268 442 430 235 291 358 434 331 386 393 264 443 260 322 249 479 253 457 262 491 247 241 499 345 380 364 292 445
234 469 463 313 409 254 390 343 344 287 443 348 354 402 473 373 282 327 451 380 471 303 456 272 269 492 304 387 314 475 435 258 315 377 346 301 429 284 292 412
235 290 457 478 477 500 461 420 445 423 449 495 315 261 454 356 395 318 339 330
236 309 256 252 500 358 352 461 479 493 498 476 281 376 251 452 378 267 313 326 289 340 330 481 485 336
237 401 329 453 427 444 359 493 449 483 472 303 261 491 422 255 292 470 283 363 476 311 379 478 500 300 346 304 496 278 401 333 400 425 275 468 497 391
238 302 359 417 289 292 361 460 397 251 362 347 280 497 472 282 384 371 414 496 469 264 482 481 408
239 274 425 476 439 456 261 458 372 255 445 438 399 474 316 315 389 426 330 428 309 404 254 471 442 370 470 357
240 424 322 427 442 436 261 311 460 358 268 418 323 317 340 266 383 273 335 424 458 369 496 367 374 255
241 370 288 329 442 320 254 460 274 474 468 306 376 264 371 457 342 262 482 338 497 490 479
242 332 489 417 447 390 262 269 463 446 294 265 389 329 367 339 490 423 295 317 281 379 354 305 270 274 412 362
243 298 288 299 496 442 370 268 440 266 390 388 467 365 249 422 492 484 404 373 495 296 330 317 498
244 266 307 442 274 267 426 422 412 498 283 270 488 351 368 398 357 251 332 446 419 363 295 500 452 439 293
245 371 398 391 316 369 466 498 434 335 459 299 314 364 455 372 420 407 260 319 253 341 339 488 405
246 363 391 252 467 257 339 355 479 365 395 385 445 256 322 397 374 272 321 275 418 279 491 366
247 413 389 429 375 260 288 341 362 305 501 406 446 500 325 303 458 425 417 462 440 447 437 262 419
248 336 299 288 386 279 256 292 389 462 368 342 315 266 308 373 471 467 305 486 369 322 416 409 338 408 461 319 352 397 281 465 494 452
249 251 501 377 324 397 425 465 264 486 482 491 282 410 389 473 430 488 472 450 432 317 258 460
250 360 347 273 480 486 492 306 448 483 412 299 280 338 433 292 321 495 323 351 450 352 383 286 420 435 462 481 291 268 373 259 307
251 261 289 343 284 460 425 358 479 268 371 308 275 281 441 494 472 397 416 484 383 292 303 442 316 431 369 439 434 259 492 253 487 368 332
252 379 437 484 500 473 345 261 280 406 492 320 361 412 466 461 377 447 286
253 376 495 391 355 401 358 375 480 362 276 260 433 305 354 298 254 333 265 301 445 420 294 466 295 327 384 299
254 327 400 322 310 455 280 478 414 347 261 466 430 408 396 463 262 357 475 316 284
255 297 428 389 350 282 342 346 429 473 319 407 481 463 273 323 408 456 334 320 446 338 380 422 344 363 284 356 307
256 476 378 437 290 410 491 326 282 292 465 344 385 447 463 322 501 459 466 389 439 373 390 450 433 272 267 277 362 470 353
257 269 266 355 373 274 418 405 300 275 378 474 304 462 271 313 444 332 340 394 463 366 420 360 450 396
258 255 496 438 343 326 282 402 457 488 475 430 261 431 394 273 341 337 473 293 276 265 424 314 351 446 270 453 307 372 347 321
259 411 341 406 354 289 471 418 466 286 315 491 312 467 429 267 392 279 458 465 296 400 295 269 490 374 384
260 267 271 491 499 433 272 423 288 351 365 308 467 457 441 263 277 290 436 485 356 483 367 403 435
261 322 478 497 265 487 280 287 469 431 405 466 319 345 358 302 388 394 436 420 348 365 333 422 290 270
262 309 430 333 329 493 346 332 460 335 321 279 399 315 369 445 275 306 403 351 481 285 317 407 330 363 424
263 271 285 330 433 477 299 378 418 296 494 462 306 501 273 361 272 269 402 295 274 425
264 420 313 363 492 419 411 309 315 304 273 449 297 497 336 295 337 421 395 354 348 493 359 376 353 286 339
265 298 307 498 359 396 375 322 406 471 379 452 363 376 381 408 351 277 332 292 280 306
266 367 448 490 343 437 388 408 299 479 270 274 330 406 386 322 358 286 493 441 313 488 385
267 335 275 414 424 269 378 371 312 408 342 383 298 320 399 345 291 370 349 292
268 326 290 412 276 470 278 269 329 389 287 394 303 477 446 350 323 472 491 317 346 416 368
269 422 368 306 337 322 321 312 295 272 491 287 498 465 480 469 271 294 409 390 283 334 302 492 496 487
270 252 380 276 317 356 312 483 297 335 414 462 342 501 490 441 430 477 455 309 360 418 488 401 459 368 343
271 304 300 496 354 488 338 493 375 426 448 419 400 479 284 303 306 348 330 460
272 366 413 465 361 294 311 393 416 467 406 470 310 357 419 468 403 431 297 475 497 302 331 408 424 436
273 330 305 469 440 404 423 401 363 446 459 325 308 477 476 289 453 489 412 290
274 301 275 300 387 420 361 320 411 482 459 350 417 476 336 406 462 448 301 481 414 467 496 362 374 390
275 447 289 499 352 460 425 281 296 406 277 319 366 446 351 404 364 312 398 311 402 408 405 336 483
276 252 291 336 323 433 405 345 348 334 470 400 302 418 298 314 338 351 287 312 369 478 286
277 299 389 313 479 286 399 360 372 349 306 367 345 462 351 317 299 378 401 428 280 429 403 369
278 424 350 336 338 306 365 445 287 400 479 370 451 302 438 314 372 469 436 304 346 355 498
279 277 414 475 314 468 353 299 437 458 358 363 305 453 312 297 479 319 346 395 379 455 470 501 331
280 257 369 444 281 464 296 329 380 306 359 419 318 439 436 322 402 373 316 404 325 328 474 495 431 389 413 361 358 321
281 384 426 283 327 284 332 345 410 389 483 391 418 369 301 286 396 322 303 339 419 460 485 302
282 359 466 309 383 306 374 357 343 452 359 486 293 478 481 423 468 485 321 392 467 475 493 462 366
283 445 375 376 289 329 488 339 396 373 355 404 322 313 308 389 285 381 460 403 311 310
284 252 476 474 328 443 444 455 447 331 436 347 495 441 487 306 431 501 440
285 303 374 292 300 396 353 497 428 477 338 364 398 445 448 320 479 334 286 355 330 367 293 440 333 414 301 413 433 363
286 354 363 299 405 444 359 336 368 333 369 450 498 287 431 477 481 329 406 393 414 373 350 302 493 328 348 375 356 436 357
287 273 436 318 445 325 467 346 366 352 350 402 329 298 345 405 484 371 389 338 305
288 373 419 299 378 388 473 463 309 427 477 324 352 421 474 364 359 326 455 300 409 344 400 478 298 345 438 385 484
289 295 297 462 461 487 389 368 334 492 500 370 385 465 301 460 292 485 469 459 479 382 486 383 350 420 402 416 449 456
290 384 316 295 494 394 453 412 334 381 451 397 322 417 484 391 472 346 497 321
291 321 405 466 381 292 406 353 489 462 335 464 409 473 494 469 404 328 310 478 434 323
292 277 327 443 335 364 387 447 417 463 398 329 376 472 357 450 313 495 493 434 386 422 379 314
293 306 334 475 430 337 426 348 320 380 479 456 487 324 416 488 406 393 434 326 433 420
294 417 362 323 418 314 409 490 342 368 422 309 376 400 386 310 295 305 456 370 375 435 306 374 331 296 355 419
295 295 415 359 399 411 396 483 321 427 452 444 394 296 310 331 439 313 325 501 414 383
296 352 417 450 351 314 394 492 468 470 308 393 305 440 471 390 426 323 346 340 368 399
297 353 409 301 373 315 375 435 362 439 429 474 349 309 398 403 319 396 352 498 500 431 434 299 415 363 466 307 328 418 390 395 304 313 392
298 420 439 363 341 475 340 407 388 464 483 400 301 353 375 479 500 463 302 437
299 276 301 363 498 342 412 474 432 398 365 347 476 331 430 410
300 304 405 328 317 424 402 429 474 465 409 333 430 456 332 358 394 421
301 359 365 438 306 341 324 327 410 371 332 328 334 377 432 479 386 326 339 361 439 422 487 350 330 458
302 296 319 500 501 417 410 476 422 369 363 326 420 328 311 399 397 435 440 458 419 488 492 322 439
303 345 410 361 451 318 409 439 473 359 452 474 497 426 446 471 459 338 438 323 437 457
304 257 402 494 388 318 474 409 418 404 448 431 356 386 458 395 500 315 479 365 313 491 420 366 432
305 323 432 310 328 413 330 346 421 376 341 394 371 318 392 427 323 459
306 420 341 458 324 455 395 344 489 483 389 493 316 487 424 412 501 499 445 319 396 414
307 348 331 343 371 470 365 362 447 482 410 414 418 351 390 499 394 402 478 374 349 340 445 386 366
308 350 318 337 389 364 316 319 441 324 345 333 363 465 376 355 366 330 395 331
309 302 384 373 489 389 322 441 328 350 397 407 402 416 458 401 330
310 382 356 478 340 332 491 352 408 476 497 450 471 388 464 480 496 463 361 348 437 379 355 410 371
311 258 474 408 344 334 446 316 435 455 463 441 471 398 436 434 477
312 360 437 390 391 336 420 317 381 319 442 361 431 411 478 373 379 360 486 321
313 276 473 376 485 439 478 394 494 418 317 475 423 387 477 349 404 500 398
314 259 362 412 410 501 348 429 364 430 444 394 336 359 438 397 489 334 384 479 447 343 388
315 465 323 411 460 358 488 395 319 480 386 399 387 414 344 477 332 389
316 325 466 456 431 463 443 492 339 318 385 350 470 391 490
317 416 410 458 318 479 421 368 468 377 375 477 499 352 407 500 339 329 336 385 351 327 488
318 259 347 390 353 475 460 492 431 487 501 442 401 457 453 413 446 385 400 339
319 258 491 447 336 460 476 363 474 392 499 357 445 353 442 410 434 344 333 496 394 398 401
320 392 322 340 414 501 491 483 374 410 383 360 394 326 421 388 351 466
321 350 355 373 456 472 382 331 484 489 474 420 483 415 323 392 485 409 352 450
322 376 416 464 357 433 476 326 409 442 445 356 376 484 494 432 386 391 382 392
323 342 498 335 384 456 432 347 332 341 487 474 330 448 397 486 500
324 282 378 416 465 379 355 498 328 403 462 401 344 492 339 429 347 396 483 433 329 453 362
325 282 418 425 415 469 397 462 441 347 445 452 340 381 406 471 416
326 424 396 484 478 372 336 477 349 454 350 389 465 387 426 330 351 360 399 479 363
327 294 427 370 368 448 356 489 443 479 490 406 401 488
328 360 435 370 413 422 364 463 498 460 381 383 387 339 411 414 469 492 465 372
329 303 446 464 370 331 421 338 336 495 357 381 397 437 395 459 407 350 388 414 462 359 450
330 337 429 357 342 462 442 386 421 454 364 401 340 389 496 371 434 370 484 391
331 260 422 465 467 369 343 489 356 498 478 410 401 466
332 443 358 357 421 426 456 474 470 409 475 360 441 387 385 378 349 437 501 342 411 467
333 297 482 354 455 427 364 500 344 347 399 441 349 345 412 371 394 370 447 442 496
334 325 491 401 351 443 447 344 357 395 355 429 385 452 451 425 494 376 417
335 386 410 359 355 474 495 445 382 438 475 360 479 371 364 383 386 354 416 468 361 415 452
336 289 495 418 379 377 376 490 361 429 499 422 437 372 404 397 352 412 500
337 287 485 411 416 344 472 404 431 407 463
338 435 377 468 393 445 395 341 489 443 433 480 493 388 484 428 375 372 396 353 430 444 463 439
339 278 384 378 401 367 479 453 486 345 475 448 480 350 377 414
340 338 483 465 347 488 383 360 476 482 470 448 379 345 374 441 472 367
341 341 450 360 378 372 384 501 442 457 351 397 400 497 393 418
342 321 499 493 461 434 404 436 346 412 416 455 409 464 465 466
343 299 407 421 374 500 371 408 433 462 450 461 476 380 446 351
344 424 389 472 361 412 447 370 393 459 492 420 493 426 497 481 374 424
345 277 378 399 449 358 439 497 415 401 490 369 382 448 406 365 434 370 355 352 501 430
346 353 418 468 401 422 444 364 391 496 356 481 448 413 409 420 393
347 302 467 413 357 481 451 425 391 454 405 500 440 364 446 489 380 437 438 397
348 345 425 474 480 472 447 397 405 497 442 368 380 441 409
349 397 440 498 462 447 386 495 398 378 387 408 388 499 490
350 301 375 368 381 430 418 435 384 355 415 389 468
351 302 495 447 355 392 439 441 382 435 449 383 474 463 437 420
352 425 454 489 445 376 499 378 375 455 452 360 371 355 389 362 372 405 424 444 483 484 446 398
353 319 424 477 467 479 472 491 461 427 447 426 381 398 363 371 449 451 462 473
354 256 418 406 452 390 488 426 412 484 436 368 405 460 457 376 493 369
355 377 377 428 412 465 470 370 455 410 484 394 446 418 386 457 383 411
356 322 418 476 405 474 385 436 465 362 389 396 453 416 408 414
357 301 458 493 463 390 412 360 394 456 462 491
358 272 460 457 405 378 461 412 488 489 374 428 458 362 444 463
359 311 370 383 386 500 439 364 426 371 365 402 440 378 475 412 456 464 501 488
360 417 477 422 413 369 499 484 367 460 394 476 400 396 365 445 489 412
361 328 382 447 371 435 407 448 491 462
362 342 381 420 380 375 388 485 479 373 453 401 421 449 488 415 433 372 492
363 330 447 442 484 381 404 496 389 402 412 374 368 467 435
364 343 465 460 419 463 461 367 384 411 403 480
365 391 418 398 410 489 446 433 382 376 493 490 434 423 474 457 487 400
366 266 367 384 422 497 424 467 460 433 461
367 357 458 472 486 444 422 380 412 451 478 382 452 421 415 399 430
368 393 389 395 488 383 427 490 489 407 449 492 394 463
369 250 476 497 411 498 452 445 442 407 395 481 394 501 379 471 430 436 450 380 421 408 469 446
370 300 376 449 442 479 374 378 492 411 488 468 498 407
371 346 384 414 374 496 387 458 476 373 483 453 420 489 445 457 488
372 354 407 473 388 483 378 437 431 490 412 374 453 489
373 404 480 423 411 398 463 453 392 446 409 386 441 499 426 415 470 482 484
374 276 501 440 448 427 492 479 388 379 382 394
375 320 426 448 421 453 493 423 412 454 379 446 414 425 402
376 337 466 379 378 399 442 456 462 403 501 404 459 386
377 353 389 475 460 418 452 481 442 439 402 410 429 379 387
378 310 423 391 487 499 466 476 440 454 424 437 442 471 445
379 416 412 449 413 460 394 441 478 481 428 467 403 431 392 419 417
380 271 393 414 490 460 404 440 445 462 450 391 412 495
381 313 493 395 409 454 430 492 453 462 456 483
382 400 394 486 417 498 416 462 457 501 441 474 481 443 418 385
383 308 429 388 420 474 501 390 426 408 485 441 389
384 292 442 501 427 416 490 404 433 460 462 467 441 458 446 454 469 430 403
385 428 459 386 466 397 478 399 499 447 387 402 417 410
386 294 487 445 429 431 434 493 398 428 491 390 404 422 400 448
387 278 410 482 388 443 398 453 498
388 342 426 439 501 440 443 428 450 481 429
389 395 461 474 446 419 480 408 433 434 449
390 263 418 391 447 492 419 487 440 496
391 258 434 489 423 448 490 500 497 488 425 432 392
392 322 473 500 455 472 465 417 501 426 456 416 474 410 463 433 489 496
393 420 454 485 397 483 430 428 468 409 446 465 444 413 480 463 418 472
394 261 480 481 485 402 424 458 469 496 428 490 455 486 466 413 470 416
395 277 422 412 457 449 399 397 407 499 468 476 426 490 493 491
396 462 449 419 437 458 465 423 480 475 415 461 487
397 434 486 448 500 421 404 474 469 442 459 479 401
398 281 475 445 421 462 470 419 465 461
399 285 480 475 427 478 469 444 446 457 489
400 337 449 488 445 411 457 468
401 393 435 434 420 495 472 457 454
402 270 484 416 444 443 425 460 469 408 489
403 345 446 445 476 495 438 450 413 439
404 339 479 467 497 478 485 494
405 316 423 457 475 412 443 407
406 333 424 411 493 419 441 467 442 462
407 359 422 415 456 430 495 412 476 417 490 475 413
408 308 445 433 454 495 409 497
409 358 475 448 424 460 478 474 451 486 441 493 413 425 473
410 318 424 423 467 478 470 414 436 452 422 432 413 459 440 453 473
411 324 469 461 472 436 482 462 423 481 413 464 456 445 498 473 442
412 338 491 482 456 474 465 449
413 317 420 432 471 496 423
414 345 426 428 456 463 500 448 419 437 472
415 282 471 496 500 472 443 448 437 420 450 452 449 485 429 423 457
416 290 484 482 465 492 428 423 471 453 433
417 428 429 450 478 482 467 425
418 432 471 450 457 492 487 419 430 464
419 270 481 446 460 497 468 470 425 437 499
420 298 458 445 493 476 470 487 423
421 384 444 486 459 460 454 466
422 293 443 485 477 490 498 494
423 323 477 498 469 449 451 455 473 487 428
424 391 472 471 427 456 464 441 444 457 425 485 493
425 270 501 482 492 490 486 479 456 433 496 489
426 339 478 490 469 449 482
427 351 455 462 471 445 453 454 466 475 431
428 292 483 465 455 440 471
429 357 500 453 446 444 494 463 449
430 341 484 456 483 454 441 475 479 470 490 460 488 465
431 408 437 481 438 462 488 469 496 456 447 450 444
432 251 473 457 436 489 499 452 453
433 441 493 500 479 453 461 491 442
434 309 442 454 473 479 475 492 497 445 439 444 480
435 250 492 458 494 480 445 501 490 493
436 317 443 455 471 458 497 475
437 345 479 463 488 461 470
438 338 449 446 451 439
439 251 459 500 450 446 465 479
440 436 495 468 479 467 470 487 475 491 471
441 313 465 447 450 442
442 304 457 475 471 462 467 482 470
443 262 476 456 457 472 454 474 463 448
444 434 483 498 496 462 448 488
445 308 450 499 453 483
446 292 470 496 498 455
447 400 470 488 472 493 498
448 276 449 483 469
449 270 500 466 482 495 473
450 454 497 484 495
451 293 474 471 462 481
452 325 457 454 499 500 498 486 464
453 382 469 501 488 487 471 468 496 460 484
454 302 485 486 470
455 384 500 485 501 463 481
456 314 489 493 473 468 477 499 498 463
457 314 469 462 472 500
458 411 467 488 474 486
459 275 491 460 490 489
460 263 499 482 475 474 501 477 484
461 367 462 482 494 485 496 466 478
462 370
463 395 495 501 494 496 469 487
464 341 494 479 500 493 496
465 264 473 469 485 484
466 295
467 281 487 493 497
468 424
469 356 483 489 473 497
470 309 471 493
471 335 484 494 476 474
472 375 479 474 482 475
473 310 499 501 493 476
474 315 476 494 485
475 260 499 500 495 498
476 451 477 490 478
477 289 497 482
478 353 499 480 492 479
479 314 491 496
480 333 486 485 497 492 483 490
481 422 487 482 496
482 314
483 264
484 373 495
485 327 490 498
486 300
487 288 493
488 436 497 499
489 276 498 496
490 272
491 374 494 498
492 354 497 493
493 257 501 497
494 461
495 282 500
496 457
497 284
498 259
499 409
500 282
501 309
