501 1000
1 459 197 278 421 336 483 191 420 11 150 92 348 475 331 87 468 26 142 378 359 329 107 149 159 429 283 324 168 474 263 83 204 176 202 430 305 109 185 323 148 67 127 3 351 99 93 459 487 59 184 425 271 97 190 7 36 315
2 256 452 6 155 449 436 228 85 199 145 426 500 156 205 192 419 342 178 86 209 397 154 400 491 16 442 35 151 91 249 140 365 394 493 377 54 348 298 211 188 174 446 405 467 354 104 398 75 234 98 492 187 395 430 359
3 285 17 465 461 142 336 289 340 117 321 443 406 474 240 379 404 119 476 252 136 488 127 298 103 426 268 45 309 370 291 265 307 383 181 38 366 475 146 5 217 373 415 490 283 68 281 445 403 247 469 97 393 8
4 358 432 80 218 242 175 441 427 483 185 245 104 363 289 271 11 485 500 214 136 320 474 373 493 498 443 415 383 31 257 157 83 25 173 326 57 449 358 12 180 283 398 329 265 151 268 137 314 420 310 8
5 372 336 346 304 115 49 73 404 259 146 384 388 108 89 159 135 263 189 214 273 85 415 308 112 395 231 43 35 370 277 229 210 136 500 494 242 399 396 276 446 167 310 316 15 278 291 217 96 82 385 493 147 267
6 270 400 34 79 278 284 435 392 340 398 357 162 321 379 271 352 30 377 26 217 172 115 335 290 382 322 338 23 220 190 448 253 89 314 180 399 210 413 482 486 33 207 393 158 366 466 59 133 325 216 496
7 307 165 428 223 211 404 305 119 124 397 290 56 408 337 458 33 173 117 301 227 183 438 422 120 9 490 176 112 310 23 280 41 15 242 309 122 187 469 281 118 446 74 270 411 51 294 353 346 109 10 285 413 493 131 252 16 151 415 456
8 304 406 418 181 93 65 52 339 193 82 138 292 353 356 91 162 23 97 81 263 407 54 132 146 218 312 191 316 446 481 194 379 315 40 390 137 44 131 343 486 140 360 262 344 293 307 474 469 460 417 37 26 442 488 240 351 123 192 75
9 389 85 64 497 56 455 418 87 366 447 459 238 150 332 78 218 306 173 349 125 421 387 189 133 413 226 199 379 24 263 290 369 289 183 22 307 303 394 453 416 395 55 252 216 227
10 307 123 497 464 371 135 435 393 341 193 82 482 47 52 69 324 427 257 126 182 188 140 426 429 206 226 105 178 111 227 51 108 350 190 270 59 279 330 12 247 472 58 449 494 298 495 401 173 475
11 429 435 278 179 199 66 229 255 163 57 420 171 437 431 79 111 385 208 106 251 128 49 285 356 301 145 422 340 188 295 228 238 221 393 74 224 205 207 402 246 249 245 307 144 160
12 264 343 445 389 306 301 359 13 309 166 411 407 416 73 456 37 493 81 283 338 23 41 54 259 341 360 251 38 186 230 138 268 153 28 287 170 273 368 358 137 325 290 59 421 236 436 450 255 317 473 80 249
13 289 63 396 360 395 244 468 393 203 99 316 293 476 217 233 120 42 344 465 201 487 95 58 498 129 315 18 29 453 114 424 212 137 368 416 77 19 371 210 419 392 413 447
14 437 282 405 154 300 62 417 279 227 322 74 191 38 257 243 397 344 485 31 119 107 236 314 428 126 125 305 139 249 419 451 156 498 367 190 160 225 372 254 149 44 137 218 476 430 59 435 432 453 101 461 381 90 475
15 274 61 318 27 340 373 19 44 72 77 460 493 50 258 213 159 432 42 313 24 426 25 250 244 415 231 259 164 168 304 291 104 487 459 46 273 36 189 143 480 465 200 115 321 73 123 146 452 28
16 297 363 222 281 386 457 266 241 288 164 292 173 250 341 408 398 360 34 330 488 282 24 255 108 162 314 423 165 383 201 489 445 89 500 402 436 456 151 501 333 455 237 364 257 35 176 197 332 381 78 55 17
17 296 178 262 217 370 485 39 137 457 181 223 161 269 470 81 211 466 249 501 347 298 336 238 382 403 352 77 327 442 310 166 133 236 102 18 438 38 376 90 346 187 292 97 353 260 212 138 201 275 446 335
18 407 31 301 357 107 244 495 458 323 21 303 282 444 212 432 268 246 42 81 78 421 316 213 294 416 120 462 80 283 126 342 390 398 238 157 98 456 320 242 40 349
19 251 297 160 356 222 95 249 392 173 393 67 131 201 250 494 128 237 195 184 74 90 333 157 168 104 103 183 279 193 424 330 501 411 105 267 176 50 220 426 327 39 97 377 292 384 146 182 366 281 264 303 359 451 295 315
20 334 481 451 37 415 406 324 207 349 267 306 496 232 433 448 57 162 418 339 246 50 132 143 215 39 40 194 155 122 89 327 150 88 100 280 177 438 71 279 300 125 409 358 63 251 254 389 449 190 164 233 183
21 415 247 333 112 438 126 363 411 26 358 441 295 141 378 313 108 94 463 61 164 324 381 225 168 217 229 458 412 86 119 336 425 239 27 243 22 48 186 170 140 130 230 110 188 72 28 146 346 489 49
22 336 221 98 392 492 477 89 410 285 472 141 73 354 92 498 361 322 334 411 68 403 331 300 168 493 31 320 372 30 123 157 323 375 332 172 249 345 430 184 428 259 197 78 142 220
23 390 290 188 98 438 122 299 162 90 401 84 229 368 216 472 410 325 142 41 344 488 127 155 397 497 40 217 296 136 233 248 300 382 135 154 482 227 75 178 138 194 291 430 119 206 320 257 465 189 85 159 491
24 274 298 410 314 76 78 202 389 238 292 477 106 181 196 398 194 177 293 408 93 146 167 297 205 184 491 386 209 367 36 436 175 338 356 68 317 165 423 449 479 376 25 315 182 399 90 365
25 293 321 121 136 345 331 497 100 171 412 40 82 444 387 252 159 330 467 147 109 419 297 97 309 79 322 157 135 169 247 195 275 48 261 323 269 337 359 391 437 230 304 87 264 44 215 186 411 349 117 431 488 293 400
26 335 407 45 368 325 197 85 147 31 249 221 61 467 155 376 395 95 304 476 167 46 307 387 248 357 196 213 358 254 462 224 458 306 37 69 190 33 300 435 94 234 67 352 100 241 363 68 428 501 177 301 132 342
27 372 495 208 444 351 363 192 270 93 95 104 487 282 277 163 335 482 392 374 136 438 346 260 405 184 259 257 175 242 178 416 431 38 78 394 254 226 255 317 188 325 269 382 120 243 419 224
28 327 227 470 398 317 385 160 58 406 48 348 420 172 324 61 162 444 216 382 408 148 482 374 333 303 447 129 189 182 241 338 261 238 88 419 468 425 66 351 149 442 123 307
29 277 244 67 301 279 255 445 375 49 376 478 68 489 198 57 464 84 284 239 248 75 497 439 356 46 123 405 351 150 218 289 226 77 410 385 449 450 73 205 500 134 129 38 382 326 315 436 333 416
30 396 444 365 239 435 388 243 33 87 390 144 139 269 134 260 221 482 69 459 166 219 498 289 62 469 106 185 101 492 176 114 168 171 324 154 440 359 381 328 36 323 198 218 278 79 302 182 478 320 137 299 378 345 335 391
31 410 213 352 339 469 409 49 394 214 226 389 237 442 219 456 425 439 416 164 420 113 318 115 444 426 481 348 330 187 334 190 364 402 321 135 67 492 363 265 356 405 336 79 220 325 388
32 286 66 284 169 341 115 247 481 253 36 116 71 340 334 299 74 301 133 198 395 268 44 242 337 393 135 103 148 323 97 478 264 182 162 493 262 424 164 68 237 102 224 302 418 283 228 33 146 375 202 344 199 372 432
33 304 86 383 360 479 138 334 54 189 122 106 318 157 90 232 114 139 478 145 309 385 80 457 224 44 356 475 208 372 410 125 154 432 147 203 353 392 103
34 342 52 235 71 111 244 375 162 355 95 54 328 38 239 344 401 389 78 97 317 421 387 294 147 492 315 68 84 42 118 246 466 65 96 311 167 347 408 386 358 354 126 87 37 283 80 392 155 92 483 434 59 142 367 500 129 477 243 404
35 349 36 453 84 115 391 342 410 250 357 374 59 293 279 441 473 327 323 481 123 72 393 295 46 220 66 64 102 446 190 143 362 205 345 296 166 48 366 60 41 91 317
36 309 290 408 478 221 297 41 226 97 203 197 198 323 91 355 269 130 308 431 374 118 186 473 414 180 98 268 158 229 225 492 206 314 135 73 37 271
37 262 382 95 485 387 191 146 161 309 338 251 237 345 107 426 424 397 75 239 443 112 311 465 265 103 194 340 269 153 68 59 136 62 142 132 114 102 57 182 228 106 334 200 373 367 159 389 445 310 429 455 86 500 199 448 480 440
38 448 200 385 331 318 356 310 62 79 402 323 55 120 473 127 363 435 401 333 134 147 380 404 177 429 286 145 352 428 188 159 339 211 320 488 137 235 422 395 482 369 478 239 403 252 178 130 204 78 291 84 251
39 290 104 139 457 465 444 235 261 280 456 201 200 66 65 202 477 470 374 69 41 52 229 155 169 160 380 228 260 329 364 156 186 492 173 148 252 185 161 238 151 297 198 275 453 129 367
40 314 129 432 486 91 174 71 256 112 233 408 229 321 459 435 263 397 423 122 340 135 447 392 180 82 356 77 404 212 309 377 224 106 61 298 227 464 140 96 251 270 41 223 199 382 363 206 164 315 403 234 209 308 329 267 211
41 296 221 461 354 219 268 448 432 314 214 371 97 300 255 443 331 451 104 119 59 142 361 441 472 222 195 60 91 406 184 147 383 69 105 170 429 407 318 210
42 390 433 186 125 78 176 222 208 371 381 228 168 172 209 292 380 64 453 198 214 75 56 100 338 52 147 265 340 391 153 259 183 88 270 470 444 133 255 394 297 264 425 376 458 85 287 226 404 451 161 223 337
43 265 168 200 345 319 184 359 492 365 290 55 174 499 468 309 375 239 133 207 392 413 467 383 61 88 421 82 366 424 422 169 425 340 108 273 346 436 418
44 309 253 423 138 322 272 152 359 217 139 51 187 347 339 225 431 265 350 305 203 258 196 459 469 278 446 490 224 453 195 282 421 231 435 104 338 234 153 114 369 455 172 442
45 426 200 390 383 355 165 294 474 160 214 212 122 193 59 177 293 477 482 79 310 206 308 81 123 358 133 351 56 128 303 368 371 296 131 47 108 265 427 161 182 124 436 244 150 139 467 173 141 279 378 396
46 281 185 351 99 58 495 389 492 255 94 160 105 378 77 408 122 129 117 337 272 257 230 201 330 227 304 381 501 57 70 388 95 50 477
47 293 344 311 56 255 68 230 413 320 363 242 369 475 180 73 356 189 226 144 402 334 95 376 195 120 494 477 208 296 471 89 347 401 199 492 445 406 382 305 139 113 366 246 55 205 328 91 307 461
48 426 378 183 445 136 325 477 216 363 251 172 135 403 452 360 144 134 237 436 405 276 416 460 359 103 465 489 272 354 253 287 347 345 249 352 290 167 164 80 323 472 246 390 464 59 449
49 250 133 257 447 140 183 219 126 101 125 332 71 122 241 481 83 158 94 394 335 78 411 402 326 450 294 200 220 330 457 178 120 348 320 350 319 148 161 146 304 429 53 135 425 274 381 384 290 426 273 51 281 225 305 85 500 275 208
50 500 208 471 411 483 249 112 420 221 348 62 363 320 219 211 192 123 295 405 243 301 187 72 145 457 239 113 82 143 479 303 379 381 53 477 259 463 413 386 241 393 88 304 104 101 338 52
51 250 474 385 417 165 107 206 257 335 494 359 85 176 412 79 124 414 343 183 316 367 392 184 103 153 112 348 376 331 173 266 342 368 334 435 470 315 332 287 424 106 274 73
52 304 136 392 441 157 342 166 411 173 229 238 447 277 364 177 263 148 189 309 127 433 165 495 119 289 111 372 147 159 164 356 326 243
53 433 351 59 164 476 153 169 368 73 238 259 124 256 336 148 440 488 277 299 96 220 361 326 352 460 126 415 424 258 436 266 494 438 187 133
54 263 495 446 185 79 470 351 318 392 326 266 85 255 402 332 184 371 423 57 193 222 214 122 482 338 372 81 166 191 105 77 118 387 425 362 497 320 219 317 434 126
55 387 435 347 285 483 392 484 182 121 279 389 214 248 227 130 455 92 305 438 93 62 377 390 135 138 498 301 165 478 184 299 245 405 310 269 292 91 454 183 337 440 217 187
56 262 333 404 172 438 450 344 76 92 471 121 423 307 232 181 241 408 284 424 384 395 205 185 71 398 365 378 439 275 319 147 79 179 189 68 99 499 139 455
57 351 368 274 63 493 107 484 152 497 398 396 217 456 313 345 256 349 324 302 375 365 115 323 499 97 145 163 301 249 109 439 477 90 242 126 188 379 478 364 207 322 289 65 444 130 334 305 147 70 159 190
58 445 501 215 409 308 360 81 196 470 108 141 477 267 255 95 372 113 242 121 364 145 390 269 202 471 453 185 291 369 440 189 500 480 304 437
59 279 119 240 260 212 405 296 380 172 459 326 263 345 254 184 416 122 84 422 364 466 337 105 487 207 394 470 156 226 430 147 406 427 125 441
60 276 434 238 200 186 295 480 149 137 422 290 306 154 446 88 271 486 426 177 61 379 302 70 311 240 432 421 81 427 198 380 159 389 243 94 312
61 453 453 305 107 94 67 267 446 225 387 145 451 449 162 71 177 361 237 309 283 339 122 214 98 207 192 356 343 348 347 85 253 217 299 323 498 144 459 334 221
62 292 143 214 110 271 231 252 185 159 278 490 295 258 387 404 441 489 440 338 406 94 82 290 180 150 212 156 475 351 184 251 239 311 408 182 179 127 377 344 340 166 370 225 123 400 357
63 255 482 165 402 147 385 284 317 124 424 417 297 73 310 436 95 298 107 420 203 263 175 123 169 271 437 243 283 247 355 173 448 92 443 280 435 103 149 167 457 72 348 237 232 388 408 262 208
64 344 308 249 434 84 91 129 74 341 471 443 485 331 292 201 233 221 258 491 358 304 406 124 186 291 278 376 112 200 154 352 66 294 326 440 229 476 336 324 344 167
65 304 266 302 289 372 424 73 417 255 165 212 157 135 457 343 461 388 332 334 474 91 423 129 67 128 411 240 396 350 352 178 244 497 229 256 265 269 290 134 78 85
66 352 496 298 74 153 120 492 260 244 388 396 129 172 284 466 331 299 180 457 250 91 471 300 421 76 463 358 327 181 395 160 77 257 88 414 157 283 171 71
67 292 112 416 466 123 374 497 320 453 438 384 236 327 485 467 186 443 319 341 103 331 183 205 255 290 75 246 411 415 187 334 249 303 309 206 178 388 367 260 399 270 418 175 285 222 86
68 300 72 313 106 449 237 384 488 135 385 472 248 279 432 435 170 268 235 193 128 344 349 358 250 220 181 437 105 428 494 317 439 450 292 102 380 328 341 145 82
69 408 367 460 368 152 450 494 343 399 490 306 303 89 476 477 320 340 123 220 318 195 79 198 307 431 299 346 187 235 144 221 429 354 97 189 175 163 339 493 201 179 302 501 364 244 315 497 143 257 326 369 449
70 262 73 433 324 269 175 90 491 399 197 234 385 84 434 219 401 448 337 222 292 471 252 409 95 406 329 254 458 74 199 428 282 429 315 451 321 480 155
71 425 433 246 436 337 257 193 205 275 463 342 116 428 122 127 441 297 95 498 79 83 374 287 242 252 435 273 261 89 350 88 214 429 286 425 289 187 148 285 115 128 492 84 340 446 90 426
72 313 468 208 128 471 83 421 460 140 145 230 240 317 383 251 91 186 135 271 490 426 326 494 400 425 250 78 401 295 406 379 211 147 329 167 90 352 410 478 327 194 157 398 84 430 190 111 487 218 331 353 341 210 217 330 350
73 425 457 146 477 418 120 424 99 245 143 261 499 437 223 460 212 393 364 446 311 148 208 165 495 376 158 445 494 464 429 369 377 234 157
74 270 477 501 378 202 445 347 166 440 165 105 422 473 126 101 405 164 236 383 439 224 339 255 365 265 211 159 404 140 493 335 372 197 338 435 460 495 402 82 89 382 213 349 75
75 305 348 299 306 227 186 219 334 333 414 159 292 433 166 311 429 172 486 175 420 280 323 493 109 330 388 177 459 122 181 135 484 240 470
76 313 407 292 335 476 371 191 112 273 114 497 408 189 199 255 100 372 186 107 248 161 432 354 465 459 158 356 95 105 133 146 405 409 132 348 352 266 175 235 262 499
77 372 101 154 146 209 359 371 119 501 452 116 325 348 412 424 309 268 243 314 241 411 148 416 291 414 394 226 500 118 447 306 477 331 115 300 430 474 260 187 356 184 420 329 402 139 347
78 315 90 407 458 289 203 129 127 328 174 449 365 433 352 391 125 271 138 356 468 141 191 222 285 139 264 362 311 193 245 124 242 281 323 134 175 196 451 330 206 227 164 341
79 284 384 257 367 105 258 421 413 229 418 120 411 202 107 90 253 383 437 330 111 468 243 382 408 255 293 281 324 112 386 452 317 162 493 200 80 368 300 81 266 108 374 438 436 498 467 222 218 175 475 263
80 448 501 215 457 175 125 257 226 406 200 193 271 386 497 300 101 309 153 154 152 452 352 454 122 216 242 365 223 441 186 112 408 158 148 383 366 212 402 93 413 182 346 171 384 472 256
81 268 216 455 439 345 250 354 226 227 115 300 377 224 408 169 251 473 219 107 412 118 84 85 152 256 284 348 381 113 144 418 304 416 221 421 350 91 223 292 299 138 265 376 206 385 383 462 186 325
82 255 159 163 387 376 127 348 104 326 301 398 133 185 319 191 250 417 174 156 302 497 243 216 303 184 276 86 122 116 312 379 456 366 306 363 98 300 406 292
83 431 309 277 458 128 364 455 193 111 157 155 181 284 374 438 190 460 233 86 344 461 272 408 490 432 419 444 493 389 134 422 383 188 451 207 394 276
84 314 341 420 305 246 209 414 152 193 375 403 472 446 155 325 373 92 276 388 342 442 281 202 430 221 433 167 402 106 226 122 229 302 343 448 113 212 273 361 339 249 285 130
85 307 357 378 187 258 364 148 459 189 342 173 183 182 214 442 361 322 447 230 419 435 124 269 116 106 499 104 94 87 95 147 249 307 317 180 353 347 159 423 466 239 456 341 311 391 351 304 203 398 336 404 356 266
86 422 131 179 110 279 260 401 346 469 111 277 228 380 419 240 374 452 400 200 244 330 175 254 259 100 337 97 151 92 288 218 221 249 436 209 496 106 385 353 365 186 340 251 404 217 348 484
87 271 310 237 221 477 421 263 208 459 329 316 238 206 344 276 437 296 200 352 331 411 226 191 290 473 117 97 328 157 224 267 455 417 305 109 391 463 476 402
88 319 180 447 254 352 134 416 103 271 423 476 486 375 365 441 501 314 481 308 322 357 413 494 144 402 471 167 346 487 467 166 356 465 358 461 245 91 311
89 405 133 324 358 204 313 260 185 181 264 448 195 375 416 196 113 162 327 338 331 404 228 391 317 134 179 100 213 435 142 368 297 232 231 434 311 501 473 476 207 299 226 90 130 354 92 431 340 141 104 117
90 276 185 239 325 128 252 177 479 466 199 409 487 429 417 318 211 170 374 202 124 423 473 225 484 486 290 452 459 190 94 491 414 427 162 476 495 315 302 197 340 310 206 329 161 151 348 320 437 139 289 451 391
91 321 102 138 396 238 477 459 234 92 393 382 498 326 299 384 287 341 220 275 456 313 148 157 328 394 362 416 239 343 137 421 460 130 158 430 295 168 431 406 479 143 344 401
92 284 335 345 488 288 301 475 490 260 482 169 196 122 462 362 253 428 436 379 485 391 171 248 222 465 499 93 326 202 477 347 218 386 291 293 325 364 182 249 270 228 217 426 402 422 418 194 322
93 395 146 145 443 389 193 196 125 295 324 394 228 407 117 171 138 94 240 413 294 268 247 253 299 204 157 231 168 459 326 215 225 284 194 442 310 451 353 440 244 486 327 454 286 167 419 447 400 373
94 302 101 116 188 479 105 290 224 127 341 164 489 174 191 313 358 408 344 194 442 142 428 122 379 173 406 202 235 234 320 254 427 383
95 304 156 272 109 103 105 461 473 404 482 501 260 371 120 235 402 186 447 351 169 344 262 264 410 365 471 288 201 176 285 382 412 448 225 102 324 255 384 311 154 423 456 112
96 394 230 110 116 489 480 290 309 483 247 238 330 253 276 416 194 242 198 351 113 261 427 363 266 497 193 239 333 118 180 433
97 310 358 441 122 112 148 188 341 461 375 240 359 478 154 234 435 130 498 231 199 488 320 487 267 121 446 482 262 286 423 120 303 287 304 407 377 272 346 296 228 127 309 324
98 398 282 266 405 260 500 313 332 342 360 345 248 295 105 178 433 403 220 284 486 312 234 182 283 402 249 397 319 129 404 438
99 292 210 436 377 141 333 380 167 440 104 482 115 446 310 114 488 398 365 373 153 218 395 478 437 384 307 306 297 419 487 336 108 172 420 296 212 140 463 309 331 193 112 263 404 275 305 430 228
100 393 327 395 241 120 320 393 263 495 355 359 288 242 224 296 442 444 121 140 323 194 258 443 413 184 462 179 278 164 255 154 386 379 314 213 488 460 219 315 367
101 283 270 387 400 225 399 103 160 182 257 125 478 155 339 213 208 197 153 192 273 132 308 169 438 107 221 122 139 418 285 390 426 179 315 124 485 268 232 337 319 222 211
102 324 277 105 190 362 349 125 262 405 423 471 188 302 165 375 284 114 435 437 492 482 123 273 330 145 216 222 147 308 381 455 150 491 408 384 430 493 208 241 180 240 289 360
103 342 131 422 272 323 241 109 264 409 112 270 461 143 184 106 381 155 397 139 470 178 495 250 333 149 326 325 127 317 351 385 295 446 130 199 342 294 369 364 281 173 394 392 153 352 238 255
104 389 252 442 429 349 423 336 363 202 192 195 471 236 126 310 426 305 319 351 209 462 328 212 416 256 138 248 281 456 288 254 369 122 292 350 374 111 262
105 269 397 232 308 470 431 326 292 358 370 142 405 166 396 376 236 275 184 479 144 459 403 156 394 178 173 288 306 494 125 182 153 215 401 259
106 364 282 129 489 139 169 301 459 322 477 130 427 137 219 376 165 409 425 235 453 181 501 430 414 275 174 343 146 297 388 306 179 124 469 194 294 216 150 394
107 268 242 225 500 438 324 129 421 495 484 267 216 371 200 309 290 205 157 147 497 483 281 385 494 474 349 367 469 299 303 227 274 284 210 125 170 237 259 179 379
108 368 125 126 317 453 216 478 195 295 228 234 308 292 457 171 246 408 179 363 230 129 178 397 289 249 136 362 284 321 486 118 297 458 205 201 279 355
109 394 332 454 144 312 282 380 362 243 265 207 167 365 384 227 397 465 491 135 120 262 140 329 299 116 341 399 411 204 306 289 246 487 126 259 381 193 500 180
110 282 211 441 363 276 271 296 201 146 339 196 216 291 352 433 180 407 331 315 242 372 382 494 290 373 235 398 198 334 155 182 319 374 447 268 409
111 324 183 215 458 346 315 196 397 211 450 484 129 393 175 280 465 296 443 398 414 137 466 348 389 287 320 457 149 125 288 452 412 330
112 308 235 387 161 463 482 323 186 419 341 185 330 212 297 172 227 175 349 492 167 443 303 397 300 215 153 260 173 393 325 461 417 455 204 270 128 426 124 240 298 473 279 310 376 219 350 234 400 163 170 347
113 413 471 287 453 304 177 425 200 190 193 396 491 246 141 155 114 429 452 426 170 415 413 154 241 198 240 245 338 257 242 375 365 266 417 387
114 279 440 420 255 163 330 143 155 372 478 133 487 251 165 245 164 192 354 364 301 470 412 211 115 224 205 170 185 375 145 497 453 334 417 335 366 198 194 308 368 422 234 418
115 282 245 180 359 168 121 120 137 253 216 184 171 267 394 239 201 260 135 471 177 230 464 484 450 318 501 297 443 446 181 322 337 439 353 122 191 398 438 428
116 368 285 330 398 333 351 474 146 191 317 122 261 494 323 228 135 263 137 231 269 331 281 253 501 414 245 346 117 418 298 500 397 293 368 194 437 182 274 309 226 480 243 380 301 370 314
117 350 355 499 322 172 500 387 488 383 278 352 479 229 123 417 249 287 296 360 379 230 219 491 251 274 276 339 211 175 270 451 232 367
118 331 164 377 275 472 403 387 322 427 142 281 218 414 365 277 434 202 251 345 479 261 224 196 158 293 242 171 441 274 131 336 486 149 412
119 313 434 214 306 438 120 407 245 392 191 261 449 134 463 470 443 264 499 201 446 424 350 302 194 179 164 304 138 492 469 319 482 380 213 289 153 381 348 334
120 356 415 222 467 133 264 192 488 407 242 126 398 422 387 489 454 337 198 257 159 292 137 338 273 475 491 444 349 442 271 344 448 469 355 326
121 358 477 480 364 157 218 206 498 226 278 211 439 231 446 285 416 176 318 207 240 239 149 323 256 337 174 290 462 311 255 389 309 138 238 451 163 383 317
122 372 151 421 492 238 278 199 357 500 397 388 409 126 368 131 426 244 496 412 493 465 179 484 387 378 380 497 410 499 377 385 384
123 270 260 402 482 238 442 263 452 366 303 250 359 223 457 203 301 236 491 386 345 196 463 447 338 481 480 394 163 392 496 393 319 221 208 199 285 417 179 422
124 437 389 370 474 216 486 234 449 425 392 471 365 247 431 397 298 412 357 391 315 166 415 308 332 374 187 160 172 218 242 372 212 281 244 278 416 287 344 379 270 196 333 436 171
125 253 251 186 423 306 496 375 146 485 168 373 275 425 163 223 317 270 470 238 137 190 390 424 488 482 492 500 489 331 234 401 224 166 441 292 132 366 296 345 343 217 191 188
126 310 489 482 375 176 351 186 347 284 311 319 309 461 406 142 322 144 374 295 431 130 336 270 198 449 129 275 363 400 330 283 213 307 424 345 181 428 208 314 342 276 326 455 419
127 250 266 212 155 404 384 359 400 318 390 414 362 349 320 250 223 132 130 149 373 240 188 157 483 357 288 249 336 272 463 500 314 396
128 315 202 476 424 461 416 129 381 278 140 438 498 331 390 409 146 332 158 214 350 224 444 486 405 373 251 257 489 217 452 182 358 430 474 316 458 185 382 197 212
129 435 170 306 329 153 160 155 422 376 279 339 292 351 218 432 395 482 437 216 145 252 347 210 130 285 428 304
130 297 473 329 399 146 363 400 322 289 445 409 279 272 338 496 328 177 455 459 149 274 151 140 441 154 178 270 485 278 184 443 257 376 314 160 435 349 229 390 463 265 227 484
131 392 363 187 244 202 176 298 366 161 207 145 241 319 196 134 353 235 249 171 410 426 323 208 379 201 455 377 434 371 188 155 456 443 160 149 466
132 311 252 422 361 489 310 418 295 485 156 384 368 294 173 213 331 261 315 398 194 218 357 272 334 322 193 468 296 402 192 465 464
133 250 390 261 348 221 492 488 379 392 471 495 152 355 275 208 222 415 189 373 316 162 177 288 183 307 484 251 294 215 409 299 193 362 489 264 296
134 275 470 143 451 227 255 342 256 337 246 340 362 216 324 423 266 193 367 167 225 275 232 425 459 448 249 424 329 397 155 434 381 305 321 376 190 488 369 500 282 355
135 475 385 325 462 452 335 242 139 158 460 314 421 444 249 429 213 257 306 389 272 165 337 487 155 220 428 459 497 163 349 143 329 277 326 301 456
136 289 293 301 252 180 346 253 383 199 239 490 255 169 416 480 181 488 223 382 350 489 215 402 139 248 486 209 175 496 284 500 287 158 292 302 168 195 272
137 432 446 449 364 418 204 157 248 326 425 411 499 451 197 217 378 279 497 162 203 474 471 353 192 314 500 440 399 293 196 329 154
138 279 457 430 275 154 390 190 347 499 170 340 477 311 486 249 479 203 293 262 258 267 212 144 418 493 259 423 363 330 242 230
139 416 456 198 423 396 402 451 311 422 216 199 209 319 322 460 370 428 353 348 160 352 458 463 242 156 373 281 321 168 298 327 499
140 263 158 321 318 323 418 261 225 325 183 400 397 263 307 466 388 160 217 169 470 436 488 186 409 492 216 461 480 218 380 402 230 351 223 414 309 333
141 321 471 203 350 353 292 384 348 173 302 253 357 342 266 315 433 379 270 227 241 174 252 224 484 167 209 297 314 212 450 432 463 500 247 388 419 218 382 495 196
142 382 481 310 206 436 218 432 292 148 457 403 470 458 248 202 400 178 461 170 449 408 165 263 211 437 472 279 298 289 191 404 415 219 186 462 281 296 501 200 241 147
143 254 443 323 221 262 439 207 424 441 218 153 393 425 162 243 197 452 384 501 286 483 180 344 373 419 312 222 271 228 204
144 364 296 384 282 242 429 496 373 483 305 456 219 315 209 400 264 310 330 180 317 306 342 177 465 294 212 360 388 172 297 405 437 211 341
145 356 335 484 309 375 336 435 384 183 371 253 318 473 239 280 188 343 215 400 413 448 185 464 157 472 313 286 334 229 152 273 227 255 363
146 379 307 363 341 321 188 412 177 224 488 252 176 437 186 255 297 287 391 482 418 242 250 372 262 473 194 491 174 303 476 419
147 265 404 363 452 245 267 246 494 177 195 193 164 199 344 290 270 416 410 230 231 229 225 492 485 413 184 378 391 453 236 318 369
148 318 169 186 213 280 188 497 460 395 478 453 249 310 360 357 251 316 328 381 484 454 466 387 164 174 307 319 412 491 223 276
149 301 303 385 478 240 290 263 174 292 418 234 309 439 451 287 219 156 241 412 447 236 330 275 286 355 494 366 279 377 424 371 170 204 268 172
150 381 240 274 425 248 273 330 214 403 357 159 286 438 442 279 258 259 292 435 386 225 488 180 337 406
151 299 246 173 156 458 482 499 164 216 211 306 467 349 338 221 200 367 157 397 288 317 244 373 162 419 190 350 351 189 335 355 250 284 281 384
152 295 466 500 294 438 249 356 251 442 196 323 336 180 490 374 226 487 501 177 472 481 170 376 370 403 319 408 160 308 363 181 240 228 435 338 261 204 379 369 305 306 242 314 469
153 406 269 389 208 185 232 287 253 399 372 459 492 317 305 407 433 479 358 411 264 413 494 400 204 299 182 487 469 428 276 202 443 496 291 500 423 258 282 280
154 280 156 345 480 189 221 247 484 313 290 486 501 386 431 233 333 288 212 454 334 243 230 302 339 323 462 326 357 321 169 340 432 471 360 296 276 304 309
155 325 295 470 177 351 250 189 201 481 444 416 428 316 205 232 175 363 390 226 238 463 343 349 418 460 258 243 466 365 347 375 261 433 487 364 450
156 395 467 376 176 442 367 319 448 197 472 276 459 463 491 284 455 212 190 441 400 451 492 246 178 247 454 278 256 249 496 477 216
157 400 478 392 232 395 399 240 476 246 178 262 397 444 429 446 481 482 161 439 410 404 235 210 368 308 250 231 215 284 292 253 413 493 300 373 252 475 328 396
158 298 436 348 215 229 325 340 459 449 247 391 286 251 350 422 202 249 278 266 269 451 487 469 238 483 283 276 335
159 302 298 421 209 289 330 467 333 380 434 499 310 162 470 487 323 181 500 461 235 283 460 274 353 303 468 307 258 171 372 271 204 374 234 394 280 300 329
160 373 463 494 366 375 365 297 349 308 359 184 419 434 450 413 229 487 236 432 222 379 449 269 489 197 446 264 462 408 262 435 458 401 227 310 360
161 255 232 497 341 225 209 316 393 165 245 202 169 376 397 396 319 244 175 437 399 268 312 204 425 269 343 427 363 484 201 388 324 261
162 372 459 452 362 475 288 367 189 428 204 363 226 419 270 401 296 396 324 353 214 491 210 439 386 458 438 414 453 487 280 349 468 411 293 474 374 382 184 319 300
163 315 217 392 374 184 391 173 181 281 289 447 228 428 285 238 317 262 466 197 348 256 314 229 453 436 357 293 365 424 294 474 473 477 351 199 208 464 331 393 458 475 414 337
164 344 259 435 316 428 264 497 177 492 404 268 180 256 440 275 287 459 346 235 325 366 381 210 357 453 194 478 415 455 245 295 454 258 208 330 347 271 166
165 341 295 461 273 468 486 278 215 365 191 246 309 290 430 494 369 359 285 267 179 384 343 231 291 438 217
166 372 471 229 293 201 266 312 246 307 346 333 283 397 445 191 196 352 167 317 475 190 284 431 211 339 349 458 205 186 320 325 275 224 442
167 368 434 239 362 475 420 183 177 401 276 275 233 483 225 181 175 484 474 170 229 312 201 230 324 240 298
168 260 382 422 297 409 413 489 388 180 357 374 380 280 394 257 286 400 315 435 218 215 492 368 346 476 249 231 259 250 383 408 500 209
169 455 303 238 491 345 476 181 406 233 236 415 310 319 358 368 322 244 341 420 472 386 372 314 342 247 404 266 488 347 359 412 401 324 288 431 223 461 261 217 454 277 249 435 192
170 254 249 454 493 413 284 403 358 326 297 336 341 232 492 188 467 431 173 354 457 226 242 420 329 469 266 394 350 263 377 175 248 458 383 238 422 453
171 291 403 277 377 225 190 197 416 456 212 173 362 339 292 255 372 252 346 453 379 455 429 426 338 203 344 319 314 299 312 214
172 339 274 376 381 429 337 452 349 222 343 441 243 478 454 174 220 390 466 428 200 313 207 177 397 196 344 391 218 269 257 278 433 198 369 328 453 488
173 388 186 485 298 419 492 473 190 209 389 355 211 200 219 450 455 366 283 393 451 358 468 253 274 431 430 271 243 486 252 216 360 257 247 470 457 421 323
174 273 452 272 248 493 427 283 236 382 270 393 424 432 473 425 226 490 267 214 319 386 368 426 282 288 286 363 344 362 231 366 404 206 464 491 202 377 463
175 270 463 191 486 421 302 229 244 416 491 351 437 319 478 304 255 291 339 285 357 399 201 408 325 464 266 431 346 241 217 297 495 380 278 401
176 343 384 307 456 260 315 380 187 272 449 253 437 258 227 177 205 298 293 485 210 438 257 198 297
177 387 223 207 483 497 298 248 273 464 467 455 220 453 180 459 322 266 475 221 219 228 377 381 469 205 291 179 404 458 302 433 376 309 323 335 385 241 196 331
178 372 322 465 498 420 272 491 428 209 364 458 425 474 445 431 307 309 421 318 372 467 212 220 334 457 466 229 284 273 472 234 243 323
179 375 245 266 422 249 489 305 219 397 312 408 284 215 441 326 497 242 338 440 181 247 272 233 391 306 383 335 279 342 327 308 425 453 373 465 480 301 183 180 260 213
180 253 432 281 402 301 459 481 217 406 479 350 499 317 485 373 486 273 470 243 208 291 464 496 370 202 421 193 491 456 473 238 345 268 411 363 482 444 493
181 277 233 434 295 449 413 366 220 452 315 344 223 435 254 207 276 215 484 429 339 335 333 405 400 274 421 182 209 475 186
182 395 377 430 367 252 361 321 261 271 446 355 479 389 375 337 458 296 484 490 372 371 227 493 480 425 415 329 255 366 247 300
183 328 364 205 470 294 365 283 374 434 263 376 317 334 464 298 202 442 188 494 441 292 451 234 497 311 438 410 342 228 413 229 253 197 394
184 340 185 393 272 397 460 219 253 416 444 202 461 264 284 255 488 477 420 373 347 303 448 340 335 404 398 186 472 230 304
185 346 321 417 285 228 375 208 331 486 464 305 196 400 497 480 254 192 343 419 373 203 446 205
186 314 484 221 494 451 338 395 410 190 442 434 270 314 240 423 385 429 260 359 382 445 286 274 419 348 426 412 399 273 486 318
187 394 480 253 472 296 398 437 196 453 234 232 317 362 264 329 224 237 460 347 292 348 201 214 225 283 388 342 355 324 227 418 446 239 486
188 328 239 319 383 469 486 201 495 415 370 291 332 206 405 287 460 431 479 333 372 285 294 255 414 381 453 348 438 277 313 437 468 283 402 346 406 235 251 374 404 379
189 278 373 276 275 404 330 363 211 282 440 285 196 492 205 221 423 220 458 360 317 469 340 203 420 244 353 436 290 430 461 305 470 331 248 283 418 350 279 240 390 358 316 319 255
190 321 215 260 224 206 468 489 313 268 211 482 344 407 392 308 343 420 406 263 451 415 422 322 219 297 367 457 347
191 267 212 194 354 389 296 332 192 214 425 255 256 366 437 217 432 274 330 235 265 404 254 340 334 397 264 240 253 333 481 278 386
192 412 466 237 294 410 266 239 448 281 330 399 440 396 351 403 215 295 292 371 207 289 356 491 208 375 216 421 359 350
193 296 217 224 317 319 228 226 390 411 410 291 445 344 484 285 368 272 356 269 423 246 308 315 381 267 301 279 268 338
194 308 375 365 288 297 465 501 476 224 392 402 307 280 310 264 302 428 232 206 387 274 199 197 360 229 445
195 396 309 197 210 288 238 291 351 412 462 281 337 374 400 389 429 304 402 377 254 289 285
196 373 323 240 313 378 336 293 267 447 452 372 264 199 211 343 298 243 321 317 433 484 245 334 450 462 230 302 271 217 456 228
197 268 203 310 309 457 268 240 430 440 296 419 335 416 206 234 275 261 361 453 359 323 372 305
198 359 359 313 331 324 231 269 484 377 199 436 248 366 227 361 440 286 323 254 376 480 411 456 346 473 442
199 427 423 334 251 250 284 299 293 309 355 434 291 481 410 202 411 208 259 460 346 430 418 421 327 335 310 322 204 501 490 348 427 347 367
200 316 446 485 279 465 471 256 254 276 230 480 223 406 478 470 207 379 395 241 459 329 468 310 292 210 271 324 339 402 326 418 270 233 263 245 400 204 206
201 257 227 500 348 340 344 461 478 325 203 298 353 316 436 239 435 372 242 214 366 495 424 322 284 253 317 448 245 212 470 455 364 229 452 384
202 292 453 408 348 259 215 256 223 426 387 485 231 249 342 235 246 399 315 227 311 254 479 280 366 433 205
203 389 340 452 406 347 436 235 453 338 434 219 269 207 466 344 233 422 211 230 239 400 240 404 451 206 413
204 319 500 393 282 221 450 444 369 239 492 433 470 464 330 469 454 311 467 495 287 383 237 230 417 342 488
205 461 360 259 419 404 312 278 221 387 465 397 439 418 499 322 359 206 337 325 227 341 370 208 442 215 264 241
206 279 225 463 304 497 361 294 424 426 215 343 318 358 254 466 422 268 273 373 437 418 427 365 387 253 263
207 260 214 460 221 481 227 488 224 306 211 452 257 232 453 436 337 404 396 272 295 318 498 340 241 461 487 329 355 398 382 494 406 254 391 244 437 235 242 479
208 273 428 270 297 224 328 236 246 316 263 277 291 481 351 494 342 399 229 222 416 484 415 489 268
209 309 395 420 390 501 391 481 465 441 422 381 270 415 450 290 221 444 295 243 223 322 379 360 457 484 231
210 418 215 319 437 346 212 498 276 273 389 224 229 367 347 470 251 443 268 475 225 328 438 486 285
211 317 414 214 340 350 344 273 315 303 500 501 212 343 490 480 403 499 389 226 261 301 438 416 238 352 323 473 411 239 415 282 227 326 216 309
212 291 303 359 423 478 365 490 434 426 313 296 372 271 305 368 291 219 309 304 253 342 382 268 460 248 380 240 455 273 471 458 239 258 356 377 228
213 392 330 286 324 495 264 440 474 392 261 289 478 267 268 293 310 269 320 373 229 277 315 414 483 325 242 473 363 238 295 490 477
214 290 229 291 378 352 479 254 467 248 398 446 233 360 340 483 288 311 238 279 414 449 337 347 241 452 246 216 228 277 232 327 336 391 306
215 283 239 281 340 369 273 356 435 394 390 363 371 223 278 341 246 364 489 254 402 314 334 400 368 493 479 345
216 427 480 287 381 360 466 296 306 428 356 390 270 415 377 302 399 358 318 321 311 299 341 388 320 331 363 219 265 359 392 475 256 244 292 350 387 324 462 345 220
217 287 279 407 302 235 223 241 325 356 396 387 486 295 456 229 394 451 458 436 270 385 388 323 322 282 380 495
218 269 284 356 275 496 413 437 488 401 259 359 501 251 243 478 327 261 346 430 431 352 420
219 444 368 326 290 461 409 452 410 286 475 226 439 483 238 382 383 328 301 329 264 479 233 344 436 394 405 375 231
220 366 436 407 346 305 302 364 432 375 371 381 485 498 378 309 421 469 410 483 221 372 353 272 286 440 424 357 479 413 274 444 367 269
221 324 369 365 312 444 230 490 493 404 351 287 318 295 496 478 296 445 223 412 353 407 461 246 305 360 494 333 464 438 378 257 269 234 497 236 429 355 422 485 226
222 310 295 304 407 347 270 265 307 327 343 456 387 363 246 418 348 228 326 280 492 279 439 298 316 283 227 440
223 318 501 416 338 331 263 446 469 410 444 266 359 326 325 472 459 484 400 233 381 323 259 411 292 287 443 253 257 477
224 327 345 238 301 386 498 450 359 339 379 374 351 413 246 392 427 477 492 449 452 466 377 282 281 284
225 355 309 453 279 436 359 250 288 273 232 330 239 256 449 322 226 464 325 263 346 383 432 341
226 334 367 422 373 386 313 480 290 254 318 362 322 428 256 364 471 335 250 323 420 284 275 368 441 403 300 452 472 392
227 321 267 415 443 236 336 501 475 498 462 341 294 277 384 374 464 233 241 314 237 424 419 270 351 319 252 430
228 345 294 419 374 297 282 408 328 472 249 454 247 268 479 248 290 485 467 307 483 233 363 256 488 411 356 383 407
229 411 298 430 363 296 442 424 423 259 400 352 353 315 319 473 354 425 318 235 339 299 457 261 282 399 281 307 291 501 290
230 322 299 339 233 445 463 469 323 306 453 465 380 238 372 488 294 497 423 241 446 479 344 407 338
231 267 432 369 438 390 496 429 383 440 316 258 294 453 492 360 447 500 484 281 349 309 298 247 292 256 357 254 326
232 277 468 434 318 302 398 285 415 246 440 271 263 402 239 420 417 334 332 327 294 234 497 299 356 253 262 388 488 301 311
233 435 351 432 397 280 454 300 428 412 399 313 496 288 301 286 255 497 257 483 484 325 354 267 378 374 450 411 433 437
234 288 414 342 331 341 321 330 246 446 476 426 243 366 434 432 365 485 310 274 291 457 487 388 463 472 500 306 394 324 449
235 352 495 247 303 291 345 256 446 267 413 375 327 271 370 350 455 338 332 471 341 392 444 347 470 452 324 282 416 359 487 348
236 268 239 299 489 458 276 467 351 406 500 453 346 407 501 447 253 411 334 466 273 402 245 404 399 369
237 380 497 389 399 314 366 260 486 437 335 481 463 316 442 350 480 409 320 381 464 388 304 424 349 331 266
238 252 470 483 429 428 291 421 435 398 438 424 420 472 452 304 443 477 496 350 267 364 334 315 357 405 399 313 430 380 271 451 467 298 257 418
239 447 416 419 433 248 465 479 264 300 251 324 474 476 250 376 405 372 347 472 329 277 330 406 336 369 343 429 386 344
240 301 318 258 463 447 394 429 406 387 466 342 401 322 256 341 364 426 260 290
241 348 383 485 350 298 319 496 257 288 313 242 301 276 453 360 252 399 306 377 331 446 441 277 351 472 307 451
242 370 349 403 418 253 414 352 408 421 283 459 401 356 291 260 290 393 285 267 368 268 498 383 274
243 282 460 438 303 270 403 345 258 492 469 411 446 490 380 418 476 405 480 388 249 428 305 268 473
244 381 413 491 320 349 451 407 321 308 500 245 396 297 290 372 438 433 374 474 417 310 324 399 347 348 306 455 494 462 355
245 288 307 380 441 342 375 331 277 451 402 319 311 329 398 265 383 368 359 292 500 364 287 263 440 455 335
246 331 475 470 273 329 491 392 297 421 300 399 307 471 388 312 301 303 310 414 265 426 488
247 349 271 442 495 417 359 343 406 447 386 487 299 329 443 347 270 279 413 288 338 292 257 438 313 440 360 314 283 268 482 466 254 276 410 310 356
248 354 253 331 297 365 401 306 325 460 407 323 262 252 469 474 438 334 272 355 493 394 344 395 385 473 430 307 468
249 297 311 489 492 411 468 281 318 442 357 472 440 433 275 279 377 300
250 275 468 373 342 354 283 262 327 357 407 281 443 388 348 385 492 360 298 268 261 453 467 338 397
251 431 270 256 346 336 453 477 388 287 309 311 420 289 338 419 498 421 484 467 262 363 413 271 369 451 265 434 261 422
252 294 391 348 374 397 489 331 357 352 360 475 301 259 387 427 350 276 484
253 370 488 481 478 485 264 336 495 412 363 276 486 455 418 304 286 403 379 415 315 461 449 318 489 474
254 324 291 303 412 374 439 414 480 343 261 399 375 347 459 501 301 339 463 297 376 260 435 278 473 305 456 309
255 306 320 259 441 490 432 275 429 282 419 398 386 279 352 261 495 400 268 262 444 466 423 357 348 457 376
256 421 452 460 425 296 479 472 409 336 365 331 403 390 280 419 434 317 429 441 395 488 435 368 385 420 433 374 384 305 413
257 301 341 408 274 390 392 487 367 370 271 297 380 351 473 468 471 301 286 322 355 307 395 368 499 451 429
258 278 440 428 324 390 447 275 277 380 438 347 396 413 463 452 331 329 358 442 314 414 352 271 285 401 342 260
259 445 285 375 405 343 499 373 307 292 471 354 282 312 412 325 370 296 328 353 352 297 478 434 481
260 269 280 331 411 326 271 385 497 325 320 438 441 293 359 483 282 473 365 289 417 397 315 316 418 491
261 286 377 490 305 277 406 475 316 414 276 366 442 463 401 390 285 287 404 349 315 485
262 352 444 272 326 357 491 393 498 489 465 291 470 440 295 436 263 496 280 352 490 459 368
263 394 296 454 350 417 356 399 330 348 414 288 431 438 495 346 490 343 313
264 254 439 402 298 406 328 469 426 358 415 478 497 325 342 297 474 452 350 490 389 405 290 316 279 322 373 492
265 343 470 352 298 338 418 293 468 492 469 363 349 486 461 433
266 270 451 483 477 289 460 449 471 485 325 314 402 341 363 476 369 301
267 387 437 314 433 455 369 374 470 376 361 444 486 371 385 442 463 494 282 409 426 329 435
268 291 396 379 460 305 340 431 432 459 419 285 329 360 401 497 364 332 500 322 427 335 395 318 420
269 383 464 385 420 436 430 311 339 304 445 447 361 327 460 397 331 334 310 439 324 473 375 480 418 400 453 314 501 467
270 326 343 500 412 287 501 334 429 463 312 278 368 299 273 282 311 359 274 383 296 275 385 338 421 300 430
271 333 493 443 324 431 499 398 273 357 310 379 498 355 313 319 329
272 322 439 466 373 499 493 498 296 291 386 457 405 472 453 353 432 484 478 380 446 280 274
273 345 371 381 427 444 315 335 287 413 311 339 296 416 362 431
274 261 382 385 292 347 349 401 324 291 283 444 326 440 279 370 488 442 393 306 295 342
275 410 290 388 490 435 349 314 487 474 289 432 279 363 331 500 306 333 347 358 434 402 339 440
276 329 280 350 333 320 315 307 325 298 482 452 335 479 313 497 418 310 395 288 494 380 451 430 284 289
277 344 358 356 501 423 371 391 350 316 427 419 320 335 339 450 399 449 439 355 442 337 380
278 289 433 322 326 439 495 500 480 351 377 484 419 478 288 301 331 287 313 477 294 391 319 308 451
279 367 383 404 367 391 304 466 455 291 329 344 301 498 280 321 310 338 341 426 285 441
280 283 424 375 392 412 397 408 341 286 379 361 448 499 353 308 428 386 314 360 459 323 328 369 315
281 439 455 303 392 312 456 448 297 500 468 296 382 492 479 460 317 417 402 332 290 442 371 355
282 278 331 453 408 501 284 455 332 337 320 495 378 373 484 329 312 357 375 349 316 344 494 323 350 469 387
283 362 447 431 304 346 418 379 438 474 419 359 312 459 318 297 339 360 349 402 443 302 475
284 278 318 374 477 329 496 498 363 310 420 427 390 449 406 479 413 297 411 368 380 376 458 430 415 321 300 335 344 474 446
285 360 429 351 486 462 482 465 350 466 491 415 346 493 392 440 442 407 456 335 443 371 294 417 372 385 299 393
286 351 391 448 414 396 357 401 467 317 416 350 478 494 481 486 447 325 303 492 349 441
287 353 353 411 383 445 414 456 351 300 408 301 352 479 350 486 431 363 381 410 373 330 480 306
288 296 312 496 423 500 442 480 339 495 431 473 381 418 316 302 417 333 356 314 455
289 340 478 372 323 392 410 324 458 466 319 474 463 484 501 489 428 493 440
290 371 499 426 299 491 346 303 335 379 312 305 387 409 296 402 307 320 452 293 397
291 289 394 415 386 388 317 483 406 348 462 439 435 408 391 464 296 358 294 459 478 472 310 373 360
292 430 353 410 408 380 498 294 398 295 359 490 384 421 439 415 407 334 340 346 494 455 449 338 476 333 496 313 341 358 350 471
293 286 449 312 422 420 373 416 350 389 451 458 493 483 473 404 368 335 382 490 455 462 316 340 425 466 481
294 284 405 443 437 414 425 367 412 471 362 449 364 492 458 384 464 486 494 451 418 440 373 401
295 389 420 466 352 374 409 345 382 459 497 302 332 421 472 489 325 315 303 312 437 477 371 425 317 492 390 475 442
296 266 422 447 443 378 494 320 352 305 498 318 452 338 389 363 315 374 333 332 386 420 311 470 377 298 476 430
297 345 462 346 456 436 448 482 495 381 408 494 453 486 466 492 401 473 433 383 323 302 355 500
298 307 377 384 399 335 475 374 468 450 397 412 338 446 305 378 448 426 351 463 500 376 302
299 378 459 327 307 335 499 470 379 438 491 487 484 313 422 334 318 401 383
300 315 355 438 396 407 330 431 463 490 481 389 328 331 347 303 447 494 479 430 472 379 302 480 401 350 326 456 334
301 490 451 424 494 488 332 344 466 354 435 433 417 499 434 339 326 481 449 412 367 393 437 456 370
302 252 459 401 305 350 375 448 498 345 361 395 441 420 472 390 399
303 258 347 363 463 355 356 435 448 460 467 321 312 449 371 349 412 406 339 440 378 477 487 454 388
304 343 482 431 396 440 390 458 420 495 348 345 496 497 378 457 317 387 344 464 398 380 448
305 364 423 318 353 465 462 374 386 496 359 381 441 389 482 417 406 345 317 364 424
306 293 430 441 408 453 478 486 373 452 358 363 340 410 348 411 446 438 487 398 501
307 372 464 430 329 426 380 394 446 327 374 465 311 470
308 290 429 442 354 469 470 322 382 401 399 334 373 409 475 460
309 338 397 400 364 421 477 410 470 315 311 472 467 395 374 336 430 334 360 416 490 312 389 475 392 487 310 403 457
310 366 420 320 365 346 355 341 453 345 467 312 337 475 480 428 367 472 400 363 328 393
311 364 373 390 389 438 418 475 417 375 395 452 410 403 391 423 371 402 470 352 387 415 482 492 315 354
312 270 460 485 500 344 476 333 361 408 425 468 496 446 366 321 466 456 328 376 409 339 324 381 493 487 495 371
313 302 344 415 446 372 500 323 393 396 379 352 364 480 331 397 324 458
314 304 404 468 438 334 475 363 399 458 357 375 377 413
315 394 390 373 497 348 442 320 486 469 381 484 462 493 324 331 341
316 254 418 488 389 355 388 428 467 341 455 330 378 348 352 480 496 495 360 489 450
317 341 387 352 366 373 354 338 331 495 452 428 467 399 318 434 411 402 459 429
318 405 451 477 498 370 418 391 435 476 473 457 389 337 365 347 445 328 334 444 458 341 455 493 411 345 373
319 338 353 390 461 325 466 383 424 416 327 494 453 433 349 431 475 478 458 429 414 465
320 254 338 458 403 449 483 351 379 440 340 392 357 345 404 327 444
321 408 411 398 451 378 467 367 497 372 430 386 395 371 470 370 323 491 466 361 335 375 341 396 408
322 257 392 435 442 489 421 446 329 385 359 369 323 377 353 387 501 324 424 325 455
323 476 399 478 494 435 389 442 364 458 363 479 446 396 385 345 369 418 342 421 455 324
324 267 465 357 394 454 358 341 350 366 432 446 372 490 439 325 435 433 412 354 398 348 391 472 408 431
325 286 474 403 376 479 411 469 326 417 489 443 450 455 423 458 499
326 409 439 361 328 465 397 399 487 411 380 485 341 369 383 394 373
327 305 343 362 352 459 354 428 380 472 456 368 351 417 440 425 465
328 256 418 447 496 386 333 340 458 440 399 497 455 461 337 462 344 354 417 465
329 365 364 469 361 462 348 349 356 392 442 455 500 345 418 381 420 430 456 379 464 394 330 382 397 368 436 483
330 379 378 424 335 380 459 415 412 342 349 458 363 351 469 346 421 434 337 499
331 348 473 438 475 429 336 402 417 399 349 352 380 335 413
332 338 335 459 476 388 491 430 484 375 361 485 440 499 470 486 367 480 372 450 475 383 437
333 314 340 391 498 435 452 434 409 399 441 379 420 450 356 347 418
334 414 353 438 422 482 419 484 477 475 437 335 367
335 283 474 475 467 365 371 487 337 409 352 445 412 418 373 496 472
336 303 374 449 375 461 351 475 467 379 458 453 408 432 484 366
337 345 428 409 360 398 492 471 459 498 361 484 472 482 437
338 361 413 420 446 388 400 438 350 467 343 409 399 375 367 349 356 401 423 491 488 364
339 294 352 433 383 406 463 451 396 422 417 340 428 393 354 392 432 346 445 390 416 448
340 265 497 422 454 442 353 437 369 403 416 362 410 420
341 355 488 434 483 498 404 441 343 486 422 411 346 355 391
342 380 354 471 357 483 403 386 408 436 362 407 494 381 481 485 482
343 264 344 420 463 472 447 406 377 392 460 350 453 384 482 434 348 457 421 381 474 499
344 279 363 449 445 485 488 451 403 388 379 443 386 429 450 433 490 415 383 366 498 410 479 367
345 457 398 449 383 471 476 411 458 492 462 500 437 450 364 394 434
346 275 441 404 419 465 437 414 349 413 380 407 382 449 424 427 365 411 498 389 405
347 284 470 432 427 426 410 448 455 499 376 437 453 411 443
348 441 474 469 388 466 405 493 384 447 429 489 487 419 409 382 415 396
349 390 481 438 460 407 467 356 496 383 380 454 389 374 421 361 404 355 394 381 432 433 428 475 360
350 327 386 423 393 485 375 427 414 438 370 411 456 478 454 488 486 448 428 417 400
351 283 431 359 495 370 456 358 484 485 383 388 468
352 316 498 408 379 406 357 486 353 483 434 488 359 412 382 440 499 468 495 435 365 381
353 368 368 359 386 395 366 394 499 454 383 374 391 411 404 455 492 475
354 316 420 447 434 496 448 402 367 415 463 424 396 389 375 387 490 458 398 363 360
355 265 377 378 492 409 463 374 444 448 480 436 408 428 446 439
356 482 413 357 498 500 480 411 474 399 367 410 420 394 497
357 253 428 359 492 400 393 434 401 441 375 366 364 363 459
358 370 454 402 398 365 409 428 412 394 489 411 478 493 457 443 491
359 379 452 369 420 363 388 423 410 464 372 364 419 480 382 450 454 376 411 416
360 251 370 378 437 450 460 439 493 385 406 396 383 391 411
361 274 494 382 411 394 363 399 448 441
362 436 444 422 376 500 472 424 431
363 290 405 447 420 383 455 368 488 470 397 468 426 491 394 478 485 429 480 443 389
364 330 366 458 373 472 389 445 452 420 431 500 456 438 394 410 436 417
365 278 495 470 482 431 425 435 443 403 421 483 496 446 368 456
366 392 397 376 459 398 461 497 433 488 454 482 467 387 468 485 466 369
367 395 461 467 448 494 497 499 392 421 440 405 434
368 313 497 428 496 455 470 423 389 486 444 398 407 487 424 443 400 413
369 292 422 409 387 458 393 396 475 411 486 466 493 389 398
370 478 394 478 408 468 442 392 472 374 491 479 454 485 414 393
371 271 462 428 412 380 435 432 414 413 374 406 492 402 416 496 437
372 251 437 412 379 451 474 466 411 418 404 374 421 479 464 397 478 442 383
373 310 480 426 389 456 454 379 410 394 476
374 384 448 441 380 397 396 412 458 383 501 395 500 399
375 306 446 385 494 476 479 471 395 456 454 452 431 388 393 475 458 461 455
376 318 417 450 493 486 420 448 408 488 422 460 414 481 435 431 377 469 456 387
377 411 392 462 472 416 414 482 438 463 431 481 460 413 461 501 384 496 437 443
378 271 417 465 388 441 484 469 382 456 435 472 480
379 362 382 458 446 457 477 392 490 473 471 476
380 387 414 452 422 433 493 415 432 463 495 387 472 417 435 425 491 496 419
381 251 451 421 437 493 408 397 469 386 481 456 485 412 483 455 460
382 337 397 388 406 453 394 459 395 419 421 432
383 278 417 481 413 472 459 427 443 415
384 385 420 450 412 413 478 479 439 414 433 403
385 280 434 426 441 410 468 444 474 420 440 480 405 421 462 501 418 448 460
386 274 487 457 456 430 413 482 447 486 439 444 414 473
387 446 413 430 443 489 402 424 495 456 428 452 450 488 471 397
388 320 466 458 421 465 489 497 447 420 418 457 456 406 454
389 312 448 439 399 453 492 440 445 407 401 429 402 478
390 368 411 418 501 450 500 458 472 420 461 478 403 480 393 447 421 408 391 481
391 283 442 449 478 411 395 476 403 469 488 480 402 482 492 406 448 443 484 490
392 439 414 440 443 491 448 485 416 412 476 465 434 401 487
393 278 478 473 498 399 430 407 481 408 460 436 422 462 431 439 467
394 301 425 418 410 485
395 323 486 460 476 450 400 455 482 459 451 401 411
396 376 419 426 461 452 462 470 494
397 470 427 466 480 398 458 442 483 418 444 479 446 493 471 478 491 422
398 262 477 464 430 420 421 423 468 453 427 497
399 268 428 478 436 470 412 402 461 466 406 473 450 501 460
400 437 401 476 499 464 446 461 463 487
401 294 478 412 433 501 427 455 435
402 269 486 459 490 484 434 496 403 451 443 420 439
403 421 468 417 469 467 415 465 497 449 413 463 432 420 450 486
404 269 463 454 434 447 406 461 432 428 457 441 498 405 456 484 501
405 310 431 481 472 437 447 492
406 390 409 407 450 500 445 437 476 473 447 455
407 308 437 449 415 433 455 479 426 452 484
408 302 436 472 480 419 431 450 469 454
409 332 445 465 448 427 477 464 480 496
410 417 439 441 499 487 431 433 501 452 498 415 456
411 251 445 465 482 441 447 492 427 432 470 472 486 474
412 387 455 489 462 428 493 435
413 279 451 458
414 334 448 464 478 459 484 481 499 491
415 390 431 484 451 417 432 435 433
416 299 480 429 430 477 424 418 471 473 498
417 311 453 482 418 476 432 431 452 419 436 447 479
418 284 468 432 425 426 483 421 470 439 449
419 293 482 483 488 431 467 464 436 451 474 476
420 423 423 430 444 441 468
421 339 467 485 425 443 491 449 435
422 331 453 501 479 487 489 472 465 467 462 429
423 330 440 452 455 441 467
424 250 471 453 485 436 500 469 449 461 452 458 474 470
425 296 469 454 462 468 449 486 491
426 454 474 456 460 433 434 438 430 454 435 484 482 481 451 443
427 269 494 445 469 429 477 458 487 450 485 490 483
428 448 453 480 461 449 445 468 496 438
429 283 452 493 458 455 456 453 488 433 471 464 487 463
430 260 452 458 462 474 461
431 293 433 434 496 491 490 458 438 454 495 488
432 447 490 498 434 472 480 493 473 494 462
433 321 447 466 470 463 467 454
434 259 442 477 476 470 482 462 481
435 420 501 459 472 452
436 283 454 461 437 495 443 471 476 490 463
437 250 439 491 457 482 470 494
438 467 482 492 440 495 442 458 480 477
439 351 480 489 457 445 486 468
440 275 454 497 469 456 447 481 444 446 441 468
441 374 487 453 498 491 474
442 251 452 458 443 449 478 493
443 299 474 480 499 494 489 477 488
444 450 492 459 466 487 488 460 493 452 476
445 358 481 469 457 467 492 465
446 280 500 488 491 449 482 464 501
447 362 452 475 468 494 450 501 479 493
448 285 471 499 462
449 276 454 460 489 469 482 486
450 439 484 488 480
451 250 478 481 458 486 495 491 492 472 482 489
452 404 496 486 484 464 453 476 482
453 346 499 469 491 460 481 468 473
454 450 497 457 456 466 458 465
455 270 476 501
456 280 477 459
457 328 499 482 500 468 490 480
458 402 496 489
459 270 495 488 494
460 369 499 491 501 500
461 258 468 484 494
462 373
463 438 498
464 279 476 501
465 283 477 482
466 311 468 483 470 485 498
467 250 489 482 480
468 439 496 498 486
469 410 490 487 500 496 479 489
470 262 474 479 500
471 328 497 479 484
472 250 475 473 499 474
473 383 478 485
474 367 475 477
475 420 487 481 500 476
476 325 481
477 255 487
478 352 495
479 390 496 481 480
480 258 487 490 497 491
481 278 484 483 500
482 259 488 484 486 501 490
483 463 498 499
484 353 494 497
485 347 493 492 498
486 300 498
487 361 491
488 377 499
489 262 501
490 378 500 495 493
491 260 498
492 362 496 495
493 423 497
494 281 496
495 296 497
496 449
497 287
498 264
499 407
500 311
501 282
