249 1000
1 293 106 180 229 147 18 118 195 137 152 107 111 4 128 90 156 183 13 10 167 181 247 115 88 113 197 228 160 144 84 67 83 112 249 227 184 63 236 146 141 87 21 120 201 188 172 69 198 97 145 74 123 104 244 53 50 242 55
2 356 134 139 40 57 20 240 18 161 136 88 192 115 22 198 82 220 241 158 29 232 153 124 64 149 41 202 63 50 56 143 111 150 36 21 170 6 60 177 53 249 174 34 168 110 113 137 117 226 203 61 114
3 351 216 159 80 179 97 236 50 119 42 221 167 48 173 180 125 196 76 113 228 86 84 102 91 15 56 32 112 158 163 166 64 238 58 218 230 94 108 145 147 244 122 31 241 138 98 6 4 19 61 149 74 124
4 465 148 159 156 27 231 111 48 71 170 89 91 36 51 229 105 126 157 75 28 139 135 197 61 182 191 204 186 55 164 85 24 57 104 88 128 175 192 34 200 107 235 163 153 79 194 45 54
5 274 215 27 227 108 244 155 189 70 157 219 35 243 129 46 167 141 234 42 120 140 249 164 170 8 15 233 176 168 128 57 88 116 160 179 193
6 261 86 168 136 22 83 198 56 227 247 45 177 87 80 118 199 179 110 232 39 94 15 69 65 224 200 16 237 20 75 100 249 163 102 90 8 47 18 171 158 120 245 59 114 51 204 209 211 21
7 317 150 217 49 202 178 249 95 10 15 235 82 204 201 244 218 164 231 19 85 43 116 80 53 29 200 142 115 24 223 237 205 117 34 198 209 136 77 171 126 72 153 212 38 184 87 124 247 245 58 135 224
8 275 84 205 188 16 62 214 70 21 140 222 37 176 103 122 89 234 35 111 168 201 232 190 135 149 249 164 60 118 41 30 48 42 36 34 116 101 218 67 71 209 112 162 186 132 86 166 114 52 237 59
9 408 23 131 140 14 135 243 160 225 91 138 32 181 24 212 162 210 41 197 90 82 220 74 158 28 120 29 248 244 46 178 219 172 175 182 216 31 93 64 87 153 38 232 10 166 246 103
10 441 179 165 239 112 248 153 16 161 154 238 193 73 125 216 11 237 101 247 96 195 26 81 172 29 19 198 127 142 30 135 215 186 20 15 46 157 190 200 123 47 124 70 145 49 40 173 42 139 159 83 197 68 166 221
11 285 230 125 121 41 190 13 106 153 116 21 146 245 84 59 79 192 42 89 45 53 58 123 91 31 189 25 22 240 38 224 218 170 27 211 29 228 184 247 104 56 249 220 63 157 169 241 80 215 65
12 274 185 214 16 178 35 239 59 87 31 61 22 189 52 125 13 222 219 30 177 84 221 72 118 213 58 168 164 79 18 157 26 121 41 114 196 179 56 91 101 161 62 69 147 120 140 103 44 66 226 163
13 283 111 16 233 85 63 215 66 84 167 34 27 51 121 249 132 206 177 245 118 166 194 60 110 23 161 169 82 168 52 179 133 68 143 101 182 157 170 20 231 172 43 46 185 115 205 196 156 235 65 18 124 240 108
14 307 232 160 66 50 64 172 21 163 235 176 96 90 230 171 198 168 83 104 159 48 236 226 115 200 162 210 29 178 87 166 25 118 55 137 127 144 222 167 145 76 199 121 92 102 125 126 38 51 194 79
15 410 145 169 175 151 31 29 130 244 144 194 218 125 64 228 241 192 246 161 50 216 232 51 150 87 157 75 166 99 116 230 48 23 165 38 30 20 104 90 191 124 238 186 102 227 45 36 210 199 46 117 40 84 59 229
16 340 236 119 62 17 125 170 97 203 66 171 213 105 83 54 188 75 135 206 187 221 183 199 146 24 164 33 98 20 29 91 71 36 129 76 114 89 231 223 233 31 222 177 52 69 107 151 68 215 243 74
17 408 212 83 133 206 142 21 109 145 98 55 163 141 119 126 110 235 108 248 199 23 140 172 184 191 224 186 116 65 61 233 193 58 168 103 213 230 240 164 173 18 87 189 132
18 252 185 119 102 55 147 245 68 66 132 237 45 137 243 202 65 111 30 67 47 153 217 242 125 149 144 84 62 141 146 77 101 88 69 208 78 163 32
19 384 158 20 109 142 178 32 29 76 96 26 27 185 34 233 136 30 113 209 159 145 170 213 47 126 167 59 71 135 246 150 129 127 169 224 131 107 154 206 112 210 164 174 229 152 162 138 249 173 41 110 228 65 86 67
20 314 83 218 206 96 55 59 80 52 26 238 149 45 27 39 243 54 201 67 43 146 161 225 91 180 171 70 204 165 126 94 239 153 207 173 234 141 138 47 136 95 237 127 21 195 110 97 78 100 222 104 88
21 302 75 169 142 191 69 60 66 220 105 196 31 52 200 45 211 247 58 30 133 203 147 233 188 40 156 57 64 90 106 245 148 244 140 81 155 185 217 135 219 61 208 118 126 124 109 228 226 209 204 206 149 120 85
22 477 131 163 192 183 220 61 51 47 202 196 221 245 28 227 240 119 213 190 57 41 102 115 173 193 168 166 133 78 200 99 151 24 185 225 120 170 74 231 95 71 45 165 132 153 127 59 88 162 219 37 235 209 138 122 62 181 56 33 84
23 272 236 203 25 184 148 245 183 108 80 136 33 207 84 196 123 226 186 30 176 65 53 90 246 64 120 144 104 73 198 229 86 102 103 109 44 113
24 251 178 88 189 65 222 82 49 177 58 200 30 133 245 139 175 111 137 104 156 132 106 230 69 174 221 149 31 238 107 35 67 151 247 130 124 125 114 109 52 77 55 227 202 105 40 197 59
25 349 100 184 171 175 134 102 211 112 133 158 212 202 27 28 187 88 189 53 105 87 193 221 144 209 145 45 74 233 219 117 230 220 92 86 56 234 159 228 169 91 34 131 55 49 167
26 396 116 51 140 181 204 175 117 155 240 199 215 210 42 182 142 87 183 228 98 45 248 202 184 217 235 243 162 201 104 190 36 78 30 89 174 143 153 65 173 63 59 68 132 49 185 230 83 86 209 220 236 197 163 93 107 195 113
27 255 44 236 97 89 181 60 81 32 137 161 224 215 201 73 230 198 237 167 85 165 189 151 232 241 42 246 128 200 143 168 87 234 36 150 121 186 98
28 313 54 221 68 185 178 38 217 202 184 138 58 212 209 230 113 151 81 117 243 114 130 88 196 177 179 236 166 125 248 47 153 195 51 39 145 66 152 110 174 118 164 108 172 162 106 228 163 71 31 103 122 126
29 326 110 198 142 140 115 238 33 222 83 41 105 191 177 47 57 167 205 72 202 88 188 76 50 132 106 235 80 160 84 180 79 136 97 243 104 197 161 176 145 34 208 59 81
30 361 121 95 50 155 34 223 159 156 86 63 243 232 38 119 49 129 101 145 218 247 100 142 113 167 154 224 138
31 326 129 177 195 142 97 101 213 110 87 85 210 84 232 185 94 147 126 91 108 234 114 118 199 122 96 42 172 243 161 240 112 63 117 59 62 184 187 191 181 53 229 152 86 190 121 47 35 74 162 52 180
32 328 65 165 197 112 103 151 143 38 216 220 214 191 53 235 133 75 172 217 226 97 77 208 242 149 100 161 58 177 184 128 181 194 73 42 221 205 206 225 141 90 198 109 41
33 346 81 106 111 93 105 189 79 201 249 237 112 96 229 153 74 70 191 116 173 62 218 51 55 63 114 45 212 102 223 225 155 77 72 47 89 94 160 130 215 240 108 200 131 144
34 334 206 47 79 35 66 105 36 233 239 155 164 40 140 235 67 224 159 189 198 170 45 116 62 197 178 138 114 216 129 229 200 83 188 109 101 238 63 147 121 135 136 111
35 250 230 70 79 156 73 116 209 67 88 106 37 154 246 216 74 117 77 218 111 238 63 123 95 103 169 158 114 165 92 138 213 173 185 38 107 176 59 179 184 206 197 200 87 234 196 181 249 57
36 416 226 204 54 113 115 228 60 69 239 196 71 154 165 191 148 163 150 138 184 243 217 104 91 105 84 246 212 214 229 234 94 207 237 210 50 170 99 117 132 245 225 192 236 64 130 125 209
37 413 152 245 65 59 52 150 62 140 57 136 139 178 169 61 186 78 223 44 182 236 179 211 119 218 198 49 124 97 46 126 144 93 95 147 58 122 241 204
38 305 176 181 202 62 99 196 239 171 47 157 78 163 97 204 220 63 129 170 103 175 197 223 164 151 88 199 101 225 168 50 240 166 231 138 211 186 215 56 205 185 242 203 228 117
39 282 217 56 144 86 170 81 84 134 135 122 186 226 51 203 171 224 128 101 201 233 74 247 72 206 90 148 235 190 195 229 113 85 162 43 100 231 167 242 160 218 129 234 161
40 281 127 113 57 211 156 137 95 163 51 103 144 58 219 166 64 224 223 56 114 101 209 123 68 247 152 136 154 207 61 126 226 53 208 235 138 75 118 119 52 182 129 195 227 65
41 445 170 147 221 47 165 110 109 184 50 180 207 134 77 181 148 183 226 126 245 235 99 141 67 208 112 154 190 49 140 243 75 93 70 211 57 161 166 80 74 216 185 119
42 274 200 59 91 208 71 60 48 96 211 192 78 230 114 105 203 84 134 140 127 223 81 128 158 197 232 227 248 193 222 213 57 233 246 64 242 61 239 113 163 101 53 111 187 121 243 159 209 90 189 67 82 122
43 256 61 209 103 234 110 245 98 246 88 48 194 82 144 90 117 81 151 241 134 174 102 186 46 218 164 239 203 96 50 131 159 86 59 244 163
44 486 58 67 66 155 167 128 82 130 174 129 161 205 146 244 183 65 191 184 240 163 84 236 175 109 75 172 249
45 258 197 132 115 204 228 221 190 49 169 103 193 156 214 80 127 149 56 191 164 82 172 248 135 136 195 229 243 66 48 242 183 121 181 177 220 199 179 64 215 147 201 91 225
46 275 86 80 78 151 65 88 243 194 166 188 168 104 159 189 205 191 233 111 99 79 170 149 57 249 133 90 241 112 137 130 105 77 204 140 91 143 59 53 75
47 473 49 189 128 85 193 199 55 94 50 197 161 65 154 52 112 247 81 245 140 175 170 71 96 188 218 232 126 171 215 104 225 150 205 117 185 227 61 180 76
48 252 103 101 82 135 73 118 126 130 205 170 142 236 107 131 58 69 207 239 234 200 72 123 233 152 56 104 217 61 219 106 235 85 165 100 201 209 211 167 178 67 166 183 92 86 245 88 242 50 193 133 157 187 158 99
49 281 205 210 172 118 213 226 249 186 171 72 212 50 66 240 194 109 117 140 86 75 125 235 207 51 188 196 68 87 120 65 134 170 55 112 185 149 101 90 56 76 100 231
50 332 82 77 164 168 101 85 210 127 200 163 109 65 134 180 206 143 62 118 133 99
51 387 73 182 180 122 112 216 229 221 178 240 105 196 66 119 185 82 224 211 234 249 213 74 130 228 54 179 235 203 77 101 121 79 91 103
52 327 58 120 67 229 240 205 59 138 70 227 161 93 142 180 86 174 73 74 72 139 61 221 143 104 146 63 53 193 214 200 230 203 88 248 145 62 249 226 234 172 233 75 202 186
53 416 65 71 80 234 238 118 121 79 231 60 144 85 216 67 155 146 162 174 150 72 119 117 108 199 190 122 107 66 237 222 206 142 202
54 257 127 244 207 110 114 230 157 156 58 134 216 76 94 64 75 138 182 245 125 191 150 140 239 109 155 161 212 71 68 240 196 203 74 142
55 358 176 213 67 56 59 73 105 167 141 116 166 102 147 198 217 125 156 209 238 199 145 153 225 232 71 129 247 82 165 99 241 163 77 242 151 186 202
56 390 63 94 132 145 122 188 159 204 106 203 114 237 193 226 120 225 196 117 153 215 185 195 200 58 110 170 219 221 123 160 116 230 64 104 103
57 252 241 198 145 244 89 229 183 108 161 230 238 157 128 86 227 139 146 219 126 215 171 160 248 224 225 203 109 81 216 120 236 170 192 141 63 190 122 72 151
58 321 60 190 98 77 192 216 214 176 189 229 83 147 144 224 225 89 75 125 102 150 153 160 113 82 206 170 78 239 228 92 207 68 110
59 267 202 201 245 193 96 68 142 177 127 137 211 195 103 246 225 207 189 133 221 172 93 104 235 120 72 179 155 200 108 248 121 247 136 149 152 60 164
60 412 116 101 78 191 193 241 143 113 159 194 206 173 234 205 200 216 151 165 238 127 115 149 94
61 392 201 73 109 179 158 90 160 117 173 72 105 191 135 241 200 199 240 228 229 139 170 127 202 91 102 66 92 70 95 140 213 80 137 214 188 150 174 248 243
62 291 125 90 103 69 188 185 100 199 202 172 108 142 78 203 72 94 219 123 196 101 187 118 198 244 145 249 126 141 206 106 143 86 205 159
63 317 238 102 248 203 72 177 150 218 220 219 67 100 65 182 71 213 189 164 184 214 124 162 112 84 75 169 187 249 163 76 101
64 405 97 194 118 75 236 147 238 171 206 158 187 83 185 100 225 173 140 76 112 125 190 91 164 74 130 180 155 151 219
65 338 94 230 233 174 160 116 125 128 115 121 112 220 92 78 140 73 204 130 100 139 178 229 246 136 102 155 218 164 150 148 173 98 137 79 208 129 213
66 257 82 68 204 96 138 143 115 152 86 107 95 161 121 114 141 139 210 214 224 219 154 234 242 232 113 178 108 189 71 129 80 150 131 225 241 164 124 203 109 85 208
67 259 113 193 167 89 188 190 126 98 246 106 122 135 208 118 140 179 71 141 148 216 192 239 223 209 86 180 69 95 130 129 176 99 114 215 238 93 230 197 195 185 145 175 100 159 225 101 137 136 248
68 449 232 149 205 241 100 179 166 192 88 103 123 130 187 85 147 145 193 151 200 131 209 93 90 236 210 176 132 214 72 70 218
69 292 107 234 240 224 149 93 162 121 72 185 178 169 248 190 235 157 161 76 160 228 227 184 231 118 123 194 181 167 232 206 85 195 71 219 89 82 198 210 179 139 88 98
70 272 191 190 206 239 242 145 76 246 104 102 128 100 121 150 165 159 101 129 116 244 85 111 249 197 194 226 86 155 135 72 177 134 147 245 153 238 227
71 469 227 215 116 120 156 240 238 102 110 158 194 235 147 174 86 245 98 155 204 234 161 242 166 126 117 123 77 118 157 130
72 259 189 115 186 166 140 229 247 106 153 188 177 98 220 228 216 235 224 78 149 209 203 192 101 169 200 135 87 215 173 125 145 81 138 131 191 190 208 89 206 120
73 318 188 123 89 185 205 115 145 104 120 113 165 80 132 143 155 161 192 248 242 83 229 138 139 160 101 182 190 225 245 234 232 218 211 103 241
74 394 227 152 167 113 139 208 245 190 86 101 96 161 182 206 212 226 157 180 197 166 174 120 84 81 116 78 181 151
75 288 205 198 136 219 204 233 165 157 125 151 158 152 100 196 247 227 225 195 141 119 214 245 97 218 191 83 99 84 169 207 221 137 175 228 90 114 130 94
76 356 212 102 205 122 121 158 85 209 163 175 118 97 107 124 182 78 155 204 241 177 143 164 125 192 109 194 185 98 226 215 176
77 297 220 109 81 86 130 78 196 203 88 238 247 161 97 190 243 197 110 228 182 225 198 162 160 79 159 216 144 147 85 143 234
78 347 221 140 156 185 107 195 80 167 235 112 126 202 155 152 125 84 183 106 130 168 90 86 115 225 122 181 246 131 159 114 179 136 91 89 132
79 314 192 141 129 99 199 206 96 92 244 180 194 247 217 225 142 246 88 164 146 198 151 86 143 148 140
80 358 246 142 164 145 90 95 215 226 203 85 89 193 135 140 152 179 121 214 81 94 187 102 141 109 217 103 180 212 167 239 241 153 118 177
81 328 154 84 217 234 228 229 129 121 143 235 205 90 244 187 165 210 82 247 242 120 207 185 93 193 180 103 169 189 249 248 100 97 246 145
82 289 214 216 93 152 171 193 228 234 206 180 183 114 201 139 83 103 176 190 210 158 184 169 188 167 195 156 212 124 168 115
83 399 238 95 91 242 86 180 85 248 205 139 191 87 225 206 146 172 201 143 130 187 232 138 94 152 137
84 312 138 247 239 244 194 130 163 134 200 234 183 132 211 174 207 94 116 109 231 243 140 180 236 217 125 148 235 191 136
85 303 131 119 229 155 129 115 215 231 185 157 207 116 218 177 248 172 240 124 111 106 98 230 144 225 153 212 171 117 167 174
86 273 161 242 203 179 144 159 110 212 231 178 133 150 221 174 129 167 222 205 227 168 88 240 114 124 201 95 104 135 96 204 128 214 143 108 122 239 208
87 424 113 106 244 205 89 90 139 189 129 216 203 204 156 162 101 184 223 202 236 212 103 171 246 94 211 247 161 210 179 152 88 233
88 287 115 120 126 150 205 219 182 175 217 165 136 214 240 105 103 244 241 233 198 238 249 149 109 137 164 127 166 116 176 111
89 442 246 175 196 206 226 126 229 127 182 233 230 128 193 146 110 203 237 95 103 243 116 211 223 231 158 131 176 153 184 134 93 114 119 241
90 271 190 116 245 162 210 182 128 233 170 98 231 135 134 109 94 203 223 227 154 208 187 102 110 241 248 96 164
91 338 113 235 98 127 94 198 144 177 231 131 168 95 146 109 117 191 227 199 223 211 143 215 184 233 171 157 137 162 149 225 244 204
92 332 190 192 163 207 117 217 216 119 135 153 248 174 202 104 170 116 156 128 186 224 247 231 124 169 189 122 149 240 136 206 166 133 121 197 103 146 126 110 142
93 330 96 227 116 108 225 241 178 136 204 97 192 145 210 232 157 223 183 120 113 107 149 130 230 166 248 221 231 111 146 167 189 224 175 219 222 119 176 245
94 266 249 223 242 147 97 99 103 183 128 238 186 181 132 233 111 235 199 168 150 152 179 172 119 200 154 176 190 182 197 133 189 203
95 411 243 111 121 241 204 147 122 109 110 215 155 100 223 154 159 177 239 156 232 210 198 211 190 105
96 323 140 190 213 117 198 134 195 183 217 105 225 179 231 230 124 236 244 204 219 189 157 242 107 153 164 249 220 137
97 261 115 184 178 235 181 208 103 136 166 202 120 101 138 211 123 242 172 122 151 210 132 106 200 155 137 163 161 144 238 150 219 203 190
98 395 247 201 223 170 213 191 154 169 246 237 133 233 238 123 167 214 156 184 103 157 209
99 344 103 197 166 136 105 190 246 108 182 116 193 243 202 177 112 117 207 206 199 157 132 113 125 110 115 227 123 186 106 153 217 203 239
100 403 190 230 188 215 247 193 171 149 212 213 174 114 167 132 198 125 223 108 227 157 205 209 231 246 128 152 239 208 170 134
101 250 199 172 143 160 192 215 116 131 214 147 235 208 221 109 209 198 153 158 120 130 103 132 202 205 227 110 212 136
102 347 187 230 118 224 116 126 133 149 174 159 225 194 221 143 215 202 157 144 208 160 122 105 146 120 147 115 206 175 130 158 150 176 172 232 238 127 201 219 181 151
103 427 226 108 224 222 155 167 215 113 140 196 177 138 225 156 139 200 185
104 304 236 141 175 204 238 213 117 136 191 143 154 188 247 129 133 162 199 167
105 269 238 183 126 118 228 168 248 247 226 204 159 162 232 214 171 220 211 181 120 194 110 182 234 242 117 249 196 135 244 218 236 200 191 180 139 202 155 193 192 119 208 225 149
106 270 130 161 196 137 203 122 115 159 193 234 246 156 118 164 132 160 222 119 231 245 224 124 125 154 219 165 107 167 133 173 195 136 153 198 163 188
107 266 240 134 155 164 165 198 246 167 141 143 142 196 194 162 231 218 173 228 130 220 237 221 160 121 186 118 219 179 249 176 171 244 247
108 464 223 151 215 220 110 115 113 205 236 198 248 146 245 229 189 191 214 118 112 132 121 246 152 194 216 166 154 111 237 217 140
109 291 115 209 184 127 171 240 210 124 139 181 113 216 179 182 152 206 158 248 178 112 197 148 173 211 162
110 295 168 175 147 159 189 249 228 160 220 172 169 173 142 117 176 131 162 115 247 118 248
111 414 186 163 145 169 128 196 237 188 195 124 209 177 204 210 199 174 200 193 183 117 230 148 150 143
112 307 230 157 240 131 189 168 210 223 176 206 173 167 118 122 127 140 183 147 115 144 137 162 114 141 217 218 178 151 192
113 321 216 174 129 145 179 175 207 144 140 224 121 148 143 169 190 139 149 153 170 124 197 128 233 186 221 160 114 193 220 155 237 208
114 372 147 229 128 212 191 237 161 169 184 139 245 205 233 215 248 226 130 204 153 122 211 207 182 242 124 217 156
115 436 163 186 119 120 204 146 121 181 122 148 239 180 234 165 241 209 229 158 211 135 216 210 178 177
116 292 147 128 210 238 211 230 215 170 236 161 126 233 143 154 203 169 209 222 202 194 148 118 168 227 137 241 204
117 272 162 211 247 223 169 123 176 241 134 138 237 163 249 216 131 193 132 147 201 154 214 142 184 228 168 186 155 182
118 258 125 180 141 150 122 175 244 231 130 146 163 123 247 237 170 144 205 194 174 151 121 192 142 203 238 171 215 201 184 156
119 256 137 169 235 121 246 168 187 174 242 152 147 130 133 207 204 210 161 159 172 170 232 206 214
120 486 140 161 124 230 204 135 172 152 248 139 237 155 185 166 180 191 242 249 203 202 133 247 236 182 128
121 386 152 211 135 148 177 195 216 137 221 193 127 201 188 123 248 196 168 130 142 134 228 209 205
122 263 136 172 223 209 228 159 152 155 139 181 220 186 178 246 237 241 245 239 134 177 218 217 231 235 147 135 132 173 211
123 351 139 193 201 125 171 142 156 231 217 249 216 210 199 154 137 189 228 126 165 221 208 245 140 146 238 127
124 275 233 137 198 236 136 170 243 164 209 156 175 237 159 138 195 230 169 150 185 162 178 130 196 177 145 220
125 437 166 191 135 136 211 132 170 126 212 226 129 150 231 225 217 147 189 210 144 178 149 171 220 182
126 288 179 170 140 241 165 231 128 177 134 233 158 187 249 175
127 261 231 134 167 192 243 227 187 149 174 223 232 158 203 132 219 213 156 142 183 234 249 178 221 237
128 474 198 155 230 133 151 218 131 179 129 174 144 169 214 207 249 223 184 205
129 265 232 227 235 199 197 154 164 137 173 139 225 149 148 178 187 140 132 134 145 167 236 180 188 224 198 193 151 207
130 308 196 217 239 194 220 222 210 249 236 248 240 192 183 177 176 141 160 244 212 163
131 347 135 143 170 182 225 212 188 207 189 230 211 155 236 239 152 187 215 224 191 149 223 193 227 156 217
132 345 179 202 176 191 215 239 173 155 242 133 220 141 205 194 150 228 211 145 240 229 167 152
133 355 184 190 173 166 145 200 211 179 188 143 186 207 203 195 189 134 205 170
134 265 164 151 148 221 180 149 157 212 176 205 189 218 177 235 195 232 201 172 154 186
135 380 149 208 204 155 206 159 178 138 210 164 184 220 226 203 200 163 166
136 434 235 189 155 154 204 234 186 248 168 200 187 156 191 242 218 228 198 197 172 215 205 139 243 238 217
137 275 166 187 151 168 170 211 180 241 156 140 189 195 202 161 190 214 215 145 173 197 162 183 210 143
138 291 205 164 245 192 228 240 153 214 167 168 248 226 156 158 169 202 190 233 223 151
139 402 239 224 235 203 238 227 154 167 215 144 196 229 192 151 226 159 188 171 200 180 158 240
140 319 198 176 192 206 236 234 144 156 228 189 220 208 158 152 165 210 216 164 169 148 244 223 185 153
141 279 198 177 188 166 224 183 185 231 187 164 218 234 236 242 228 244 149 143 152 148 204 147 161 193 167 184
142 277 244 228 195 237 248 243 225 215 201 167 247 170 186 245 156 176 153 202 234 238 192
143 324 145 233 238 236 202 187 180 248 200 209 147 153 178 157 162 184 211 160 221 199 166 197 161 230 222 229
144 399 231 173 158 238 205 206 163 213 209 247 186 241 150 210 199 171 168 161 177
145 259 164 146 207 157 160 213 241 222 242 174 166 184 178 202 150 232 183 181 197 196
146 357 160 182 233 220 165 179 190 224 205 241 154 247 204 189 178 170 201 162 195 244
147 384 222 203 245 182 174 225 162 218 150 239 220 161 176 223 149 235 201 221 217 209 166 194 215 170 169 248
148 363 204 153 247 149 240 172 169 168 230 155 189 231 228 178 184
149 279 180 189 162 158 200 154 237 191 218 178 153 244 247 232 226 217 228 239 183 211 195 249 225 199 224 210 188 170 185 184 194 234 246 235
150 358 171 240 191 177 205 200 245 184 188 246 190 164 160 169 221 158 162 154 235 233
151 270 234 242 184 180 236 212 181 238 218 223 228 203 185 226 166 215 230 191 183 198 167
152 250 249 185 183 215 204 199 235 213 187 156 225 189 191 170 240 211 168 242 172
153 480 210 221 240 167 165 180 166 219 185 155 222 233 201 218 248 246 172 184
154 359 159 238 232 162 168 186 167 248 170 203 192 155 166 240 228 184 226 245 177 185 204 212
155 303 227 177 159 185 205 236 244 172 160 158 198 246 204 226 162 225 221 186 199 206 241 181
156 338 196 213 167 164 215 226 179 247 191 228 165 161 199 212 243 219 186 171 194
157 431 227 194 249 221 203 164 211 226 234 244 224 225 173 185 220 182 235 247 207 195 167 219 213 210
158 312 232 192 186 178 231 223 233 189 238 235 237 206 217
159 257 208 209 246 222 243 249 178 175 234 235 241 245 160 183 232 213 191
160 287 215 185 249 220 239 171 236 231 210 232 190 184 200 173 229 227 195 214
161 265 207 204 206 183 242 189 168 173 245 227 226 211 191 192 182 190 184 197 185 249 194 217
162 448 206 201 246 220 210 247 198 204 174 239 240 185 196 202 170 235 192 182
163 250 201 172 182 223 238 240 214 219 233 239 171 194 213 218 237 224 241
164 309 216 224 232 167 204 228 219 226 173 197 214 181 222 188 249 171 202 227 178 238 168 199 240 179
165 441 216 184 232 246 248 231 202 220 176 229 166 194 171 178 187 215
166 327 214 180 215 205 191 222 238 247 210 229 200 218 233 231 201 178 249
167 393 168 200 234 237 224 189 194 176 170 249 225 235 206 229 183 187 232 216 202
168 280 198 232 221 200 179 212 196 181 238 171 218 229 244 223 195 216
169 452 235 187 214 194 199 229 170 217 234 198 222 190 211 224 218 205 188 239 176 185
170 257 193 194 211 237 185 236 195 206 220 238 186 227 187 232 188 215 210 200 245 182 204 179
171 291 174 212 224 192 247 201 208 220 248 205 209 207 186 194 235 242 203 178
172 394 189 194 238 234 225 199 180 245 184
173 272 242 214 198 240 246 228 178 237 238 193 180 190 219 211 182 234 189 245 236 207
174 334 219 227 224 198 176 235 237 222 214 230 179 201
175 348 245 182 249 189 193 183 243 177 225 194 208 217 200 197 226
176 285 208 229 186 236 181 199 182 191 231 192 230 215 195 213
177 367 196 240 242 199 187 179 214 227 224 209 231 243 212
178 307 246 218 185 186 235 233 219 184 216 203 225 208 183 212
179 308 215 240 226 195 245 199 237 232 189 222 197 213
180 385 190 203 196 216 202 239 235 217 243 184 194
181 326 242 213 229 184 188 199 186 212 211 185 219 234 230 231 248
182 410 197 248 206 195 196 242 205 238 229 240 243 188 224 208
183 264 211 231 209 241 216 190 184 189 236 208 191
184 308 239 187 235 232 227 221 192 236 226 208 200 203 222 238 210 191 230 229
185 413 194 193 237 200 218 220 192 186 217 203
186 279 199 233 229 210 225 204 189 224 198 228 214 222
187 333 207 244 196 212 193 241 235 233 222 200 208 189 248 213
188 314 209 237 249 221 201 228 216 223 233 217 206 203 243 196 246
189 353 229 243 245 216 224 228 235 196 208
190 317 244 195 227 225 239 226 221 193 214 220 240 223 210 217
191 252 220 245 235 207 195 226 241 227
192 431 215 241 237 220 216 248 193 199 229 222 212 217 198
193 343 245 208 203 216 194 235 215 221 220 227 204
194 252 197 231 204 199 203 212 239 226 244 223 230 247
195 405 248 203 208 217 235 237 223 212 222
196 284 217 211 224 203 229 206 235 237 202 249 221
197 400 246 218 238 243 233 244 230 213 226 249
198 316 218 203 216 227 247 217 235 219 214 209 223 211 238 212
199 353 204 226 218 239 229 217 237
200 308 202 232 214 230 245 249 210 242 225 223 224 212 236 239
201 339 208 239 206 243 205 244
202 299 216 213 244 214 203 231 225 243 210 218 246 237
203 394 229 213 232 204 212 249 247 243 215
204 307 245 249 248 235 218 210 243 214
205 272 218 238 208 236 237
206 450 225 244 238 248 209 207 245 241 233 239 218 222 227 221 232 236 210
207 278 215 244 235 214 236 234 218 216 248 227 246 230 233 212 228 224 222
208 424 217 211 223 216 234 228 242
209 253 225 234 247 244 242 214 243 231
210 323 213 225 235 248 249 220 243
211 272 248 246 247 226 243 220 218
212 317 220 223 236 216 215 243 227
213 411 217 229 235
214 253 216 225 238 240
215 316 232 237 235 249 248 224 246 240
216 431 232 225 237 222 240 234 224
217 313 237 227 234 245 229 231
218 351 227 246 245 242 230 219 241 248 228
219 336 244 222 228 246 223
220 348 233 243 224 245 237 226 248 221 240 232 231
221 271 226
222 381 247 232 229 238
223 267 230 244
224 351 231 241 236 226 239 227 242 234 245
225 382 235 244 237 231 246
226 286 235 240 231 234 228 237
227 414 238 233 237 235 236 240 228
228 300 235 249 241
229 390 249
230 257 246 245 247
231 353 241 238 244 237
232 260 243 249 240
233 328 241 234 248 244 235
234 412 243 239 246
235 445 239 249 238
236 279 237
237 276 244 243 238
238 349 241
239 270 241
240 381 242 244 249
241 309 246
242 257 247
243 434 247
244 338
245 331 247
246 331 249
247 409
248 282
249 309
