60 1000
1 351 22 24 44 4 33 36 57 50 26 6 58 56 15 48 7 37 43 46
2 342 8 24 27 32 41 45 4 11 15 22 37 28 34 51 35 53 23 57
3 307 54 5 18 24 51 55 28 8 19 11 17 44
4 340 23 45 38 53 48 58 20 17 29 56 19 32 51 7 30 60 31 42 50
5 398 40 52 45 58 56 50 22 46 11 34 23 21 48
6 262 46 36 34 42 58 17 30 50 8 41 52 24 37 29 9 31 60 47
7 290 9 44 54 59 56 60 19 57 42 37 27 32 20 43 12 15 17
8 349 50 39 33 36 46 13 34 27 28 45 37 57 26 17
9 361 36 51 53 50 32 37 20 21
10 306 16 20 47 39 19 55 54 14 35 58 22
11 370 29 46 43 57 19 35 39 50 32 30 38 15 21 36 23 22
12 324 30 45 28 40 35 53 22 18 23 59 20 17 27 21 46 31 37 38 34 39 24 60 47 13
13 330 19 20 28 16 37 57 42 45 48 36 53 15 35 41
14 381 17 42 39 19 41 51 22 49 31 23 46 48 44 33 20 18 56 52 50
15 289 40 43 23 32 39 17 56 45 46 33 18
16 320 18 57 25 32 50 42 24 55 43 38 53 48
17 367 24 45 28 29 47 46 55 51 27 22 49 18 25 54 59
18 313 25 35 59 58 57 20 32 23 37 29 31
19 333 59 57 36 27 21 49 24 34 38
20 285 60 41 23 55 53 52 56 29 30 39 40
21 382 51 36 44 22 59 41 47 45
22 262 55 37 60 23 45 46 42 33 36 51
23 262 33 31 38 47 26 24 57 39
24 476 48 31 57 38 49 56 46 28 47 30
25 294 46 35 60 27 43 28 50 45
26 266 49 57 50 48 41 27 28 42
27 440 32 45 47 41 48 43 42 53 58 52 50 39 29 40
28 420 58 45 41 44 40 32 57 29 30
29 296 49 40 43 37 56 33 31 53 44
30 284 36 31 39 34 37 60 50 33 55 56 46
31 259 57 34 60 43 53 35
32 424 58 56 37 36 41 54 52 33 53 59 51
33 317 51 34 45 50 39 58 43 57
34 251 60 36 58 38 51 37 52 46 50 43
35 427 51 39 38 40 56 48 58 50 44
36 322 43 55 51 39 60 42 58
37 385 43 41 59 42 53 39 57
38 336 49 45 53 57 44 41 56 40 60
39 279 60 43 45 54 59 57 51 47
40 267 46 45 57 49
41 336 48 59 50 46 56 51 54 44 57 60
42 397 53 46 57 60 50 47 44 49
43 255 57 52 60 49 46
44 370 45 54 47 60 57 50 51
45 375 56 47 51 53 50 55
46 401 49 55 58 59 47 53
47 312 50 49 56 51
48 287 55
49 313 56 58 57 60
50 302 51 52
51 385 55 58 59 52
52 339 54 53
53 285 58
54 376 56 55
55 373 60 57 56
56 266 57
57 361
58 310 59
59 270
60 420
