60 1000
1 300 59 23 21 38 8 46 55 53 44 32 16 18 37 58 43 56 27 50
2 293 55 30 13 58 28 45 48 39 24 4 21 11
3 407 24 8 13 6 27 38 45 11 17 20 50 31
4 281 24 32 20 22 39 29 8 19 49 47
5 438 26 53 34 33 38 25 58 54 46 32 29 27 41 52 24
6 281 55 43 13 25 10 11 16 17 26 38 34 7 9
7 289 29 8 11 30 60 39 34 35
8 387 55 28 50 58 33 54 16 17 44
9 324 55 17 13 31 53 54 15 39 38 30 36 41
10 326 53 23 37 50 17 13 15 40
11 279 59 29 32 26 43 28 41 18 13 34 58
12 395 25 17 28 49 29 16
13 326 40 34 46 37 49 23 52
14 414 44 37 54 56 34 47
15 260 25 23 57 50 17 55 38 43 40 31 41 53 29
16 351 17 57 40 55 47 45
17 344 55 21 28 41 18 24 33 36
18 305 27 46 23 26 51 57 29 33 48 52
19 308 54 41 29 23 47 31 59 32
20 291 37 57 48 39 27 41 33 55 58
21 401 57 38 27 41 56 46 36 42 49 45 47 24 60 58
22 353 57 35 27 28 24 49 56 37
23 323 39 52 33 35 36 26 60 46
24 324 41 38 33 58 53 50 29 31 32
25 294 54 37 58 53 43
26 366 48 43 54
27 340 51 31 47 29 30 46 43 45 54 59
28 312 58 59 46 60 39 29
29 290 52 59 40 35 51 57
30 398 60 58 48 35
31 307 36 45 59 49 57 33 32
32 422 59 44 47
33 271 42 36 46 56 39
34 314 60 57 36
35 278 57 43 58 39 40 47 49
36 408 52 56 55 57
37 424 54 45 40 56 46 41
38 292 42 55 44 59 48 56 39
39 284
40 317 51 43 44 58 53
41 422 48
42 261 59 46 53 47 43
43 459 58 46
44 272 55 45
45 269 49 54 56
46 255 56 57
47 477 60 48
48 268 59 53 57
49 284 51 57
50 442 56
51 274 59 58
52 329 55 57
53 252 60
54 419 56 60
55 315 56 59
56 292 59
57 393
58 326
59 406
60 268
