120 1000
1 277 22 38 88 107 67 15 25 57 37 56 42 43 21 104 70 73 51 79 100 32 82 110 69 24 4 35 52 3 89 68 41 48 97 75 85 113 108 27 105 92 86 45 53 18 94 118 60 117 99 36 28 34 116 111 19 29 26 20 14 58 54 6 50 65 64 33 13 84 91 59 112 66 49 114 87 46 5 61 77 2 11 63 8 120 71 7 9 76 10 74 95 78 119 12 44 40 39 93 103 81 101 80 90 109 83 106 23 16 31 55
2 397 75 18 13 65 38 111 118 71 46 30 93 120 26 92 24 10 49 84 97 83 48 66 56 98 41 72 103 63 6 9 4 89 96 3 57 80 52 107 28 73 110 114 14 105 108 12 81 102 69 7 22 117 54 68 88 87 78 113 44 58 43 77 42 34 19 76 47 64 60 101 33 104 51 82 39 100 99 91 37 86 25 74 23 90 40 8 116 27 31 62 106 17 36 61 35 94 32 119 115 85 59 70 15 79 5 29 11 50 55 20
3 326 11 76 91 47 6 26 53 77 39 101 80 23 17 35 89 36 87 7 96 75 34 12 5 115 13 112 8 118 71 88 14 30 50 38 56 44 120 108 51 20 22 40 95 72 85 29 66 32 10 105 117 48 18 61 21 93 59 9 86 54 84 110 41 97 63 100 109 55 24 65 16 111 4 37 78 74 82 99 27 68 69 60 31 25 15 116 119 90 73 67 43 102 58 83 103 64 62 92 57 33 45 42 52 98 70 114
4 255 63 72 22 75 8 98 64 115 118 44 37 85 69 46 92 7 60 111 114 113 14 78 89 56 120 79 82 59 66 109 55 106 52 31 67 24 97 83 100 95 39 108 87 70 68 74 13 99 119 28 15 91 57 76 102 36 29 35 116 104 61 16 20 80 17 43 77 90 5 84 40 10 42 117 25 51 88 93 96 19 11 81 73 32 33 110 41 71 47 105 101 54 62 45 103 30 50 12 34 86 21 26 53 94 27 49
5 356 74 36 27 88 94 115 72 45 109 19 82 48 110 33 101 103 100 86 25 26 23 63 99 29 64 106 111 105 96 49 46 44 91 55 95 69 79 65 8 18 92 87 70 59 75 6 14 114 104 118 102 39 40 31 17 35 20 58 80 61 51 30 97 41 60 15 54 52 76 77 56 108 16 34 116 112 85 50 13 53 57 90 117 120 21 78 113 84 98 71 119 10 43 32 73 37 68 62 28 24
6 389 118 78 71 52 103 48 57 67 37 11 77 34 84 76 86 104 80 99 115 107 51 73 22 106 90 62 59 7 105 79 25 26 9 42 46 89 114 39 110 92 21 91 63 28 12 72 58 60 17 20 85 23 53 94 36 70 75 50 18 44 40 19 35 88 33 30 38 69 45 112 41 10 116 109 27 98 93 108 29 117 56 65 8 68 100 102 120 49 14 16 82 87 24 101 32 119 95 111 61 13
7 332 32 27 93 71 67 79 102 115 92 86 54 88 66 23 37 18 74 33 16 98 97 69 78 10 114 13 12 90 77 46 11 60 47 45 34 113 70 61 111 44 48 21 101 42 65 73 56 64 38 99 120 52 28 30 95 109 100 96 82 104 62 22 59 9 57 25 81 35 19 26 83 116 24 91 117 76 14 40 58 49 80 17 43 68 15 51 20 89 8 105 41 31 108 107 118 36 112 75 72 55 94 87 106
8 343 47 67 75 112 20 37 83 113 92 93 101 91 59 63 27 44 39 14 51 54 72 76 62 16 109 10 89 11 57 26 73 117 99 24 68 104 21 97 56 58 78 70 61 50 71 18 79 40 31 33 64 12 85 65 118 115 81 36 94 32 96 80 100 110 45 120 84 60 42 98 95 77 66 105 29 48 114 88 52 82 19 74 46 15 111 30 116 43 13 49 106 23 35 103 28 87 25 107 102 119 41
9 325 71 95 57 53 50 85 46 101 88 13 23 29 77 28 54 48 63 33 98 49 96 22 32 55 30 14 11 76 18 119 35 40 78 24 68 21 100 97 81 20 67 112 105 72 73 12 37 86 117 60 17 93 61 19 34 92 107 110 39 51 64 87 94 118 38 47 91 80 65 70 59 104 106 15 99 108 84 120 25 31 26 16 89 109 113 62 41 10 115 58 52 69 82 43 27 36 56 83 114 111 90 103 66
10 304 82 67 57 90 106 73 11 88 51 69 55 56 102 74 97 113 91 43 14 80 79 22 54 33 76 89 13 61 18 77 114 49 70 50 27 46 72 119 110 25 63 111 83 36 16 99 29 39 93 48 94 47 107 87 75 81 12 104 37 103 45 120 31 98 40 118 59 42 95 30 78 117 53 65 15 84 100 34 71 21 60 101 112 24 116 108 105 85 26 92 32 20 62 68 38 41 64 115 17 86 66 58
11 311 67 28 18 31 16 63 98 80 110 82 47 117 15 81 62 14 114 33 73 77 27 25 94 90 44 36 54 74 86 17 30 111 102 50 96 64 22 61 120 56 91 116 38 20 48 71 84 83 87 59 97 78 19 107 93 103 45 41 39 13 70 104 66 46 92 105 42 68 12 29 108 55 109 49 89 65 76 118 99 101 60 53 95 72 112 26 21 57 100 58 79 85 52 88 35 43 115 106 75 69 40
12 385 14 39 79 70 95 59 18 78 82 13 67 37 113 52 50 89 46 85 43 21 69 63 97 101 103 53 98 96 20 41 87 17 31 112 91 76 16 35 51 110 19 88 93 55 84 62 42 115 109 72 99 27 83 36 61 105 80 77 64 32 58 49 28 22 86 73 102 26 118 104 33 45 119 117 116 48 54 47 74 40 106 94 65 38 120 114 107 90 111 15 92 23 100 71 75 24 30 44
13 252 99 66 105 94 83 56 60 103 72 90 21 96 68 101 115 78 32 44 57 107 91 100 120 38 49 118 65 111 77 119 110 23 64 69 36 46 70 16 97 102 41 81 51 40 71 80 19 109 112 53 63 58 106 28 15 67 108 25 14 50 20 88 27 17 18 76 33 55 29 86 52 104 62 73 34 84 87 37 85 26 95 45 30 89 48 43 61 79 92 114 22 117 54 82 59
14 492 68 42 76 31 50 80 44 48 82 91 109 23 94 118 33 37 90 83 29 72 105 55 100 34 39 71 15 69 79 59 93 47 30 61 66 25 63 64 110 104 41 75 16 49 35 52 28 116 102 19 107 97 60 62 85 70 27 96 101 78 98 88 58 112 117 92 111 115 81 84 73 99 67 77 32 74 54 108 57 20 43 87 21 86 46 17 24 103 36 114 53 51 95 89 18 45 106
15 256 30 47 110 118 102 27 79 33 31 69 44 22 53 58 51 61 24 70 73 59 82 60 87 34 99 29 62 90 45 28 86 50 114 42 108 21 38 37 54 105 94 93 49 98 20 39 78 97 117 68 64 77 23 88 55 95 40 85 74 67 96 109 52 81 120 56 106 26 100 32 107 16 83 103 72 25 75 36 101 57 46 89 19 119 80 111 43 18 92 35 63
16 262 102 109 75 44 52 119 88 100 29 25 114 115 66 64 23 37 118 41 59 76 48 47 53 58 92 99 94 89 68 24 81 38 117 20 28 82 39 65 112 49 61 95 51 40 101 60 31 106 34 19 26 96 90 22 63 54 72 93 83 71 62 74 43 80 67 87 79 108 110 98 120 111 73 91 57 33 30 55 32 104 46 86 42 116 21 27 84 69 103
17 399 88 82 48 28 78 33 20 111 91 71 32 60 104 51 56 57 43 109 116 38 107 40 120 89 100 36 106 105 86 73 69 31 63 39 99 24 35 53 93 80 84 98 113 101 87 37 23 34 115 64 26 94 83 30 18 65 55 42 76 29 62 74 110 22 54 52 21 45 75 68 92 41 103 25 85 46 102 70 95 72 47 19 108 50 61 112 96 79 44 49 58 114 67 81 118 90
18 339 107 116 110 51 43 82 101 40 74 70 81 99 102 109 61 78 84 95 52 113 28 42 41 62 57 93 114 98 25 37 47 85 32 97 117 49 69 48 66 29 87 21 73 45 118 88 108 111 71 80 76 39 105 30 44 91 77 55 59 23 36 63 46 96 35 56 94 67 60 58 65 100 33 92 68 86 54 22 50 64 90 104 26 24 103 89 72 112 27 83 34 19 119 20 106 53
19 377 114 113 23 87 100 72 98 60 34 70 94 67 41 85 22 51 116 35 50 64 91 47 83 27 86 97 66 120 75 103 45 89 88 52 80 76 39 109 59 108 38 101 93 29 81 54 118 62 56 73 117 77 48 32 111 105 24 82 53 68 119 71 25 107 79 21 33 26 28 90 78 46 43 40 63 30 42 95 49 20 104 61 84 110 37 112 96 99 74 44 115 31
20 323 55 33 107 48 76 78 83 93 38 73 52 112 56 34 101 65 98 116 31 69 99 60 92 62 67 84 21 102 40 45 36 81 53 70 61 105 95 100 117 118 66 72 49 25 108 97 47 82 29 87 104 114 43 77 96 59 37 79 75 41 28 22 88 42 68 46 26 110 111 23 57 91 80 119 94 113 35 27 74 115 44 90 50 89 63 86 120 58 32 51 85
21 300 114 115 91 109 79 62 105 108 40 33 74 77 60 37 42 92 55 23 107 31 90 22 99 51 103 98 104 96 81 36 27 53 100 28 118 38 44 82 78 80 46 41 65 97 30 76 59 85 49 93 86 120 47 29 101 56 72 26 69 45 116 24 63 95 52 61 34 112 64 106 67 43 66 119 50 68 87 71 35 39 113 110 70 58 102 89 83 117 75
22 466 103 89 47 39 69 82 61 43 106 102 99 105 38 78 76 110 67 116 120 65 114 70 53 97 51 66 118 63 45 90 55 77 32 68 72 27 71 41 80 73 57 109 36 64 84 96 87 50 54 24 74 112 115 37 49 59 92 86 95 107 98 33 58 81 101 56 104 35 42 62 60 83 91 34 40 117 26 75 31 44 23 46 30 85 113 100 48 111 88
23 259 114 86 107 25 94 34 73 111 43 118 62 53 70 57 61 36 110 119 90 64 108 116 112 76 67 98 91 83 97 51 102 87 37 95 80 101 47 109 96 78 106 81 50 48 99 40 33 29 49 68 26 39 66 27 113 92 100 30 52 65 60 56 63 46 31 115 32 24 120 88 104 117 72 93 58 103 55 82 71 75 35 44 28 38 85 41
24 275 88 110 112 111 39 28 35 91 44 70 85 73 55 57 31 27 58 104 116 33 37 119 40 93 105 34 83 65 84 109 36 94 96 74 52 30 77 49 103 51 42 101 45 48 72 59 102 81 53 56 80 38 76 61 66 79 63 98 62 92 95 106 115 68 54 100 41 117 47 32 118 29 90 64 60 25 78 107 69 26 113 97 86 99 108 43
25 390 118 90 64 46 57 68 79 111 86 75 109 36 54 72 33 100 81 42 101 99 80 53 59 95 50 60 113 120 93 110 67 51 97 92 66 45 63 78 108 55 41 73 56 82 104 47 89 116 58 52 87 26 29 28 107 114 88 119 32 74 49 43 96 70 77 44 102 117 106 94 69 37 115 105 30 62 85 98 39 48 35 83 27 76
26 350 86 97 117 45 48 58 105 50 68 110 104 83 40 52 37 120 55 47 71 111 59 61 34 101 35 99 29 65 79 74 75 76 69 72 90 60 98 67 77 31 43 109 32 46 102 107 62 91 36 70 63 56 108 93 94 89 28 100 33 64 92 27 80 85 49 118 87 42 88 103 113 81 44 57 53 38 119 96 51 95 116 82 115 114 39 106
27 260 58 104 82 114 95 88 64 116 70 55 53 86 42 91 43 79 111 38 77 109 41 54 83 28 29 71 57 36 61 39 67 81 74 97 119 72 73 35 100 76 84 102 51 49 85 96 103 115 108 75 59 63 107 120 110 62 40 99 89 31 113 60 52 37 68 56 90 94 106 118 93 92 33 45 44 117 87 50 98 32 47 101 65 80 66
28 349 29 36 99 58 97 49 69 81 88 48 59 68 92 60 108 43 37 76 78 73 77 117 45 46 82 44 38 105 74 56 80 30 101 104 62 118 34 96 72 98 91 64 66 39 75 110 32 35 113 106 71 41 89 84 86 103 65 47 93 50 61 85 33 109 40 115 100 57 107 54 67 87 79 95 111 53 119 120 55 42 94 116 51
29 332 85 108 64 40 57 92 96 112 43 93 104 63 105 100 102 118 66 116 84 73 103 36 107 89 31 78 79 45 91 62 33 70 82 77 71 50 75 119 72 88 30 60 53 61 94 114 47 38 54 49 58 97 32 52 74 39 46 51 87 113 56 59 80 110 109 106 55 117 115 67 86 99 83 68 34 81 37 95 69 65 42 35
30 319 71 99 96 89 83 111 70 55 97 81 119 63 42 88 91 48 49 79 59 110 69 53 56 80 109 66 57 118 102 84 67 65 54 31 45 47 51 61 74 86 120 105 34 85 62 68 32 103 107 41 98 36 112 101 58 35 76 39 108 44 100 114 72 94 38 64 78 115 117 60 106 113 73 43 46 52 37 82 40 87 104
31 388 103 102 36 106 67 60 109 39 66 62 104 113 80 68 117 34 52 76 42 79 101 90 38 85 65 114 73 97 92 84 41 37 96 110 95 69 47 105 58 99 111 63 61 86 115 33 94 119 54 59 40 44 108 78 72 77 71 107 83 87 35 46 43 120 45 116 56 81 89 112 88 118 55 75 74 32 51 64 57 53 82
32 322 43 75 108 60 93 74 65 84 61 69 101 57 117 36 33 73 109 55 95 56 63 110 48 58 115 41 94 40 96 67 100 90 39 104 51 79 45 72 118 83 80 91 77 37 120 71 111 76 113 116 87 42 99 62 119 66 44 64 85 114 112 38 78 102 50 105 53 82 103 92 89 98 107 88 106
33 290 85 120 86 98 42 100 61 105 65 112 47 54 95 96 109 48 111 103 97 34 50 67 77 72 45 84 107 36 69 115 56 60 52 117 102 59 83 118 63 94 57 119 87 93 99 110 74 39 51 46 108 44 64 116 75 81 55 37 106 101 62 38 76 66 90 35 58 49 71 40 53 91 104 78 43 68 92
34 300 101 84 86 83 41 70 93 120 72 76 38 45 102 82 116 39 118 96 85 109 62 40 56 92 104 94 69 47 112 108 43 60 110 78 77 106 75 81 114 71 73 111 98 90 113 105 57 63 74 66 87 54 68 48 91 103 95 119 36 115 117 89 100 51 50 88 80 65 55 49 67 61 107 97 64
35 328 100 71 36 94 51 118 39 48 90 72 116 104 43 120 79 92 80 98 62 56 38 103 114 53 44 89 69 49 91 99 45 86 63 119 106 50 54 37 110 64 66 81 87 96 68 67 95 84 74 101 112 82 55 73 52 41 102 61 108 76 57 47 93 107 85 75 88 83 117 111 60 109 59 70 65
36 372 89 41 44 80 93 69 106 109 116 99 56 118 58 101 88 71 81 95 82 72 49 120 98 66 50 100 117 70 52 108 62 115 84 43 61 59 85 77 90 51 78 45 46 119 53 68 75 67 64 39 86 113 83 96 74 42 63 114 40 92 87 102 48 76 97 57 91 65 54 73 60 38 112 111
37 439 79 113 82 48 92 42 60 43 95 57 59 100 85 106 63 40 54 83 108 55 39 58 71 44 50 86 77 110 67 119 118 112 65 64 97 107 111 73 75 120 70 88 114 109 68 96 87 98 101 47 90 74 49 80 105 117 84 52 53 76 116 45 56 46 69 103 41 66 91 62 81 104 72 99 38
38 267 58 93 86 43 102 65 56 107 108 88 113 49 62 109 63 64 96 41 40 77 57 119 67 120 54 105 59 91 90 95 89 52 73 101 111 61 106 69 39 116 85 100 78 76 112 75 60 104 92 97 115 82 71 103 110 117 74 70 98 42 79 80 87 114 83 66 99 55 53 94 84
39 294 70 60 113 49 65 54 97 109 83 107 80 105 91 58 79 110 88 96 87 67 59 94 82 74 63 56 108 111 73 61 75 92 53 120 116 69 62 115 93 77 50 57 72 85 68 95 102 90 55 44 106 46 119 104 41 45 112 71 66 43 117 64 76 103 89 84 98 52 86 118 42 99 40 100 78 47
40 384 96 103 48 98 107 59 74 77 109 54 69 58 72 97 83 68 50 95 71 60 113 67 90 93 73 87 43 80 52 117 45 91 94 88 101 82 78 65 92 66 115 84 118 102 86 108 112 119 62 56 76 81 105 55 53 49 46 61 51 44 75 110 120 116 99 70 64 106 79
41 273 88 83 81 84 98 86 102 112 78 53 93 107 77 50 101 61 63 60 48 54 119 82 72 114 89 97 95 118 92 58 56 51 75 79 67 103 68 104 105 90 91 70 46 87 74 69 55 85 116 59 117 44 49 66 52 73 113 45 100 76 94 106 80 62 115 57 47 96 99 108 65 111
42 343 108 57 109 71 96 84 99 115 55 86 61 43 69 93 87 68 76 77 45 47 119 120 46 65 100 66 114 48 110 118 111 101 67 103 60 91 62 51 102 72 97 104 105 75 64 89 74 54 85 98 90 49 78 83 92 88 44 58 59 53 106 73 56 79 81 63 82 50 80 94 117 52 95 116
43 313 64 56 80 98 88 118 77 100 87 81 93 67 59 49 117 44 65 57 101 48 66 82 50 96 103 92 46 97 90 99 119 73 104 61 89 114 94 52 74 63 53 95 86 111 85 76 112 69 106 47 105 60 68 79 91 102 83 113 45 107 116 115 75 78 109 84 72
44 429 74 57 96 77 46 99 118 85 80 88 98 50 91 62 109 114 101 72 71 107 65 82 49 51 92 45 100 56 79 105 78 76 52 60 110 84 116 83 108 68 115 75 66 55 58 106 70 73 102 89 67 93 53 97 119 94 47 87 86 95 104 48 117 103
45 258 90 68 72 101 70 51 116 87 46 109 89 80 83 99 82 120 81 67 113 50 74 62 118 103 111 79 91 102 104 97 95 75 114 105 56 96 65 117 64 63 47 60 57 52 106 69 93 48 100 112 54 76 55 107 98 53 66 49 92 71 85 88 59 86 115 110 119 84 77 61 94
46 431 93 98 85 69 117 115 101 58 55 109 73 82 104 61 87 83 107 114 80 74 102 53 48 70 92 52 110 103 47 78 86 97 57 106 91 66 96 64 81 54 68 120 71 65 76 89 88 105 108 84 72 56 100 67 62 59 77 113 118 90 95 112 99 116 94 111 49 119 51
47 307 72 94 51 113 84 76 87 57 69 60 75 52 115 95 116 93 61 80 73 89 117 101 83 109 98 112 65 111 63 50 88 67 107 53 90 66 103 56 70 110 114 58 55 81 106 71 97 105 49 92 118 91 48 120 85 78 62 119 99 104 96 68 54 82 64 79 59 108
48 262 120 86 65 59 68 102 118 70 74 87 101 62 51 119 54 52 92 49 88 53 105 64 104 112 110 98 57 84 85 113 80 115 50 78 91 111 76 90 114 117 97 93 89 81 61 63 71 56 116 82 109 58 94 100 67 79 60 72 95 99 69 83 55 103 73
49 353 113 75 106 73 89 63 77 64 91 59 119 65 79 97 112 88 72 68 87 57 90 55 70 82 50 99 114 71 86 83 110 84 108 54 93 94 69 109 104 107 100 98 120 74 80 60 62 85 102 66 117 92 115 111 95 53 78 81 105 103 116 96 51 61 56 52 101 67 58
50 263 111 53 62 69 100 55 78 76 98 92 112 88 56 96 94 83 116 65 86 72 54 61 67 84 75 103 89 104 81 52 119 60 87 57 90 105 99 110 108 59 115 109 101 51 120 118 64 93 77 80 58 97 107 117 79 82 114 106 68 66 74 71 95 73 91 102
51 384 55 112 105 72 63 91 80 110 93 109 62 113 75 70 71 103 73 81 82 67 78 114 120 61 84 83 57 99 74 107 79 59 119 87 108 102 53 58 106 115 64 96 52 97 116 69 101 85 95 68 92 90 66 117 56 94 77 104 111 76 54 60 118 86 88
52 272 53 119 111 108 97 86 103 71 120 116 83 114 90 96 102 68 59 85 81 72 55 106 100 87 58 113 60 79 70 117 75 82 67 93 66 92 62 107 112 69 80 56 109 57 105 104 64 54 95 110 101 118 115 65 84 99 61
53 452 74 70 115 93 97 90 88 79 114 87 100 104 120 107 59 99 68 82 75 78 62 108 61 89 76 83 94 54 105 58 65 60 118 95 119 55 92 72 71 112 63 109 85 110 77 116 102 91 106 57 80 98 117 113 101 56 66 64 86
54 276 62 76 91 96 92 60 85 112 105 101 106 74 82 56 103 118 73 83 79 77 87 117 58 75 64 70 71 115 107 111 109 66 57 78 68 108 88 69 90 113 55 119 81 63 114 72 89 104 97 84 86 80 120 102 116 95 93 65
55 286 96 107 83 94 103 57 90 80 56 110 69 91 81 95 79 112 98 76 108 97 73 65 86 88 85 60 113 109 106 100 63 82 117 84 77 115 92 87 116 78 105 99 75 111 102 120 71 59 101 64 70 68 58 72 118 93 61 67 114 62
56 278 113 63 92 62 91 57 103 58 120 84 90 107 106 72 114 80 112 100 108 75 60 59 61 88 66 117 89 115 86 74 70 104 71 85 118 111 65 67 96 77 97 101 78 105 99 81 76 95 109 79 73 116 68 83 110 98
57 436 85 93 63 90 82 79 103 73 62 105 67 96 109 71 119 95 60 100 58 110 77 76 84 116 99 97 102 98 112 74 69 91 68 78 106 72 83 87 65 70 101 108 86 111 104 94 117 88 75 89 66 81 114 64 80 107 113 115
58 289 60 73 74 63 103 84 114 64 106 69 68 104 70 78 119 88 112 93 87 108 107 96 83 99 76 59 105 94 72 92 77 82 61 91 109 65 98 100 85 101 113 117 102 79 111 97 95 62 110 67 118 81 120
59 434 76 108 88 81 107 91 92 116 67 117 64 66 115 113 75 105 94 118 83 84 99 69 101 71 77 96 68 104 97 120 114 87 98 110 60 62 70 89 111 72 93 112 82 95 73 78 106 61 102 86 103 85 79 100 74 119
60 277 78 63 61 74 76 88 89 77 104 95 85 71 115 109 62 112 119 98 91 120 99 80 103 72 82 105 73 81 94 64 93 97 92 117 106 108 83 118 86 96 114 69 116 100 87 107 84 68 79 66 102 111 75
61 374 86 87 114 90 83 103 120 66 63 91 116 112 74 98 75 81 92 62 97 106 79 89 76 118 77 84 95 100 105 65 107 99 69 72 68 88 119 102 113 82 67 108 109 71 104 111 93 110 78 85 101 96 117 64 73
62 287 85 86 91 116 115 93 81 65 113 70 108 84 64 102 77 87 82 97 100 90 79 98 72 76 66 80 109 74 104 110 71 88 99 111 83 73 105 106 95 119 75 89 112 68 92 117 101 103 118 78 114 96 120 67
63 339 94 88 118 75 106 97 81 90 73 104 69 65 70 74 107 93 87 116 111 78 119 115 102 71 103 76 110 77 113 105 96 85 86 91 95 120 64 109 66 83 68 72 80 84 82 79 112 67 89
64 287 81 99 120 113 118 107 75 114 95 112 104 84 78 111 65 116 85 101 102 70 86 73 91 96 71 103 117 106 80 89 94 83 68 98 76 72 119 87 100 82 97 115 77 67 90 74 79 66 93 105 69 88 110
65 456 119 97 102 110 112 105 79 92 67 111 117 84 87 81 72 85 76 104 77 116 114 66 70 95 78 68 100 93 73 109 98 96 106 91 108 94 80 113 120 103 69 99 75 88 89 74 83 118 86 115 71 101 82
66 257 69 100 79 88 87 75 92 84 83 116 117 77 93 90 115 86 72 105 68 82 67 97 95 74 102 99 71 109 114 80 91 89 120 108 78 70 98 73 101 81 96 76 110 103 104 118
67 323 68 98 92 69 100 77 76 96 90 78 71 114 105 118 91 73 74 107 93 85 79 94 104 116 82 75 80 72 102 103 109 88 119 87 97 106 84 111 117 86 81 115 112 89 83 95 113 101 120
68 417 116 119 88 110 103 73 79 113 98 87 114 69 101 100 90 115 96 78 91 118 95 76 112 75 74 99 86 70 108 85 109 93 104 94 83 84 102 80 92 111 120 117 97 81 77 106
69 260 95 105 120 93 107 80 92 104 83 113 119 112 99 118 85 94 70 110 115 71 86 79 97 88 106 116 111 103 108 89 73 82 117 75 74 91 101 90 114 96 84 76 81 100 72 87 78 77
70 490 105 87 110 94 73 116 97 113 109 107 100 117 72 81 118 111 114 79 85 104 91 86 83 82 99 95 93 96 71 84 78 101 90 120 112 92 98 102 77 75 108 119 74 89 80 103 106
71 256 78 113 84 101 83 105 76 97 81 112 111 117 98 90 99 85 114 74 115 87 80 102 118 96 100 82 95 103 107 79 116 110 77 89 92 106 72 88 108 73 120 119 75 91
72 254 99 77 86 81 119 80 116 78 73 104 114 76 108 95 101 91 106 93 98 84 85 107 87 74 110 94 82 113 118 96 92 117 109 112 79 103 111 120 102 97 88 89 105 100
73 363 85 92 74 79 89 104 106 76 94 87 83 80 102 93 108 95 103 111 117 88 115 110 101 116 78 109 77 91 119 113 99 81 105 84 97 90 118 120 100 98 112 107 96 114 82
74 278 101 102 94 114 110 100 115 106 104 112 97 88 92 87 85 113 107 89 77 91 86 116 120 109 84 111 75 80 79 118 81 99 108 95 98 117 103 78 105 76 96
75 359 84 98 94 108 96 80 86 88 77 87 117 103 79 113 82 76 100 78 106 85 95 81 114 120 99 92 83 105 104 90 111 110 116 107 101 109 119 93
76 301 111 97 119 96 93 106 103 117 87 85 95 118 100 115 102 81 92 116 104 78 107 88 80 101 91 113 89 114 83 110 112 82 99 90 79 86
77 390 79 108 107 115 96 116 85 114 111 105 112 88 100 118 113 101 119 84 98 86 102 110 83 117 94 87 99 92 95 97 82 93 104 109 89 91 103
78 309 107 109 103 105 81 115 87 102 104 120 88 94 116 86 91 101 106 117 90 80 79 93 108 114 92 111 96 113 118 85 100
79 325 96 95 99 106 93 98 113 108 84 101 81 110 83 118 114 87 80 120 86 91 107 105 112 117 97 94 92 89 100 119 111 103 116 90 85 115 88 102 82 104 109
80 328 120 112 92 93 108 91 101 103 104 94 84 118 114 100 82 109 89 96 113 85 81 116 99 110 87 86 88 107 106 98 97 90
81 347 88 87 82 102 95 103 106 93 116 96 98 101 84 86 104 97 94 110 85 117 118 105 91 111 115 108 114 107 99 100 90 92 89
82 368 101 120 85 107 103 102 100 89 92 86 111 119 117 109 110 116 118 104 96 99 105 91 112 106 87 114 97 95 83 93 90 113
83 370 107 108 115 102 87 94 119 91 86 98 89 96 120 93 99 104 109 97 111 88 101 110 113 85 116 103 105 84 114 95 118 92 106 117
84 262 118 119 100 89 108 117 91 87 115 111 86 109 103 85 120 105 114 93 116 106 95 90 92 104 96 97 110 113 101 88 112
85 402 113 106 114 96 103 97 108 104 87 90 111 94 102 120 117 112 93 107 116 86 98 88 115 110 118 99 91 105 92
86 333 95 99 98 112 120 108 97 111 105 89 103 92 91 88 101 109 117 106 113 118 116 114 87 100 90 93 104 96 102 107
87 265 115 88 118 96 97 100 104 119 101 98 91 111 93 103 99 108 94 109 116 92 110 95 113 107 89 120 114 90 117 106
88 334 100 102 116 97 94 109 108 110 98 111 115 119 103 104 96 90 118 112 114 89 99 101 91 105 120 92 117 113 107 95 106
89 394 105 119 115 116 102 111 94 109 100 101 96 93 114 91 99 106 95 92 90 117 97 104 113 103 112 120 108
90 272 107 102 104 106 114 105 93 100 117 118 94 108 98 110 95 103 111 119 97 115 120 96 91
91 303 93 120 97 112 119 92 110 118 117 107 111 106 102 105 115 100 94 98 113 101 95 104 116 114 99 96 103
92 280 99 105 103 113 101 96 111 120 95 98 118 93 104 102 119 94 114 100 112 110 109 115 117 97
93 417 106 120 101 118 105 117 116 107 110 115 100 103 98 96 97 99 104 94 108 111 95 113 119
94 285 114 118 106 104 103 110 100 113 116 108 101 96 105 97 119 117 109 99 112 107 111 115 102 120
95 439 109 118 119 105 108 111 102 117 98 120 114 106 100 96 116 97 107 104 112 113 110 115 99 103
96 276 106 112 97 107 113 104 108 119 118 102 111 101 115 98 116 99 103 114 110 120 100 109
97 322 102 108 112 99 101 103 115 110 98 117 119 107 120 118 111 104 105 114 109 113
98 277 107 102 110 117 99 104 119 118 116 106 114 111 109 108 103 113 115 100 112 120
99 401 117 107 110 101 119 115 111 100 108 118 105 112 103 114 120 116 102 113 109 106
100 336 114 111 105 120 106 101 118 107 110 119 109 108 112 103 102 117 116 104 115
101 410 119 110 120 113 105 106 114 102 107 116 103 109 108 111 104 112 118 115
102 254 108 111 114 112 113 109 116 115 119 107 110 104 106 105 117
103 301 107 106 112 117 111 108 104 114 118 116 113 105 109 115
104 305 110 105 113 116 119 117 106 112 108 120 109 107 115 111
105 394 113 111 118 119 120 112 114 115 106 109 116 107 108 117
106 410 119 115 107 108 117 120 118 112 113 116 111
107 266 109 119 112 114 115 113 111 116 110 118 108 117 120
108 324 110 115 114 118 120 116 117 112 113 119 111
109 253 118 112 115 117 116 113 110 119 114 111
110 392 115 117 112 114 116 119 120 111 113
111 355 113 114 120 117 112 119 115 116
112 254 115 119 114 118 117 120 116 113
113 315 119 117 118 120 116 115
114 431 119 118 117 120 115
115 347 116 120 117 119
116 331 120 117 119
117 322 120 118
118 277 120 119
119 290 120
120 433
