250 10000
1 1641
2 830
3 659 12 26 39 43 48 66 110 124 157 167 190 206 224 235 239 240 248
4 2013
5 2426 39 43 110 167 206 248
6 1894
7 2316
8 1220 39 43 206 248
9 794
10 2004 12 26 39 40 43 48 66 103 110 113 124 145 157 167 176 183 186 188 190 206 221 224 235 239 240 248 249
11 880
12 1823 19 20 26 39 40 43 48 66 98 103 110 113 124 128 141 145 148 157 167 176 182 183 186 188 190 202 206 221 224 226 235 239 240 248 249
13 1729
14 1403 39 43 206
15 1514
16 2309
17 1296
18 977
19 2448 26 39 40 43 48 66 110 113 124 145 157 167 176 183 186 188 190 206 221 224 235 239 240 248 249
20 2162 26 39 40 43 48 66 110 113 124 145 157 167 176 183 186 188 190 206 224 235 239 240 248 249
21 521
22 2050
23 1543
24 862
25 1595
26 1369 39 40 43 48 66 103 110 113 124 145 148 157 167 176 182 183 186 188 190 202 206 221 224 235 239 240 248 249
27 992
28 2157
29 544
30 2310
31 1624
32 2470
33 1135
34 632
35 2168
36 1219
37 2035
38 1211
39 963 40 43 48 54 57 66 98 103 106 110 113 124 128 136 141 145 148 157 167 176 182 183 186 188 190 202 206 221 224 226 235 239 240 248 249
40 1033 43 48 66 103 110 113 124 145 157 167 176 182 183 186 188 190 202 206 221 224 235 239 240 248 249
41 1282
42 1712
43 1370 48 54 57 66 98 103 106 110 113 124 128 136 141 145 148 157 167 176 182 183 186 188 190 202 206 221 224 226 235 239 240 248 249
44 799
45 1531
46 2232
47 2192
48 1555 66 103 110 113 124 145 148 157 167 176 182 183 186 188 190 202 206 221 224 235 239 240 248 249
49 1930
50 872
51 1086
52 1249
53 2413
54 1151 110 206 248
55 1406
56 1746
57 1787 110 167 206 248
58 2395
59 1751
60 1888
61 1770
62 2110
63 2417
64 1200
65 1407
66 728 103 110 113 124 145 148 157 167 176 182 183 186 188 190 202 206 221 224 235 239 240 248 249
67 605
68 967
69 736
70 1811
71 1363
72 2003
73 846
74 1102
75 2336
76 1460
77 749
78 776
79 2472
80 2393
81 1206
82 1733
83 1041
84 1899
85 2447
86 2314
87 594
88 2111
89 1862
90 2437
91 1873
92 2244
93 2484
94 1710
95 1779
96 2301
97 1642
98 1157 110 167 206 248
99 1229
100 2174
101 1189
102 2073
103 1336 110 113 124 145 157 167 176 183 186 188 190 202 206 221 224 235 239 240 248 249
104 926
105 2052
106 951 110 167 206 248
107 1785
108 1072
109 2061
110 1392 113 124 128 141 145 148 157 167 176 182 183 186 188 190 202 206 221 224 226 235 239 240 248 249
111 1075
112 1251
113 676 124 145 157 167 176 182 183 186 188 190 202 206 221 224 235 239 240 248 249
114 2183
115 1598
116 1203
117 1256
118 1629
119 2278
120 1077
121 1124
122 1472
123 717
124 1936 141 145 148 157 167 176 182 183 186 188 190 202 206 221 224 226 235 239 240 248 249
125 1633
126 2148
127 1299
128 557 167 206 248
129 2024
130 1779
131 1791
132 1740
133 891
134 615
135 720
136 2447
137 1717
138 1531
139 2366
140 1302
141 1208 157 167 206 224 235 239 240 248
142 1599
143 726
144 1827
145 2466 157 167 176 182 183 186 188 190 202 206 221 224 235 239 240 248 249
146 2054
147 1438
148 1691 157 167 190 206 224 235 239 240 248
149 1633
150 2318
151 1276
152 615
153 1157
154 1648
155 1378
156 2199
157 920 167 176 182 183 186 188 190 202 206 221 224 226 235 239 240 248 249
158 1332
159 1878
160 696
161 2360
162 650
163 701
164 744
165 2330
166 1381
167 1902 176 182 183 186 188 190 202 206 221 224 226 235 239 240 248 249
168 571
169 2360
170 1455
171 2206
172 1946
173 1502
174 1341
175 2484
176 1576 182 183 186 188 190 202 206 221 224 235 239 240 248 249
177 1008
178 2281
179 501
180 751
181 1601
182 578 183 186 188 190 206 224 235 239 240 248 249
183 1028 186 188 190 202 206 221 224 235 239 240 248 249
184 2327
185 2376
186 1870 188 190 202 206 221 224 235 239 240 248 249
187 1232
188 792 190 202 206 221 224 235 239 240 248 249
189 2044
190 1248 202 206 221 224 235 239 240 248 249
191 2278
192 531
193 926
194 1387
195 761
196 658
197 2193
198 1063
199 1961
200 1258
201 1123
202 946 206 221 224 235 239 240 248 249
203 606
204 1184
205 2131
206 2179 221 224 226 235 239 240 248 249
207 1921
208 1773
209 1298
210 1238
211 1650
212 2495
213 1952
214 2240
215 1874
216 913
217 1401
218 1850
219 665
220 2306
221 2495 224 235 239 240 248 249
222 1550
223 1896
224 2362 226 235 239 240 248 249
225 1371
226 1899 235 239 240 248
227 1471
228 1993
229 1060
230 1205
231 1485
232 1979
233 802
234 1821
235 617 239 240 248 249
236 572
237 1788
238 2251
239 2084 240 248 249
240 792 248 249
241 2353
242 1915
243 880
244 852
245 2198
246 1944
247 1439
248 2428 249
249 671
250 1502
