1000 10000
1 1641
2 830
3 659 12 26 39 43 48 66 110 124 157 167 190 206 224 235 239 240 248 268 280 288 309 310 317 319 326 335 368 380 414 426 433 434 488 528 533 548 554 562 571 583 588 589 597 608 645 654 656 670 698 706 711 716 719 737 756 769 786 787 796 814 823 834 856 878 884 902 906 913 924 929 939 944 984 996
4 2013
5 2426 39 43 110 167 206 248 288 310 317 319 335 368 414 426 434 488 533 548 554 562 583 589 597 654 711 719 737 796 834 856 878 902 906 924 929 944 984
6 1894
7 2316
8 1220 39 43 206 248 310 317 319 368 488 533 583 589 597 711 719 737 796 834 856 902 906 944 984
9 794
10 2004 12 26 39 40 43 48 66 103 110 113 124 145 157 167 176 183 186 188 190 206 221 224 235 239 240 248 249 260 264 268 280 288 309 310 317 319 326 335 354 368 380 407 413 414 423 426 433 434 464 488 522 527 528 533 541 548 554 562 571 583 588 589 597 608 615 622 638 645 650 654 656 670 672 675 692 697 698 706 711 716 719 737 742 749 756 769 774 786 787 796 814 823 834 856 878 884 902 906 913 924 929 939 944 982 984 996
11 880 310 583 737
12 1823 19 20 26 39 40 43 48 66 98 103 110 113 124 128 141 145 148 157 167 176 182 183 186 188 190 202 206 221 224 226 235 239 240 248 249 252 260 264 268 272 276 280 288 294 304 309 310 313 317 319 321 326 335 354 368 378 380 407 413 414 423 426 433 434 443 461 464 488 522 527 528 530 533 541 548 552 554 562 571 582 583 587 588 589 592 597 601 608 615 622 624 625 636 638 643 645 650 653 654 656 660 665 670 672 675 692 697 698 706 711 716 719 737 742 743 749 756 769 774 786 787 794 796 808 814 815 823 834 851 856 873 878 884 902 906 913 917 924 929 936 939 944 956 971 982 984 990 996
13 1729
14 1403 39 43 206 310 317 319 368 533 583 589 711 719 737 796 834 856 902 906 944 984
15 1514
16 2309
17 1296
18 977
19 2448 26 39 40 43 48 66 110 113 124 145 157 167 176 183 186 188 190 206 221 224 235 239 240 248 249 260 264 268 280 288 309 310 317 319 326 335 354 368 380 407 413 414 423 426 433 434 464 488 522 527 528 533 541 548 554 562 571 583 588 589 597 608 615 622 638 645 650 654 656 670 672 675 692 697 698 706 711 716 719 737 742 749 756 769 774 786 787 796 814 823 834 856 878 884 902 906 913 924 929 939 944 982 984 996
20 2162 26 39 40 43 48 66 110 113 124 145 157 167 176 183 186 188 190 206 224 235 239 240 248 249 260 264 268 280 288 309 310 317 319 326 335 354 368 380 407 413 414 423 426 433 434 464 488 522 527 528 533 548 554 562 571 583 588 589 597 608 615 622 638 645 650 654 656 670 672 675 692 698 706 711 716 719 737 749 756 769 774 786 787 796 814 823 834 856 878 884 902 906 913 924 929 939 944 982 984 996
21 521
22 2050
23 1543
24 862
25 1595
26 1369 39 40 43 48 66 103 110 113 124 145 148 157 167 176 182 183 186 188 190 202 206 221 224 235 239 240 248 249 252 260 264 268 276 280 288 294 304 309 310 313 317 319 326 335 354 368 378 380 407 413 414 423 426 433 434 461 464 488 522 527 528 533 541 548 552 554 562 571 582 583 587 588 589 592 597 601 608 615 622 625 638 645 650 653 654 656 660 665 670 672 675 692 697 698 706 711 716 719 737 742 749 756 769 774 786 787 794 796 808 814 815 823 834 851 856 878 884 902 906 913 917 924 929 939 944 956 971 982 984 990 996
27 992
28 2157
29 544
30 2310
31 1624
32 2470
33 1135
34 632
35 2168
36 1219
37 2035
38 1211
39 963 40 43 48 54 57 66 98 103 106 110 113 124 128 136 141 145 148 157 167 176 182 183 186 188 190 202 206 221 224 226 235 239 240 248 249 252 260 262 264 268 272 276 280 288 294 304 309 310 313 317 319 320 321 326 335 339 346 354 368 369 370 378 380 398 407 413 414 423 426 433 434 441 443 458 461 464 488 504 511 516 522 527 528 530 533 541 548 552 554 562 571 576 582 583 584 587 588 589 592 597 598 601 603 608 615 618 622 624 625 636 638 643 645 650 653 654 656 660 665 670 672 675 688 692 697 698 706 711 716 719 736 737 741 742 743 747 748 749 750 756 769 774 786 787 794 796 807 808 812 814 815 823 829 834 851 855 856 866 873 878 884 902 906 907 909 913 917 918 924 929 935 936 938 939 944 956 967 971 982 984 990 996
40 1033 43 48 66 103 110 113 124 145 157 167 176 182 183 186 188 190 202 206 221 224 235 239 240 248 249 252 260 264 268 280 288 294 304 309 310 313 317 319 326 335 354 368 378 380 407 413 414 423 426 433 434 464 488 522 527 528 533 541 548 552 554 562 571 583 587 588 589 597 601 608 615 622 625 638 645 650 654 656 670 672 675 692 697 698 706 711 716 719 737 742 749 756 769 774 786 787 796 808 814 823 834 851 856 878 884 902 906 913 917 924 929 939 944 982 984 990 996
41 1282
42 1712
43 1370 48 54 57 66 98 103 106 110 113 124 128 136 141 145 148 157 167 176 182 183 186 188 190 202 206 221 224 226 235 239 240 248 249 252 260 262 264 268 272 276 280 288 294 304 309 310 313 317 319 320 321 326 335 339 346 354 368 370 378 380 398 407 413 414 423 426 433 434 443 458 461 464 488 511 522 527 528 530 533 541 548 552 554 562 571 576 582 583 584 587 588 589 592 597 598 601 608 615 618 622 624 625 636 638 643 645 650 653 654 656 660 665 670 672 675 692 697 698 706 711 716 719 736 737 742 743 747 749 750 756 769 774 786 787 794 796 807 808 812 814 815 823 834 851 855 856 866 873 878 884 902 906 907 909 913 917 918 924 929 935 936 938 939 944 956 967 971 982 984 990 996
44 799
45 1531
46 2232
47 2192
48 1555 66 103 110 113 124 145 148 157 167 176 182 183 186 188 190 202 206 221 224 235 239 240 248 249 252 260 264 268 276 280 288 294 304 309 310 313 317 319 326 335 354 368 378 380 407 413 414 423 426 433 434 461 464 488 522 527 528 533 541 548 552 554 562 571 582 583 587 588 589 592 597 601 608 615 622 625 638 645 650 653 654 656 660 665 670 672 675 692 697 698 706 711 716 719 737 742 749 756 769 774 786 787 794 796 808 814 815 823 834 851 856 878 884 902 906 913 917 924 929 936 939 944 956 971 982 984 990 996
49 1930
50 872
51 1086
52 1249
53 2413
54 1151 110 206 248 288 310 317 319 368 488 533 583 589 597 711 719 737 796 834 856 902 906 944 984
55 1406
56 1746
57 1787 110 167 206 248 288 310 317 319 368 434 488 533 583 589 597 711 719 737 796 834 856 878 902 906 929 944 984
58 2395
59 1751
60 1888
61 1770
62 2110
63 2417
64 1200
65 1407
66 728 103 110 113 124 145 148 157 167 176 182 183 186 188 190 202 206 221 224 235 239 240 248 249 252 260 264 268 272 276 280 288 294 304 309 310 313 317 319 326 335 354 368 378 380 407 413 414 423 426 433 434 461 464 488 522 527 528 533 541 548 552 554 562 571 582 583 587 588 589 592 597 601 608 615 622 624 625 636 638 643 645 650 653 654 656 660 665 670 672 675 692 697 698 706 711 716 719 737 742 743 749 756 769 774 786 787 794 796 808 814 815 823 834 851 856 878 884 902 906 913 917 924 929 936 939 944 956 971 982 984 990 996
67 605
68 967
69 736
70 1811
71 1363
72 2003
73 846
74 1102
75 2336
76 1460
77 749
78 776
79 2472
80 2393
81 1206
82 1733
83 1041
84 1899
85 2447
86 2314
87 594
88 2111
89 1862
90 2437
91 1873
92 2244
93 2484
94 1710
95 1779
96 2301
97 1642
98 1157 110 167 206 248 288 310 317 319 335 368 414 426 434 488 533 548 554 562 583 589 597 654 711 719 737 769 796 834 856 878 902 906 913 924 929 944 984
99 1229
100 2174
101 1189
102 2073
103 1336 110 113 124 145 157 167 176 183 186 188 190 202 206 221 224 235 239 240 248 249 260 264 268 280 288 309 310 317 319 326 335 354 368 380 407 413 414 423 426 433 434 464 488 522 527 528 533 541 548 554 562 571 583 587 588 589 597 608 615 622 625 638 645 650 654 656 670 672 675 692 697 698 706 711 716 719 737 742 749 756 769 774 786 787 796 814 823 834 856 878 884 902 906 913 924 929 939 944 982 984 990 996
104 926
105 2052
106 951 110 167 206 248 288 310 317 319 368 434 488 533 583 589 597 711 719 737 796 834 856 878 902 906 929 944 984
107 1785
108 1072
109 2061
110 1392 113 124 128 141 145 148 157 167 176 182 183 186 188 190 202 206 221 224 226 235 239 240 248 249 252 260 264 268 272 276 280 288 294 304 309 310 313 317 319 320 321 326 335 339 354 368 370 378 380 398 407 413 414 423 426 433 434 443 458 461 464 488 511 522 527 528 530 533 541 548 552 554 562 571 576 582 583 587 588 589 592 597 601 608 615 622 624 625 636 638 643 645 650 653 654 656 660 665 670 672 675 692 697 698 706 711 716 719 736 737 742 743 747 749 756 769 774 786 787 794 796 807 808 814 815 823 834 851 855 856 873 878 884 902 906 907 913 917 924 929 936 939 944 956 967 971 982 984 990 996
111 1075
112 1251
113 676 124 145 157 167 176 182 183 186 188 190 202 206 221 224 235 239 240 248 249 252 260 264 268 280 288 304 309 310 317 319 326 335 354 368 378 380 407 413 414 423 426 433 434 464 488 522 527 528 533 541 548 554 562 571 583 587 588 589 597 601 608 615 622 625 638 645 650 654 656 670 672 675 692 697 698 706 711 716 719 737 742 749 756 769 774 786 787 796 808 814 823 834 851 856 878 884 902 906 913 917 924 929 939 944 982 984 990 996
114 2183
115 1598
116 1203
117 1256
118 1629
119 2278
120 1077
121 1124
122 1472
123 717
124 1936 141 145 148 157 167 176 182 183 186 188 190 202 206 221 224 226 235 239 240 248 249 252 260 264 268 272 276 280 288 294 304 309 310 313 317 319 321 326 335 354 368 378 380 407 413 414 423 426 433 434 443 461 464 488 522 527 528 533 541 548 552 554 562 571 582 583 587 588 589 592 597 601 608 615 622 624 625 636 638 643 645 650 653 654 656 660 665 670 672 675 692 697 698 706 711 716 719 737 742 743 749 756 769 774 786 787 794 796 808 814 815 823 834 851 856 878 884 902 906 913 917 924 929 936 939 944 956 971 982 984 990 996
125 1633
126 2148
127 1299
128 557 167 206 248 288 310 317 319 335 368 414 426 434 488 533 548 554 562 583 589 597 654 711 719 737 769 796 834 856 878 902 906 913 924 929 944 984
129 2024
130 1779
131 1791
132 1740
133 891
134 615
135 720
136 2447 310 317 319 368 533 583 589 711 719 737 796 834 856 902 906 944
137 1717
138 1531
139 2366
140 1302
141 1208 157 167 206 224 235 239 240 248 268 288 309 310 317 319 335 368 380 414 426 434 488 533 548 554 562 583 589 597 608 645 654 670 698 711 719 737 756 769 796 834 856 878 902 906 913 924 929 944 984 996
142 1599
143 726
144 1827
145 2466 157 167 176 182 183 186 188 190 202 206 221 224 235 239 240 248 249 252 260 264 268 280 288 304 309 310 317 319 326 335 354 368 378 380 407 413 414 423 426 433 434 464 488 522 527 528 533 541 548 552 554 562 571 583 587 588 589 597 601 608 615 622 625 638 645 650 654 656 670 672 675 692 697 698 706 711 716 719 737 742 749 756 769 774 786 787 796 808 814 823 834 851 856 878 884 902 906 913 917 924 929 939 944 982 984 990 996
146 2054
147 1438
148 1691 157 167 190 206 224 235 239 240 248 268 280 288 309 310 317 319 326 335 368 380 414 426 433 434 488 528 533 548 554 562 571 583 588 589 597 608 645 654 656 670 698 706 711 716 719 737 756 769 774 786 787 796 814 823 834 856 878 884 902 906 913 924 929 939 944 982 984 996
149 1633
150 2318
151 1276
152 615
153 1157
154 1648
155 1378
156 2199
157 920 167 176 182 183 186 188 190 202 206 221 224 226 235 239 240 248 249 252 260 264 268 272 276 280 288 294 304 309 310 313 317 319 326 335 354 368 378 380 407 413 414 423 426 433 434 443 461 464 488 522 527 528 533 541 548 552 554 562 571 582 583 587 588 589 592 597 601 608 615 622 624 625 636 638 643 645 650 653 654 656 660 665 670 672 675 692 697 698 706 711 716 719 737 742 743 749 756 769 774 786 787 794 796 808 814 815 823 834 851 856 878 884 902 906 913 917 924 929 936 939 944 956 971 982 984 990 996
158 1332
159 1878
160 696
161 2360
162 650
163 701
164 744
165 2330
166 1381
167 1902 176 182 183 186 188 190 202 206 221 224 226 235 239 240 248 249 252 260 264 268 272 276 280 288 294 304 309 310 313 317 319 320 321 326 335 339 354 368 370 378 380 407 413 414 423 426 433 434 443 458 461 464 488 511 522 527 528 530 533 541 548 552 554 562 571 576 582 583 587 588 589 592 597 601 608 615 622 624 625 636 638 643 645 650 653 654 656 660 665 670 672 675 692 697 698 706 711 716 719 736 737 742 743 747 749 756 769 774 786 787 794 796 807 808 814 815 823 834 851 855 856 873 878 884 902 906 907 913 917 924 929 936 939 944 956 967 971 982 984 990 996
168 571
169 2360
170 1455
171 2206
172 1946
173 1502
174 1341
175 2484
176 1576 182 183 186 188 190 202 206 221 224 235 239 240 248 249 252 260 264 268 280 288 304 309 310 317 319 326 335 354 368 378 380 407 413 414 423 426 433 434 464 488 522 527 528 533 541 548 554 562 571 583 587 588 589 597 601 608 615 622 625 638 645 650 654 656 670 672 675 692 697 698 706 711 716 719 737 742 749 756 769 774 786 787 796 808 814 823 834 851 856 878 884 902 906 913 917 924 929 939 944 982 984 990 996
177 1008
178 2281
179 501
180 751
181 1601
182 578 183 186 188 190 206 224 235 239 240 248 249 260 264 268 280 288 309 310 317 319 326 335 354 368 380 407 413 414 423 426 433 434 464 488 522 527 528 533 548 554 562 571 583 588 589 597 608 615 622 638 645 650 654 656 670 672 675 692 698 706 711 716 719 737 749 756 769 774 786 787 796 814 823 834 856 878 884 902 906 913 924 929 939 944 982 984 996
183 1028 186 188 190 202 206 221 224 235 239 240 248 249 252 260 264 268 280 288 294 304 309 310 313 317 319 326 335 354 368 378 380 407 413 414 423 426 433 434 464 488 522 527 528 533 541 548 552 554 562 571 582 583 587 588 589 592 597 601 608 615 622 625 638 645 650 654 656 670 672 675 692 697 698 706 711 716 719 737 742 749 756 769 774 786 787 796 808 814 815 823 834 851 856 878 884 902 906 913 917 924 929 939 944 971 982 984 990 996
184 2327
185 2376
186 1870 188 190 202 206 221 224 235 239 240 248 249 252 260 264 268 280 288 294 304 309 310 313 317 319 326 335 354 368 378 380 407 413 414 423 426 433 434 464 488 522 527 528 533 541 548 552 554 562 571 582 583 587 588 589 592 597 601 608 615 622 625 638 645 650 654 656 670 672 675 692 697 698 706 711 716 719 737 742 749 756 769 774 786 787 796 808 814 823 834 851 856 878 884 902 906 913 917 924 929 939 944 982 984 990 996
187 1232
188 792 190 202 206 221 224 235 239 240 248 249 252 260 264 268 280 288 304 309 310 317 319 326 335 354 368 378 380 407 413 414 423 426 433 434 464 488 522 527 528 533 541 548 554 562 571 583 587 588 589 597 601 608 615 622 625 638 645 650 654 656 670 672 675 692 697 698 706 711 716 719 737 742 749 756 769 774 786 787 796 808 814 823 834 856 878 884 902 906 913 917 924 929 939 944 982 984 990 996
189 2044
190 1248 202 206 221 224 235 239 240 248 249 252 260 264 268 276 280 288 294 304 309 310 313 317 319 326 335 354 368 378 380 407 413 414 423 426 433 434 461 464 488 522 527 528 533 541 548 552 554 562 571 582 583 587 588 589 592 597 601 608 615 622 625 638 645 650 653 654 656 660 665 670 672 675 692 697 698 706 711 716 719 737 742 749 756 769 774 786 787 794 796 808 814 815 823 834 851 856 878 884 902 906 913 917 924 929 939 944 956 971 982 984 990 996
191 2278
192 531
193 926
194 1387
195 761
196 658
197 2193
198 1063
199 1961
200 1258
201 1123
202 946 206 221 224 235 239 240 248 249 260 264 268 280 288 309 310 317 319 326 335 354 368 380 407 413 414 423 426 433 434 464 488 522 527 528 533 541 548 554 562 571 583 588 589 597 608 615 622 638 645 650 654 656 670 672 675 692 697 698 706 711 716 719 737 742 749 756 769 774 786 787 796 814 823 834 856 878 884 902 906 913 924 929 939 944 982 984 996
203 606
204 1184
205 2131
206 2179 221 224 226 235 239 240 248 249 252 260 264 268 272 276 280 288 294 304 309 310 313 317 319 320 321 326 335 339 354 368 370 378 380 398 407 413 414 423 426 433 434 443 458 461 464 488 511 522 527 528 530 533 541 548 552 554 562 571 576 582 583 584 587 588 589 592 597 601 608 615 618 622 624 625 636 638 643 645 650 653 654 656 660 665 670 672 675 692 697 698 706 711 716 719 736 737 742 743 747 749 750 756 769 774 786 787 794 796 807 808 812 814 815 823 834 851 855 856 866 873 878 884 902 906 907 909 913 917 924 929 935 936 939 944 956 967 971 982 984 990 996
207 1921
208 1773
209 1298
210 1238
211 1650
212 2495
213 1952
214 2240
215 1874
216 913
217 1401
218 1850
219 665
220 2306
221 2495 224 235 239 240 248 249 260 264 268 280 288 309 310 317 319 326 335 354 368 380 407 413 414 423 426 433 434 464 488 522 527 528 533 541 548 554 562 571 583 587 588 589 597 608 615 622 625 638 645 650 654 656 670 672 675 692 697 698 706 711 716 719 737 742 749 756 769 774 786 787 796 814 823 834 856 878 884 902 906 913 924 929 939 944 982 984 990 996
222 1550
223 1896
224 2362 226 235 239 240 248 249 252 260 264 268 272 276 280 288 294 304 309 310 313 317 319 321 326 335 354 368 378 380 407 413 414 423 426 433 434 443 461 464 488 522 527 528 533 541 548 552 554 562 571 582 583 587 588 589 592 597 601 608 615 622 624 625 636 638 643 645 650 653 654 656 660 665 670 672 675 692 697 698 706 711 716 719 737 742 743 749 756 769 774 786 787 794 796 808 814 815 823 834 851 856 878 884 902 906 913 917 924 929 936 939 944 956 971 982 984 990 996
225 1371
226 1899 235 239 240 248 268 288 309 310 317 319 335 368 380 414 426 434 488 533 548 554 562 583 589 597 608 645 654 670 698 711 719 737 756 769 796 834 856 878 902 906 913 924 929 939 944 984 996
227 1471
228 1993
229 1060
230 1205
231 1485
232 1979
233 802
234 1821
235 617 239 240 248 249 252 260 264 268 272 276 280 288 294 304 309 310 313 317 319 321 326 335 354 368 378 380 407 413 414 423 426 433 434 443 461 464 488 522 527 528 533 541 548 552 554 562 571 582 583 587 588 589 592 597 601 608 615 622 624 625 636 638 643 645 650 653 654 656 660 665 670 672 675 692 697 698 706 711 716 719 737 742 743 749 756 769 774 786 787 794 796 808 814 815 823 834 851 856 878 884 902 906 913 917 924 929 936 939 944 956 971 982 984 990 996
236 572
237 1788
238 2251
239 2084 240 248 249 252 260 264 268 272 276 280 288 294 304 309 310 313 317 319 321 326 335 354 368 378 380 407 413 414 423 426 433 434 443 461 464 488 522 527 528 533 541 548 552 554 562 571 582 583 587 588 589 592 597 601 608 615 622 624 625 636 638 643 645 650 653 654 656 660 665 670 672 675 692 697 698 706 711 716 719 737 742 743 749 756 769 774 786 787 794 796 808 814 815 823 834 851 856 873 878 884 902 906 913 917 924 929 936 939 944 956 971 982 984 990 996
240 792 248 249 252 260 264 268 272 276 280 288 294 304 309 310 313 317 319 321 326 335 354 368 378 380 407 413 414 423 426 433 434 443 461 464 488 522 527 528 533 541 548 552 554 562 571 582 583 587 588 589 592 597 601 608 615 622 624 625 636 638 643 645 650 653 654 656 660 665 670 672 675 692 697 698 706 711 716 719 737 742 743 749 756 769 774 786 787 794 796 808 814 815 823 834 851 856 878 884 902 906 913 917 924 929 936 939 944 956 971 982 984 990 996
241 2353
242 1915
243 880
244 852
245 2198
246 1944
247 1439
248 2428 249 252 260 264 268 272 276 280 288 294 304 309 310 313 317 319 320 321 326 335 339 354 368 370 378 380 398 407 413 414 423 426 433 434 443 458 461 464 488 511 522 527 528 530 533 541 548 552 554 562 571 576 582 583 584 587 588 589 592 597 601 608 615 618 622 624 625 636 638 643 645 650 653 654 656 660 665 670 672 675 692 697 698 706 711 716 719 736 737 742 743 747 749 756 769 774 786 787 794 796 807 808 812 814 815 823 834 851 855 856 873 878 884 902 906 907 909 913 917 924 929 936 939 944 956 967 971 982 984 990 996
249 671 252 260 264 268 280 288 294 304 309 310 313 317 319 326 335 354 368 378 380 407 413 414 423 426 433 434 464 488 522 527 528 533 541 548 552 554 562 571 582 583 587 588 589 597 601 608 615 622 625 638 645 650 654 656 670 672 675 692 697 698 706 711 716 719 737 742 749 756 769 774 786 787 796 808 814 823 834 851 856 878 884 902 906 913 917 924 929 939 944 982 984 990 996
250 1502
251 1668
252 2445 260 264 268 280 288 309 310 317 319 326 335 354 368 380 407 413 414 423 426 433 434 464 488 522 527 528 533 548 554 562 571 583 588 589 597 608 615 622 638 645 650 654 656 670 672 675 692 698 706 711 716 719 737 749 756 769 774 786 787 796 814 823 834 856 878 884 902 906 913 924 929 939 944 982 984 996
253 1600
254 1051
255 1078
256 1471
257 1560
258 1564
259 1996
260 844 264 268 280 288 304 309 310 317 319 326 335 354 368 378 380 407 413 414 423 426 433 434 464 488 522 527 528 533 541 548 552 554 562 571 583 587 588 589 597 601 608 615 622 625 638 645 650 654 656 670 672 675 692 697 698 706 711 716 719 737 742 749 756 769 774 786 787 796 808 814 823 834 851 856 878 884 902 906 913 917 924 929 939 944 982 984 990 996
261 1559
262 591 310 317 319 368 533 583 589 711 737 796 834 856 902 906 944
263 613
264 2299 268 280 288 294 304 309 310 313 317 319 326 335 354 368 378 380 407 413 414 423 426 433 434 464 488 522 527 528 533 541 548 552 554 562 571 582 583 587 588 589 592 597 601 608 615 622 625 638 645 650 654 656 670 672 675 692 697 698 706 711 716 719 737 742 749 756 769 774 786 787 796 808 814 823 834 851 856 878 884 902 906 913 917 924 929 939 944 982 984 990 996
265 533
266 2280
267 1058
268 2411 272 276 280 288 294 304 309 310 313 317 319 326 335 354 368 378 380 407 413 414 423 426 433 434 443 461 464 488 522 527 528 533 541 548 552 554 562 571 582 583 587 588 589 592 597 601 608 615 622 624 625 636 638 643 645 650 653 654 656 660 665 670 672 675 692 697 698 706 711 716 719 737 742 743 749 756 769 774 786 787 794 796 808 814 815 823 834 851 856 878 884 902 906 913 917 924 929 936 939 944 956 971 982 984 990 996
269 750
270 1341
271 2015
272 928 288 309 310 317 319 326 335 368 380 414 426 433 434 488 533 548 554 562 583 589 597 608 645 654 670 698 711 716 719 737 756 769 787 796 823 834 856 878 884 902 906 913 924 929 939 944 984 996
273 880
274 819
275 1586
276 1668 280 288 309 310 317 319 326 335 368 380 414 423 426 433 434 488 528 533 548 554 562 571 583 588 589 597 608 615 645 654 656 670 698 706 711 716 719 737 756 769 774 786 787 796 814 823 834 856 878 884 902 906 913 924 929 939 944 982 984 996
277 969
278 1146
279 1043
280 1124 288 294 304 309 310 313 317 319 326 335 354 368 378 380 407 413 414 423 426 433 434 461 464 488 522 527 528 533 541 548 552 554 562 571 582 583 587 588 589 592 597 601 608 615 622 625 638 645 650 653 654 656 660 665 670 672 675 692 697 698 706 711 716 719 737 742 749 756 769 774 786 787 794 796 808 814 815 823 834 851 856 878 884 902 906 913 917 924 929 939 944 956 971 982 984 990 996
281 2257
282 1513
283 1072
284 2404
285 812
286 666
287 2436
288 1372 294 304 309 310 313 317 319 320 321 326 335 339 354 368 370 378 380 398 407 413 414 423 426 433 434 443 458 461 464 488 511 522 527 528 530 533 541 548 552 554 562 571 576 582 583 587 588 589 592 597 601 608 615 622 624 625 636 638 643 645 650 653 654 656 660 665 670 672 675 692 697 698 706 711 716 719 736 737 742 743 747 749 756 769 774 786 787 794 796 807 808 814 815 823 834 851 855 856 873 878 884 902 906 907 913 917 924 929 936 939 944 956 967 971 982 984 990 996
289 664
290 2425
291 1263
292 1753
293 500
294 1155 309 310 317 319 326 335 354 368 380 407 413 414 423 426 433 434 464 488 522 528 533 548 554 562 571 583 588 589 597 608 615 622 638 645 650 654 656 670 675 698 706 711 716 719 737 756 769 774 786 787 796 814 823 834 856 878 884 902 906 913 924 929 939 944 982 984 996
295 753
296 979
297 1707
298 1670
299 921
300 2194
301 1586
302 2018
303 823
304 1662 309 310 317 319 326 335 354 368 380 407 413 414 423 426 433 434 464 488 522 527 528 533 548 554 562 571 583 588 589 597 608 615 622 638 645 650 654 656 670 672 675 692 698 706 711 716 719 737 749 756 769 774 786 787 796 814 823 834 856 878 884 902 906 913 924 929 939 944 982 984 996
305 1314
306 1338
307 1588
308 563
309 1701 310 313 317 319 326 335 354 368 378 380 407 413 414 423 426 433 434 443 461 464 488 522 527 528 533 541 548 552 554 562 571 582 583 587 588 589 592 597 601 608 615 622 624 625 636 638 643 645 650 653 654 656 660 665 670 672 675 692 697 698 706 711 716 719 737 742 743 749 756 769 774 786 787 794 796 808 814 815 823 834 851 856 878 884 902 906 913 917 924 929 936 939 944 956 971 982 984 990 996
310 1627 313 317 319 320 321 326 335 339 346 354 368 369 370 378 380 398 407 413 414 423 426 433 434 441 443 458 461 464 488 504 511 516 522 523 527 528 530 533 541 548 552 554 562 571 576 582 583 584 587 588 589 592 597 598 601 603 608 615 618 622 624 625 636 638 643 645 650 653 654 656 660 665 670 672 675 688 692 697 698 706 711 716 718 719 736 737 741 742 743 747 748 749 750 756 762 769 774 786 787 794 796 807 808 812 814 815 823 829 834 851 855 856 866 873 878 884 902 906 907 909 913 917 918 924 929 935 936 938 939 944 956 967 971 982 984 990 996
311 2033
312 1618
313 1738 317 319 326 335 354 368 380 407 413 414 423 426 433 434 464 488 522 527 528 533 548 554 562 571 583 588 589 597 608 615 622 638 645 650 654 656 670 675 698 706 711 716 719 737 756 769 774 786 787 796 814 823 834 856 878 884 902 906 913 924 929 939 944 982 984 996
314 1940
315 2410
316 1368
317 1789 319 320 321 326 335 339 346 354 368 370 378 380 398 407 413 414 423 426 433 434 443 458 461 464 488 511 522 527 528 530 533 541 548 552 554 562 571 576 582 583 584 587 588 589 592 597 598 601 608 615 618 622 624 625 636 638 643 645 650 653 654 656 660 665 670 672 675 692 697 698 706 711 716 719 736 737 742 743 747 749 750 756 769 774 786 787 794 796 807 808 812 814 815 823 834 851 855 856 866 873 878 884 902 906 907 909 913 917 918 924 929 935 936 938 939 944 956 967 971 982 984 990 996
318 1373
319 2074 320 321 326 335 339 346 354 368 369 370 378 380 398 407 413 414 423 426 433 434 443 458 461 464 488 504 511 516 522 527 528 530 533 541 548 552 554 562 571 576 582 583 584 587 588 589 592 597 598 601 603 608 615 618 622 624 625 636 638 643 645 650 653 654 656 660 665 670 672 675 688 692 697 698 706 711 716 719 736 737 741 742 743 747 749 750 756 769 774 786 787 794 796 807 808 812 814 815 823 829 834 851 855 856 866 873 878 884 902 906 907 909 913 917 918 924 929 935 936 938 939 944 956 967 971 982 984 990 996
320 1687 368 434 488 533 583 589 597 711 719 737 796 834 856 878 902 906 929 944 984
321 1113 335 368 414 426 434 488 533 548 554 562 583 589 597 654 711 719 737 756 769 796 834 856 878 902 906 913 924 929 944 984 996
322 2277
323 1946
324 2080
325 798
326 1133 335 354 368 378 380 407 413 414 423 426 433 434 461 464 488 522 527 528 533 541 548 552 554 562 571 582 583 587 588 589 592 597 601 608 615 622 624 625 638 645 650 653 654 656 660 665 670 672 675 692 697 698 706 711 716 719 737 742 749 756 769 774 786 787 794 796 808 814 815 823 834 851 856 878 884 902 906 913 917 924 929 936 939 944 956 971 982 984 990 996
327 2070
328 1843
329 1137
330 2406
331 2021
332 2441
333 2325
334 2158
335 1652 354 368 378 380 407 413 414 423 426 433 434 443 461 464 488 522 527 528 530 533 541 548 552 554 562 571 582 583 587 588 589 592 597 601 608 615 622 624 625 636 638 643 645 650 653 654 656 660 665 670 672 675 692 697 698 706 711 716 719 737 742 743 747 749 756 769 774 786 787 794 796 808 814 815 823 834 851 856 873 878 884 902 906 913 917 924 929 936 939 944 956 971 982 984 990 996
336 802
337 1808
338 1423
339 1529 368 434 488 533 583 589 597 711 719 737 796 834 856 878 902 906 929 944 984
340 2428
341 2205
342 2355
343 784
344 1477
345 575
346 2054 368 533 583 589 711 719 737 796 834 856 902 906 944 984
347 1567
348 580
349 1434
350 2171
351 803
352 1524
353 2414
354 2382 368 378 380 407 413 414 423 426 433 434 464 488 522 527 528 533 541 548 552 554 562 571 582 583 587 588 589 592 597 601 608 615 622 625 638 645 650 654 656 670 672 675 692 697 698 706 711 716 719 737 742 749 756 769 774 786 787 796 808 814 815 823 834 851 856 878 884 902 906 913 917 924 929 939 944 971 982 984 990 996
355 2245
356 1313
357 510
358 1129
359 2100
360 1951
361 996
362 1636
363 1166
364 1069
365 1579
366 1885
367 2448
368 1423 369 370 378 380 398 407 413 414 423 426 433 434 443 458 461 464 488 511 522 527 528 530 533 541 548 552 554 562 571 576 582 583 584 587 588 589 592 597 598 601 603 608 615 618 622 624 625 636 638 643 645 650 653 654 656 660 665 670 672 675 688 692 697 698 706 711 716 719 736 737 742 743 747 749 750 756 769 774 786 787 794 796 807 808 812 814 815 823 834 851 855 856 866 873 878 884 902 906 907 909 913 917 918 924 929 935 936 938 939 944 956 967 971 982 984 990 996
369 1414 533 583 589 711 737 796 834 856 902 906 944
370 643 434 488 533 583 589 597 654 711 719 737 796 834 856 878 902 906 929 944 984
371 598
372 720
373 554
374 2426
375 1861
376 557
377 2268
378 2265 380 407 413 414 423 426 433 434 464 488 522 527 528 533 548 554 562 571 583 588 589 597 608 615 622 638 645 650 654 656 670 672 675 692 698 706 711 716 719 737 749 756 769 774 786 787 796 814 823 834 856 878 884 902 906 913 924 929 939 944 982 984 996
379 1919
380 2431 407 413 414 423 426 433 434 443 461 464 488 522 527 528 533 541 548 552 554 562 571 582 583 587 588 589 592 597 601 608 615 622 624 625 636 638 643 645 650 653 654 656 660 665 670 672 675 692 697 698 706 711 716 719 737 742 743 749 756 769 774 786 787 794 796 808 814 815 823 834 851 856 878 884 902 906 913 917 924 929 936 939 944 956 971 982 984 990 996
381 1046
382 794
383 1384
384 1446
385 1190
386 2075
387 2456
388 1719
389 1772
390 2420
391 1973
392 1835
393 784
394 1100
395 2373
396 1863
397 1605
398 1969 488 533 583 589 597 711 719 737 796 834 856 902 906 944 984
399 2299
400 1716
401 2481
402 1427
403 1352
404 1732
405 1157
406 2172
407 1811 413 414 423 426 433 434 464 488 522 527 528 533 541 548 552 554 562 571 582 583 587 588 589 592 597 601 608 615 622 625 638 645 650 654 656 670 672 675 692 697 698 706 711 716 719 737 742 749 756 769 774 786 787 796 808 814 823 834 851 856 878 884 902 906 913 917 924 929 939 944 982 984 990 996
408 2091
409 599
410 1490
411 1333
412 1216
413 2134 414 423 426 433 434 464 488 522 527 528 533 541 548 552 554 562 571 582 583 587 588 589 597 601 608 615 622 625 638 645 650 654 656 670 672 675 692 697 698 706 711 716 719 737 742 749 756 769 774 786 787 796 808 814 823 834 851 856 878 884 902 906 913 917 924 929 939 944 982 984 990 996
414 1931 423 426 433 434 443 461 464 488 522 527 528 530 533 541 548 552 554 562 571 582 583 587 588 589 592 597 601 608 615 622 624 625 636 638 643 645 650 653 654 656 660 665 670 672 675 692 697 698 706 711 716 719 737 742 743 749 756 769 774 786 787 794 796 808 814 815 823 834 851 856 873 878 884 902 906 913 917 924 929 936 939 944 956 971 982 984 990 996
415 2494
416 1948
417 1063
418 741
419 2088
420 2103
421 1563
422 1178
423 2075 426 433 434 464 488 522 527 528 533 541 548 552 554 562 571 582 583 587 588 589 592 597 601 608 615 622 625 638 645 650 653 654 656 660 670 672 675 692 697 698 706 711 716 719 737 742 749 756 769 774 786 787 794 796 808 814 815 823 834 851 856 878 884 902 906 913 917 924 929 939 944 956 971 982 984 990 996
424 2488
425 1604
426 795 433 434 443 461 464 488 522 527 528 530 533 541 548 552 554 562 571 582 583 587 588 589 592 597 601 608 615 622 624 625 636 638 643 645 650 653 654 656 660 665 670 672 675 692 697 698 706 711 716 719 737 742 743 747 749 756 769 774 786 787 794 796 808 814 815 823 834 851 856 873 878 884 902 906 913 917 924 929 936 939 944 956 971 982 984 990 996
427 1321
428 733
429 2329
430 802
431 1916
432 1888
433 619 434 461 464 488 522 527 528 533 541 548 552 554 562 571 582 583 587 588 589 592 597 601 608 615 622 624 625 636 638 645 650 653 654 656 660 665 670 672 675 692 697 698 706 711 716 719 737 742 743 749 756 769 774 786 787 794 796 808 814 815 823 834 851 856 878 884 902 906 913 917 924 929 936 939 944 956 971 982 984 990 996
434 1886 443 458 461 464 488 511 522 527 528 530 533 541 548 552 554 562 571 576 582 583 587 588 589 592 597 601 608 615 622 624 625 636 638 643 645 650 653 654 656 660 665 670 672 675 692 697 698 706 711 716 719 736 737 742 743 747 749 756 769 774 786 787 794 796 808 814 815 823 834 851 856 873 878 884 902 906 913 917 924 929 936 939 944 956 971 982 984 990 996
435 1482
436 1691
437 544
438 1361
439 2106
440 1705
441 1178 533 583 737 834
442 2400
443 1510 488 533 548 554 562 583 589 597 608 645 654 670 698 711 719 737 756 769 796 834 856 878 902 906 913 924 929 939 944 984 996
444 977
445 1427
446 803
447 2362
448 856
449 1205
450 2159
451 615
452 2266
453 907
454 752
455 1710
456 980
457 643
458 2456 488 533 548 583 589 597 654 711 719 737 796 834 856 878 902 906 929 944 984
459 1274
460 999
461 1534 488 528 533 548 554 562 571 583 588 589 597 608 645 654 656 670 698 706 711 716 719 737 756 769 774 786 787 796 814 823 834 856 878 884 902 906 913 924 929 939 944 982 984 996
462 1448
463 2319
464 2497 488 522 527 528 533 541 548 552 554 562 571 582 583 587 588 589 592 597 601 608 615 622 625 638 645 650 654 656 670 672 675 692 697 698 706 711 716 719 737 742 749 756 769 774 786 787 796 808 814 815 823 834 851 856 878 884 902 906 913 917 924 929 939 944 971 982 984 990 996
465 1440
466 1193
467 1424
468 2160
469 789
470 753
471 1981
472 1048
473 2089
474 2356
475 2063
476 1047
477 2468
478 1291
479 1073
480 2069
481 2332
482 707
483 1532
484 2158
485 2392
486 1256
487 506
488 524 511 522 527 528 530 533 541 548 552 554 562 571 576 582 583 584 587 588 589 592 597 601 608 615 618 622 624 625 636 638 643 645 650 653 654 656 660 665 670 672 675 692 697 698 706 711 716 719 736 737 742 743 747 749 756 769 774 786 787 794 796 807 808 812 814 815 823 834 851 855 856 873 878 884 902 906 907 909 913 917 924 929 936 939 944 956 967 971 982 984 990 996
489 893
490 551
491 2173
492 2012
493 1904
494 1929
495 2197
496 529
497 1720
498 742
499 951
500 1491
501 2018
502 1224
503 999
504 2117 533 583 737 834 906 944
505 1310
506 1609
507 513
508 1067
509 2242
510 2193
511 1855 533 583 589 597 711 719 737 796 834 856 878 902 906 929 944 984
512 2061
513 941
514 813
515 1772
516 2482 533 583 737 834 906 944
517 925
518 2264
519 2398
520 2153
521 2051
522 571 527 528 533 541 548 552 554 562 571 582 583 587 588 589 592 597 601 608 615 622 625 638 645 650 654 656 670 672 675 692 697 698 706 711 716 719 737 742 749 756 769 774 786 787 796 808 814 815 823 834 851 856 878 884 902 906 913 917 924 929 939 944 971 982 984 990 996
523 2382 737
524 762
525 1785
526 1190
527 2076 528 533 541 548 552 554 562 571 583 587 588 589 597 601 608 615 622 625 638 645 650 654 656 670 672 675 692 697 698 706 711 716 719 737 742 749 756 769 774 786 787 796 808 814 823 834 851 856 878 884 902 906 913 917 924 929 939 944 982 984 990 996
528 1641 533 541 548 552 554 562 571 582 583 587 588 589 592 597 601 608 615 622 625 638 645 650 653 654 656 660 665 670 672 675 692 697 698 706 711 716 719 737 742 749 756 769 774 786 787 794 796 808 814 815 823 834 851 856 878 884 902 906 913 917 924 929 939 944 956 971 982 984 990 996
529 2321
530 1617 533 548 554 562 583 589 597 654 711 719 737 796 834 856 878 902 906 924 929 944 984
531 1652
532 2045
533 2136 541 548 552 554 562 571 576 582 583 584 587 588 589 592 597 598 601 603 608 615 618 622 624 625 636 638 643 645 650 653 654 656 660 665 670 672 675 688 692 697 698 706 711 716 719 736 737 741 742 743 747 748 749 750 756 769 774 786 787 794 796 807 808 812 814 815 823 829 834 851 855 856 866 873 878 884 902 906 907 909 913 917 918 924 929 935 936 938 939 944 956 967 971 982 984 990 996
534 2263
535 1244
536 1911
537 1113
538 2481
539 1399
540 852
541 1073 548 554 562 571 583 587 588 589 597 608 615 622 625 638 645 650 654 656 670 672 675 692 697 698 706 711 716 719 737 742 749 756 769 774 786 787 796 814 823 834 856 878 884 902 906 913 924 929 939 944 982 984 990 996
542 992
543 1338
544 1130
545 1044
546 1201
547 1410
548 1085 552 554 562 571 582 583 587 588 589 592 597 601 608 615 622 624 625 636 638 643 645 650 653 654 656 660 665 670 672 675 692 697 698 706 711 716 719 736 737 742 743 747 749 756 769 774 786 787 794 796 808 814 815 823 834 851 856 873 878 884 902 906 913 917 924 929 936 939 944 956 971 982 984 990 996
549 1194
550 1764
551 768
552 604 554 562 571 583 588 589 597 608 615 622 638 645 650 654 656 670 675 698 706 711 716 719 737 749 756 769 774 786 787 796 814 823 834 856 878 884 902 906 913 924 929 939 944 982 984 996
553 737
554 2226 562 571 582 583 587 588 589 592 597 601 608 615 622 624 625 636 638 643 645 650 653 654 656 660 665 670 672 675 692 697 698 706 711 716 719 736 737 742 743 747 749 756 769 774 786 787 794 796 808 814 815 823 834 851 856 873 878 884 902 906 913 917 924 929 936 939 944 956 971 982 984 990 996
555 1280
556 649
557 2141
558 700
559 1620
560 730
561 1924
562 2282 571 582 583 587 588 589 592 597 601 608 615 622 624 625 636 638 643 645 650 653 654 656 660 665 670 672 675 692 697 698 706 711 716 719 737 742 743 747 749 756 769 774 786 787 794 796 808 814 815 823 834 851 856 873 878 884 902 906 913 917 924 929 936 939 944 956 971 982 984 990 996
563 1807
564 1432
565 2411
566 2260
567 2475
568 2125
569 1904
570 1290
571 1763 582 583 587 588 589 592 597 601 608 615 622 625 638 645 650 653 654 656 660 665 670 672 675 692 697 698 706 711 716 719 737 742 749 756 769 774 786 787 794 796 808 814 815 823 834 851 856 878 884 902 906 913 917 924 929 936 939 944 956 971 982 984 990 996
572 1475
573 901
574 676
575 629
576 1045 583 589 597 711 719 737 796 834 856 878 902 906 929 944 984
577 2099
578 2348
579 1637
580 2232
581 1112
582 940 583 588 589 597 608 615 622 638 645 650 654 656 670 675 698 706 711 716 719 737 756 769 774 786 787 796 814 823 834 856 878 884 902 906 913 924 929 939 944 982 984 996
583 565 584 587 588 589 592 597 598 601 603 608 615 618 622 624 625 636 638 643 645 650 653 654 656 660 665 670 672 675 688 692 697 698 706 711 716 719 736 737 741 742 743 747 748 749 750 756 762 769 774 786 787 794 796 807 808 812 814 815 823 829 834 851 855 856 866 873 878 884 902 906 907 909 913 917 918 924 929 935 936 938 939 944 956 967 971 982 984 990 996
584 1323 589 597 711 719 737 796 834 856 902 906 944 984
585 1648
586 1084
587 2284 588 589 597 608 615 622 638 645 650 654 656 670 672 675 692 697 698 706 711 716 719 737 742 749 756 769 774 786 787 796 814 823 834 856 878 884 902 906 913 924 929 939 944 982 984 996
588 1646 589 592 597 601 608 615 622 625 638 645 650 653 654 656 660 665 670 672 675 692 697 698 706 711 716 719 737 742 749 756 769 774 786 787 794 796 808 814 815 823 834 851 856 878 884 902 906 913 917 924 929 936 939 944 956 971 982 984 990 996
589 1587 592 597 598 601 608 615 618 622 624 625 636 638 643 645 650 653 654 656 660 665 670 672 675 692 697 698 706 711 716 719 736 737 742 743 747 749 750 756 769 774 786 787 794 796 807 808 812 814 815 823 834 851 855 856 866 873 878 884 902 906 907 909 913 917 918 924 929 935 936 938 939 944 956 967 971 982 984 990 996
590 2208
591 747
592 686 597 608 615 622 638 645 650 654 656 670 675 698 706 711 716 719 737 756 769 774 786 787 796 814 823 834 856 878 884 902 906 913 924 929 939 944 982 984 996
593 1847
594 1408
595 678
596 1679
597 1133 601 608 615 618 622 624 625 636 638 643 645 650 653 654 656 660 665 670 672 675 692 697 698 706 711 716 719 736 737 742 743 747 749 756 769 774 786 787 794 796 807 808 812 814 815 823 834 851 855 856 873 878 884 902 906 907 909 913 917 924 929 936 939 944 956 967 971 982 984 990 996
598 2313 711 737 796 834 856 902 906 944
599 914
600 1327
601 2158 608 615 622 638 645 650 654 656 670 672 675 692 697 698 706 711 716 719 737 742 749 756 769 774 786 787 796 814 823 834 856 878 884 902 906 913 924 929 939 944 982 984 996
602 2196
603 2051 711 737 796 834 856 906 944
604 680
605 2272
606 2320
607 732
608 1368 615 622 624 625 636 638 643 645 650 653 654 656 660 665 670 672 675 692 697 698 706 711 716 719 737 742 743 749 756 769 774 786 787 794 796 808 814 815 823 834 851 856 878 884 902 906 913 917 924 929 936 939 944 956 971 982 984 990 996
609 1783
610 1859
611 1791
612 2416
613 1462
614 1016
615 1005 622 625 638 645 650 653 654 656 660 670 672 675 692 697 698 706 711 716 719 737 742 749 756 769 774 786 787 794 796 808 814 815 823 834 851 856 878 884 902 906 913 917 924 929 939 944 956 971 982 984 990 996
616 1083
617 539
618 1480 711 719 737 796 834 856 902 906 944 984
619 1876
620 845
621 2269
622 1954 625 638 645 650 654 656 670 672 675 692 697 698 706 711 716 719 737 742 749 756 769 774 786 787 796 808 814 823 834 851 856 878 884 902 906 913 917 924 929 939 944 982 984 990 996
623 2471
624 1633 645 654 670 698 711 716 719 737 756 769 787 796 823 834 856 878 884 902 906 913 924 929 939 944 984 996
625 710 638 645 650 654 656 670 672 675 692 697 698 706 711 716 719 737 742 749 756 769 774 786 787 796 814 823 834 856 878 884 902 906 913 924 929 939 944 982 984 996
626 1805
627 588
628 2301
629 1413
630 1154
631 2418
632 2195
633 846
634 559
635 812
636 1207 645 654 670 698 711 719 737 756 769 796 834 856 878 902 906 913 924 929 939 944 984 996
637 1101
638 1780 645 650 654 656 670 672 675 692 697 698 706 711 716 719 737 742 749 756 769 774 786 787 796 808 814 815 823 834 851 856 878 884 902 906 913 917 924 929 939 944 956 971 982 984 990 996
639 930
640 2371
641 725
642 1284
643 2298 645 654 670 698 711 719 737 756 769 796 834 856 878 902 906 913 924 929 939 944 984 996
644 1710
645 1761 650 653 654 656 660 665 670 672 675 692 697 698 706 711 716 719 737 742 743 749 756 769 774 786 787 794 796 808 814 815 823 834 851 856 878 884 902 906 913 917 924 929 936 939 944 956 971 982 984 990 996
646 2127
647 881
648 1062
649 1505
650 1124 654 656 670 672 675 692 697 698 706 711 716 719 737 742 749 756 769 774 786 787 796 808 814 815 823 834 851 856 878 884 902 906 913 917 924 929 939 944 982 984 990 996
651 1400
652 646
653 1751 654 656 670 698 706 711 716 719 737 756 769 774 786 787 796 814 823 834 856 878 884 902 906 913 924 929 939 944 982 984 996
654 1321 656 660 665 670 672 675 692 697 698 706 711 716 719 736 737 742 743 747 749 756 769 774 786 787 794 796 808 814 815 823 834 851 856 873 878 884 902 906 913 917 924 929 936 939 944 956 971 982 984 990 996
655 1739
656 1483 660 665 670 672 675 692 697 698 706 711 716 719 737 742 749 756 769 774 786 787 794 796 808 814 815 823 834 851 856 878 884 902 906 913 917 924 929 939 944 956 971 982 984 990 996
657 1172
658 1644
659 721
660 1532 670 698 706 711 716 719 737 756 769 774 786 787 796 814 823 834 856 878 884 902 906 913 924 929 939 944 982 984 996
661 771
662 1147
663 796
664 640
665 1739 670 698 706 711 716 719 737 756 769 786 787 796 814 823 834 856 878 884 902 906 913 924 929 939 944 984 996
666 1222
667 516
668 1673
669 842
670 1459 672 675 692 697 698 706 711 716 719 737 742 743 749 756 769 774 786 787 794 796 808 814 815 823 834 851 856 878 884 902 906 913 917 924 929 936 939 944 956 971 982 984 990 996
671 2464
672 2472 675 692 697 698 706 711 716 719 737 742 749 756 769 774 786 787 796 808 814 823 834 856 878 884 902 906 913 917 924 929 939 944 982 984 990 996
673 1794
674 1229
675 584 692 697 698 706 711 716 719 737 742 749 756 769 774 786 787 796 808 814 823 834 851 856 878 884 902 906 913 917 924 929 939 944 982 984 990 996
676 1113
677 2149
678 1487
679 1869
680 1450
681 2370
682 882
683 2224
684 1350
685 604
686 881
687 977
688 505 737 796 834 856 906 944
689 939
690 2171
691 2190
692 1138 697 698 706 711 716 719 737 742 749 756 769 774 786 787 796 808 814 823 834 856 878 884 902 906 913 917 924 929 939 944 982 984 990 996
693 2339
694 740
695 1058
696 976
697 626 698 706 711 716 719 737 742 749 756 769 774 786 787 796 808 814 823 834 856 878 884 902 906 913 924 929 939 944 982 984 990 996
698 1577 706 711 716 719 737 742 743 749 756 769 774 786 787 794 796 808 814 815 823 834 851 856 878 884 902 906 913 917 924 929 936 939 944 956 971 982 984 990 996
699 550
700 1545
701 1718
702 2481
703 796
704 2013
705 1376
706 1808 711 716 719 737 742 749 756 769 774 786 787 794 796 808 814 815 823 834 851 856 878 884 902 906 913 917 924 929 936 939 944 956 971 982 984 990 996
707 2039
708 526
709 2137
710 1887
711 2058 716 719 736 737 742 743 747 749 750 756 769 774 786 787 794 796 807 808 812 814 815 823 834 851 855 856 866 873 878 884 902 906 907 909 913 917 918 924 929 935 936 938 939 944 956 967 971 982 984 990 996
712 874
713 952
714 612
715 1137
716 819 719 737 742 743 749 756 769 774 786 787 794 796 808 814 815 823 834 851 856 878 884 902 906 913 917 924 929 936 939 944 956 971 982 984 990 996
717 1313
718 1268 737
719 1194 736 737 742 743 747 749 750 756 769 774 786 787 794 796 807 808 812 814 815 823 834 851 855 856 866 873 878 884 902 906 907 909 913 917 918 924 929 935 936 938 939 944 956 967 971 982 984 990 996
720 968
721 1251
722 1680
723 1219
724 1086
725 1005
726 2463
727 880
728 1883
729 1162
730 1719
731 2317
732 2026
733 1810
734 1003
735 2234
736 1800 737 796 834 856 878 902 906 929 944 984
737 1470 741 742 743 747 748 749 750 756 762 769 774 786 787 794 796 807 808 812 814 815 823 829 834 851 855 856 866 873 878 884 902 906 907 909 913 917 918 924 929 935 936 938 939 944 956 967 971 982 984 990 996
738 1973
739 2167
740 1769
741 812 796 834 856 906 944
742 1057 749 756 769 774 786 787 796 814 823 834 856 878 884 902 906 913 924 929 939 944 982 984 990 996
743 2472 756 769 796 823 834 856 878 884 902 906 913 924 929 939 944 984 996
744 1152
745 1457
746 643
747 1569 796 834 856 878 902 906 929 944 984
748 1045 834 906
749 2278 756 769 774 786 787 796 808 814 823 834 851 856 878 884 902 906 913 917 924 929 939 944 982 984 990 996
750 1472 796 834 856 902 906 944 984
751 1334
752 984
753 1786
754 2076
755 1279
756 1428 769 774 786 787 794 796 808 814 815 823 834 851 856 878 884 902 906 913 917 924 929 936 939 944 956 971 982 984 990 996
757 1971
758 1514
759 1628
760 1777
761 1805
762 1764
763 2256
764 2104
765 1335
766 557
767 950
768 596
769 896 774 786 787 794 796 808 814 815 823 834 851 856 873 878 884 902 906 913 917 924 929 936 939 944 956 971 982 984 990 996
770 726
771 2456
772 2255
773 2468
774 2083 786 787 794 796 808 814 815 823 834 851 856 878 884 902 906 913 917 924 929 939 944 956 971 982 984 990 996
775 1196
776 2028
777 2132
778 1039
779 1457
780 1796
781 776
782 1040
783 1477
784 1612
785 2146
786 777 787 794 796 808 814 815 823 834 851 856 878 884 902 906 913 917 924 929 936 939 944 956 971 982 984 990 996
787 1931 794 796 808 814 815 823 834 851 856 878 884 902 906 913 917 924 929 936 939 944 956 971 982 984 990 996
788 576
789 764
790 2175
791 1048
792 1198
793 1477
794 2203 796 814 823 834 856 878 884 902 906 913 924 929 939 944 982 984 996
795 2127
796 1642 807 808 812 814 815 823 834 851 855 856 866 873 878 884 902 906 907 909 913 917 918 924 929 935 936 938 939 944 956 967 971 982 984 990 996
797 1866
798 1444
799 837
800 618
801 2201
802 1007
803 1555
804 2490
805 1948
806 2020
807 682 834 856 878 902 906 944 984
808 725 814 823 834 856 878 884 902 906 913 924 929 939 944 982 984 996
809 1238
810 1887
811 1957
812 1226 834 856 902 906 944 984
813 2260
814 1508 815 823 834 851 856 878 884 902 906 913 917 924 929 936 939 944 956 971 982 984 990 996
815 790 823 834 856 878 884 902 906 913 924 929 939 944 982 984 996
816 1833
817 886
818 720
819 1097
820 2037
821 1262
822 745
823 1782 834 851 856 878 884 902 906 913 917 924 929 936 939 944 956 971 982 984 990 996
824 1499
825 587
826 1370
827 2031
828 2175
829 2312 834 906 944
830 2394
831 2035
832 577
833 685
834 1433 851 855 856 866 873 878 884 902 906 907 909 913 917 918 924 929 935 936 938 939 944 956 967 971 982 984 990 996
835 2321
836 2329
837 1671
838 1287
839 1962
840 1509
841 1613
842 1730
843 2213
844 1969
845 861
846 2245
847 2313
848 2227
849 1125
850 1153
851 2242 856 878 884 902 906 913 924 929 939 944 982 984 996
852 2078
853 1903
854 1599
855 1199 856 878 902 906 944 984
856 1371 866 873 878 884 902 906 907 909 913 917 918 924 929 935 936 938 939 944 956 967 971 982 984 990 996
857 2422
858 1019
859 580
860 2263
861 1823
862 963
863 1046
864 1286
865 1521
866 1636 902 906 944 984
867 2246
868 1146
869 1158
870 1139
871 1391
872 2212
873 2385 878 902 906 913 924 929 944 984
874 1632
875 1274
876 1031
877 1773
878 551 884 902 906 907 913 917 924 929 936 939 944 956 967 971 982 984 990 996
879 2221
880 1477
881 958
882 2417
883 1147
884 1661 902 906 913 917 924 929 936 939 944 956 971 982 984 990 996
885 1991
886 873
887 823
888 1114
889 757
890 687
891 2405
892 2309
893 1040
894 940
895 1738
896 1477
897 1170
898 1173
899 1096
900 713
901 1484
902 1753 906 907 909 913 917 918 924 929 935 936 938 939 944 956 967 971 982 984 990 996
903 1302
904 818
905 686
906 1644 907 909 913 917 918 924 929 935 936 938 939 944 956 967 971 982 984 990 996
907 754 929 944 984
908 1142
909 1186 944 984
910 1709
911 1055
912 1180
913 1046 917 924 929 936 939 944 956 971 982 984 990 996
914 1619
915 1694
916 1360
917 2197 924 929 939 944 982 984 996
918 1662 944
919 1787
920 1382
921 642
922 899
923 2157
924 2318 929 936 939 944 956 971 982 984 990 996
925 1276
926 2376
927 1767
928 2033
929 2194 936 939 944 956 967 971 982 984 990 996
930 1892
931 1812
932 2432
933 2458
934 1145
935 825 944 984
936 505 939 944 984 996
937 2068
938 1066 944 984
939 755 944 956 971 982 984 990 996
940 862
941 1603
942 1023
943 1280
944 1630 956 967 971 982 984 990 996
945 1282
946 2378
947 1567
948 1304
949 1564
950 975
951 1127
952 1506
953 2495
954 1090
955 1862
956 2274 982 984 996
957 1507
958 1286
959 1931
960 1751
961 747
962 2216
963 1030
964 653
965 1883
966 2189
967 1607 984
968 1364
969 859
970 1930
971 1258 982 984 996
972 1466
973 1768
974 2346
975 2399
976 2344
977 2156
978 1640
979 2451
980 585
981 1791
982 701 984 990 996
983 1046
984 795 990 996
985 1190
986 653
987 2331
988 2393
989 670
990 1517 996
991 600
992 1906
993 622
994 1138
995 2431
996 1711
997 769
998 2368
999 753
1000 1355
