1000 10000
1 2126
2 1569
3 2459
4 1134
5 1434
6 583 18 33 40 46 65 85 105 110 116 128 129 143 145 153 165 171 176 229 236 241 248 252 255 272 284 285 295 310 314 326 328 329 330 335 337 343 346 355 356 376 397 398 406 409 411 415 417 418 439 449 454 481 486 487 500 504 516 518 519 520 532 533 541 548 559 574 583 589 600 610 616 629 640 642 644 651 658 659 675 680 688 690 696 713 729 738 740 750 760 762 775 784 785 799 805 806 812 815 818 819 839 840 856 859 864 866 868 870 874 877 881 911 915 923 924 929 947 951 957 978 986
7 1505
8 1151
9 1251
10 2017 18 33 40 46 105 143 241 272 284 295 310 330 335 337 356 406 411 415 418 439 518 519 532 541 559 589 629 640 651 659 675 680 690 713 729 738 740 760 762 784 805 806 815 818 819 839 864 874 877 881 923 929 947 978
11 2407 18 241 295 439 729 806 819 881
12 2221
13 886
14 2225
15 910
16 999
17 2132
18 832 26 31 33 38 40 46 48 59 65 85 89 93 98 105 110 111 115 116 117 128 129 137 138 143 144 145 153 160 165 171 176 218 219 222 229 236 241 244 248 252 255 267 269 272 274 284 285 295 310 314 315 317 318 324 326 327 328 329 330 334 335 337 343 346 351 355 356 376 377 393 394 397 398 406 409 411 415 417 418 433 439 449 454 457 458 472 474 478 481 486 487 489 498 500 504 511 514 516 518 519 520 532 533 539 541 548 554 559 561 574 583 589 594 599 600 608 610 616 618 620 627 629 640 642 644 651 658 659 675 678 680 687 688 690 696 708 713 716 721 729 734 738 739 740 744 749 750 752 756 760 762 775 784 785 786 791 799 805 806 812 815 818 819 823 831 839 840 847 854 856 859 863 864 866 868 870 874 877 881 886 890 911 915 923 924 929 947 951 957 978 986 989 990 992
19 2339
20 2382
21 1533
22 1008
23 884
24 1026
25 656
26 1617 40 46 143 241 272 284 295 310 330 335 337 356 406 411 415 418 439 519 532 559 589 629 640 675 690 729 760 762 784 805 806 815 818 819 864 874 881 923 947 978
27 1158
28 2249
29 685
30 578
31 1033 40 46 105 143 241 272 284 295 310 330 335 337 356 406 411 415 418 439 519 532 559 589 629 640 675 690 729 738 760 762 784 805 806 815 818 819 864 874 881 923 947 978
32 984
33 2415 40 46 59 65 85 98 105 110 116 117 128 129 143 145 153 165 171 176 219 229 236 241 248 252 255 272 284 285 295 310 314 326 328 329 330 334 335 337 343 346 355 356 376 397 398 406 409 411 415 417 418 439 449 454 478 481 486 487 489 498 500 504 516 518 519 520 532 533 541 548 559 561 574 583 589 600 610 616 620 629 640 642 644 651 658 659 675 680 687 688 690 696 713 729 738 740 749 750 760 762 775 784 785 799 805 806 812 815 818 819 823 839 840 856 859 864 866 868 870 874 877 881 911 915 923 924 929 947 951 957 978 986 989 990
34 666
35 2152
36 1241
37 1045
38 1394 241
39 1997
40 2188 46 59 65 85 98 105 110 116 117 128 129 137 138 143 145 153 165 171 176 219 229 236 241 248 252 255 272 284 285 295 310 314 315 324 326 328 329 330 334 335 337 343 346 355 356 376 377 397 398 406 409 411 415 417 418 433 439 449 454 457 474 478 481 486 487 489 498 500 504 516 518 519 520 532 533 539 541 548 559 561 574 583 589 600 610 616 618 620 629 640 642 644 651 658 659 675 680 687 688 690 696 713 729 734 738 740 749 750 760 762 775 784 785 799 805 806 812 815 818 819 823 839 840 856 859 863 864 866 868 870 874 877 881 886 911 915 923 924 929 947 951 957 978 986 989 990
41 2014
42 2186
43 834
44 2225
45 1911
46 757 48 59 65 85 98 105 110 116 117 128 129 137 138 143 145 153 165 171 176 218 219 229 236 241 248 252 255 272 284 285 295 310 314 315 318 324 326 328 329 330 334 335 337 343 346 355 356 376 377 394 397 398 406 409 411 415 417 418 433 439 449 454 457 458 474 478 481 486 487 489 498 500 504 516 518 519 520 532 533 539 541 548 559 561 574 583 589 594 600 610 616 618 620 629 640 642 644 651 658 659 675 680 687 688 690 696 713 721 729 734 738 740 749 750 760 762 775 784 785 799 805 806 812 815 818 819 823 839 840 856 859 863 864 866 868 870 874 877 881 886 911 915 923 924 929 947 951 957 978 986 989 990
47 1351
48 1994 241 272 284 295 310 330 335 337 356 406 411 418 439 519 589 640 675 690 729 760 762 784 805 806 815 818 819 864 874 881 923 947 978
49 553
50 563
51 1862
52 1900
53 1798
54 1404
55 863
56 1524
57 1009
58 1472
59 901 105 143 241 272 284 295 310 330 335 337 356 406 411 415 418 439 518 519 532 541 559 589 629 640 659 675 680 690 713 729 738 740 760 762 784 805 806 815 818 819 839 864 874 877 881 923 947 978
60 860
61 783
62 2208
63 1297
64 701
65 2029 85 105 110 116 128 129 143 145 153 165 171 176 229 236 241 248 252 255 272 284 285 295 310 314 326 328 329 330 335 337 343 346 355 356 376 397 398 406 409 411 415 417 418 439 449 454 481 486 487 500 504 516 518 519 520 532 533 541 548 559 574 583 589 600 610 616 629 640 642 644 651 658 659 675 680 688 690 696 713 729 738 740 750 760 762 775 784 785 799 805 806 812 815 818 819 839 840 856 859 864 866 868 870 874 877 881 911 915 923 924 929 947 951 957 978 986
66 1207
67 1761
68 832
69 762
70 1636
71 1509
72 2103
73 2290
74 2242
75 1227
76 549
77 1680
78 1016
79 2120
80 2095
81 2141
82 799
83 1000
84 1126
85 1065 105 116 129 143 153 165 171 241 255 272 284 285 295 310 330 335 337 343 355 356 376 397 406 409 411 415 417 418 439 481 486 487 518 519 520 532 541 559 583 589 616 629 640 651 658 659 675 680 690 696 713 729 738 740 760 762 775 784 799 805 806 815 818 819 839 864 866 870 874 877 881 923 924 929 947 978 986
86 1959
87 1531
88 1556
89 741 241 295 729 806 881
90 1848
91 859
92 963
93 1619 241 284 295 330 337 356 411 418 439 690 729 760 762 784 806 818 819 864 874 881 923 947
94 1132
95 1319
96 1107
97 2071
98 1179 105 143 241 272 284 295 310 330 335 337 356 406 411 415 418 439 519 532 559 589 629 640 675 690 729 738 740 760 762 784 805 806 815 818 819 864 874 881 923 947 978
99 1634
100 1365
101 1738
102 1639
103 2045
104 2226
105 1465 110 116 117 128 129 143 145 153 165 171 176 219 229 236 241 248 252 255 272 284 285 295 310 314 326 328 329 330 334 335 337 343 346 355 356 376 397 398 406 409 411 415 417 418 433 439 449 454 478 481 486 487 489 498 500 504 516 518 519 520 532 533 541 548 559 561 574 583 589 600 610 616 620 629 640 642 644 651 658 659 675 680 687 688 690 696 713 729 734 738 740 749 750 760 762 775 784 785 799 805 806 812 815 818 819 823 839 840 856 859 864 866 868 870 874 877 881 911 915 923 924 929 947 951 957 978 986 989 990
106 1935
107 749
108 914
109 1142
110 1845 116 129 143 153 165 171 241 255 272 284 285 295 310 330 335 337 343 355 356 376 397 406 409 411 415 417 418 439 481 486 487 518 519 520 532 541 559 583 589 616 629 640 651 658 659 675 680 690 696 713 729 738 740 760 762 775 784 799 805 806 815 818 819 839 864 866 870 874 877 881 923 924 929 947 978 986
111 1268 241 284 295 330 337 439 690 729 784 806 818 819 881 923
112 1054
113 2251
114 610
115 1848 241 284 295 330 337 356 406 411 418 439 589 690 729 760 762 784 806 818 819 864 874 881 923 947 978
116 2190 128 129 143 145 153 165 171 176 229 236 241 248 252 255 272 284 285 295 310 314 328 330 335 337 343 355 356 376 397 398 406 409 411 415 417 418 439 449 454 481 486 487 504 516 518 519 520 532 541 548 559 574 583 589 600 610 616 629 640 642 644 651 658 659 675 680 688 690 696 713 729 738 740 750 760 762 775 784 799 805 806 812 815 818 819 839 840 856 859 864 866 868 870 874 877 881 923 924 929 947 951 978 986
117 1436 143 241 272 284 295 310 330 335 337 356 406 411 415 418 439 518 519 532 541 559 589 629 640 675 680 690 713 729 738 740 760 762 784 805 806 815 818 819 839 864 874 877 881 923 947 978
118 2438
119 1428
120 845
121 1468
122 864
123 1881
124 1107
125 950
126 1290
127 1814
128 2082 129 143 153 165 171 229 241 255 272 284 285 295 310 330 335 337 343 355 356 376 397 406 409 411 415 417 418 439 481 486 487 516 518 519 520 532 541 559 583 589 610 616 629 640 642 644 651 658 659 675 680 690 696 713 729 738 740 750 760 762 775 784 799 805 806 812 815 818 819 839 856 864 866 868 870 874 877 881 923 924 929 947 951 978 986
129 817 143 153 165 171 229 241 248 252 255 272 284 285 295 310 314 328 330 335 337 343 355 356 376 397 398 406 409 411 415 417 418 439 449 454 481 486 487 504 516 518 519 520 532 541 548 559 574 583 589 610 616 629 640 642 644 651 658 659 675 680 688 690 696 713 729 738 740 750 760 762 775 784 799 805 806 812 815 818 819 839 856 859 864 866 868 870 874 877 881 923 924 929 947 951 978 986
130 1868
131 2030
132 2037
133 535
134 1413
135 617
136 1131
137 2281 143 241 272 284 295 310 330 335 337 356 406 411 415 418 439 519 532 559 589 629 640 675 690 729 760 762 784 805 806 815 818 819 864 874 881 923 947 978
138 1207 143 241 272 284 295 310 330 335 337 356 406 411 418 439 519 532 559 589 629 640 675 690 729 760 762 784 805 806 815 818 819 864 874 881 923 947 978
139 2368
140 1570
141 1395
142 1838
143 687 145 153 165 171 176 219 229 236 241 248 252 255 272 284 285 295 310 314 315 324 326 328 329 330 334 335 337 343 346 355 356 376 377 397 398 406 409 411 415 417 418 433 439 449 454 457 474 478 481 486 487 489 498 500 504 516 518 519 520 532 533 539 541 548 559 561 574 583 589 594 600 610 616 618 620 629 640 642 644 651 658 659 675 680 687 688 690 696 713 729 734 738 740 749 750 760 762 775 784 785 799 805 806 812 815 818 819 823 839 840 856 859 863 864 866 868 870 874 877 881 886 911 915 923 924 929 947 951 957 978 986 989 990
144 2116 241 284 295 330 337 356 406 411 418 439 589 690 729 760 762 784 806 818 819 864 874 881 923 947 978
145 580 171 241 255 272 284 285 295 310 330 335 337 343 355 356 376 397 406 409 411 415 418 439 481 486 487 518 519 520 532 541 559 583 589 629 640 651 658 659 675 680 690 696 713 729 738 740 760 762 775 784 799 805 806 815 818 819 839 864 866 870 874 877 881 923 929 947 978 986
146 1625
147 1301
148 1499
149 1458
150 2301
151 1731
152 2280
153 1738 165 171 176 229 241 248 252 255 272 284 285 295 310 314 328 330 335 337 343 355 356 376 397 398 406 409 411 415 417 418 439 449 454 481 486 487 504 516 518 519 520 532 541 548 559 574 583 589 610 616 629 640 642 644 651 658 659 675 680 688 690 696 713 729 738 740 750 760 762 775 784 799 805 806 812 815 818 819 839 840 856 859 864 866 868 870 874 877 881 923 924 929 947 951 978 986
154 2076
155 1667
156 760
157 670
158 2418
159 2037
160 2418
161 1031
162 1397
163 1669
164 1194
165 1257 171 176 229 241 248 252 255 272 284 285 295 310 314 328 330 335 337 343 355 356 376 397 398 406 409 411 415 417 418 439 449 454 481 486 487 504 516 518 519 520 532 541 548 559 574 583 589 610 616 629 640 642 644 651 658 659 675 680 688 690 696 713 729 738 740 750 760 762 775 784 799 805 806 812 815 818 819 839 840 856 859 864 866 868 870 874 877 881 923 924 929 947 951 978 986
166 2272
167 1305
168 924
169 1742
170 1600
171 695 176 229 236 241 248 252 255 272 284 285 295 310 314 328 330 335 337 343 355 356 376 397 398 406 409 411 415 417 418 439 449 454 481 486 487 500 504 516 518 519 520 532 533 541 548 559 574 583 589 600 610 616 629 640 642 644 651 658 659 675 680 688 690 696 713 729 738 740 750 760 762 775 784 785 799 805 806 812 815 818 819 839 840 856 859 864 866 868 870 874 877 881 915 923 924 929 947 951 957 978 986
172 1914
173 2254
174 2336
175 1360
176 2145 241 255 272 284 285 295 310 330 335 337 343 355 356 376 397 406 409 411 415 418 439 481 486 487 518 519 520 532 541 559 583 589 629 640 651 658 659 675 680 690 696 713 729 738 740 760 762 775 784 799 805 806 815 818 819 839 864 866 870 874 877 881 923 929 947 978 986
177 2085
178 1854
179 2360
180 2401
181 1487
182 732
183 2044
184 894
185 980
186 646
187 2413
188 678
189 2413
190 1253
191 2315
192 985
193 1665
194 2179
195 1385
196 1872
197 1718
198 2202
199 1406
200 1768
201 662
202 1013
203 2349
204 729
205 1010
206 2080
207 523
208 578
209 1165
210 744
211 1249
212 888
213 1270
214 1962
215 1999
216 1059
217 966
218 1209 241 272 284 295 330 335 337 356 406 411 418 439 519 589 640 675 690 729 760 762 784 805 806 815 818 819 864 874 881 923 947 978
219 1182 241 272 284 295 310 330 335 337 356 406 411 415 418 439 519 532 559 589 629 640 675 680 690 713 729 738 740 760 762 784 805 806 815 818 819 839 864 874 881 923 947 978
220 1372
221 2415
222 1813 241 284 295 330 337 418 439 690 729 784 806 818 819 864 881 923
223 510
224 2114
225 558
226 2152
227 1387
228 1334
229 2409 241 255 272 284 285 295 310 330 335 337 343 355 356 376 397 406 409 411 415 417 418 439 481 486 487 516 518 519 520 532 541 559 583 589 610 616 629 640 642 644 651 658 659 675 680 690 696 713 729 738 740 750 760 762 775 784 799 805 806 812 815 818 819 839 856 859 864 866 868 870 874 877 881 923 924 929 947 951 978 986
230 1764
231 2240
232 1733
233 1915
234 1999
235 1097
236 693 241 255 272 284 285 295 310 330 335 337 343 355 356 376 397 406 409 411 415 418 439 481 486 487 518 519 520 532 541 559 583 589 629 640 651 658 659 675 680 690 696 713 729 738 740 760 762 775 784 799 805 806 815 818 819 839 864 866 870 874 877 881 923 929 947 978 986
237 1384
238 1970
239 1190
240 567
241 1116 244 248 252 255 267 269 272 274 284 285 295 310 314 315 317 318 324 326 327 328 329 330 334 335 337 343 346 351 355 356 376 377 393 394 397 398 406 409 411 415 417 418 433 439 449 454 457 458 474 478 481 486 487 489 498 500 504 511 514 516 518 519 520 532 533 539 541 548 554 559 561 574 583 589 594 599 600 608 610 616 618 620 627 629 640 642 644 651 658 659 675 678 680 687 688 690 696 708 713 716 721 729 734 738 739 740 744 749 750 752 756 760 762 775 784 785 786 791 799 805 806 812 815 818 819 823 839 840 854 856 859 863 864 866 868 870 874 877 881 886 890 911 915 923 924 929 947 951 957 978 986 989 990 992
242 2316
243 1322
244 516 295 337 439 729 806 819 881
245 763
246 713
247 1555
248 1527 255 272 284 285 295 310 330 335 337 343 355 356 376 397 406 409 411 415 417 418 439 481 486 487 518 519 520 532 541 559 583 589 616 629 640 651 658 659 675 680 690 696 713 729 738 740 760 762 775 784 799 805 806 815 818 819 839 864 866 870 874 877 881 923 924 929 947 978 986
249 2318
250 581
251 648
252 2136 255 272 284 285 295 310 330 335 337 343 355 356 376 397 406 409 411 415 417 418 439 481 486 487 516 518 519 520 532 541 559 583 589 616 629 640 642 644 651 658 659 675 680 690 696 713 729 738 740 760 762 775 784 799 805 806 812 815 818 819 839 856 864 866 868 870 874 877 881 923 924 929 947 951 978 986
253 977
254 2320
255 936 272 284 285 295 310 314 328 330 335 337 343 355 356 376 397 398 406 409 411 415 417 418 439 449 454 481 486 487 500 504 516 518 519 520 532 533 541 548 559 574 583 589 600 610 616 629 640 642 644 651 658 659 675 680 688 690 696 713 729 738 740 750 760 762 775 784 785 799 805 806 812 815 818 819 839 840 856 859 864 866 868 870 874 877 881 915 923 924 929 947 951 957 978 986
256 2172
257 958
258 1639
259 1778
260 1956
261 2164
262 940
263 1248
264 1708
265 1817
266 1425
267 1295 295 337 439 729 806 818 819 881 923
268 2486
269 1537 284 295 330 337 439 729 806 818 819 881 923
270 1915
271 913
272 1692 284 285 295 310 314 315 318 324 326 328 329 330 334 335 337 343 346 355 356 376 377 394 397 398 406 409 411 415 417 418 433 439 449 454 457 458 474 478 481 486 487 489 498 500 504 516 518 519 520 532 533 539 541 548 559 561 574 583 589 594 600 610 616 618 620 629 640 642 644 651 658 659 675 680 687 688 690 696 713 721 729 734 738 740 749 750 760 762 775 784 785 799 805 806 812 815 818 819 823 839 840 856 859 863 864 866 868 870 874 877 881 886 911 915 923 924 929 947 951 957 978 986 989 990
273 1066
274 2086 729 806 881
275 2496
276 1215
277 949
278 1119
279 1209
280 1236
281 1396
282 536
283 631
284 731 285 295 310 314 315 317 318 324 326 327 328 329 330 334 335 337 343 346 351 355 356 376 377 394 397 398 406 409 411 415 417 418 433 439 449 454 457 458 474 478 481 486 487 489 498 500 504 516 518 519 520 532 533 539 541 548 559 561 574 583 589 594 599 600 610 616 618 620 627 629 640 642 644 651 658 659 675 678 680 687 688 690 696 708 713 721 729 734 738 739 740 744 749 750 756 760 762 775 784 785 786 791 799 805 806 812 815 818 819 823 839 840 856 859 863 864 866 868 870 874 877 881 886 911 915 923 924 929 947 951 957 978 986 989 990 992
285 2432 295 310 314 328 330 335 337 343 355 356 376 397 398 406 409 411 415 417 418 439 449 454 481 486 487 504 516 518 519 520 532 541 548 559 574 583 589 600 610 616 629 640 642 644 651 658 659 675 680 688 690 696 713 729 738 740 750 760 762 775 784 785 799 805 806 812 815 818 819 839 840 856 859 864 866 868 870 874 877 881 915 923 924 929 947 951 978 986
286 1722
287 1490
288 1292
289 544
290 2336
291 1363
292 2076
293 1361
294 852
295 1898 310 314 315 317 318 324 326 327 328 329 330 334 335 337 343 346 351 355 356 376 377 394 397 398 406 409 411 415 417 418 433 439 449 454 457 458 474 478 481 486 487 489 498 500 504 511 516 518 519 520 532 533 539 541 548 554 559 561 574 583 589 594 599 600 608 610 616 618 620 627 629 640 642 644 651 658 659 675 678 680 687 688 690 696 708 713 716 721 729 734 738 739 740 744 749 750 756 760 762 775 784 785 786 791 799 805 806 812 815 818 819 823 839 840 854 856 859 863 864 866 868 870 874 877 881 886 890 911 915 923 924 929 947 951 957 978 986 989 990 992
296 2208
297 1803
298 1779
299 968
300 2237
301 2034
302 2103
303 2431
304 1072
305 1299
306 1165
307 1072
308 2089
309 848
310 1957 314 315 324 326 328 329 330 334 335 337 343 346 355 356 376 377 397 398 406 409 411 415 417 418 433 439 449 454 457 474 478 481 486 487 489 498 500 504 516 518 519 520 532 533 539 541 548 559 561 574 583 589 594 600 610 616 618 620 629 640 642 644 651 658 659 675 680 687 688 690 696 713 729 734 738 740 749 750 760 762 775 784 785 799 805 806 812 815 818 819 823 839 840 856 859 863 864 866 868 870 874 877 881 886 911 915 923 924 929 947 951 957 978 986 989 990
311 1505
312 2275
313 2248
314 2409 330 335 337 343 355 356 376 397 406 409 411 415 417 418 439 481 486 487 516 518 519 520 532 541 559 583 589 616 629 640 642 644 651 658 659 675 680 690 696 713 729 738 740 760 762 775 784 799 805 806 812 815 818 819 839 856 864 866 868 870 874 877 881 923 924 929 947 951 978 986
315 1369 330 335 337 356 406 411 418 439 519 532 559 589 640 675 690 729 760 762 784 805 806 815 818 819 864 874 881 923 947 978
316 800
317 1767 330 337 356 406 411 418 439 589 690 729 760 762 784 806 818 819 864 874 881 923 947 978
318 1708 330 337 356 406 411 418 439 589 640 690 729 760 762 784 805 806 818 819 864 874 881 923 947 978
319 1503
320 1203
321 2443
322 1492
323 649
324 2482 330 335 337 356 406 411 415 418 439 519 532 559 589 629 640 675 690 729 760 762 784 805 806 815 818 819 864 874 881 923 947 978
325 2128
326 2262 330 335 337 356 376 406 409 411 415 418 439 518 519 532 541 559 583 589 629 640 651 658 659 675 680 690 713 729 738 740 760 762 784 805 806 815 818 819 839 864 866 870 874 877 881 923 929 947 978
327 503 330 337 356 406 411 418 439 589 690 729 760 762 784 806 818 819 864 874 881 923 947 978
328 1608 330 335 337 343 355 356 376 397 406 409 411 415 417 418 439 481 486 487 516 518 519 520 532 541 559 583 589 616 629 640 642 644 651 658 659 675 680 690 696 713 729 738 740 760 762 775 784 799 805 806 815 818 819 839 856 864 866 870 874 877 881 923 924 929 947 951 978 986
329 563 330 335 337 356 406 411 415 418 439 518 519 532 541 559 589 629 640 651 658 659 675 680 690 713 729 738 740 760 762 784 805 806 815 818 819 839 864 866 870 874 877 881 923 929 947 978
330 1661 334 335 337 343 346 351 355 356 376 377 394 397 398 406 409 411 415 417 418 433 439 449 454 457 458 474 478 481 486 487 489 498 500 504 516 518 519 520 532 533 539 541 548 559 561 574 583 589 594 599 600 610 616 618 620 627 629 640 642 644 651 658 659 675 678 680 687 688 690 696 708 713 721 729 734 738 739 740 744 749 750 756 760 762 775 784 785 786 791 799 805 806 812 815 818 819 823 839 840 856 859 863 864 866 868 870 874 877 881 886 911 915 923 924 929 947 951 957 978 986 989 990 992
331 680
332 636
333 603
334 1373 335 337 356 406 411 415 418 439 519 532 559 589 629 640 675 690 729 738 760 762 784 805 806 815 818 819 864 874 881 923 947 978
335 2306 337 343 346 355 356 376 377 394 397 398 406 409 411 415 417 418 433 439 449 454 457 474 478 481 486 487 489 498 500 504 516 518 519 520 532 533 539 541 548 559 561 574 583 589 594 600 610 616 618 620 629 640 642 644 651 658 659 675 680 687 688 690 696 713 729 734 738 740 749 750 760 762 775 784 785 799 805 806 812 815 818 819 823 839 840 856 859 863 864 866 868 870 874 877 881 886 911 915 923 924 929 947 951 957 978 986 989 990
336 2207
337 2477 343 346 351 355 356 376 377 394 397 398 406 409 411 415 417 418 433 439 449 454 457 458 474 478 481 486 487 489 498 500 504 511 516 518 519 520 532 533 539 541 548 559 561 574 583 589 594 599 600 610 616 618 620 627 629 640 642 644 651 658 659 675 678 680 687 688 690 696 708 713 716 721 729 734 738 739 740 744 749 750 756 760 762 775 784 785 786 791 799 805 806 812 815 818 819 823 839 840 856 859 863 864 866 868 870 874 877 881 886 911 915 923 924 929 947 951 957 978 986 989 990 992
338 2115
339 812
340 1048
341 1440
342 1649
343 743 355 356 376 397 398 406 409 411 415 417 418 439 449 454 481 486 487 500 504 516 518 519 520 532 533 541 548 559 574 583 589 600 610 616 629 640 642 644 651 658 659 675 680 688 690 696 713 729 738 740 750 760 762 775 784 785 799 805 806 812 815 818 819 839 840 856 859 864 866 868 870 874 877 881 915 923 924 929 947 951 957 978 986
344 2204
345 1336
346 2276 356 376 406 409 411 415 418 439 518 519 532 541 559 583 589 629 640 651 658 659 675 680 690 713 729 738 740 760 762 784 805 806 815 818 819 839 864 866 870 874 877 881 923 929 947 978
347 2237
348 1690
349 678
350 1313
351 597 356 411 418 439 589 690 729 760 762 784 806 818 819 864 874 881 923 947 978
352 1974
353 1747
354 1007
355 1462 356 376 397 398 406 409 411 415 417 418 439 449 454 481 486 487 500 504 516 518 519 520 532 533 541 548 559 574 583 589 600 610 616 629 640 642 644 651 658 659 675 680 688 690 696 713 729 738 740 750 760 762 775 784 785 799 805 806 812 815 818 819 839 840 856 859 864 866 868 870 874 877 881 915 923 924 929 947 951 957 978 986
356 2113 376 377 394 397 398 406 409 411 415 417 418 433 439 449 454 457 458 474 478 481 486 487 489 498 500 504 516 518 519 520 532 533 539 541 548 559 561 574 583 589 594 599 600 610 616 618 620 627 629 640 642 644 651 658 659 675 678 680 687 688 690 696 713 721 729 734 738 740 749 750 760 762 775 784 785 799 805 806 812 815 818 819 823 839 840 856 859 863 864 866 868 870 874 877 881 886 911 915 923 924 929 947 951 957 978 986 989 990 992
357 1113
358 1043
359 1583
360 763
361 1412
362 984
363 1830
364 1028
365 1501
366 905
367 1010
368 1953
369 957
370 2421
371 2031
372 2236
373 881
374 1085
375 1756
376 1987 397 398 406 409 411 415 417 418 439 449 454 481 486 487 500 504 516 518 519 520 532 533 541 548 559 574 583 589 600 610 616 629 640 642 644 651 658 659 675 680 688 690 696 713 729 738 740 750 760 762 775 784 785 799 805 806 812 815 818 819 839 840 856 859 864 866 868 870 874 877 881 911 915 923 924 929 947 951 957 978 986
377 1305 406 411 418 439 519 532 559 589 629 640 675 690 729 760 762 784 805 806 815 818 819 864 874 881 923 947 978
378 2345
379 992
380 2220
381 2232
382 1544
383 589
384 945
385 1181
386 1261
387 1247
388 1741
389 952
390 2269
391 1103
392 2227
393 1132 806 881
394 1700 406 411 418 439 519 589 640 675 690 729 760 762 784 805 806 815 818 819 864 874 881 923 947 978
395 2334
396 1323
397 1553 398 406 409 411 415 417 418 439 449 454 481 486 487 500 504 516 518 519 520 532 533 541 548 559 574 583 589 600 610 616 629 640 642 644 651 658 659 675 680 688 690 696 713 729 738 740 750 760 762 775 784 785 799 805 806 812 815 818 819 839 840 856 859 864 866 868 870 874 877 881 915 923 924 929 947 951 957 978 986
398 754 406 409 411 415 417 418 439 481 486 487 518 519 520 532 541 559 583 589 616 629 640 651 658 659 675 680 690 696 713 729 738 740 760 762 775 784 799 805 806 815 818 819 839 856 864 866 870 874 877 881 923 924 929 947 978 986
399 2013
400 2105
401 1840
402 2316
403 1051
404 1624
405 778
406 548 409 411 415 417 418 433 439 449 454 457 458 474 478 481 486 487 489 498 500 504 516 518 519 520 532 533 539 541 548 559 561 574 583 589 594 600 610 616 618 620 627 629 640 642 644 651 658 659 675 680 687 688 690 696 713 721 729 734 738 740 749 750 760 762 775 784 785 799 805 806 812 815 818 819 823 839 840 856 859 863 864 866 868 870 874 877 881 886 911 915 923 924 929 947 951 957 978 986 989 990 992
407 1056
408 975
409 686 411 415 417 418 439 449 454 481 486 487 500 504 516 518 519 520 532 533 541 548 559 574 583 589 600 610 616 629 640 642 644 651 658 659 675 680 688 690 696 713 729 738 740 750 760 762 775 784 785 799 805 806 812 815 818 819 839 840 856 859 864 866 868 870 874 877 881 911 915 923 924 929 947 951 957 978 986
410 541
411 630 415 417 418 433 439 449 454 457 458 474 478 481 486 487 489 498 500 504 516 518 519 520 532 533 539 541 548 559 561 574 583 589 594 599 600 610 616 618 620 627 629 640 642 644 651 658 659 675 678 680 687 688 690 696 713 721 729 734 738 740 744 749 750 760 762 775 784 785 791 799 805 806 812 815 818 819 823 839 840 856 859 863 864 866 868 870 874 877 881 886 911 915 923 924 929 947 951 957 978 986 989 990 992
412 1840
413 1903
414 1170
415 1324 417 418 433 439 449 454 478 481 486 487 489 498 500 504 516 518 519 520 532 533 541 548 559 561 574 583 589 600 610 616 620 629 640 642 644 651 658 659 675 680 687 688 690 696 713 729 734 738 740 749 750 760 762 775 784 785 799 805 806 812 815 818 819 823 839 840 856 859 863 864 866 868 870 874 877 881 911 915 923 924 929 947 951 957 978 986 989 990
416 984
417 1485 418 439 449 454 481 486 487 504 516 518 519 520 532 541 548 559 574 583 589 610 616 629 640 642 644 651 658 659 675 680 688 690 696 713 729 738 740 750 760 762 775 784 799 805 806 812 815 818 819 839 856 859 864 866 868 870 874 877 881 923 924 929 947 951 978 986
418 1016 433 439 449 454 457 458 474 478 481 486 487 489 498 500 504 516 518 519 520 532 533 539 541 548 559 561 574 583 589 594 599 600 610 616 618 620 627 629 640 642 644 651 658 659 675 678 680 687 688 690 696 713 721 729 734 738 739 740 744 749 750 760 762 775 784 785 786 791 799 805 806 812 815 818 819 823 839 840 856 859 863 864 866 868 870 874 877 881 886 911 915 923 924 929 947 951 957 978 986 989 990 992
419 626
420 2291
421 551
422 1215
423 866
424 719
425 1122
426 2349
427 2152
428 1006
429 1816
430 1655
431 514
432 1236
433 1811 439 519 532 559 589 629 640 675 690 729 738 760 762 784 805 806 815 818 819 864 874 881 923 947 978
434 1080
435 785
436 1120
437 1210
438 1172
439 1957 449 454 457 458 474 478 481 486 487 489 498 500 504 511 516 518 519 520 532 533 539 541 548 559 561 574 583 589 594 599 600 608 610 616 618 620 627 629 640 642 644 651 658 659 675 678 680 687 688 690 696 708 713 716 721 729 734 738 739 740 744 749 750 756 760 762 775 784 785 786 791 799 805 806 812 815 818 819 823 839 840 856 859 863 864 866 868 870 874 877 881 886 890 911 915 923 924 929 947 951 957 978 986 989 990 992
440 1981
441 2233
442 1671
443 1908
444 651
445 2361
446 1385
447 1071
448 1729
449 2430 481 486 487 516 518 519 520 532 541 559 583 589 616 629 640 642 644 651 658 659 675 680 690 696 713 729 738 740 760 762 775 784 799 805 806 812 815 818 819 839 856 864 866 870 874 877 881 923 924 929 947 951 978 986
450 1955
451 1349
452 1114
453 1234
454 1794 481 486 487 516 518 519 520 532 541 559 583 589 616 629 640 642 644 651 658 659 675 680 690 696 713 729 738 740 760 762 775 784 799 805 806 812 815 818 819 839 856 864 866 870 874 877 881 923 924 929 947 951 978 986
455 2215
456 1129
457 1570 519 532 559 589 629 640 675 690 729 760 762 784 805 806 815 818 819 864 874 881 923 947 978
458 2153 589 640 690 729 760 762 784 805 806 818 819 864 874 881 923 947 978
459 2273
460 1054
461 1938
462 1101
463 1634
464 2351
465 1032
466 1327
467 1957
468 1440
469 1168
470 1618
471 2459
472 747
473 829
474 2017 519 532 559 589 629 640 675 690 729 760 762 784 805 806 815 818 819 864 874 881 923 947 978
475 983
476 1092
477 1707
478 1264 519 532 559 589 629 640 675 690 729 738 740 760 762 784 805 806 815 818 819 839 864 874 881 923 947 978
479 1977
480 1802
481 2141 486 487 500 504 516 518 519 520 532 533 541 548 559 574 583 589 600 610 616 629 640 642 644 651 658 659 675 680 688 690 696 713 729 738 740 750 760 762 775 784 785 799 805 806 812 815 818 819 839 840 856 859 864 866 868 870 874 877 881 915 923 924 929 947 951 957 978 986
482 1828
483 2312
484 976
485 2002
486 728 487 504 516 518 519 520 532 541 548 559 574 583 589 600 610 616 629 640 642 644 651 658 659 675 680 688 690 696 713 729 738 740 750 760 762 775 784 799 805 806 812 815 818 819 839 840 856 859 864 866 868 870 874 877 881 915 923 924 929 947 951 978 986
487 1566 500 504 516 518 519 520 532 533 541 548 559 574 583 589 600 610 616 629 640 642 644 651 658 659 675 680 688 690 696 713 729 738 740 750 760 762 775 784 785 799 805 806 812 815 818 819 839 840 856 859 864 866 868 870 874 877 881 915 923 924 929 947 951 957 978 986
488 1803
489 1274 518 519 532 541 559 589 629 640 651 659 675 680 690 713 729 738 740 760 762 784 805 806 815 818 819 839 864 866 874 877 881 923 929 947 978
490 1323
491 548
492 1004
493 983
494 2404
495 718
496 1031
497 1899
498 2337 519 532 559 589 629 640 675 680 690 713 729 738 740 760 762 784 805 806 815 818 819 839 864 874 877 881 923 947 978
499 860
500 630 518 519 532 541 559 583 589 629 640 651 658 659 675 680 690 713 729 738 740 760 762 775 784 805 806 815 818 819 839 864 866 870 874 877 881 923 929 947 978 986
501 1501
502 2342
503 1389
504 1861 516 518 519 520 532 541 559 583 589 616 629 640 642 644 651 658 659 675 680 690 696 713 729 738 740 760 762 775 784 799 805 806 812 815 818 819 839 856 864 866 870 874 877 881 923 924 929 947 951 978 986
505 1157
506 1868
507 912
508 2065
509 2495
510 1156
511 756 729 806 819 881
512 797
513 1978
514 1494
515 1884
516 1851 518 519 520 532 541 559 583 589 610 616 629 640 642 644 651 658 659 675 680 690 696 713 729 738 740 750 760 762 775 784 799 805 806 812 815 818 819 839 856 859 864 866 868 870 874 877 881 923 924 929 947 951 978 986
517 2018
518 2395 519 520 532 533 541 548 559 561 574 583 589 600 610 616 620 629 640 642 644 651 658 659 675 680 687 688 690 696 713 729 738 740 750 760 762 775 784 785 799 805 806 812 815 818 819 823 839 840 856 859 864 866 868 870 874 877 881 911 915 923 924 929 947 951 957 978 986 989 990
519 579 520 532 533 539 541 548 559 561 574 583 589 594 600 610 616 618 620 629 640 642 644 651 658 659 675 680 687 688 690 696 713 729 734 738 740 749 750 760 762 775 784 785 799 805 806 812 815 818 819 823 839 840 856 859 863 864 866 868 870 874 877 881 886 911 915 923 924 929 947 951 957 978 986 989 990
520 1227 532 541 548 559 574 583 589 610 616 629 640 642 644 651 658 659 675 680 688 690 696 713 729 738 740 750 760 762 775 784 799 805 806 812 815 818 819 839 840 856 859 864 866 868 870 874 877 881 923 924 929 947 951 978 986
521 1030
522 1832
523 1558
524 1148
525 1545
526 2496
527 1126
528 956
529 2347
530 1061
531 1483
532 600 533 539 541 548 559 561 574 583 589 600 610 616 618 620 629 640 642 644 651 658 659 675 680 687 688 690 696 713 729 734 738 740 749 750 760 762 775 784 785 799 805 806 812 815 818 819 823 839 840 856 859 863 864 866 868 870 874 877 881 886 911 915 923 924 929 947 951 957 978 986 989 990
533 611 541 559 583 589 629 640 651 658 659 675 680 690 713 729 738 740 760 762 775 784 805 806 815 818 819 839 864 866 870 874 877 881 923 929 947 978 986
534 573
535 1844
536 785
537 1929
538 1968
539 2261 559 589 629 640 675 690 729 760 762 784 805 806 815 818 819 864 874 881 923 947 978
540 1390
541 733 548 559 574 583 589 600 610 616 620 629 640 642 644 651 658 659 675 680 687 688 690 696 713 729 738 740 750 760 762 775 784 785 799 805 806 812 815 818 819 839 840 856 859 864 866 868 870 874 877 881 911 915 923 924 929 947 951 957 978 986 989 990
542 1243
543 1053
544 2477
545 2483
546 1931
547 986
548 1085 559 583 589 616 629 640 642 651 658 659 675 680 690 696 713 729 738 740 760 762 775 784 799 805 806 815 818 819 839 856 864 866 870 874 877 881 923 924 929 947 951 978 986
549 660
550 1150
551 1022
552 547
553 2431
554 2474 729 806 881
555 1567
556 1220
557 2221
558 1605
559 1579 561 574 583 589 600 610 616 618 620 629 640 642 644 651 658 659 675 680 687 688 690 696 713 729 734 738 740 749 750 760 762 775 784 785 799 805 806 812 815 818 819 823 839 840 856 859 863 864 866 868 870 874 877 881 886 911 915 923 924 929 947 951 957 978 986 989 990
560 1137
561 2465 589 629 640 675 680 690 713 729 738 740 760 762 784 805 806 815 818 819 839 864 874 877 881 923 947 978
562 1655
563 1892
564 939
565 926
566 1940
567 1887
568 2348
569 2389
570 1554
571 1683
572 644
573 1071
574 1360 583 589 616 629 640 642 651 658 659 675 680 690 696 713 729 738 740 760 762 775 784 799 805 806 815 818 819 839 856 864 866 870 874 877 881 923 924 929 947 978 986
575 1771
576 2295
577 2123
578 1783
579 1987
580 1146
581 2432
582 1460
583 1573 589 600 610 616 629 640 642 644 651 658 659 675 680 688 690 696 713 729 738 740 750 760 762 775 784 785 799 805 806 812 815 818 819 839 840 856 859 864 866 868 870 874 877 881 911 915 923 924 929 947 951 957 978 986
584 2209
585 743
586 2442
587 655
588 1452
589 1980 594 599 600 610 616 618 620 627 629 640 642 644 651 658 659 675 678 680 687 688 690 696 713 721 729 734 738 740 749 750 760 762 775 784 785 799 805 806 812 815 818 819 823 839 840 856 859 863 864 866 868 870 874 877 881 886 911 915 923 924 929 947 951 957 978 986 989 990 992
590 1766
591 1536
592 1118
593 2362
594 1825 640 675 690 729 760 762 784 805 806 815 818 819 864 874 881 923 947 978
595 656
596 1662
597 1122
598 551
599 1636 690 729 760 762 784 806 818 819 864 874 881 923 947 978
600 2065 629 640 651 658 659 675 680 690 696 713 729 738 740 760 762 775 784 799 805 806 815 818 819 839 864 866 870 874 877 881 923 929 947 978 986
601 2168
602 1695
603 2451
604 1723
605 1524
606 1787
607 519
608 1106 729 806 819 881
609 789
610 2105 616 629 640 642 644 651 658 659 675 680 690 696 713 729 738 740 750 760 762 775 784 799 805 806 812 815 818 819 839 856 864 866 868 870 874 877 881 923 924 929 947 951 978 986
611 2055
612 2315
613 1460
614 1136
615 1740
616 931 629 640 642 644 651 658 659 675 680 688 690 696 713 729 738 740 750 760 762 775 784 799 805 806 812 815 818 819 839 856 859 864 866 868 870 874 877 881 923 924 929 947 951 978 986
617 1376
618 2451 629 640 675 690 729 760 762 784 805 806 815 818 819 864 874 881 923 947 978
619 568
620 1516 629 640 651 659 675 680 690 713 729 738 740 760 762 784 805 806 815 818 819 839 864 874 877 881 923 929 947 978
621 1998
622 552
623 2135
624 1598
625 2416
626 1145
627 2451 690 729 760 762 784 806 818 819 864 874 881 923 947 978
628 784
629 1878 640 642 644 651 658 659 675 680 687 688 690 696 713 729 734 738 740 749 750 760 762 775 784 785 799 805 806 812 815 818 819 823 839 840 856 859 863 864 866 868 870 874 877 881 886 911 915 923 924 929 947 951 957 978 986 989 990
630 1826
631 1817
632 1353
633 2209
634 1696
635 1298
636 1817
637 806
638 552
639 818
640 2055 642 644 651 658 659 675 680 687 688 690 696 713 721 729 734 738 740 749 750 760 762 775 784 785 799 805 806 812 815 818 819 823 839 840 856 859 863 864 866 868 870 874 877 881 886 911 915 923 924 929 947 951 957 978 986 989 990
641 868
642 1098 644 651 658 659 675 680 690 696 713 729 738 740 750 760 762 775 784 799 805 806 812 815 818 819 839 856 859 864 866 868 870 874 877 881 923 924 929 947 951 978 986
643 1145
644 763 651 658 659 675 680 690 696 713 729 738 740 750 760 762 775 784 799 805 806 812 815 818 819 839 856 859 864 866 868 870 874 877 881 923 924 929 947 951 978 986
645 643
646 1384
647 1145
648 967
649 1660
650 1825
651 1312 658 659 675 680 687 688 690 696 713 729 738 740 750 760 762 775 784 785 799 805 806 812 815 818 819 839 840 856 859 864 866 868 870 874 877 881 911 915 923 924 929 947 951 957 978 986 989 990
652 2129
653 2044
654 728
655 965
656 1958
657 2355
658 1429 659 675 680 688 690 696 713 729 738 740 750 760 762 775 784 785 799 805 806 812 815 818 819 839 840 856 859 864 866 868 870 874 877 881 911 915 923 924 929 947 951 957 978 986
659 1032 675 680 687 688 690 696 713 729 738 740 750 760 762 775 784 785 799 805 806 812 815 818 819 839 840 856 859 864 866 868 870 874 877 881 911 915 923 924 929 947 951 957 978 986 989 990
660 1697
661 1070
662 2383
663 1687
664 677
665 1237
666 1830
667 1582
668 1851
669 890
670 682
671 2358
672 1319
673 1487
674 1957
675 916 680 687 688 690 696 713 729 734 738 740 749 750 760 762 775 784 785 799 805 806 812 815 818 819 823 839 840 856 859 863 864 866 868 870 874 877 881 886 911 915 923 924 929 947 951 957 978 986 989 990
676 1655
677 2249
678 1981 690 729 760 762 784 806 818 819 864 874 881 923 947
679 1889
680 1440 687 688 690 696 713 729 738 740 750 760 762 775 784 785 799 805 806 812 815 818 819 823 839 840 856 859 864 866 868 870 874 877 881 911 915 923 924 929 947 951 957 978 986 989 990
681 551
682 1576
683 2310
684 648
685 541
686 1342
687 2330 690 713 729 738 740 760 762 784 805 806 815 818 819 839 864 874 877 881 923 929 947 978
688 1767 690 696 713 729 738 740 760 762 775 784 799 805 806 815 818 819 839 864 866 870 874 877 881 923 924 929 947 978 986
689 1245
690 500 696 708 713 721 729 734 738 739 740 744 749 750 760 762 775 784 785 786 791 799 805 806 812 815 818 819 823 839 840 856 859 863 864 866 868 870 874 877 881 886 911 915 923 924 929 947 951 957 978 986 989 990 992
691 988
692 1502
693 900
694 1357
695 760
696 1789 713 729 738 740 750 760 762 775 784 799 805 806 812 815 818 819 839 840 856 859 864 866 868 870 874 877 881 923 924 929 947 951 978 986
697 1533
698 1126
699 563
700 2100
701 1550
702 2304
703 2009
704 2286
705 2248
706 1074
707 2243
708 1469 729 784 806 818 819 881 923
709 1965
710 1892
711 1630
712 646
713 2162 729 738 740 749 750 760 762 775 784 785 799 805 806 812 815 818 819 823 839 840 856 859 864 866 868 870 874 877 881 911 915 923 924 929 947 951 957 978 986 989 990
714 2097
715 2497
716 984 729 806 819 881
717 2170
718 897
719 1107
720 2478
721 759 729 760 762 784 805 806 818 819 864 874 881 923 947 978
722 1161
723 1534
724 1256
725 582
726 1106
727 1805
728 706
729 538 734 738 739 740 744 749 750 752 756 760 762 775 784 785 786 791 799 805 806 812 815 818 819 823 839 840 854 856 859 863 864 866 868 870 874 877 881 886 890 911 915 923 924 929 947 951 957 978 986 989 990 992
730 2112
731 1709
732 1447
733 1222
734 2386 738 760 762 784 805 806 815 818 819 864 874 881 923 947 978
735 2350
736 860
737 1468
738 1458 740 749 750 760 762 775 784 785 799 805 806 812 815 818 819 823 839 840 856 859 864 866 868 870 874 877 881 911 915 923 924 929 947 951 957 978 986 989 990
739 1049 784 806 818 819 864 881 923
740 1827 749 750 760 762 775 784 785 799 805 806 812 815 818 819 823 839 840 856 859 864 866 868 870 874 877 881 911 915 923 924 929 947 951 957 978 986 989 990
741 1809
742 2062
743 1847
744 718 762 784 806 818 819 864 874 881 923
745 1408
746 2358
747 1303
748 1930
749 2235 760 762 784 805 806 815 818 819 839 864 874 881 923 947 978
750 1911 760 762 775 784 799 805 806 812 815 818 819 839 856 864 866 868 870 874 877 881 923 924 929 947 951 978 986
751 780
752 2095 806 881
753 2232
754 2475
755 794
756 2377 784 806 818 819 881 923
757 502
758 1927
759 2399
760 2081 762 775 784 785 799 805 806 812 815 818 819 823 839 840 856 859 863 864 866 868 870 874 877 881 886 911 915 923 924 929 947 951 957 978 986 989 990 992
761 897
762 2194 775 784 785 791 799 805 806 812 815 818 819 823 839 840 856 859 863 864 866 868 870 874 877 881 886 911 915 923 924 929 947 951 957 978 986 989 990 992
763 1512
764 1993
765 1825
766 2012
767 1459
768 1890
769 2168
770 2314
771 2496
772 911
773 2330
774 619
775 2351 784 785 799 805 806 812 815 818 819 839 840 856 859 864 866 868 870 874 877 881 915 923 924 929 947 951 957 978 986
776 768
777 1694
778 605
779 2318
780 1838
781 1886
782 845
783 1947
784 2005 785 786 791 799 805 806 812 815 818 819 823 839 840 856 859 863 864 866 868 870 874 877 881 886 911 915 923 924 929 947 951 957 978 986 989 990 992
785 1788 805 806 815 818 819 839 864 866 870 874 877 881 923 929 947 978 986
786 510 806 818 819 864 881 923
787 729
788 985
789 1108
790 563
791 1581 806 818 819 864 874 881 923
792 775
793 1264
794 2279
795 533
796 1468
797 2168
798 1436
799 1934 805 806 812 815 818 819 839 840 856 859 864 866 868 870 874 877 881 915 923 924 929 947 951 978 986
800 2235
801 1062
802 1897
803 2166
804 1926
805 2225 806 812 815 818 819 823 839 840 856 859 863 864 866 868 870 874 877 881 886 911 915 923 924 929 947 951 957 978 986 989 990
806 989 812 815 818 819 823 839 840 854 856 859 863 864 866 868 870 874 877 881 886 890 911 915 923 924 929 947 951 957 978 986 989 990 992
807 1644
808 2389
809 2049
810 1186
811 2107
812 1296 815 818 819 839 856 859 864 866 868 870 874 877 881 923 924 929 947 951 978 986
813 719
814 526
815 2296 818 819 823 839 840 856 859 863 864 866 868 870 874 877 881 886 911 915 923 924 929 947 951 957 978 986 989 990
816 2379
817 1566
818 1351 819 823 839 840 856 859 863 864 866 868 870 874 877 881 886 911 915 923 924 929 947 951 957 978 986 989 990 992
819 2072 823 839 840 856 859 863 864 866 868 870 874 877 881 886 890 911 915 923 924 929 947 951 957 978 986 989 990 992
820 1529
821 1556
822 1297
823 1717 839 864 874 877 881 923 947 978
824 1432
825 1033
826 726
827 650
828 558
829 1673
830 1611
831 2444
832 2483
833 591
834 1628
835 1340
836 2021
837 719
838 1081
839 2391 840 856 859 864 866 868 870 874 877 881 911 915 923 924 929 947 951 957 978 986 989 990
840 1334 864 866 870 874 877 881 923 929 947 978 986
841 607
842 2304
843 2020
844 2064
845 2390
846 1726
847 1450
848 1849
849 1815
850 1785
851 1625
852 1494
853 2219
854 1315 881
855 983
856 2002 859 864 866 868 870 874 877 881 923 924 929 947 951 978 986
857 1536
858 1802
859 742 864 866 868 870 874 877 881 923 924 929 947 951 978 986
860 1800
861 1678
862 1135
863 765 864 874 881 923 947 978
864 718 866 868 870 874 877 881 886 911 915 923 924 929 947 951 957 978 986 989 990 992
865 1501
866 1566 868 870 874 877 881 911 915 923 924 929 947 951 957 978 986
867 1182
868 1550 870 874 877 881 923 924 929 947 951 978 986
869 853
870 963 874 877 881 911 915 923 924 929 947 951 957 978 986
871 866
872 1830
873 842
874 1851 877 881 886 911 915 923 924 929 947 951 957 978 986 989 990 992
875 1431
876 1524
877 2403 881 911 915 923 924 929 947 951 957 978 986 989 990
878 1459
879 727
880 552
881 1049 886 890 911 915 923 924 929 947 951 957 978 986 989 990 992
882 2491
883 1455
884 2431
885 2063
886 2379 923 947 978
887 2371
888 1948
889 2320
890 1903
891 1330
892 917
893 581
894 1042
895 1650
896 936
897 1667
898 2335
899 2018
900 1698
901 949
902 1571
903 641
904 1381
905 650
906 718
907 1264
908 2237
909 951
910 712
911 737 923 929 947 978
912 2223
913 2303
914 1711
915 897 923 929 947 978 986
916 1885
917 2196
918 1793
919 567
920 868
921 1174
922 626
923 2416 924 929 947 951 957 978 986 989 990 992
924 1724 929 947 951 978 986
925 850
926 2279
927 1777
928 1956
929 769 947 951 957 978 986 989
930 1321
931 880
932 816
933 1240
934 1897
935 1159
936 587
937 1556
938 1324
939 600
940 2493
941 1491
942 1057
943 611
944 944
945 2385
946 597
947 1093 951 957 978 986 989 990 992
948 1102
949 667
950 993
951 1964 978 986
952 1798
953 522
954 1168
955 1554
956 1005
957 974 978 986
958 1032
959 921
960 1050
961 2271
962 953
963 1355
964 2119
965 1395
966 1318
967 1806
968 505
969 2284
970 1570
971 1786
972 1407
973 1220
974 865
975 2448
976 1717
977 798
978 1762 986 989 990 992
979 1097
980 1489
981 1058
982 2178
983 785
984 1635
985 989
986 1333
987 1152
988 2442
989 731
990 1866
991 2130
992 1677
993 1877
994 1834
995 2206
996 1658
997 1820
998 998
999 2071
1000 648
