500 10000
1 1566 2 3 9 10 11 12 14 17 19 21 22 24 26 28 32 33 35 37 39 40 43 44 45 47 48 49 53 54 55 57 58 60 61 62 64 65 66 67 70 71 72 74 76 78 80 81 84 87 88 93 94 95 96 100 107 109 110 112 114 115 116 117 118 119 122 123 126 129 133 136 137 138 141 143 144 145 146 149 150 151 153 157 158 159 160 161 162 163 164 165 167 168 169 178 182 184 185 186 187 189 191 193 194 195 196 198 199 200 203 205 209 211 213 214 216 217 221 222 223 224 225 227 231 237 245 246 247 252 253 255 256 260 261 264 267 270 271 272 277 278 279 281 282 285 286 287 288 293 295 297 298 299 300 301 303 304 306 309 311 312 314 315 318 319 324 326 327 329 330 334 338 339 342 343 351 352 353 360 363 366 370 373 378 381 382 383 384 385 386 388 389 390 391 394 395 397 399 401 402 403 404 405 406 407 408 411 412 413 414 417 418 419 420 421 423 424 425 427 429 430 434 435 436 437 438 440 444 445 447 448 449 451 455 456 457 460 461 462 464 466 467 468 471 473 475 482 484 487 488 489 492 493 494 497 500
2 2325 3 9 10 11 12 14 17 19 21 22 24 26 28 32 33 35 37 39 40 43 44 45 47 48 49 53 54 55 57 58 60 61 62 64 65 66 67 70 71 72 74 76 78 80 81 84 87 88 93 94 95 96 100 107 109 110 112 114 115 116 117 119 122 123 129 133 136 137 138 141 143 144 146 149 150 153 157 158 159 161 162 163 164 165 167 168 169 178 182 184 185 186 187 189 191 193 194 195 196 198 199 200 203 205 209 211 213 214 216 217 221 222 223 224 225 227 231 245 246 247 252 253 255 256 260 261 264 267 270 271 272 277 278 279 281 282 285 286 287 288 295 297 298 299 301 303 304 306 309 312 314 315 318 319 324 326 327 329 330 334 338 339 342 343 351 352 353 360 363 366 370 373 378 381 382 383 384 385 386 388 389 390 391 394 395 397 399 401 402 403 404 405 406 408 411 413 414 417 418 419 420 421 423 424 425 427 429 430 434 435 436 437 438 440 444 447 448 449 451 455 456 457 460 461 462 464 466 467 468 471 473 475 482 484 487 488 489 492 493 494 497 500
3 1614 9 10 11 12 14 17 19 21 22 24 26 28 32 33 35 37 39 40 43 44 45 47 48 49 53 54 55 57 58 60 61 62 64 65 66 67 70 71 72 74 76 78 80 81 84 87 88 93 94 95 96 100 107 109 110 112 114 115 116 117 118 119 122 123 126 129 133 136 137 138 141 143 144 145 146 149 150 153 157 158 159 160 161 162 163 164 165 167 168 169 178 182 184 185 186 187 189 191 193 194 195 196 198 199 200 203 205 209 211 213 214 216 217 221 222 223 224 225 227 231 237 245 246 247 252 253 255 256 260 261 264 267 270 271 272 277 278 279 281 282 285 286 287 288 293 295 297 298 299 300 301 303 304 306 309 311 312 314 315 318 319 324 326 327 329 330 334 338 339 342 343 351 352 353 360 363 366 370 373 378 381 382 383 384 385 386 388 389 390 391 394 395 397 399 401 402 403 404 405 406 408 411 412 413 414 417 418 419 420 421 423 424 425 427 429 430 434 435 436 437 438 440 444 445 447 448 449 451 455 456 457 460 461 462 464 466 467 468 471 473 475 482 484 487 488 489 492 493 494 497 500
4 1548
5 1432
6 961
7 1441 9 10 21 43 55 67 72 78 88 116 117 123 137 163 196 213 252 270 288 378 388 390 402 404 429 430 447 451 457 464
8 1948
9 2336 10 11 12 14 17 19 21 22 24 25 26 27 28 31 32 33 35 37 39 40 43 44 45 47 48 49 50 53 54 55 57 58 59 60 61 62 63 64 65 66 67 69 70 71 72 74 76 78 80 81 82 84 87 88 90 93 94 95 96 97 100 101 102 104 107 109 110 112 114 115 116 117 118 119 122 123 126 129 130 133 136 137 138 141 143 144 145 146 147 148 149 150 151 152 153 157 158 159 160 161 162 163 164 165 167 168 169 175 178 182 184 185 186 187 189 191 193 194 195 196 198 199 200 203 205 208 209 210 211 213 214 216 217 218 221 222 223 224 225 227 231 232 237 239 243 244 245 246 247 248 252 253 254 255 256 258 260 261 264 267 270 271 272 273 276 277 278 279 281 282 283 285 286 287 288 293 295 297 298 299 300 301 303 304 306 308 309 311 312 314 315 317 318 319 324 325 326 327 329 330 332 334 337 338 339 342 343 347 351 352 353 355 359 360 363 366 367 369 370 373 378 380 381 382 383 384 385 386 388 389 390 391 394 395 397 398 399 401 402 403 404 405 406 407 408 411 412 413 414 416 417 418 419 420 421 422 423 424 425 427 429 430 434 435 436 437 438 440 444 445 447 448 449 451 454 455 456 457 460 461 462 464 466 467 468 469 471 473 474 475 479 480 482 484 485 487 488 489 492 493 494 497 498 499 500
10 1216 11 12 14 17 19 21 22 24 25 26 27 28 31 32 33 35 37 39 40 43 44 45 47 48 49 50 53 54 55 57 58 59 60 61 62 63 64 65 66 67 69 70 71 72 74 76 78 80 81 82 84 87 88 90 93 94 95 96 97 100 101 102 104 107 109 110 112 114 115 116 117 118 119 122 123 126 129 130 133 136 137 138 141 143 144 145 146 147 148 149 150 151 152 153 154 157 158 159 160 161 162 163 164 165 167 168 169 175 178 182 183 184 185 186 187 189 191 193 194 195 196 198 199 200 203 205 208 209 210 211 213 214 216 217 218 220 221 222 223 224 225 227 231 232 237 239 243 244 245 246 247 248 252 253 254 255 256 258 260 261 264 267 270 271 272 273 276 277 278 279 281 282 283 285 286 287 288 293 295 297 298 299 300 301 303 304 306 308 309 311 312 314 315 317 318 319 324 325 326 327 329 330 332 334 337 338 339 342 343 347 351 352 353 355 359 360 363 366 367 369 370 373 378 380 381 382 383 384 385 386 388 389 390 391 394 395 397 398 399 401 402 403 404 405 406 407 408 411 412 413 414 416 417 418 419 420 421 422 423 424 425 427 429 430 434 435 436 437 438 440 444 445 447 448 449 451 454 455 456 457 460 461 462 464 466 467 468 469 471 473 474 475 479 480 482 484 485 487 488 489 492 493 494 497 498 499 500
11 2321 12 14 17 19 21 24 26 28 32 33 37 39 40 43 44 45 47 48 49 55 57 58 61 64 65 67 70 71 72 74 78 80 81 84 87 88 93 94 95 96 100 107 109 114 115 116 117 119 123 129 133 137 138 141 143 146 150 153 157 158 159 161 163 164 167 168 169 184 185 186 187 189 191 193 195 196 198 199 200 205 209 211 213 214 216 217 221 222 227 231 245 247 252 255 260 261 264 267 270 271 272 277 278 279 282 285 286 287 288 297 298 299 301 303 304 306 309 312 314 318 319 324 326 329 330 334 338 339 342 343 351 353 360 363 366 370 373 378 384 385 386 388 390 391 394 395 397 399 401 402 403 404 405 406 408 411 413 414 417 418 419 420 421 423 424 425 429 430 434 435 436 437 438 444 447 448 449 451 456 457 460 464 468 471 473 475 484 487 489 492 493 497
12 1689 14 17 21 24 26 28 32 33 37 39 40 43 44 47 55 57 58 61 64 65 67 70 71 72 78 80 84 87 88 93 95 96 100 107 109 114 115 116 117 119 123 129 133 137 138 141 143 146 153 157 158 159 161 163 164 167 169 184 185 187 193 196 198 199 200 205 209 211 213 214 216 217 221 222 227 231 245 247 252 255 260 261 267 270 272 277 278 282 285 286 288 297 298 299 303 304 306 309 312 314 318 319 324 326 329 330 334 338 339 342 343 351 353 360 363 366 370 373 378 384 385 386 388 390 391 394 395 397 401 402 403 404 405 406 408 411 414 417 418 419 420 421 423 424 425 429 430 434 435 437 438 444 447 448 449 451 456 457 464 468 471 473 475 487 489 492 493 497
13 502
14 2344 17 21 24 26 28 37 39 43 47 55 57 58 64 65 67 71 72 78 84 87 88 93 95 100 107 109 114 116 117 119 123 129 133 137 138 141 146 158 159 161 163 167 169 187 193 196 199 200 211 213 214 222 227 231 245 247 252 261 270 272 277 282 286 288 297 298 299 306 318 324 326 329 330 342 353 360 363 366 373 378 384 385 388 390 394 401 402 403 404 406 411 414 417 419 420 421 424 425 429 430 435 437 444 447 448 451 457 464 468 471 473 489 497
15 1820
16 1387
17 2474 19 21 22 24 26 28 32 33 35 37 39 40 43 44 45 47 48 49 53 54 55 57 58 60 61 62 64 65 67 70 71 72 74 76 78 80 81 84 87 88 93 94 95 96 100 107 109 110 112 114 115 116 117 119 123 129 133 137 138 141 143 144 146 149 150 153 157 158 159 161 163 164 165 167 168 169 178 182 184 185 186 187 189 191 193 194 195 196 198 199 200 205 209 211 213 214 216 217 221 222 223 224 227 231 245 246 247 252 253 255 256 260 261 264 267 270 271 272 277 278 279 281 282 285 286 287 288 295 297 298 299 301 303 304 306 309 312 314 315 318 319 324 326 327 329 330 334 338 339 342 343 351 352 353 360 363 366 370 373 378 381 382 383 384 385 386 388 390 391 394 395 397 399 401 402 403 404 405 406 408 411 413 414 417 418 419 420 421 423 424 425 427 429 430 434 435 436 437 438 440 444 447 448 449 451 455 456 457 460 462 464 466 468 471 473 475 482 484 487 488 489 492 493 494 497
18 854
19 2082 21 24 26 28 37 39 43 47 55 57 58 65 67 71 72 78 84 87 88 93 95 100 107 109 114 116 117 119 123 129 133 137 138 141 146 158 159 161 163 167 169 187 193 196 199 200 211 213 214 222 227 231 245 247 252 261 270 272 277 282 286 288 297 298 299 318 324 326 329 330 342 360 363 366 373 378 385 388 390 394 401 402 403 404 406 411 414 419 421 424 425 429 430 435 437 444 447 451 457 464 468 471 473 489 497
20 1068
21 2021 22 24 25 26 28 32 33 35 37 39 40 43 44 45 47 48 49 53 54 55 57 58 60 61 62 64 65 66 67 70 71 72 74 76 78 80 81 84 87 88 93 94 95 96 100 101 102 104 107 109 110 112 114 115 116 117 118 119 122 123 126 129 133 136 137 138 141 143 144 145 146 147 149 150 151 153 157 158 159 160 161 162 163 164 165 167 168 169 175 178 182 184 185 186 187 189 191 193 194 195 196 198 199 200 203 205 209 210 211 213 214 216 217 221 222 223 224 225 227 231 237 243 245 246 247 248 252 253 255 256 260 261 264 267 270 271 272 277 278 279 281 282 285 286 287 288 293 295 297 298 299 300 301 303 304 306 309 311 312 314 315 317 318 319 324 326 327 329 330 334 338 339 342 343 351 352 353 360 363 366 369 370 373 378 380 381 382 383 384 385 386 388 389 390 391 394 395 397 398 399 401 402 403 404 405 406 407 408 411 412 413 414 416 417 418 419 420 421 423 424 425 427 429 430 434 435 436 437 438 440 444 445 447 448 449 451 454 455 456 457 460 461 462 464 466 467 468 471 473 475 479 480 482 484 485 487 488 489 492 493 494 497 499 500
22 910 24 37 39 43 47 55 67 71 72 78 84 87 88 93 95 107 109 116 117 119 123 129 137 138 146 158 163 169 187 196 200 211 213 214 222 231 245 252 270 277 282 286 288 298 299 318 324 326 329 363 366 373 378 385 388 390 402 403 404 411 419 424 429 430 444 447 451 457 464 471 473 497
23 1600
24 1701 26 28 32 33 35 37 39 40 43 44 45 47 48 49 53 54 55 57 58 60 61 62 64 65 66 67 70 71 72 74 76 78 80 81 84 87 88 93 94 95 96 100 107 109 110 112 114 115 116 117 118 119 122 123 126 129 133 136 137 138 141 143 144 145 146 149 150 153 157 158 159 160 161 162 163 164 165 167 168 169 178 182 184 185 186 187 189 191 193 194 195 196 198 199 200 203 205 209 211 213 214 216 217 221 222 223 224 225 227 231 237 245 246 247 252 253 255 256 260 261 264 267 270 271 272 277 278 279 281 282 285 286 287 288 293 295 297 298 299 300 301 303 304 306 309 311 312 314 315 318 319 324 326 327 329 330 334 338 339 342 343 351 352 353 360 363 366 370 373 378 381 382 383 384 385 386 388 389 390 391 394 395 397 399 401 402 403 404 405 406 408 411 412 413 414 417 418 419 420 421 423 424 425 427 429 430 434 435 436 437 438 440 444 445 447 448 449 451 455 456 457 460 461 462 464 466 467 468 471 473 475 482 484 487 488 489 492 493 494 497 500
25 2111 43 55 67 72 78 88 95 116 117 123 137 158 163 169 196 213 245 252 270 288 324 378 388 390 402 404 429 430 444 447 451 457 464
26 2437 28 32 33 37 39 40 43 44 47 55 57 58 61 64 65 67 70 71 72 78 80 84 87 88 93 95 96 100 107 109 114 115 116 117 119 123 129 133 137 138 141 143 146 150 153 157 158 159 161 163 164 167 168 169 184 185 186 187 189 191 193 195 196 198 199 200 205 209 211 213 214 216 217 221 222 227 231 245 247 252 255 260 261 264 267 270 271 272 277 278 279 282 285 286 287 288 297 298 299 301 303 304 306 309 312 314 318 319 324 326 329 330 334 338 339 342 343 351 353 360 363 366 370 373 378 384 385 386 388 390 391 394 395 397 399 401 402 403 404 405 406 408 411 413 414 417 418 419 420 421 423 424 425 429 430 434 435 437 438 444 447 448 449 451 456 457 464 468 471 473 475 484 487 489 492 493 497
27 1632 55 72 78 88 116 117 123 137 163 196 213 252 270 288 378 388 390 404 429 430 447 457 464
28 967 32 33 37 39 40 43 44 45 47 48 49 54 55 57 58 60 61 62 64 65 67 70 71 72 74 76 78 80 81 84 87 88 93 94 95 96 100 107 109 114 115 116 117 119 123 129 133 137 138 141 143 146 149 150 153 157 158 159 161 163 164 165 167 168 169 178 182 184 185 186 187 189 191 193 194 195 196 198 199 200 205 209 211 213 214 216 217 221 222 227 231 245 246 247 252 255 256 260 261 264 267 270 271 272 277 278 279 281 282 285 286 287 288 297 298 299 301 303 304 306 309 312 314 315 318 319 324 326 327 329 330 334 338 339 342 343 351 352 353 360 363 366 370 373 378 381 383 384 385 386 388 390 391 394 395 397 399 401 402 403 404 405 406 408 411 413 414 417 418 419 420 421 423 424 425 427 429 430 434 435 436 437 438 440 444 447 448 449 451 455 456 457 460 462 464 468 471 473 475 482 484 487 488 489 492 493 494 497
29 819
30 2141
31 909 55 72 78 88 116 117 123 137 163 196 213 252 270 288 378 388 390 404 429 430 447 457 464
32 568 33 37 39 40 43 44 47 55 57 58 61 64 65 67 70 71 72 78 80 84 87 88 93 95 96 100 107 109 114 116 117 119 123 129 133 137 138 141 143 146 153 157 158 159 161 163 164 167 169 184 185 187 193 196 198 199 200 205 209 211 213 214 216 217 221 222 227 231 245 247 252 255 261 270 272 277 278 282 285 286 288 297 298 299 303 304 306 309 312 314 318 324 326 329 330 334 338 342 343 351 353 360 363 366 370 373 378 384 385 386 388 390 391 394 397 401 402 403 404 405 406 408 411 414 417 418 419 420 421 423 424 425 429 430 434 435 437 438 444 447 448 449 451 456 457 464 468 471 473 487 489 492 493 497
33 2219 37 39 40 43 44 47 55 57 58 61 64 65 67 70 71 72 78 80 84 87 88 93 95 96 100 107 109 114 116 117 119 123 129 133 137 138 141 143 146 153 157 158 159 161 163 164 167 169 184 185 187 193 196 198 199 200 205 209 211 213 214 216 217 221 222 227 231 245 247 252 255 260 261 270 272 277 278 282 285 286 288 297 298 299 303 304 306 309 312 314 318 324 326 329 330 334 338 342 343 351 353 360 363 366 370 373 378 384 385 386 388 390 391 394 397 401 402 403 404 405 406 408 411 414 417 418 419 420 421 423 424 425 429 430 434 435 437 438 444 447 448 449 451 456 457 464 468 471 473 487 489 492 493 497
34 1874
35 1902 37 39 43 47 55 57 67 71 72 78 84 87 88 93 95 107 109 116 117 119 123 129 133 137 138 146 158 163 169 187 193 196 200 211 213 214 222 227 231 245 252 270 277 282 286 288 298 299 318 324 326 329 363 366 373 378 385 388 390 402 403 404 411 419 424 429 430 444 447 451 457 464 471 473 497
36 583
37 2221 39 40 43 44 45 47 48 49 53 54 55 57 58 60 61 62 64 65 66 67 70 71 72 74 76 78 80 81 84 87 88 93 94 95 96 100 107 109 110 112 114 115 116 117 118 119 122 123 126 129 133 136 137 138 141 143 144 145 146 149 150 151 153 157 158 159 160 161 162 163 164 165 167 168 169 178 182 184 185 186 187 189 191 193 194 195 196 198 199 200 203 205 209 211 213 214 216 217 221 222 223 224 225 227 231 237 245 246 247 252 253 255 256 260 261 264 267 270 271 272 277 278 279 281 282 285 286 287 288 293 295 297 298 299 300 301 303 304 306 309 311 312 314 315 318 319 324 326 327 329 330 334 338 339 342 343 351 352 353 360 363 366 370 373 378 381 382 383 384 385 386 388 389 390 391 394 395 397 399 401 402 403 404 405 406 407 408 411 412 413 414 417 418 419 420 421 423 424 425 427 429 430 434 435 436 437 438 440 444 445 447 448 449 451 455 456 457 460 461 462 464 466 467 468 471 473 475 482 484 487 488 489 492 493 494 497 500
38 884
39 2166 40 43 44 45 47 48 49 53 54 55 57 58 60 61 62 64 65 66 67 70 71 72 74 76 78 80 81 84 87 88 93 94 95 96 100 107 109 110 112 114 115 116 117 119 122 123 129 133 136 137 138 141 143 144 146 149 150 153 157 158 159 161 162 163 164 165 167 168 169 178 182 184 185 186 187 189 191 193 194 195 196 198 199 200 203 205 209 211 213 214 216 217 221 222 223 224 225 227 231 245 246 247 252 253 255 256 260 261 264 267 270 271 272 277 278 279 281 282 285 286 287 288 295 297 298 299 301 303 304 306 309 312 314 315 318 319 324 326 327 329 330 334 338 339 342 343 351 352 353 360 363 366 370 373 378 381 382 383 384 385 386 388 389 390 391 394 395 397 399 401 402 403 404 405 406 408 411 413 414 417 418 419 420 421 423 424 425 427 429 430 434 435 436 437 438 440 444 447 448 449 451 455 456 457 460 461 462 464 466 467 468 471 473 475 482 484 487 488 489 492 493 494 497 500
40 1566 43 47 55 57 58 64 65 67 71 72 78 84 87 88 93 95 100 107 109 114 116 117 119 123 129 133 137 138 141 146 158 159 161 163 164 167 169 185 187 193 196 199 200 209 211 213 214 222 227 231 245 247 252 255 261 270 272 277 282 286 288 297 298 299 304 306 309 318 324 326 329 330 334 342 353 360 363 366 373 378 384 385 386 388 390 394 401 402 403 404 406 411 414 417 418 419 420 421 423 424 425 429 430 435 437 438 444 447 448 451 457 464 468 471 473 489 497
41 815
42 2089
43 2136 44 45 47 48 49 53 54 55 57 58 60 61 62 64 65 66 67 70 71 72 74 76 78 80 81 84 87 88 93 94 95 96 100 101 102 104 107 109 110 112 114 115 116 117 118 119 122 123 126 129 133 136 137 138 141 143 144 145 146 147 149 150 151 153 157 158 159 160 161 162 163 164 165 167 168 169 175 178 182 184 185 186 187 189 191 193 194 195 196 198 199 200 203 205 209 210 211 213 214 216 217 221 222 223 224 225 227 231 237 243 245 246 247 248 252 253 255 256 260 261 264 267 270 271 272 277 278 279 281 282 285 286 287 288 293 295 297 298 299 300 301 303 304 306 309 311 312 314 315 317 318 319 324 326 327 329 330 334 338 339 342 343 351 352 353 360 363 366 369 370 373 378 380 381 382 383 384 385 386 388 389 390 391 394 395 397 398 399 401 402 403 404 405 406 407 408 411 412 413 414 416 417 418 419 420 421 423 424 425 427 429 430 434 435 436 437 438 440 444 445 447 448 449 451 454 455 456 457 460 461 462 464 466 467 468 471 473 475 479 480 482 484 485 487 488 489 492 493 494 497 499 500
44 2226 47 55 57 58 64 65 67 71 72 78 84 87 88 93 95 100 107 109 114 116 117 119 123 129 133 137 138 141 146 158 159 161 163 164 167 169 184 185 187 193 196 199 200 205 209 211 213 214 217 222 227 231 245 247 252 255 261 270 272 277 282 286 288 297 298 299 304 306 309 318 324 326 329 330 334 338 342 343 353 360 363 366 373 378 384 385 386 388 390 394 401 402 403 404 406 411 414 417 418 419 420 421 423 424 425 429 430 434 435 437 438 444 447 448 451 457 464 468 471 473 489 497
45 2405 47 55 57 58 65 67 71 72 78 84 87 88 93 95 100 107 109 114 116 117 119 123 129 133 137 138 146 158 159 161 163 167 169 187 193 196 199 200 211 213 214 222 227 231 245 247 252 261 270 272 277 282 286 288 298 299 318 324 326 329 330 342 360 363 366 373 378 385 388 390 394 402 403 404 411 414 419 421 424 429 430 437 444 447 451 457 464 471 473 489 497
46 2418
47 636 48 49 53 54 55 57 58 60 61 62 64 65 66 67 70 71 72 74 76 78 80 81 84 87 88 93 94 95 96 100 107 109 110 112 114 115 116 117 119 123 129 133 136 137 138 141 143 144 146 149 150 153 157 158 159 161 162 163 164 165 167 168 169 178 182 184 185 186 187 189 191 193 194 195 196 198 199 200 203 205 209 211 213 214 216 217 221 222 223 224 227 231 245 246 247 252 253 255 256 260 261 264 267 270 271 272 277 278 279 281 282 285 286 287 288 295 297 298 299 301 303 304 306 309 312 314 315 318 319 324 326 327 329 330 334 338 339 342 343 351 352 353 360 363 366 370 373 378 381 382 383 384 385 386 388 390 391 394 395 397 399 401 402 403 404 405 406 408 411 413 414 417 418 419 420 421 423 424 425 427 429 430 434 435 436 437 438 440 444 447 448 449 451 455 456 457 460 462 464 466 468 471 473 475 482 484 487 488 489 492 493 494 497 500
48 1510 55 57 58 65 67 71 72 78 84 87 88 93 95 100 107 109 114 116 117 119 123 129 133 137 138 146 158 159 163 167 169 187 193 196 199 200 211 213 214 222 227 231 245 247 252 261 270 272 277 282 286 288 298 299 318 324 326 329 330 342 360 363 366 373 378 385 388 390 394 402 403 404 411 414 419 421 424 429 430 437 444 447 451 457 464 471 473 489 497
49 2241 55 57 58 65 67 71 72 78 84 87 88 93 95 100 107 109 114 116 117 119 123 129 133 137 138 146 158 159 161 163 167 169 187 193 196 199 200 211 213 214 222 227 231 245 247 252 261 270 272 277 282 286 288 298 299 318 324 326 329 330 342 360 363 366 373 378 385 388 390 394 402 403 404 411 414 419 421 424 429 430 437 444 447 451 457 464 471 473 489 497
50 848 116 123 252 388 404 429 430 447 464
51 779
52 2351
53 753 55 67 71 72 78 84 87 88 93 95 107 109 116 117 119 123 129 137 138 146 158 163 169 187 196 200 211 213 214 222 231 245 252 270 277 282 286 288 298 299 318 324 326 329 363 366 373 378 385 388 390 402 403 404 411 419 424 429 430 444 447 451 457 464 471 473 497
54 2500 55 57 67 71 72 78 84 87 88 93 95 100 107 109 114 116 117 119 123 129 133 137 138 146 158 163 167 169 187 193 196 200 211 213 214 222 227 231 245 247 252 261 270 272 277 282 286 288 298 299 318 324 326 329 363 366 373 378 385 388 390 402 403 404 411 414 419 424 429 430 437 444 447 451 457 464 471 473 489 497
55 1186 57 58 60 61 62 63 64 65 66 67 70 71 72 74 76 78 80 81 82 84 87 88 93 94 95 96 97 100 101 102 104 107 109 110 112 114 115 116 117 118 119 122 123 126 129 130 133 136 137 138 141 143 144 145 146 147 149 150 151 152 153 157 158 159 160 161 162 163 164 165 167 168 169 175 178 182 184 185 186 187 189 191 193 194 195 196 198 199 200 203 205 208 209 210 211 213 214 216 217 218 221 222 223 224 225 227 231 237 239 243 245 246 247 248 252 253 254 255 256 258 260 261 264 267 270 271 272 276 277 278 279 281 282 283 285 286 287 288 293 295 297 298 299 300 301 303 304 306 308 309 311 312 314 315 317 318 319 324 325 326 327 329 330 334 338 339 342 343 347 351 352 353 360 363 366 367 369 370 373 378 380 381 382 383 384 385 386 388 389 390 391 394 395 397 398 399 401 402 403 404 405 406 407 408 411 412 413 414 416 417 418 419 420 421 423 424 425 427 429 430 434 435 436 437 438 440 444 445 447 448 449 451 454 455 456 457 460 461 462 464 466 467 468 471 473 474 475 479 480 482 484 485 487 488 489 492 493 494 497 499 500
56 622
57 1220 58 60 61 62 64 65 67 70 71 72 74 76 78 80 81 84 87 88 93 94 95 96 100 107 109 114 115 116 117 119 123 129 133 137 138 141 143 146 149 150 153 157 158 159 161 163 164 165 167 168 169 178 182 184 185 186 187 189 191 193 194 195 196 198 199 200 205 209 211 213 214 216 217 221 222 227 231 245 246 247 252 255 256 260 261 264 267 270 271 272 277 278 279 281 282 285 286 287 288 295 297 298 299 301 303 304 306 309 312 314 315 318 319 324 326 327 329 330 334 338 339 342 343 351 352 353 360 363 366 370 373 378 381 383 384 385 386 388 390 391 394 395 397 399 401 402 403 404 405 406 408 411 413 414 417 418 419 420 421 423 424 425 427 429 430 434 435 436 437 438 440 444 447 448 449 451 455 456 457 460 462 464 466 468 471 473 475 482 484 487 488 489 492 493 494 497
58 1960 61 64 65 67 70 71 72 74 78 80 81 84 87 88 93 94 95 96 100 107 109 114 115 116 117 119 123 129 133 137 138 141 143 146 150 153 157 158 159 161 163 164 167 168 169 184 185 186 187 189 191 193 195 196 198 199 200 205 209 211 213 214 216 217 221 222 227 231 245 247 252 255 260 261 264 267 270 271 272 277 278 279 282 285 286 287 288 297 298 299 301 303 304 306 309 312 314 318 319 324 326 329 330 334 338 339 342 343 351 353 360 363 366 370 373 378 384 385 386 388 390 391 394 395 397 399 401 402 403 404 405 406 408 411 413 414 417 418 419 420 421 423 424 425 429 430 434 435 436 437 438 444 447 448 449 451 456 457 460 464 468 471 473 475 484 487 489 492 493 497
59 2057 72 78 116 123 252 388 404 429 430 447 464
60 1210 67 71 72 78 84 87 88 93 95 107 109 116 117 119 123 129 133 137 138 146 158 163 167 169 187 193 196 200 211 213 214 222 227 231 245 252 270 272 277 282 286 288 298 299 318 324 326 329 363 366 373 378 385 388 390 402 403 404 411 419 424 429 430 444 447 451 457 464 471 473 497
61 843 64 65 67 71 72 78 84 87 88 93 95 100 107 109 114 116 117 119 123 129 133 137 138 141 146 158 159 161 163 164 167 169 184 185 187 193 196 199 200 205 209 211 213 214 216 217 222 227 231 245 247 252 255 261 270 272 277 282 286 288 297 298 299 304 306 309 318 324 326 329 330 334 338 342 343 353 360 363 366 373 378 384 385 386 388 390 394 397 401 402 403 404 406 411 414 417 418 419 420 421 423 424 425 429 430 434 435 437 438 444 447 448 451 457 464 468 471 473 489 497
62 660 67 71 72 78 84 87 88 93 95 100 107 109 114 116 117 119 123 129 133 137 138 146 158 159 163 167 169 187 193 196 200 211 213 214 222 227 231 245 247 252 261 270 272 277 282 286 288 298 299 318 324 326 329 342 360 363 366 373 378 385 388 390 402 403 404 411 414 419 421 424 429 430 437 444 447 451 457 464 471 473 489 497
63 744 72 78 116 123 196 252 388 404 429 430 447 464
64 1068 65 67 70 71 72 78 80 84 87 88 93 95 96 100 107 109 114 115 116 117 119 123 129 133 137 138 141 143 146 153 157 158 159 161 163 164 167 169 184 185 186 187 193 196 198 199 200 205 209 211 213 214 216 217 221 222 227 231 245 247 252 255 260 261 264 267 270 271 272 277 278 279 282 285 286 288 297 298 299 303 304 306 309 312 314 318 319 324 326 329 330 334 338 339 342 343 351 353 360 363 366 370 373 378 384 385 386 388 390 391 394 395 397 401 402 403 404 405 406 408 411 414 417 418 419 420 421 423 424 425 429 430 434 435 437 438 444 447 448 449 451 456 457 464 468 471 473 475 487 489 492 493 497
65 741 67 70 71 72 74 78 80 81 84 87 88 93 94 95 96 100 107 109 114 115 116 117 119 123 129 133 137 138 141 143 146 150 153 157 158 159 161 163 164 167 168 169 178 184 185 186 187 189 191 193 194 195 196 198 199 200 205 209 211 213 214 216 217 221 222 227 231 245 247 252 255 260 261 264 267 270 271 272 277 278 279 282 285 286 287 288 297 298 299 301 303 304 306 309 312 314 318 319 324 326 329 330 334 338 339 342 343 351 353 360 363 366 370 373 378 384 385 386 388 390 391 394 395 397 399 401 402 403 404 405 406 408 411 413 414 417 418 419 420 421 423 424 425 429 430 434 435 436 437 438 444 447 448 449 451 456 457 460 462 464 468 471 473 475 484 487 489 492 493 497
66 1293 67 71 72 78 84 88 93 95 107 116 117 119 123 129 137 138 146 158 163 169 187 196 200 211 213 214 222 231 245 252 270 277 286 288 298 299 318 324 326 329 363 366 373 378 385 388 390 402 403 404 424 429 430 444 447 451 457 464 471
67 1917 70 71 72 74 76 78 80 81 84 87 88 93 94 95 96 100 101 102 104 107 109 110 112 114 115 116 117 118 119 122 123 126 129 133 136 137 138 141 143 144 145 146 147 149 150 151 153 157 158 159 160 161 162 163 164 165 167 168 169 175 178 182 184 185 186 187 189 191 193 194 195 196 198 199 200 203 205 209 210 211 213 214 216 217 221 222 223 224 225 227 231 237 243 245 246 247 248 252 253 255 256 260 261 264 267 270 271 272 277 278 279 281 282 285 286 287 288 293 295 297 298 299 300 301 303 304 306 309 311 312 314 315 317 318 319 324 326 327 329 330 334 338 339 342 343 351 352 353 360 363 366 369 370 373 378 380 381 382 383 384 385 386 388 389 390 391 394 395 397 398 399 401 402 403 404 405 406 407 408 411 412 413 414 416 417 418 419 420 421 423 424 425 427 429 430 434 435 436 437 438 440 444 445 447 448 449 451 454 455 456 457 460 461 462 464 466 467 468 471 473 475 479 480 482 484 485 487 488 489 492 493 494 497 499 500
68 2292
69 1904 72 116 123 252 388 404 429 430 447 464
70 628 71 72 78 84 87 88 93 95 100 107 109 114 116 117 119 123 129 133 137 138 141 146 158 159 161 163 164 167 169 184 185 187 193 196 199 200 205 209 211 213 214 216 217 222 227 231 245 247 252 255 261 270 272 277 282 286 288 297 298 299 304 306 309 318 324 326 329 330 334 338 342 343 353 360 363 366 373 378 384 385 386 388 390 394 397 401 402 403 404 406 411 414 417 418 419 420 421 423 424 425 429 430 434 435 437 438 444 447 448 451 457 464 468 471 473 489 497
71 1371 72 74 76 78 80 81 84 87 88 93 94 95 96 100 107 109 110 112 114 115 116 117 118 119 122 123 129 133 136 137 138 141 143 144 146 149 150 153 157 158 159 160 161 162 163 164 165 167 168 169 178 182 184 185 186 187 189 191 193 194 195 196 198 199 200 203 205 209 211 213 214 216 217 221 222 223 224 225 227 231 237 245 246 247 252 253 255 256 260 261 264 267 270 271 272 277 278 279 281 282 285 286 287 288 295 297 298 299 301 303 304 306 309 311 312 314 315 318 319 324 326 327 329 330 334 338 339 342 343 351 352 353 360 363 366 370 373 378 381 382 383 384 385 386 388 389 390 391 394 395 397 399 401 402 403 404 405 406 408 411 413 414 417 418 419 420 421 423 424 425 427 429 430 434 435 436 437 438 440 444 445 447 448 449 451 455 456 457 460 461 462 464 466 467 468 471 473 475 482 484 487 488 489 492 493 494 497 500
72 1056 74 76 78 80 81 82 84 87 88 90 93 94 95 96 97 100 101 102 104 107 109 110 112 114 115 116 117 118 119 122 123 126 129 130 133 136 137 138 141 143 144 145 146 147 148 149 150 151 152 153 157 158 159 160 161 162 163 164 165 167 168 169 175 178 182 184 185 186 187 189 191 193 194 195 196 198 199 200 203 205 208 209 210 211 213 214 216 217 218 221 222 223 224 225 227 231 237 239 243 244 245 246 247 248 252 253 254 255 256 258 260 261 264 267 270 271 272 273 276 277 278 279 281 282 283 285 286 287 288 293 295 297 298 299 300 301 303 304 306 308 309 311 312 314 315 317 318 319 324 325 326 327 329 330 334 338 339 342 343 347 351 352 353 355 360 363 366 367 369 370 373 378 380 381 382 383 384 385 386 388 389 390 391 394 395 397 398 399 401 402 403 404 405 406 407 408 411 412 413 414 416 417 418 419 420 421 423 424 425 427 429 430 434 435 436 437 438 440 444 445 447 448 449 451 454 455 456 457 460 461 462 464 466 467 468 471 473 474 475 479 480 482 484 485 487 488 489 492 493 494 497 499 500
73 1867
74 624 78 84 87 88 93 95 100 107 109 114 116 117 119 123 129 133 137 138 146 158 159 161 163 167 169 187 193 196 199 200 211 213 214 222 227 231 245 247 252 261 270 272 277 282 286 288 298 299 318 324 326 329 330 342 360 363 366 373 378 385 388 390 394 401 402 403 404 411 414 419 421 424 429 430 437 444 447 451 457 464 471 473 489 497
75 2303
76 724 78 84 87 88 93 95 100 107 109 114 116 117 119 123 129 133 137 138 146 158 159 163 167 169 187 193 196 200 211 213 214 222 227 231 245 247 252 261 270 272 277 282 286 288 298 299 318 324 326 329 342 360 363 366 373 378 385 388 390 402 403 404 411 414 419 421 424 429 430 437 444 447 451 457 464 471 473 489 497
77 1749
78 694 80 81 82 84 87 88 93 94 95 96 97 100 101 102 104 107 109 110 112 114 115 116 117 118 119 122 123 126 129 130 133 136 137 138 141 143 144 145 146 147 149 150 151 152 153 157 158 159 160 161 162 163 164 165 167 168 169 175 178 182 184 185 186 187 189 191 193 194 195 196 198 199 200 203 205 208 209 210 211 213 214 216 217 218 221 222 223 224 225 227 231 237 239 243 245 246 247 248 252 253 254 255 256 258 260 261 264 267 270 271 272 276 277 278 279 281 282 283 285 286 287 288 293 295 297 298 299 300 301 303 304 306 308 309 311 312 314 315 317 318 319 324 325 326 327 329 330 334 338 339 342 343 347 351 352 353 355 360 363 366 367 369 370 373 378 380 381 382 383 384 385 386 388 389 390 391 394 395 397 398 399 401 402 403 404 405 406 407 408 411 412 413 414 416 417 418 419 420 421 423 424 425 427 429 430 434 435 436 437 438 440 444 445 447 448 449 451 454 455 456 457 460 461 462 464 466 467 468 471 473 474 475 479 480 482 484 485 487 488 489 492 493 494 497 499 500
79 530
80 2257 84 87 88 93 95 100 107 109 114 116 117 119 123 129 133 137 138 141 146 158 159 161 163 164 167 169 184 185 187 193 196 199 200 205 209 211 213 214 216 217 222 227 231 245 247 252 255 261 270 272 277 282 286 288 297 298 299 304 306 309 318 324 326 329 330 334 338 342 343 353 360 363 366 373 378 384 385 386 388 390 394 397 401 402 403 404 406 411 414 417 418 419 420 421 423 424 425 429 430 434 435 437 438 444 447 448 451 457 464 468 471 473 489 497
81 1545 84 87 88 93 95 100 107 109 114 116 117 119 123 129 133 137 138 146 158 159 163 167 169 187 193 196 199 200 211 213 214 222 227 231 245 247 252 261 270 272 277 282 286 288 298 299 318 324 326 329 330 342 360 363 366 373 378 385 388 390 394 402 403 404 411 414 419 421 424 429 430 437 444 447 451 457 464 471 473 489 497
82 2431 88 116 117 123 137 163 196 213 252 270 288 378 388 390 404 429 430 447 457 464
83 2237
84 1144 87 88 93 94 95 96 100 107 109 110 112 114 115 116 117 119 122 123 129 133 136 137 138 141 143 144 146 149 150 153 157 158 159 161 162 163 164 165 167 168 169 178 182 184 185 186 187 189 191 193 194 195 196 198 199 200 203 205 209 211 213 214 216 217 221 222 223 224 225 227 231 245 246 247 252 253 255 256 260 261 264 267 270 271 272 277 278 279 281 282 285 286 287 288 295 297 298 299 301 303 304 306 309 312 314 315 318 319 324 326 327 329 330 334 338 339 342 343 351 352 353 360 363 366 370 373 378 381 382 383 384 385 386 388 389 390 391 394 395 397 399 401 402 403 404 405 406 408 411 413 414 417 418 419 420 421 423 424 425 427 429 430 434 435 436 437 438 440 444 447 448 449 451 455 456 457 460 462 464 466 468 471 473 475 482 484 487 488 489 492 493 494 497 500
85 1471
86 1339
87 920 88 93 94 95 96 100 107 109 110 112 114 115 116 117 119 123 129 133 136 137 138 141 143 144 146 149 150 153 157 158 159 161 162 163 164 165 167 168 169 178 182 184 185 186 187 189 191 193 194 195 196 198 199 200 205 209 211 213 214 216 217 221 222 223 224 227 231 245 246 247 252 253 255 256 260 261 264 267 270 271 272 277 278 279 281 282 285 286 287 288 295 297 298 299 301 303 304 306 309 312 314 315 318 319 324 326 327 329 330 334 338 339 342 343 351 352 353 360 363 366 370 373 378 381 382 383 384 385 386 388 390 391 394 395 397 399 401 402 403 404 405 406 408 411 413 414 417 418 419 420 421 423 424 425 427 429 430 434 435 436 437 438 440 444 447 448 449 451 455 456 457 460 462 464 466 468 471 473 475 482 484 487 488 489 492 493 494 497 500
88 962 93 94 95 96 100 101 102 104 107 109 110 112 114 115 116 117 118 119 122 123 126 129 130 133 136 137 138 141 143 144 145 146 147 149 150 151 152 153 157 158 159 160 161 162 163 164 165 167 168 169 175 178 182 184 185 186 187 189 191 193 194 195 196 198 199 200 203 205 208 209 210 211 213 214 216 217 218 221 222 223 224 225 227 231 237 239 243 245 246 247 248 252 253 255 256 258 260 261 264 267 270 271 272 276 277 278 279 281 282 283 285 286 287 288 293 295 297 298 299 300 301 303 304 306 308 309 311 312 314 315 317 318 319 324 325 326 327 329 330 334 338 339 342 343 347 351 352 353 360 363 366 367 369 370 373 378 380 381 382 383 384 385 386 388 389 390 391 394 395 397 398 399 401 402 403 404 405 406 407 408 411 412 413 414 416 417 418 419 420 421 423 424 425 427 429 430 434 435 436 437 438 440 444 445 447 448 449 451 454 455 456 457 460 461 462 464 466 467 468 471 473 474 475 479 480 482 484 485 487 488 489 492 493 494 497 499 500
89 1551
90 2244 116 123 252 388 404 429 430 447 464
91 2195
92 1485
93 2201 94 95 96 100 107 109 110 112 114 115 116 117 119 122 123 129 133 136 137 138 141 143 144 146 149 150 153 157 158 159 161 162 163 164 165 167 168 169 178 182 184 185 186 187 189 191 193 194 195 196 198 199 200 203 205 209 211 213 214 216 217 221 222 223 224 225 227 231 245 246 247 252 253 255 256 260 261 264 267 270 271 272 277 278 279 281 282 285 286 287 288 295 297 298 299 301 303 304 306 309 312 314 315 318 319 324 326 327 329 330 334 338 339 342 343 351 352 353 360 363 366 370 373 378 381 382 383 384 385 386 388 389 390 391 394 395 397 399 401 402 403 404 405 406 408 411 413 414 417 418 419 420 421 423 424 425 427 429 430 434 435 436 437 438 440 444 447 448 449 451 455 456 457 460 461 462 464 466 467 468 471 473 475 482 484 487 488 489 492 493 494 497 500
94 1567 95 100 107 109 114 116 117 119 123 129 133 137 138 141 146 158 159 161 163 167 169 187 193 196 199 200 211 213 214 222 227 231 245 247 252 261 270 272 277 282 286 288 298 299 318 324 326 329 330 342 360 363 366 373 378 385 388 390 394 401 402 403 404 411 414 419 421 424 429 430 437 444 447 451 457 464 471 473 489 497
95 1397 96 100 101 102 107 109 110 112 114 115 116 117 118 119 122 123 126 129 133 136 137 138 141 143 144 145 146 147 149 150 151 153 157 158 159 160 161 162 163 164 165 167 168 169 178 182 184 185 186 187 189 191 193 194 195 196 198 199 200 203 205 209 211 213 214 216 217 221 222 223 224 225 227 231 237 245 246 247 248 252 253 255 256 260 261 264 267 270 271 272 277 278 279 281 282 285 286 287 288 293 295 297 298 299 300 301 303 304 306 309 311 312 314 315 317 318 319 324 326 327 329 330 334 338 339 342 343 351 352 353 360 363 366 369 370 373 378 381 382 383 384 385 386 388 389 390 391 394 395 397 398 399 401 402 403 404 405 406 407 408 411 412 413 414 417 418 419 420 421 423 424 425 427 429 430 434 435 436 437 438 440 444 445 447 448 449 451 454 455 456 457 460 461 462 464 466 467 468 471 473 475 479 482 484 485 487 488 489 492 493 494 497 499 500
96 2037 100 107 109 114 116 117 119 123 129 133 137 138 141 146 158 159 161 163 164 167 169 184 185 187 193 196 199 200 209 211 213 214 222 227 231 245 247 252 255 261 270 272 277 282 286 288 297 298 299 304 306 309 318 324 326 329 330 334 342 353 360 363 366 373 378 384 385 386 388 390 394 401 402 403 404 406 411 414 417 418 419 420 421 423 424 425 429 430 435 437 438 444 447 448 451 457 464 468 471 473 489 497
97 1153 116 123 196 252 388 404 429 430 447 464
98 840
99 1100
100 1833 107 109 114 115 116 117 119 123 129 133 137 138 141 143 146 149 150 153 157 158 159 161 163 164 167 168 169 178 182 184 185 186 187 189 191 193 194 195 196 198 199 200 205 209 211 213 214 216 217 221 222 227 231 245 247 252 255 260 261 264 267 270 271 272 277 278 279 281 282 285 286 287 288 297 298 299 301 303 304 306 309 312 314 318 319 324 326 329 330 334 338 339 342 343 351 353 360 363 366 370 373 378 384 385 386 388 390 391 394 395 397 399 401 402 403 404 405 406 408 411 413 414 417 418 419 420 421 423 424 425 427 429 430 434 435 436 437 438 440 444 447 448 449 451 456 457 460 462 464 468 471 473 475 482 484 487 489 492 493 497
101 958 116 117 123 137 158 163 169 196 213 252 270 288 324 378 388 390 402 404 429 430 444 447 451 457 464
102 839 116 117 123 137 158 163 169 196 213 245 252 270 288 324 378 388 390 402 404 429 430 444 447 451 457 464
103 1102
104 2491 116 117 123 137 163 196 213 252 270 288 378 388 390 402 404 429 430 447 451 457 464
105 1866
106 1674
107 1075 109 110 112 114 115 116 117 118 119 122 123 126 129 133 136 137 138 141 143 144 146 149 150 153 157 158 159 160 161 162 163 164 165 167 168 169 178 182 184 185 186 187 189 191 193 194 195 196 198 199 200 203 205 209 211 213 214 216 217 221 222 223 224 225 227 231 237 245 246 247 252 253 255 256 260 261 264 267 270 271 272 277 278 279 281 282 285 286 287 288 293 295 297 298 299 300 301 303 304 306 309 311 312 314 315 318 319 324 326 327 329 330 334 338 339 342 343 351 352 353 360 363 366 370 373 378 381 382 383 384 385 386 388 389 390 391 394 395 397 399 401 402 403 404 405 406 408 411 413 414 417 418 419 420 421 423 424 425 427 429 430 434 435 436 437 438 440 444 445 447 448 449 451 455 456 457 460 461 462 464 466 467 468 471 473 475 482 484 487 488 489 492 493 494 497 500
108 2188
109 2104 110 112 114 115 116 117 119 123 129 133 136 137 138 141 143 144 146 149 150 153 157 158 159 161 162 163 164 165 167 168 169 178 182 184 185 186 187 189 191 193 194 195 196 198 199 200 205 209 211 213 214 216 217 221 222 223 224 227 231 245 246 247 252 253 255 256 260 261 264 267 270 271 272 277 278 279 281 282 285 286 287 288 295 297 298 299 301 303 304 306 309 312 314 315 318 319 324 326 327 329 330 334 338 339 342 343 351 352 353 360 363 366 370 373 378 381 382 383 384 385 386 388 390 391 394 395 397 399 401 402 403 404 405 406 408 411 413 414 417 418 419 420 421 423 424 425 427 429 430 434 435 436 437 438 440 444 447 448 449 451 455 456 457 460 462 464 466 468 471 473 475 482 484 487 488 489 492 493 494 497 500
110 1167 116 117 119 123 129 137 138 146 158 163 169 187 196 200 211 213 214 222 231 245 252 270 277 282 286 288 298 299 318 324 326 329 363 366 373 378 385 388 390 402 403 404 411 419 424 429 430 444 447 451 457 464 471 473 497
111 1333
112 1341 116 117 119 123 129 137 138 146 158 163 169 187 196 200 211 213 214 222 231 245 252 270 277 282 286 288 298 299 318 324 326 329 363 366 373 378 385 388 390 402 403 404 411 419 424 429 430 444 447 451 457 464 471 473 497
113 1676
114 1031 115 116 117 119 123 129 133 137 138 141 143 146 149 150 153 157 158 159 161 163 164 167 168 169 178 182 184 185 186 187 189 191 193 194 195 196 198 199 200 205 209 211 213 214 216 217 221 222 227 231 245 247 252 255 260 261 264 267 270 271 272 277 278 279 281 282 285 286 287 288 297 298 299 301 303 304 306 309 312 314 318 319 324 326 329 330 334 338 339 342 343 351 353 360 363 366 370 373 378 384 385 386 388 390 391 394 395 397 399 401 402 403 404 405 406 408 411 413 414 417 418 419 420 421 423 424 425 427 429 430 434 435 436 437 438 440 444 447 448 449 451 456 457 460 462 464 468 471 473 475 482 484 487 489 492 493 497
115 2399 116 117 119 123 129 133 137 138 141 146 158 159 161 163 167 169 187 193 196 199 200 211 213 214 222 227 231 245 247 252 261 270 272 277 282 286 288 297 298 299 318 324 326 329 330 342 353 360 363 366 373 378 385 388 390 394 401 402 403 404 406 411 414 417 419 420 421 424 425 429 430 435 437 444 447 451 457 464 468 471 473 489 497
116 1033 117 118 119 122 123 126 129 130 133 136 137 138 141 143 144 145 146 147 148 149 150 151 152 153 157 158 159 160 161 162 163 164 165 167 168 169 175 178 182 184 185 186 187 189 191 193 194 195 196 198 199 200 203 205 208 209 210 211 213 214 216 217 218 221 222 223 224 225 227 231 232 237 239 243 244 245 246 247 248 252 253 254 255 256 258 260 261 264 267 270 271 272 273 276 277 278 279 281 282 283 285 286 287 288 293 295 297 298 299 300 301 303 304 306 308 309 311 312 314 315 317 318 319 324 325 326 327 329 330 332 334 337 338 339 342 343 347 351 352 353 355 359 360 363 366 367 369 370 373 378 380 381 382 383 384 385 386 388 389 390 391 394 395 397 398 399 401 402 403 404 405 406 407 408 411 412 413 414 416 417 418 419 420 421 422 423 424 425 427 429 430 434 435 436 437 438 440 444 445 447 448 449 451 454 455 456 457 460 461 462 464 466 467 468 469 471 473 474 475 479 480 482 484 485 487 488 489 492 493 494 497 498 499 500
117 1889 118 119 122 123 126 129 130 133 136 137 138 141 143 144 145 146 147 149 150 151 152 153 157 158 159 160 161 162 163 164 165 167 168 169 175 178 182 184 185 186 187 189 191 193 194 195 196 198 199 200 203 205 209 210 211 213 214 216 217 218 221 222 223 224 225 227 231 237 243 245 246 247 248 252 253 255 256 260 261 264 267 270 271 272 277 278 279 281 282 283 285 286 287 288 293 295 297 298 299 300 301 303 304 306 308 309 311 312 314 315 317 318 319 324 325 326 327 329 330 334 338 339 342 343 347 351 352 353 360 363 366 367 369 370 373 378 380 381 382 383 384 385 386 388 389 390 391 394 395 397 398 399 401 402 403 404 405 406 407 408 411 412 413 414 416 417 418 419 420 421 423 424 425 427 429 430 434 435 436 437 438 440 444 445 447 448 449 451 454 455 456 457 460 461 462 464 466 467 468 471 473 475 479 480 482 484 485 487 488 489 492 493 494 497 499 500
118 801 123 129 137 158 163 169 187 196 200 211 213 231 245 252 270 277 288 299 324 326 329 378 388 390 402 404 429 430 444 447 451 457 464 471
119 1647 122 123 129 133 136 137 138 141 143 144 146 149 150 153 157 158 159 161 162 163 164 165 167 168 169 178 182 184 185 186 187 189 191 193 194 195 196 198 199 200 203 205 209 211 213 214 216 217 221 222 223 224 225 227 231 245 246 247 252 253 255 256 260 261 264 267 270 271 272 277 278 279 281 282 285 286 287 288 295 297 298 299 301 303 304 306 309 312 314 315 318 319 324 326 327 329 330 334 338 339 342 343 351 352 353 360 363 366 370 373 378 381 382 383 384 385 386 388 389 390 391 394 395 397 399 401 402 403 404 405 406 408 411 413 414 417 418 419 420 421 423 424 425 427 429 430 434 435 436 437 438 440 444 445 447 448 449 451 455 456 457 460 461 462 464 466 467 468 471 473 475 482 484 487 488 489 492 493 494 497 500
120 816
121 829
122 2462 123 129 137 146 158 163 169 187 196 200 211 213 214 222 231 245 252 270 277 286 288 298 299 318 324 326 329 366 373 378 385 388 390 402 403 404 424 429 430 444 447 451 457 464 471
123 576 126 129 130 133 136 137 138 141 143 144 145 146 147 148 149 150 151 152 153 157 158 159 160 161 162 163 164 165 167 168 169 175 178 182 184 185 186 187 189 191 193 194 195 196 198 199 200 203 205 208 209 210 211 213 214 216 217 218 221 222 223 224 225 227 231 237 239 243 244 245 246 247 248 252 253 254 255 256 258 260 261 264 267 270 271 272 273 276 277 278 279 281 282 283 285 286 287 288 293 295 297 298 299 300 301 303 304 306 308 309 311 312 314 315 317 318 319 324 325 326 327 329 330 332 334 338 339 342 343 347 351 352 353 355 359 360 363 366 367 369 370 373 378 380 381 382 383 384 385 386 388 389 390 391 394 395 397 398 399 401 402 403 404 405 406 407 408 411 412 413 414 416 417 418 419 420 421 423 424 425 427 429 430 434 435 436 437 438 440 444 445 447 448 449 451 454 455 456 457 460 461 462 464 466 467 468 469 471 473 474 475 479 480 482 484 485 487 488 489 492 493 494 497 499 500
124 1747
125 1275
126 1352 129 137 158 163 169 187 196 200 211 213 231 245 252 270 277 288 299 324 326 329 378 388 390 402 404 429 430 444 447 451 457 464 471
127 2387
128 2463
129 1742 133 136 137 138 141 143 144 145 146 149 150 153 157 158 159 160 161 162 163 164 165 167 168 169 178 182 184 185 186 187 189 191 193 194 195 196 198 199 200 203 205 209 211 213 214 216 217 221 222 223 224 225 227 231 237 245 246 247 252 253 255 256 260 261 264 267 270 271 272 277 278 279 281 282 285 286 287 288 293 295 297 298 299 300 301 303 304 306 309 311 312 314 315 318 319 324 326 327 329 330 334 338 339 342 343 351 352 353 360 363 366 370 373 378 381 382 383 384 385 386 388 389 390 391 394 395 397 399 401 402 403 404 405 406 408 411 412 413 414 417 418 419 420 421 423 424 425 427 429 430 434 435 436 437 438 440 444 445 447 448 449 451 455 456 457 460 461 462 464 466 467 468 471 473 475 482 484 487 488 489 492 493 494 497 500
130 930 137 163 196 213 252 270 288 378 388 390 404 429 430 447 457 464
131 1152
132 2231
133 1057 137 138 141 143 146 149 150 153 157 158 159 161 163 164 165 167 168 169 178 182 184 185 186 187 189 191 193 194 195 196 198 199 200 205 209 211 213 214 216 217 221 222 227 231 245 246 247 252 255 256 260 261 264 267 270 271 272 277 278 279 281 282 285 286 287 288 295 297 298 299 301 303 304 306 309 312 314 315 318 319 324 326 327 329 330 334 338 339 342 343 351 352 353 360 363 366 370 373 378 381 383 384 385 386 388 390 391 394 395 397 399 401 402 403 404 405 406 408 411 413 414 417 418 419 420 421 423 424 425 427 429 430 434 435 436 437 438 440 444 447 448 449 451 455 456 457 460 462 464 466 468 471 473 475 482 484 487 488 489 492 493 494 497
134 1612
135 1195
136 2063 137 138 146 158 163 169 187 196 200 211 213 214 222 231 245 252 270 277 282 286 288 298 299 318 324 326 329 363 366 373 378 385 388 390 402 403 404 424 429 430 444 447 451 457 464 471 473
137 1746 138 141 143 144 145 146 147 149 150 151 152 153 157 158 159 160 161 162 163 164 165 167 168 169 175 178 182 184 185 186 187 189 191 193 194 195 196 198 199 200 203 205 209 210 211 213 214 216 217 218 221 222 223 224 225 227 231 237 243 245 246 247 248 252 253 255 256 260 261 264 267 270 271 272 277 278 279 281 282 283 285 286 287 288 293 295 297 298 299 300 301 303 304 306 308 309 311 312 314 315 317 318 319 324 325 326 327 329 330 334 338 339 342 343 347 351 352 353 360 363 366 367 369 370 373 378 380 381 382 383 384 385 386 388 389 390 391 394 395 397 398 399 401 402 403 404 405 406 407 408 411 412 413 414 416 417 418 419 420 421 423 424 425 427 429 430 434 435 436 437 438 440 444 445 447 448 449 451 454 455 456 457 460 461 462 464 466 467 468 471 473 475 479 480 482 484 485 487 488 489 492 493 494 497 499 500
138 915 141 143 144 146 149 150 153 157 158 159 161 162 163 164 165 167 168 169 178 182 184 185 186 187 189 191 193 194 195 196 198 199 200 203 205 209 211 213 214 216 217 221 222 223 224 227 231 245 246 247 252 253 255 256 260 261 264 267 270 271 272 277 278 279 281 282 285 286 287 288 295 297 298 299 301 303 304 306 309 312 314 315 318 319 324 326 327 329 330 334 338 339 342 343 351 352 353 360 363 366 370 373 378 381 382 383 384 385 386 388 390 391 394 395 397 399 401 402 403 404 405 406 408 411 413 414 417 418 419 420 421 423 424 425 427 429 430 434 435 436 437 438 440 444 447 448 449 451 455 456 457 460 462 464 466 468 471 473 475 482 484 487 488 489 492 493 494 497 500
139 2124
140 2094
141 1430 143 146 150 153 157 158 159 161 163 164 167 168 169 184 185 186 187 189 191 193 195 196 198 199 200 205 209 211 213 214 216 217 221 222 227 231 245 247 252 255 260 261 264 267 270 271 272 277 278 279 282 285 286 287 288 297 298 299 301 303 304 306 309 312 314 318 319 324 326 329 330 334 338 339 342 343 351 353 360 363 366 370 373 378 384 385 386 388 390 391 394 395 397 399 401 402 403 404 405 406 408 411 413 414 417 418 419 420 421 423 424 425 429 430 434 435 437 438 444 447 448 449 451 456 457 460 464 468 471 473 475 484 487 489 492 493 497
142 548
143 2023 146 158 159 161 163 164 167 169 184 185 187 193 196 199 200 205 209 211 213 214 216 217 222 227 231 245 247 252 255 261 270 272 277 278 282 286 288 297 298 299 304 306 309 318 324 326 329 330 334 338 342 343 353 360 363 366 373 378 384 385 386 388 390 391 394 397 401 402 403 404 406 408 411 414 417 418 419 420 421 423 424 425 429 430 434 435 437 438 444 447 448 451 457 464 468 471 473 487 489 497
144 667 146 158 163 169 187 196 200 211 213 214 222 231 245 252 270 277 282 286 288 298 299 318 324 326 329 363 366 373 378 385 388 390 402 403 404 419 424 429 430 444 447 451 457 464 471 473
145 2212 158 163 169 187 196 211 213 231 245 252 270 288 324 378 388 390 402 404 429 430 444 447 451 457 464 471
146 1035 149 150 153 157 158 159 161 162 163 164 165 167 168 169 178 182 184 185 186 187 189 191 193 194 195 196 198 199 200 203 205 209 211 213 214 216 217 221 222 223 224 225 227 231 245 246 247 252 253 255 256 260 261 264 267 270 271 272 277 278 279 281 282 285 286 287 288 295 297 298 299 301 303 304 306 309 312 314 315 318 319 324 326 327 329 330 334 338 339 342 343 351 352 353 360 363 366 370 373 378 381 382 383 384 385 386 388 390 391 394 395 397 399 401 402 403 404 405 406 408 411 413 414 417 418 419 420 421 423 424 425 427 429 430 434 435 436 437 438 440 444 447 448 449 451 455 456 457 460 462 464 466 468 471 473 475 482 484 487 488 489 492 493 494 497 500
147 1029 158 163 169 196 213 252 270 288 324 378 388 390 402 404 429 430 444 447 451 457 464
148 1547 252 388 404 429 430 447 464
149 1934 158 163 167 169 187 193 196 200 211 213 214 222 227 231 245 247 252 261 270 272 277 282 286 288 298 299 318 324 326 329 363 366 373 378 385 388 390 402 403 404 411 414 419 424 429 430 437 444 447 451 457 464 471 473 489 497
150 1204 158 159 161 163 167 169 187 193 196 199 200 211 213 214 222 227 231 245 247 252 261 270 272 277 282 286 288 297 298 299 318 324 326 329 330 342 360 363 366 373 378 385 388 390 394 401 402 403 404 406 411 414 419 421 424 425 429 430 435 437 444 447 451 457 464 468 471 473 489 497
151 1317 158 163 169 187 196 213 245 252 270 288 324 378 388 390 402 404 429 430 444 447 451 457 464 471
152 2308 163 196 213 252 270 288 378 388 390 404 429 430 447 451 457 464
153 1533 158 159 161 163 164 167 169 184 185 187 193 196 199 200 205 209 211 213 214 216 217 222 227 231 245 247 252 255 261 270 272 277 282 286 288 297 298 299 304 306 309 318 324 326 329 330 334 338 342 343 353 360 363 366 373 378 384 385 386 388 390 394 397 401 402 403 404 406 411 414 417 418 419 420 421 423 424 425 429 430 434 435 437 438 444 447 448 451 457 464 468 471 473 489 497
154 2120 252 447
155 1234
156 2474
157 2425 158 159 161 163 164 167 169 184 185 187 193 196 199 200 205 209 211 213 214 216 217 222 227 231 245 247 252 255 261 270 272 277 282 286 288 297 298 299 304 306 309 318 324 326 329 330 334 338 342 343 353 360 363 366 373 378 384 385 386 388 390 394 397 401 402 403 404 406 411 414 417 418 419 420 421 423 424 425 429 430 434 435 437 438 444 447 448 451 457 464 468 471 473 489 497
158 1699 159 160 161 162 163 164 165 167 168 169 178 182 184 185 186 187 189 191 193 194 195 196 198 199 200 203 205 209 210 211 213 214 216 217 221 222 223 224 225 227 231 237 243 245 246 247 248 252 253 255 256 260 261 264 267 270 271 272 277 278 279 281 282 285 286 287 288 293 295 297 298 299 300 301 303 304 306 309 311 312 314 315 317 318 319 324 326 327 329 330 334 338 339 342 343 351 352 353 360 363 366 369 370 373 378 380 381 382 383 384 385 386 388 389 390 391 394 395 397 398 399 401 402 403 404 405 406 407 408 411 412 413 414 416 417 418 419 420 421 423 424 425 427 429 430 434 435 436 437 438 440 444 445 447 448 449 451 454 455 456 457 460 461 462 464 466 467 468 471 473 475 479 480 482 484 485 487 488 489 492 493 494 497 499 500
159 2208 161 163 164 167 168 169 178 184 185 186 187 189 191 193 194 195 196 198 199 200 205 209 211 213 214 216 217 221 222 227 231 245 247 252 255 260 261 264 267 270 271 272 277 278 279 281 282 285 286 287 288 297 298 299 301 303 304 306 309 312 314 318 319 324 326 329 330 334 338 339 342 343 351 353 360 363 366 370 373 378 384 385 386 388 390 391 394 395 397 399 401 402 403 404 405 406 408 411 413 414 417 418 419 420 421 423 424 425 427 429 430 434 435 436 437 438 444 447 448 449 451 456 457 460 462 464 468 471 473 475 482 484 487 489 492 493 497
160 1305 163 169 187 196 200 211 213 231 245 252 270 277 288 299 324 326 329 378 388 390 402 404 429 430 444 447 451 457 464 471
161 1577 163 164 167 168 169 184 185 186 187 189 191 193 195 196 198 199 200 205 209 211 213 214 216 217 221 222 227 231 245 247 252 255 260 261 264 267 270 271 272 277 278 279 282 285 286 287 288 297 298 299 301 303 304 306 309 312 314 318 319 324 326 329 330 334 338 339 342 343 351 353 360 363 366 370 373 378 384 385 386 388 390 391 394 395 397 399 401 402 403 404 405 406 408 411 413 414 417 418 419 420 421 423 424 425 429 430 434 435 437 438 444 447 448 449 451 456 457 460 464 468 471 473 475 484 487 489 492 493 497
162 1177 163 169 187 196 200 211 213 214 222 231 245 252 270 277 282 286 288 298 299 318 324 326 329 363 366 373 378 385 388 390 402 403 404 424 429 430 444 447 451 457 464 471 473
163 1986 164 165 167 168 169 175 178 182 184 185 186 187 189 191 193 194 195 196 198 199 200 203 205 208 209 210 211 213 214 216 217 218 221 222 223 224 225 227 231 237 243 245 246 247 248 252 253 255 256 258 260 261 264 267 270 271 272 276 277 278 279 281 282 283 285 286 287 288 293 295 297 298 299 300 301 303 304 306 308 309 311 312 314 315 317 318 319 324 325 326 327 329 330 334 338 339 342 343 347 351 352 353 360 363 366 367 369 370 373 378 380 381 382 383 384 385 386 388 389 390 391 394 395 397 398 399 401 402 403 404 405 406 407 408 411 412 413 414 416 417 418 419 420 421 423 424 425 427 429 430 434 435 436 437 438 440 444 445 447 448 449 451 454 455 456 457 460 461 462 464 466 467 468 471 473 475 479 480 482 484 485 487 488 489 492 493 494 497 499 500
164 799 167 169 184 185 187 193 196 198 199 200 205 209 211 213 214 216 217 221 222 227 231 245 247 252 255 261 270 272 277 278 282 285 286 288 297 298 299 303 304 306 309 312 314 318 324 326 329 330 334 338 342 343 351 353 360 363 366 370 373 378 384 385 386 388 390 391 394 397 401 402 403 404 405 406 408 411 414 417 418 419 420 421 423 424 425 429 430 434 435 437 438 444 447 448 449 451 456 457 464 468 471 473 487 489 492 493 497
165 805 167 169 187 193 196 200 211 213 214 222 227 231 245 252 270 272 277 282 286 288 298 299 318 324 326 329 363 366 373 378 385 388 390 402 403 404 411 419 424 429 430 444 447 451 457 464 471 473 489 497
166 931
167 1653 168 169 178 182 184 185 186 187 189 191 193 194 195 196 198 199 200 205 209 211 213 214 216 217 221 222 227 231 245 246 247 252 255 256 260 261 264 267 270 271 272 277 278 279 281 282 285 286 287 288 297 298 299 301 303 304 306 309 312 314 315 318 319 324 326 327 329 330 334 338 339 342 343 351 352 353 360 363 366 370 373 378 381 383 384 385 386 388 390 391 394 395 397 399 401 402 403 404 405 406 408 411 413 414 417 418 419 420 421 423 424 425 427 429 430 434 435 436 437 438 440 444 447 448 449 451 455 456 457 460 462 464 468 471 473 475 482 484 487 488 489 492 493 494 497
168 2384 169 187 193 196 199 200 211 213 214 222 227 231 245 247 252 261 270 272 277 282 286 288 297 298 299 318 324 326 329 330 342 360 363 366 373 378 385 388 390 394 401 402 403 404 411 414 419 421 424 425 429 430 435 437 444 447 451 457 464 471 473 489 497
169 1721 178 182 184 185 186 187 189 191 193 194 195 196 198 199 200 203 205 209 211 213 214 216 217 221 222 223 224 225 227 231 237 245 246 247 248 252 253 255 256 260 261 264 267 270 271 272 277 278 279 281 282 285 286 287 288 293 295 297 298 299 300 301 303 304 306 309 311 312 314 315 317 318 319 324 326 327 329 330 334 338 339 342 343 351 352 353 360 363 366 369 370 373 378 381 382 383 384 385 386 388 389 390 391 394 395 397 398 399 401 402 403 404 405 406 407 408 411 412 413 414 417 418 419 420 421 423 424 425 427 429 430 434 435 436 437 438 440 444 445 447 448 449 451 454 455 456 457 460 461 462 464 466 467 468 471 473 475 479 482 484 485 487 488 489 492 493 494 497 499 500
170 2428
171 1352
172 2154
173 1545
174 1187
175 905 196 213 252 270 288 378 388 390 402 404 429 430 447 451 457 464
176 1929
177 539
178 1760 187 193 196 200 211 213 214 222 227 231 245 247 252 261 270 272 277 282 286 288 298 299 318 324 326 329 342 360 363 366 373 378 385 388 390 402 403 404 411 414 419 421 424 429 430 437 444 447 451 457 464 471 473 489 497
179 1702
180 2494
181 948
182 2478 187 193 196 200 211 213 214 222 227 231 245 247 252 261 270 272 277 282 286 288 298 299 318 324 326 329 363 366 373 378 385 388 390 402 403 404 411 414 419 424 429 430 437 444 447 451 457 464 471 473 489 497
183 2149 252 447
184 1142 185 187 193 196 199 200 205 209 211 213 214 216 217 221 222 227 231 245 247 252 255 261 270 272 277 278 282 286 288 297 298 299 303 304 306 309 312 314 318 324 326 329 330 334 338 342 343 351 353 360 363 366 370 373 378 384 385 386 388 390 391 394 397 401 402 403 404 406 408 411 414 417 418 419 420 421 423 424 425 429 430 434 435 437 438 444 447 448 449 451 456 457 464 468 471 473 487 489 492 493 497
185 1103 187 193 196 198 199 200 205 209 211 213 214 216 217 221 222 227 231 245 247 252 255 260 261 270 272 277 278 282 285 286 288 297 298 299 303 304 306 309 312 314 318 324 326 329 330 334 338 339 342 343 351 353 360 363 366 370 373 378 384 385 386 388 390 391 394 397 401 402 403 404 405 406 408 411 414 417 418 419 420 421 423 424 425 429 430 434 435 437 438 444 447 448 449 451 456 457 464 468 471 473 487 489 492 493 497
186 1937 187 193 196 199 200 211 213 214 222 227 231 245 247 252 261 270 272 277 282 286 288 297 298 299 318 324 326 329 330 342 353 360 363 366 373 378 385 388 390 394 401 402 403 404 406 411 414 417 419 420 421 424 425 429 430 435 437 444 447 451 457 464 468 471 473 489 497
187 1170 189 191 193 194 195 196 198 199 200 203 205 209 211 213 214 216 217 221 222 223 224 225 227 231 237 245 246 247 248 252 253 255 256 260 261 264 267 270 271 272 277 278 279 281 282 285 286 287 288 293 295 297 298 299 300 301 303 304 306 309 311 312 314 315 318 319 324 326 327 329 330 334 338 339 342 343 351 352 353 360 363 366 370 373 378 381 382 383 384 385 386 388 389 390 391 394 395 397 399 401 402 403 404 405 406 407 408 411 412 413 414 417 418 419 420 421 423 424 425 427 429 430 434 435 436 437 438 440 444 445 447 448 449 451 454 455 456 457 460 461 462 464 466 467 468 471 473 475 482 484 485 487 488 489 492 493 494 497 499 500
188 1491
189 1555 193 196 199 200 211 213 214 222 227 231 245 247 252 261 270 272 277 282 286 288 298 299 318 324 326 329 330 342 360 363 366 373 378 385 388 390 394 401 402 403 404 411 414 419 421 424 425 429 430 435 437 444 447 451 457 464 471 473 489 497
190 612
191 2123 193 196 199 200 211 213 214 222 227 231 245 247 252 261 270 272 277 282 286 288 297 298 299 318 324 326 329 330 342 360 363 366 373 378 385 388 390 394 401 402 403 404 406 411 414 419 421 424 425 429 430 435 437 444 447 451 457 464 471 473 489 497
192 622
193 2404 194 195 196 198 199 200 205 209 211 213 214 216 217 221 222 227 231 245 246 247 252 255 256 260 261 264 267 270 271 272 277 278 279 281 282 285 286 287 288 297 298 299 301 303 304 306 309 312 314 315 318 319 324 326 327 329 330 334 338 339 342 343 351 352 353 360 363 366 370 373 378 381 383 384 385 386 388 390 391 394 395 397 399 401 402 403 404 405 406 408 411 413 414 417 418 419 420 421 423 424 425 427 429 430 434 435 436 437 438 440 444 447 448 449 451 455 456 457 460 462 464 468 471 473 475 482 484 487 488 489 492 493 494 497
194 1101 196 200 211 213 214 222 227 231 245 247 252 261 270 272 277 282 286 288 298 299 318 324 326 329 342 360 363 366 373 378 385 388 390 402 403 404 411 414 419 421 424 429 430 437 444 447 451 457 464 471 473 489 497
195 1824 196 199 200 211 213 214 222 227 231 245 247 252 261 270 272 277 282 286 288 297 298 299 318 324 326 329 330 342 360 363 366 373 378 385 388 390 394 401 402 403 404 406 411 414 419 421 424 425 429 430 435 437 444 447 451 457 464 468 471 473 489 497
196 2037 198 199 200 203 205 208 209 210 211 213 214 216 217 218 221 222 223 224 225 227 231 237 239 243 245 246 247 248 252 253 255 256 258 260 261 264 267 270 271 272 276 277 278 279 281 282 283 285 286 287 288 293 295 297 298 299 300 301 303 304 306 308 309 311 312 314 315 317 318 319 324 325 326 327 329 330 334 338 339 342 343 347 351 352 353 360 363 366 367 369 370 373 378 380 381 382 383 384 385 386 388 389 390 391 394 395 397 398 399 401 402 403 404 405 406 407 408 411 412 413 414 416 417 418 419 420 421 423 424 425 427 429 430 434 435 436 437 438 440 444 445 447 448 449 451 454 455 456 457 460 461 462 464 466 467 468 471 473 474 475 479 480 482 484 485 487 488 489 492 493 494 497 499 500
197 907
198 2417 199 200 209 211 213 214 222 227 231 245 247 252 255 261 270 272 277 282 286 288 297 298 299 304 306 309 318 324 326 329 330 334 342 353 360 363 366 373 378 384 385 386 388 390 394 401 402 403 404 406 411 414 417 418 419 420 421 423 424 425 429 430 435 437 438 444 447 448 451 457 464 468 471 473 489 497
199 1135 200 205 209 211 213 214 216 217 221 222 227 231 245 247 252 255 260 261 264 267 270 271 272 277 278 279 282 285 286 287 288 297 298 299 301 303 304 306 309 312 314 318 319 324 326 329 330 334 338 339 342 343 351 353 360 363 366 370 373 378 384 385 386 388 390 391 394 395 397 399 401 402 403 404 405 406 408 411 413 414 417 418 419 420 421 423 424 425 429 430 434 435 437 438 444 447 448 449 451 456 457 460 464 468 471 473 475 484 487 489 492 493 497
200 1325 203 205 209 211 213 214 216 217 221 222 223 224 225 227 231 237 245 246 247 252 253 255 256 260 261 264 267 270 271 272 277 278 279 281 282 285 286 287 288 295 297 298 299 301 303 304 306 309 311 312 314 315 318 319 324 326 327 329 330 334 338 339 342 343 351 352 353 360 363 366 370 373 378 381 382 383 384 385 386 388 389 390 391 394 395 397 399 401 402 403 404 405 406 408 411 413 414 417 418 419 420 421 423 424 425 427 429 430 434 435 436 437 438 440 444 445 447 448 449 451 455 456 457 460 461 462 464 466 467 468 471 473 475 482 484 487 488 489 492 493 494 497 500
201 974
202 1546
203 769 211 213 214 222 231 245 252 270 277 286 288 298 299 318 324 326 329 363 366 373 378 385 388 390 402 403 404 424 429 430 444 447 451 457 464 471
204 752
205 802 209 211 213 214 216 217 221 222 227 231 245 247 252 255 261 270 272 277 278 282 286 288 297 298 299 303 304 306 309 312 314 318 324 326 329 330 334 338 342 343 351 353 360 363 366 370 373 378 384 385 386 388 390 391 394 397 401 402 403 404 406 408 411 414 417 418 419 420 421 423 424 425 429 430 434 435 437 438 444 447 448 451 456 457 464 468 471 473 487 489 493 497
206 889
207 2244
208 778 213 252 270 378 388 390 404 429 430 447 457 464
209 1315 211 213 214 216 217 221 222 227 231 245 247 252 255 260 261 270 272 277 278 282 285 286 288 297 298 299 303 304 306 309 312 314 318 324 326 329 330 334 338 342 343 351 353 360 363 366 370 373 378 384 385 386 388 390 391 394 397 401 402 403 404 405 406 408 411 414 417 418 419 420 421 423 424 425 429 430 434 435 437 438 444 447 448 449 451 456 457 464 468 471 473 487 489 492 493 497
210 1683 213 252 270 288 378 388 390 402 404 429 430 447 451 457 464
211 722 213 214 216 217 221 222 223 224 225 227 231 237 245 246 247 252 253 255 256 260 261 264 267 270 271 272 277 278 279 281 282 285 286 287 288 293 295 297 298 299 300 301 303 304 306 309 311 312 314 315 318 319 324 326 327 329 330 334 338 339 342 343 351 352 353 360 363 366 370 373 378 381 382 383 384 385 386 388 389 390 391 394 395 397 399 401 402 403 404 405 406 408 411 412 413 414 417 418 419 420 421 423 424 425 427 429 430 434 435 436 437 438 440 444 445 447 448 449 451 455 456 457 460 461 462 464 466 467 468 471 473 475 482 484 487 488 489 492 493 494 497 500
212 2382
213 2006 214 216 217 218 221 222 223 224 225 227 231 237 239 243 245 246 247 248 252 253 255 256 258 260 261 264 267 270 271 272 276 277 278 279 281 282 283 285 286 287 288 293 295 297 298 299 300 301 303 304 306 308 309 311 312 314 315 317 318 319 324 325 326 327 329 330 334 338 339 342 343 347 351 352 353 360 363 366 367 369 370 373 378 380 381 382 383 384 385 386 388 389 390 391 394 395 397 398 399 401 402 403 404 405 406 407 408 411 412 413 414 416 417 418 419 420 421 423 424 425 427 429 430 434 435 436 437 438 440 444 445 447 448 449 451 454 455 456 457 460 461 462 464 466 467 468 471 473 474 475 479 480 482 484 485 487 488 489 492 493 494 497 499 500
214 1215 216 217 221 222 223 224 225 227 231 245 246 247 252 253 255 256 260 261 264 267 270 271 272 277 278 279 281 282 285 286 287 288 295 297 298 299 301 303 304 306 309 312 314 315 318 319 324 326 327 329 330 334 338 339 342 343 351 352 353 360 363 366 370 373 378 381 382 383 384 385 386 388 389 390 391 394 395 397 399 401 402 403 404 405 406 408 411 413 414 417 418 419 420 421 423 424 425 427 429 430 434 435 436 437 438 440 444 445 447 448 449 451 455 456 457 460 461 462 464 466 467 468 471 473 475 482 484 487 488 489 492 493 494 497 500
215 887
216 586 217 221 222 227 231 245 247 252 255 261 270 272 277 278 282 286 288 297 298 299 304 306 309 312 318 324 326 329 330 334 338 342 343 353 360 363 366 370 373 378 384 385 386 388 390 391 394 397 401 402 403 404 406 408 411 414 417 418 419 420 421 423 424 425 429 430 434 435 437 438 444 447 448 451 457 464 468 471 473 487 489 497
217 2172 221 222 227 231 245 247 252 255 261 270 272 277 278 282 286 288 297 298 299 303 304 306 309 312 314 318 324 326 329 330 334 338 342 343 351 353 360 363 366 370 373 378 384 385 386 388 390 391 394 397 401 402 403 404 406 408 411 414 417 418 419 420 421 423 424 425 429 430 434 435 437 438 444 447 448 449 451 456 457 464 468 471 473 487 489 493 497
218 1425 252 270 288 378 388 390 404 429 430 447 457 464
219 962
220 1255 252 447
221 875 222 227 231 245 247 252 255 261 270 272 277 282 286 288 297 298 299 304 306 309 318 324 326 329 330 334 338 342 343 353 360 363 366 373 378 384 385 386 388 390 394 397 401 402 403 404 406 411 414 417 418 419 420 421 423 424 425 429 430 434 435 437 438 444 447 448 451 457 464 468 471 473 489 497
222 2119 223 224 225 227 231 245 246 247 252 253 255 256 260 261 264 267 270 271 272 277 278 279 281 282 285 286 287 288 295 297 298 299 301 303 304 306 309 312 314 315 318 319 324 326 327 329 330 334 338 339 342 343 351 352 353 360 363 366 370 373 378 381 382 383 384 385 386 388 389 390 391 394 395 397 399 401 402 403 404 405 406 408 411 413 414 417 418 419 420 421 423 424 425 427 429 430 434 435 436 437 438 440 444 445 447 448 449 451 455 456 457 460 461 462 464 466 467 468 471 473 475 482 484 487 488 489 492 493 494 497 500
223 2173 231 245 252 270 277 282 286 288 298 299 318 324 326 329 363 366 373 378 385 388 390 402 403 404 419 424 429 430 444 447 451 457 464 471 473 497
224 1594 231 245 252 270 277 282 286 288 298 299 318 324 326 329 363 366 373 378 385 388 390 402 403 404 419 424 429 430 444 447 451 457 464 471 473
225 500 231 245 252 270 277 286 288 298 299 318 324 326 329 366 373 378 385 388 390 402 403 404 424 429 430 444 447 451 457 464 471
226 788
227 1499 231 245 246 247 252 255 256 260 261 264 267 270 271 272 277 278 279 281 282 285 286 287 288 297 298 299 301 303 304 306 309 312 314 315 318 319 324 326 327 329 330 334 338 339 342 343 351 352 353 360 363 366 370 373 378 381 383 384 385 386 388 390 391 394 395 397 399 401 402 403 404 405 406 408 411 413 414 417 418 419 420 421 423 424 425 427 429 430 434 435 436 437 438 440 444 447 448 449 451 455 456 457 460 462 464 468 471 473 475 482 484 487 488 489 492 493 494 497
228 1253
229 708
230 1986
231 817 237 245 246 247 252 253 255 256 260 261 264 267 270 271 272 277 278 279 281 282 285 286 287 288 293 295 297 298 299 300 301 303 304 306 309 311 312 314 315 318 319 324 326 327 329 330 334 338 339 342 343 351 352 353 360 363 366 370 373 378 381 382 383 384 385 386 388 389 390 391 394 395 397 399 401 402 403 404 405 406 408 411 412 413 414 417 418 419 420 421 423 424 425 427 429 430 434 435 436 437 438 440 444 445 447 448 449 451 455 456 457 460 461 462 464 466 467 468 471 473 475 482 484 487 488 489 492 493 494 497 500
232 556 252 388 404 447
233 1477
234 1210
235 919
236 957
237 1269 245 252 270 277 286 288 299 324 326 329 378 388 390 402 404 424 429 430 444 447 451 457 464 471
238 1318
239 1181 252 388 390 404 429 430 447 457 464
240 1390
241 2259
242 1013
243 1515 252 270 288 378 388 390 402 404 429 430 444 447 451 457 464
244 2472 252 388 404 429 430 447 464
245 2006 246 247 248 252 253 255 256 260 261 264 267 270 271 272 277 278 279 281 282 285 286 287 288 293 295 297 298 299 300 301 303 304 306 309 311 312 314 315 317 318 319 324 326 327 329 330 334 338 339 342 343 351 352 353 360 363 366 370 373 378 381 382 383 384 385 386 388 389 390 391 394 395 397 398 399 401 402 403 404 405 406 407 408 411 412 413 414 417 418 419 420 421 423 424 425 427 429 430 434 435 436 437 438 440 444 445 447 448 449 451 454 455 456 457 460 461 462 464 466 467 468 471 473 475 482 484 485 487 488 489 492 493 494 497 499 500
246 992 252 261 270 272 277 282 286 288 298 299 318 324 326 329 363 366 373 378 385 388 390 402 403 404 411 419 424 429 430 444 447 451 457 464 471 473 489 497
247 504 252 255 260 261 264 267 270 271 272 277 278 279 281 282 285 286 287 288 297 298 299 301 303 304 306 309 312 314 318 319 324 326 329 330 334 338 339 342 343 351 353 360 363 366 370 373 378 384 385 386 388 390 391 394 395 397 399 401 402 403 404 405 406 408 411 413 414 417 418 419 420 421 423 424 425 427 429 430 434 435 436 437 438 444 447 448 449 451 456 457 460 462 464 468 471 473 475 482 484 487 489 492 493 497
248 1966 252 270 288 324 378 388 390 402 404 429 430 444 447 451 457 464 471
249 1083
250 2129
251 1034
252 2357 253 254 255 256 258 260 261 264 267 270 271 272 273 276 277 278 279 281 282 283 285 286 287 288 293 295 297 298 299 300 301 303 304 306 308 309 311 312 314 315 317 318 319 324 325 326 327 329 330 332 334 337 338 339 342 343 347 351 352 353 355 359 360 363 366 367 369 370 373 378 380 381 382 383 384 385 386 388 389 390 391 394 395 397 398 399 401 402 403 404 405 406 407 408 411 412 413 414 416 417 418 419 420 421 422 423 424 425 427 429 430 434 435 436 437 438 440 444 445 447 448 449 451 454 455 456 457 460 461 462 464 466 467 468 469 471 473 474 475 479 480 482 484 485 487 488 489 492 493 494 497 498 499 500
253 1528 270 277 282 286 288 298 299 318 324 326 329 363 366 373 378 385 388 390 402 403 404 419 424 429 430 444 447 451 457 464 471 473
254 1159 388 404 429 430 447 464
255 2365 261 270 272 277 278 282 285 286 288 297 298 299 303 304 306 309 312 314 318 324 326 329 330 334 338 342 343 351 353 360 363 366 370 373 378 384 385 386 388 390 391 394 397 401 402 403 404 406 408 411 414 417 418 419 420 421 423 424 425 429 430 434 435 437 438 444 447 448 449 451 456 457 464 468 471 473 487 489 492 493 497
256 1002 270 272 277 282 286 288 298 299 318 324 326 329 363 366 373 378 385 388 390 402 403 404 411 419 424 429 430 444 447 451 457 464 471 473 489 497
257 1923
258 1463 378 388 390 404 429 430 447 457 464
259 789
260 1595 261 270 272 277 282 286 288 297 298 299 306 309 318 324 326 329 330 334 342 353 360 363 366 373 378 384 385 386 388 390 394 401 402 403 404 406 411 414 417 418 419 420 421 424 425 429 430 435 437 438 444 447 448 451 457 464 468 471 473 489 497
261 2283 264 267 270 271 272 277 278 279 281 282 285 286 287 288 297 298 299 301 303 304 306 309 312 314 315 318 319 324 326 327 329 330 334 338 339 342 343 351 353 360 363 366 370 373 378 381 383 384 385 386 388 390 391 394 395 397 399 401 402 403 404 405 406 408 411 413 414 417 418 419 420 421 423 424 425 427 429 430 434 435 436 437 438 440 444 447 448 449 451 455 456 457 460 462 464 468 471 473 475 482 484 487 488 489 492 493 497
262 1682
263 1282
264 968 270 272 277 282 286 288 297 298 299 318 324 326 329 330 342 353 360 363 366 373 378 385 388 390 394 401 402 403 404 406 411 414 417 419 420 421 424 425 429 430 435 437 444 447 451 457 464 468 471 473 489 497
265 1124
266 1548
267 618 270 272 277 282 286 288 297 298 299 306 318 324 326 329 330 342 353 360 363 366 373 378 384 385 388 390 394 401 402 403 404 406 411 414 417 419 420 421 424 425 429 430 435 437 438 444 447 448 451 457 464 468 471 473 489 497
268 1751
269 975
270 1937 271 272 277 278 279 281 282 283 285 286 287 288 293 295 297 298 299 300 301 303 304 306 308 309 311 312 314 315 317 318 319 324 325 326 327 329 330 334 338 339 342 343 347 351 352 353 360 363 366 367 369 370 373 378 380 381 382 383 384 385 386 388 389 390 391 394 395 397 398 399 401 402 403 404 405 406 407 408 411 412 413 414 416 417 418 419 420 421 423 424 425 427 429 430 434 435 436 437 438 440 444 445 447 448 449 451 454 455 456 457 460 461 462 464 466 467 468 471 473 475 479 480 482 484 485 487 488 489 492 493 494 497 499 500
271 786 272 277 282 286 288 297 298 299 318 324 326 329 330 342 353 360 363 366 373 378 385 388 390 394 401 402 403 404 406 411 414 417 419 420 421 424 425 429 430 435 437 444 447 451 457 464 468 471 473 489 497
272 909 277 278 279 281 282 285 286 287 288 297 298 299 301 303 304 306 309 312 314 315 318 319 324 326 327 329 330 334 338 339 342 343 351 352 353 360 363 366 370 373 378 381 383 384 385 386 388 390 391 394 395 397 399 401 402 403 404 405 406 408 411 413 414 417 418 419 420 421 423 424 425 427 429 430 434 435 436 437 438 440 444 447 448 449 451 455 456 457 460 462 464 468 471 473 475 482 484 487 488 489 492 493 494 497
273 1117 388 404 429 430 447 464
274 736
275 518
276 1282 378 388 390 404 429 430 447 457 464
277 1606 278 279 281 282 285 286 287 288 293 295 297 298 299 301 303 304 306 309 311 312 314 315 318 319 324 326 327 329 330 334 338 339 342 343 351 352 353 360 363 366 370 373 378 381 382 383 384 385 386 388 389 390 391 394 395 397 399 401 402 403 404 405 406 408 411 413 414 417 418 419 420 421 423 424 425 427 429 430 434 435 436 437 438 440 444 445 447 448 449 451 455 456 457 460 461 462 464 466 467 468 471 473 475 482 484 487 488 489 492 493 494 497 500
278 522 282 286 288 297 298 299 304 306 309 312 318 324 326 329 330 334 338 342 343 353 360 363 366 373 378 384 385 386 388 390 391 394 397 401 402 403 404 406 408 411 414 417 418 419 420 421 423 424 425 429 430 434 435 437 438 444 447 448 451 457 464 468 471 473 487 489 497
279 908 282 286 288 297 298 299 318 324 326 329 330 342 353 360 363 366 373 378 385 388 390 394 401 402 403 404 406 411 414 417 419 420 421 424 425 429 430 435 437 444 447 451 457 464 468 471 473 489 497
280 687
281 1334 282 286 288 298 299 318 324 326 329 342 360 363 366 373 378 385 388 390 402 403 404 411 414 419 421 424 429 430 437 444 447 451 457 464 471 473 489 497
282 2401 285 286 287 288 295 297 298 299 301 303 304 306 309 312 314 315 318 319 324 326 327 329 330 334 338 339 342 343 351 352 353 360 363 366 370 373 378 381 382 383 384 385 386 388 390 391 394 395 397 399 401 402 403 404 405 406 408 411 413 414 417 418 419 420 421 423 424 425 427 429 430 434 435 436 437 438 440 444 447 448 449 451 455 456 457 460 462 464 466 468 471 473 475 482 484 487 488 489 492 493 494 497 500
283 565 288 378 388 390 404 429 430 447 451 457 464
284 1449
285 1790 286 288 297 298 299 304 306 309 318 324 326 329 330 334 342 353 360 363 366 373 378 384 385 386 388 390 394 401 402 403 404 406 411 414 417 418 419 420 421 423 424 425 429 430 435 437 438 444 447 448 451 457 464 468 471 473 489 497
286 1214 287 288 295 297 298 299 301 303 304 306 309 311 312 314 315 318 319 324 326 327 329 330 334 338 339 342 343 351 352 353 360 363 366 370 373 378 381 382 383 384 385 386 388 389 390 391 394 395 397 399 401 402 403 404 405 406 408 411 413 414 417 418 419 420 421 423 424 425 427 429 430 434 435 436 437 438 440 444 445 447 448 449 451 455 456 457 460 461 462 464 466 467 468 471 473 475 482 484 487 488 489 492 493 494 497 500
287 742 288 298 299 318 324 326 329 330 342 360 363 366 373 378 385 388 390 394 401 402 403 404 411 414 419 421 424 425 429 430 435 437 444 447 451 457 464 471 473 489 497
288 641 293 295 297 298 299 300 301 303 304 306 308 309 311 312 314 315 317 318 319 324 325 326 327 329 330 334 338 339 342 343 347 351 352 353 360 363 366 367 369 370 373 378 380 381 382 383 384 385 386 388 389 390 391 394 395 397 398 399 401 402 403 404 405 406 407 408 411 412 413 414 416 417 418 419 420 421 423 424 425 427 429 430 434 435 436 437 438 440 444 445 447 448 449 451 454 455 456 457 460 461 462 464 466 467 468 471 473 475 479 480 482 484 485 487 488 489 492 493 494 497 499 500
289 1988
290 550
291 2167
292 529
293 1839 299 324 326 329 378 388 390 402 404 429 430 444 447 451 457 464 471
294 1921
295 1523 298 299 318 324 326 329 363 366 373 378 385 388 390 402 403 404 411 419 424 429 430 444 447 451 457 464 471 473 497
296 2402
297 1497 298 299 301 303 304 306 309 312 314 318 319 324 326 329 330 334 338 339 342 343 351 353 360 363 366 370 373 378 384 385 386 388 390 391 394 395 397 399 401 402 403 404 405 406 408 411 414 417 418 419 420 421 423 424 425 429 430 434 435 437 438 444 447 448 449 451 456 457 464 468 471 473 475 484 487 489 492 493 497
298 625 299 301 303 304 306 309 312 314 315 318 319 324 326 327 329 330 334 338 339 342 343 351 352 353 360 363 366 370 373 378 381 382 383 384 385 386 388 389 390 391 394 395 397 399 401 402 403 404 405 406 408 411 413 414 417 418 419 420 421 423 424 425 427 429 430 434 435 436 437 438 440 444 447 448 449 451 455 456 457 460 462 464 466 468 471 473 475 482 484 487 488 489 492 493 494 497 500
299 2263 300 301 303 304 306 309 311 312 314 315 318 319 324 326 327 329 330 334 338 339 342 343 351 352 353 360 363 366 370 373 378 381 382 383 384 385 386 388 389 390 391 394 395 397 399 401 402 403 404 405 406 408 411 413 414 417 418 419 420 421 423 424 425 427 429 430 434 435 436 437 438 440 444 445 447 448 449 451 455 456 457 460 461 462 464 466 467 468 471 473 475 482 484 487 488 489 492 493 494 497 500
300 2489 324 326 329 378 388 390 402 404 429 430 444 447 451 457 464 471
301 2085 318 324 326 329 330 342 360 363 366 373 378 385 388 390 394 401 402 403 404 406 411 414 419 421 424 425 429 430 435 437 444 447 451 457 464 471 473 489 497
302 1412
303 2395 304 306 309 318 324 326 329 330 334 338 342 343 353 360 363 366 373 378 384 385 386 388 390 394 401 402 403 404 406 411 414 417 418 419 420 421 423 424 425 429 430 434 435 437 438 444 447 448 451 457 464 468 471 473 489 497
304 1162 306 309 312 314 318 324 326 329 330 334 338 342 343 351 353 360 363 366 370 373 378 384 385 386 388 390 391 394 397 401 402 403 404 405 406 408 411 414 417 418 419 420 421 423 424 425 429 430 434 435 437 438 444 447 448 449 451 456 457 464 468 471 473 487 489 492 493 497
305 2471
306 719 309 312 314 318 324 326 329 330 334 338 339 342 343 351 353 360 363 366 370 373 378 384 385 386 388 390 391 394 397 401 402 403 404 405 406 408 411 414 417 418 419 420 421 423 424 425 429 430 434 435 437 438 444 447 448 449 451 456 457 464 468 471 473 487 489 492 493 497
307 1632
308 1871 378 388 390 404 429 430 447 457 464
309 2210 312 314 318 324 326 329 330 334 338 342 343 351 353 360 363 366 370 373 378 384 385 386 388 390 391 394 397 401 402 403 404 405 406 408 411 414 417 418 419 420 421 423 424 425 429 430 434 435 437 438 444 447 448 449 451 456 457 464 468 471 473 487 489 492 493 497
310 646
311 868 324 326 329 378 388 390 402 404 424 429 430 444 447 451 457 464 471
312 1872 318 324 326 329 330 334 338 342 343 353 360 363 366 373 378 384 385 386 388 390 391 394 397 401 402 403 404 406 408 411 414 417 418 419 420 421 423 424 425 429 430 434 435 437 438 444 447 448 451 457 464 468 471 473 487 489 497
313 1756
314 1570 318 324 326 329 330 334 338 342 343 353 360 363 366 373 378 384 385 386 388 390 394 401 402 403 404 406 411 414 417 418 419 420 421 423 424 425 429 430 435 437 438 444 447 448 451 457 464 468 471 473 489 497
315 1688 318 324 326 329 363 366 373 378 385 388 390 402 403 404 411 419 424 429 430 444 447 451 457 464 471 473 489 497
316 535
317 1295 324 378 388 390 402 404 429 430 444 447 451 457 464
318 1875 319 324 326 327 329 330 334 338 339 342 343 351 352 353 360 363 366 370 373 378 381 382 383 384 385 386 388 389 390 391 394 395 397 399 401 402 403 404 405 406 408 411 413 414 417 418 419 420 421 423 424 425 427 429 430 434 435 436 437 438 440 444 447 448 449 451 455 456 457 460 461 462 464 466 467 468 471 473 475 482 484 487 488 489 492 493 494 497 500
319 1488 324 326 329 330 342 353 360 363 366 373 378 385 388 390 394 401 402 403 404 406 411 414 417 419 420 421 424 425 429 430 435 437 444 447 451 457 464 468 471 473 489 497
320 865
321 531
322 520
323 970
324 1082 326 327 329 330 334 338 339 342 343 351 352 353 360 363 366 369 370 373 378 381 382 383 384 385 386 388 389 390 391 394 395 397 398 399 401 402 403 404 405 406 407 408 411 412 413 414 417 418 419 420 421 423 424 425 427 429 430 434 435 436 437 438 440 444 445 447 448 449 451 454 455 456 457 460 461 462 464 466 467 468 471 473 475 479 482 484 485 487 488 489 492 493 494 497 499 500
325 2126 378 388 390 404 429 430 447 451 457 464
326 2421 327 329 330 334 338 339 342 343 351 352 353 360 363 366 370 373 378 381 382 383 384 385 386 388 389 390 391 394 395 397 399 401 402 403 404 405 406 408 411 413 414 417 418 419 420 421 423 424 425 427 429 430 434 435 436 437 438 440 444 445 447 448 449 451 455 456 457 460 461 462 464 466 467 468 471 473 475 482 484 487 488 489 492 493 494 497 500
327 995 329 363 366 373 378 385 388 390 402 403 404 411 419 424 429 430 444 447 451 457 464 471 473 489 497
328 810
329 1864 330 334 338 339 342 343 351 352 353 360 363 366 370 373 378 381 382 383 384 385 386 388 389 390 391 394 395 397 399 401 402 403 404 405 406 408 411 413 414 417 418 419 420 421 423 424 425 427 429 430 434 435 436 437 438 440 444 445 447 448 449 451 455 456 457 460 461 462 464 466 467 468 471 473 475 482 484 487 488 489 492 493 494 497 500
330 2335 334 338 339 342 343 351 353 360 363 366 370 373 378 384 385 386 388 390 391 394 395 397 399 401 402 403 404 405 406 408 411 413 414 417 418 419 420 421 423 424 425 429 430 434 435 436 437 438 444 447 448 449 451 456 457 460 464 468 471 473 475 484 487 489 492 493 497
331 1088
332 709 388 404 429 430 447 464
333 1619
334 1971 338 342 343 351 353 360 363 366 370 373 378 384 385 386 388 390 391 394 397 401 402 403 404 405 406 408 411 414 417 418 419 420 421 423 424 425 429 430 434 435 437 438 444 447 448 449 451 456 457 464 468 471 473 487 489 492 493 497
335 796
336 1186
337 1479 388 404 447
338 1135 342 343 351 353 360 363 366 370 373 378 384 385 386 388 390 391 394 397 401 402 403 404 406 408 411 414 417 418 419 420 421 423 424 425 429 430 434 435 437 438 444 447 448 449 451 456 457 464 468 471 473 487 489 493 497
339 1440 342 353 360 363 366 373 378 384 385 388 390 394 401 402 403 404 406 411 414 417 419 420 421 424 425 429 430 435 437 438 444 447 448 451 457 464 468 471 473 489 497
340 2405
341 597
342 1374 343 351 353 360 363 366 370 373 378 384 385 386 388 390 391 394 395 397 399 401 402 403 404 405 406 408 411 413 414 417 418 419 420 421 423 424 425 427 429 430 434 435 436 437 438 444 447 448 449 451 456 457 460 462 464 468 471 473 475 482 484 487 489 492 493 497
343 1837 351 353 360 363 366 370 373 378 384 385 386 388 390 391 394 397 401 402 403 404 406 408 411 414 417 418 419 420 421 423 424 425 429 430 434 435 437 438 444 447 448 451 457 464 468 471 473 487 489 493 497
344 2396
345 1350
346 1625
347 2388 378 388 390 404 429 430 447 457 464
348 1675
349 1667
350 1103
351 1226 353 360 363 366 373 378 384 385 386 388 390 394 401 402 403 404 406 411 414 417 418 419 420 421 423 424 425 429 430 434 435 437 438 444 447 448 451 457 464 468 471 473 489 497
352 638 363 366 373 378 385 388 390 402 403 404 411 419 424 429 430 444 447 451 457 464 471 473 497
353 1221 360 363 366 370 373 378 384 385 386 388 390 391 394 395 397 401 402 403 404 405 406 408 411 414 417 418 419 420 421 423 424 425 429 430 434 435 437 438 444 447 448 449 451 456 457 464 468 471 473 475 487 489 492 493 497
354 1265
355 2084 388 404 429 430 447 464
356 1657
357 1324
358 805
359 1409 388 404 429 430 447 464
360 1953 363 366 370 373 378 384 385 386 388 390 391 394 395 397 399 401 402 403 404 405 406 408 411 413 414 417 418 419 420 421 423 424 425 427 429 430 434 435 436 437 438 444 447 448 449 451 456 457 460 462 464 468 471 473 475 482 484 487 489 492 493 497
361 2052
362 1740
363 755 366 370 373 378 381 382 383 384 385 386 388 390 391 394 395 397 399 401 402 403 404 405 406 408 411 413 414 417 418 419 420 421 423 424 425 427 429 430 434 435 436 437 438 440 444 447 448 449 451 455 456 457 460 462 464 466 468 471 473 475 482 484 487 488 489 492 493 494 497 500
364 1463
365 2334
366 2440 370 373 378 381 382 383 384 385 386 388 389 390 391 394 395 397 399 401 402 403 404 405 406 408 411 413 414 417 418 419 420 421 423 424 425 427 429 430 434 435 436 437 438 440 444 447 448 449 451 455 456 457 460 461 462 464 466 468 471 473 475 482 484 487 488 489 492 493 494 497 500
367 2195 378 388 390 404 429 430 447 457 464
368 624
369 1203 378 388 390 402 404 429 430 444 447 451 457 464
370 1582 373 378 384 385 386 388 390 394 397 401 402 403 404 406 411 414 417 418 419 420 421 423 424 425 429 430 434 435 437 438 444 447 448 451 457 464 468 471 473 489 497
371 759
372 1744
373 1502 378 381 382 383 384 385 386 388 389 390 391 394 395 397 399 401 402 403 404 405 406 408 411 413 414 417 418 419 420 421 423 424 425 427 429 430 434 435 436 437 438 440 444 447 448 449 451 455 456 457 460 461 462 464 466 467 468 471 473 475 482 484 487 488 489 492 493 494 497 500
374 1371
375 2248
376 1938
377 1170
378 766 380 381 382 383 384 385 386 388 389 390 391 394 395 397 398 399 401 402 403 404 405 406 407 408 411 412 413 414 416 417 418 419 420 421 423 424 425 427 429 430 434 435 436 437 438 440 444 445 447 448 449 451 454 455 456 457 460 461 462 464 466 467 468 471 473 474 475 479 480 482 484 485 487 488 489 492 493 494 497 499 500
379 816
380 1261 388 390 402 404 429 430 447 451 457 464
381 1118 385 388 390 402 403 404 411 419 424 429 430 444 447 451 457 464 471 473 489 497
382 924 385 388 390 402 403 404 411 419 424 429 430 444 447 451 457 464 471 473 497
383 2219 385 388 390 402 403 404 411 419 424 429 430 444 447 451 457 464 471 473 489 497
384 1042 385 386 388 390 391 394 397 401 402 403 404 405 406 408 411 414 417 418 419 420 421 423 424 425 429 430 434 435 437 438 444 447 448 449 451 456 457 464 468 471 473 487 489 492 493 497
385 2123 386 388 389 390 391 394 395 397 399 401 402 403 404 405 406 408 411 413 414 417 418 419 420 421 423 424 425 427 429 430 434 435 436 437 438 440 444 447 448 449 451 455 456 457 460 462 464 466 468 471 473 475 482 484 487 488 489 492 493 494 497 500
386 644 388 390 391 394 397 401 402 403 404 405 406 408 411 414 417 418 419 420 421 423 424 425 429 430 434 435 437 438 444 447 448 449 451 456 457 464 468 471 473 487 489 492 493 497
387 2021
388 789 389 390 391 394 395 397 398 399 401 402 403 404 405 406 407 408 411 412 413 414 416 417 418 419 420 421 422 423 424 425 427 429 430 434 435 436 437 438 440 444 445 447 448 449 451 454 455 456 457 460 461 462 464 466 467 468 469 471 473 474 475 479 480 482 484 485 487 488 489 492 493 494 497 498 499 500
389 603 390 402 403 404 424 429 430 444 447 451 457 464 471
390 1139 391 394 395 397 398 399 401 402 403 404 405 406 407 408 411 412 413 414 416 417 418 419 420 421 423 424 425 427 429 430 434 435 436 437 438 440 444 445 447 448 449 451 454 455 456 457 460 461 462 464 466 467 468 471 473 474 475 479 480 482 484 485 487 488 489 492 493 494 497 499 500
391 974 394 397 401 402 403 404 406 408 411 414 417 418 419 420 421 423 424 425 429 430 434 435 437 438 444 447 448 451 457 464 468 471 473 487 489 497
392 560
393 2253
394 1765 395 397 399 401 402 403 404 405 406 408 411 413 414 417 418 419 420 421 423 424 425 429 430 434 435 436 437 438 444 447 448 449 451 456 457 460 464 468 471 473 475 484 487 489 492 493 497
395 771 401 402 403 404 406 411 414 417 419 420 421 424 425 429 430 435 437 444 447 451 457 464 468 471 473 489 497
396 1545
397 2232 401 402 403 404 406 408 411 414 417 418 419 420 421 423 424 425 429 430 434 435 437 438 444 447 448 451 457 464 468 471 473 487 489 497
398 2314 402 404 429 430 444 447 451 457 464
399 1374 401 402 403 404 406 411 414 419 421 424 425 429 430 435 437 444 447 451 457 464 471 473 489 497
400 1826
401 2303 402 403 404 405 406 408 411 413 414 417 418 419 420 421 423 424 425 429 430 434 435 437 438 444 447 448 449 451 456 457 460 464 468 471 473 475 484 487 489 492 493 497
402 1873 403 404 405 406 407 408 411 412 413 414 416 417 418 419 420 421 423 424 425 427 429 430 434 435 436 437 438 440 444 445 447 448 449 451 454 455 456 457 460 461 462 464 466 467 468 471 473 475 479 480 482 484 485 487 488 489 492 493 494 497 499 500
403 1988 404 405 406 408 411 413 414 417 418 419 420 421 423 424 425 427 429 430 434 435 436 437 438 440 444 447 448 449 451 455 456 457 460 461 462 464 466 468 471 473 475 482 484 487 488 489 492 493 494 497 500
404 2233 405 406 407 408 411 412 413 414 416 417 418 419 420 421 422 423 424 425 427 429 430 434 435 436 437 438 440 444 445 447 448 449 451 454 455 456 457 460 461 462 464 466 467 468 469 471 473 474 475 479 480 482 484 485 487 488 489 492 493 494 497 498 499 500
405 854 406 411 414 417 418 419 420 421 423 424 425 429 430 435 437 438 444 447 448 451 457 464 468 471 473 489 497
406 1452 408 411 414 417 418 419 420 421 423 424 425 429 430 434 435 437 438 444 447 448 449 451 456 457 464 468 471 473 475 484 487 489 492 493 497
407 2388 429 430 444 447 451 457 464 471
408 1518 411 414 417 418 419 420 421 423 424 425 429 430 434 435 437 438 444 447 448 451 457 464 468 471 473 487 489 497
409 836
410 2302
411 898 413 414 417 418 419 420 421 423 424 425 427 429 430 434 435 436 437 438 440 444 447 448 449 451 455 456 457 460 462 464 466 468 471 473 475 482 484 487 488 489 492 493 494 497
412 1988 429 430 444 447 451 457 464 471
413 2243 414 419 421 424 425 429 430 435 437 444 447 451 457 464 471 473 489 497
414 1955 417 418 419 420 421 423 424 425 427 429 430 434 435 436 437 438 440 444 447 448 449 451 456 457 460 462 464 468 471 473 475 482 484 487 488 489 492 493 497
415 1829
416 1967 429 430 444 447 451 457 464
417 966 418 419 420 421 423 424 425 429 430 434 435 437 438 444 447 448 449 451 456 457 464 468 471 473 475 487 489 492 493 497
418 1199 419 420 421 423 424 425 429 430 434 435 437 438 444 447 448 449 451 456 457 464 468 471 473 487 489 492 493 497
419 991 420 421 423 424 425 427 429 430 434 435 436 437 438 440 444 447 448 449 451 455 456 457 460 462 464 466 468 471 473 475 482 484 487 488 489 492 493 494 497
420 920 421 423 424 425 429 430 434 435 437 438 444 447 448 449 451 456 457 464 468 471 473 475 487 489 492 493 497
421 683 423 424 425 427 429 430 434 435 436 437 438 444 447 448 449 451 456 457 460 462 464 468 471 473 475 482 484 487 489 492 493 497
422 1838 429 430 447
423 1273 424 425 429 430 434 435 437 438 444 447 448 449 451 456 457 464 468 471 473 487 489 492 493 497
424 787 425 427 429 430 434 435 436 437 438 440 444 445 447 448 449 451 455 456 457 460 461 462 464 466 467 468 471 473 475 482 484 487 488 489 492 493 494 497 500
425 2396 429 430 434 435 437 438 444 447 448 449 451 456 457 464 468 471 473 475 484 487 489 492 493 497
426 777
427 531 429 430 437 444 447 451 457 464 471 473 489 497
428 1673
429 2417 430 434 435 436 437 438 440 444 445 447 448 449 451 454 455 456 457 460 461 462 464 466 467 468 469 471 473 474 475 479 480 482 484 485 487 488 489 492 493 494 497 498 499 500
430 503 434 435 436 437 438 440 444 445 447 448 449 451 454 455 456 457 460 461 462 464 466 467 468 469 471 473 474 475 479 480 482 484 485 487 488 489 492 493 494 497 498 499 500
431 597
432 841
433 1260
434 646 435 437 438 444 447 448 451 457 464 468 471 473 487 489 493 497
435 1509 437 438 444 447 448 449 451 456 457 464 468 471 473 475 484 487 489 492 493 497
436 2382 437 444 447 451 457 464 471 473 489 497
437 620 438 444 447 448 449 451 456 457 460 462 464 468 471 473 475 482 484 487 489 492 493 497
438 849 444 447 448 449 451 456 457 464 468 471 473 487 489 492 493 497
439 508
440 2492 444 447 451 457 464 471 473 489 497
441 2237
442 2212
443 1766
444 808 445 447 448 449 451 454 455 456 457 460 461 462 464 466 467 468 471 473 475 479 480 482 484 485 487 488 489 492 493 494 497 499 500
445 2233 447 451 457 464 471
446 2069
447 1023 448 449 451 454 455 456 457 460 461 462 464 466 467 468 469 471 473 474 475 479 480 482 484 485 487 488 489 492 493 494 497 498 499 500
448 2126 449 451 456 457 464 468 471 473 487 489 492 493 497
449 1165 451 457 464 468 471 473 489 497
450 2369
451 2134 454 455 456 457 460 461 462 464 466 467 468 471 473 475 479 480 482 484 485 487 488 489 492 493 494 497 499 500
452 1586
453 847
454 1164 457 464 471
455 2294 457 464 471 473 489 497
456 1174 457 464 468 471 473 489 497
457 2363 460 461 462 464 466 467 468 471 473 474 475 479 480 482 484 485 487 488 489 492 493 494 497 499 500
458 1690
459 1656
460 986 464 471 473 489 497
461 838 464 471
462 1847 464 471 473 489 497
463 1072
464 1641 466 467 468 469 471 473 474 475 479 480 482 484 485 487 488 489 492 493 494 497 499 500
465 2184
466 539 471 473 497
467 1555 471
468 1609 471 473 475 487 489 492 493 497
469 2295
470 1273
471 1228 473 475 482 484 487 488 489 492 493 494 497 499 500
472 593
473 2470 475 482 484 487 488 489 492 493 494 497 500
474 2010
475 682 489 497
476 1631
477 2060
478 1832
479 1774
480 1156
481 818
482 730 489 497
483 757
484 2109 489 497
485 1815
486 2216
487 1159 489 497
488 666 489 497
489 1755 492 493 494 497
490 648
491 727
492 2204 497
493 1353 497
494 1301 497
495 610
496 2464
497 1155
498 2269
499 586
500 1186
