120 10000
1 945 6 7 11 12 13 14 18 19 25 26 27 29 31 34 36 37 39 40 41 42 43 46 50 51 55 56 57 58 59 60 63 64 68 69 70 71 72 73 74 77 78 79 80 82 83 84 85 87 88 89 93 94 95 96 99 101 103 104 107 109 110 112 114 115 116 118
2 1894
3 1912
4 837 26 34 68 72 78 82 87 94 107
5 770
6 2496 7 12 13 14 19 25 26 31 34 36 39 42 43 51 55 56 59 63 64 68 69 70 72 73 74 77 78 80 82 83 87 88 93 94 95 96 99 103 104 107 110 112 114 118
7 799 11 12 13 14 18 19 25 26 31 34 36 39 42 43 50 51 55 56 57 58 59 60 63 64 68 69 70 72 73 74 77 78 80 82 83 84 85 87 88 93 94 95 96 99 101 103 104 107 110 112 114 118
8 2238
9 896
10 913
11 2280 12 13 14 19 25 26 31 34 36 39 42 43 51 55 56 59 63 64 68 69 70 72 73 74 77 78 80 82 83 87 88 93 94 95 96 99 103 104 107 110 112 114 118
12 1430 13 14 18 19 25 26 31 34 36 39 42 43 50 51 55 56 57 58 59 60 63 64 68 69 70 72 73 74 77 78 80 82 83 84 85 87 88 93 94 95 96 99 101 103 104 107 110 112 114 118
13 2096 14 18 19 25 26 31 34 36 39 42 43 50 51 55 56 57 58 59 60 63 64 68 69 70 72 73 74 77 78 80 82 83 84 85 87 88 93 94 95 96 99 101 103 104 107 110 112 114 118
14 1575 18 19 25 26 31 34 36 39 42 43 50 51 55 56 59 63 64 68 69 70 72 73 74 77 78 80 82 83 84 85 87 88 93 94 95 96 99 103 104 107 110 112 114 118
15 1179
16 1260
17 1124
18 1881 19 25 26 31 34 36 39 42 43 50 51 55 56 59 63 64 68 69 70 72 73 74 77 78 80 82 83 84 87 88 93 94 95 96 99 103 104 107 110 112 114 118
19 551 25 26 29 31 34 36 39 42 43 50 51 55 56 57 58 59 60 63 64 68 69 70 72 73 74 77 78 80 82 83 84 85 87 88 93 94 95 96 99 101 103 104 107 110 112 114 115 118
20 2118
21 1782
22 635
23 1542 34 78 87 107
24 1534
25 675 26 29 31 34 36 39 42 43 50 51 55 56 57 58 59 60 63 64 68 69 70 72 73 74 77 78 80 82 83 84 85 87 88 93 94 95 96 99 101 103 104 107 110 112 114 115 118
26 1708 27 29 31 34 36 37 39 40 41 42 43 46 50 51 55 56 57 58 59 60 63 64 66 68 69 70 71 72 73 74 77 78 79 80 82 83 84 85 87 88 89 93 94 95 96 99 101 103 104 107 109 110 112 113 114 115 116 118
27 1809 34 56 63 64 68 72 73 77 78 82 87 94 107
28 2126
29 1051 34 42 55 56 59 63 64 68 69 70 72 73 74 77 78 82 87 93 94 103 107 112 114 118
30 2356
31 1481 34 36 39 42 43 50 51 55 56 58 59 60 63 64 68 69 70 72 73 74 77 78 80 82 83 84 85 87 88 93 94 95 96 99 103 104 107 110 112 114 118
32 2167
33 1241
34 1165 36 37 39 40 41 42 43 46 50 51 55 56 57 58 59 60 63 64 66 68 69 70 71 72 73 74 77 78 79 80 82 83 84 85 87 88 89 93 94 95 96 99 101 103 104 105 107 109 110 112 113 114 115 116 118
35 2056
36 2134 39 42 43 50 51 55 56 58 59 60 63 64 68 69 70 72 73 74 77 78 80 82 83 84 85 87 88 93 94 95 96 99 103 104 107 110 112 114 118
37 1958 63 68 72 73 78 82 87 94 107
38 2149
39 518 42 43 50 51 55 56 57 58 59 60 63 64 68 69 70 72 73 74 77 78 80 82 83 84 85 87 88 93 94 95 96 99 101 103 104 107 110 112 114 118
40 1167 42 55 56 59 63 64 68 72 73 74 77 78 82 87 94 103 107 118
41 1178 42 55 56 59 63 64 68 72 73 77 78 82 87 94 103 107 118
42 2213 43 46 50 51 55 56 57 58 59 60 63 64 68 69 70 71 72 73 74 77 78 79 80 82 83 84 85 87 88 93 94 95 96 99 101 103 104 107 110 112 114 115 116 118
43 583 50 51 55 56 58 59 60 63 64 68 69 70 72 73 74 77 78 80 82 83 84 85 87 88 93 94 95 96 99 103 104 107 110 112 114 118
44 2013
45 1675
46 1124 56 63 64 68 72 73 77 78 82 87 94 107
47 1248
48 730
49 1728
50 1682 51 55 56 59 63 64 68 69 70 72 73 74 77 78 80 82 83 87 88 93 94 95 96 99 103 104 107 110 112 114 118
51 1904 55 56 57 58 59 60 63 64 68 69 70 72 73 74 77 78 80 82 83 84 85 87 88 93 94 95 96 99 101 103 104 107 110 112 114 118
52 2198
53 1913
54 1318
55 2457 56 57 58 59 60 63 64 68 69 70 71 72 73 74 77 78 80 82 83 84 85 87 88 93 94 95 96 99 101 103 104 107 110 112 114 115 116 118
56 1032 57 58 59 60 63 64 68 69 70 71 72 73 74 77 78 79 80 82 83 84 85 87 88 93 94 95 96 99 101 103 104 107 110 112 114 115 116 118
57 1554 59 63 64 68 69 70 72 73 74 77 78 82 87 93 94 99 103 107 112 114 118
58 1796 59 63 64 68 69 70 72 73 74 77 78 82 83 87 93 94 95 99 103 104 107 112 114 118
59 2047 60 63 64 68 69 70 71 72 73 74 77 78 79 80 82 83 84 85 87 88 93 94 95 96 99 101 103 104 107 110 112 114 115 116 118
60 1658 63 64 68 69 70 72 73 74 77 78 82 83 87 93 94 95 99 103 104 107 112 114 118
61 2059
62 1370
63 932 64 68 69 70 71 72 73 74 77 78 79 80 82 83 84 85 87 88 89 93 94 95 96 99 101 103 104 107 110 112 114 115 116 118
64 1389 68 69 70 71 72 73 74 77 78 79 80 82 83 84 85 87 88 93 94 95 96 99 101 103 104 107 110 112 114 115 116 118
65 1848
66 507 68 72 78 82 87 94 107
67 1394
68 799 69 70 71 72 73 74 77 78 79 80 82 83 84 85 87 88 89 93 94 95 96 99 101 103 104 105 107 109 110 112 113 114 115 116 118
69 2325 70 72 73 74 77 78 80 82 83 84 85 87 88 93 94 95 96 99 101 103 104 107 110 112 114 115 118
70 572 72 73 74 77 78 80 82 83 84 85 87 88 93 94 95 96 99 101 103 104 107 110 112 114 115 118
71 1605 72 73 74 77 78 82 87 94 103 107 118
72 1980 73 74 77 78 79 80 82 83 84 85 87 88 89 93 94 95 96 99 101 103 104 107 109 110 112 114 115 116 118
73 1415 74 77 78 79 80 82 83 84 85 87 88 89 93 94 95 96 99 101 103 104 107 109 110 112 114 115 116 118
74 2105 77 78 80 82 83 84 85 87 88 93 94 95 96 99 101 103 104 107 110 112 114 115 116 118
75 2224
76 2428
77 1748 78 79 80 82 83 84 85 87 88 89 93 94 95 96 99 101 103 104 107 110 112 114 115 116 118
78 1623 79 80 82 83 84 85 87 88 89 93 94 95 96 99 101 103 104 105 107 109 110 112 113 114 115 116 117 118 119
79 723 82 87 94 103 107
80 1099 82 83 84 85 87 88 93 94 95 96 99 103 104 107 110 112 114 118
81 653
82 1819 83 84 85 87 88 89 93 94 95 96 99 101 103 104 107 109 110 112 114 115 116 118
83 1938 84 85 87 88 93 94 95 96 99 101 103 104 107 110 112 114 118
84 2341 87 88 93 94 95 96 99 103 104 107 110 112 114 118
85 1075 87 88 93 94 95 99 103 104 107 110 112 114 118
86 698
87 2367 88 89 93 94 95 96 99 101 103 104 105 107 109 110 112 113 114 115 116 118 119
88 891 93 94 95 96 99 103 104 107 110 112 114 118
89 542 94 107
90 2319
91 947
92 726
93 1548 94 95 96 99 101 103 104 107 110 112 114 115 118
94 2068 95 96 99 101 103 104 107 109 110 112 114 115 116 118
95 2283 96 99 101 103 104 107 110 112 114 118
96 2111 99 103 104 107 110 112 114 118
97 742
98 1335
99 2162 101 103 104 107 110 112 114 118
100 2340
101 884 103 107 112 114 118
102 845
103 844 104 107 110 112 114 115 116 118
104 851 107 110 112 114 118
105 680 107
106 1317
107 2360 109 110 112 113 114 115 116 118
108 1000
109 770
110 1548 112 114 118
111 2184
112 2091 114 115 118
113 2036
114 1836 115 118
115 1390 118
116 2089 118
117 619
118 907
119 1506
120 2080
