250 10000
1 899
2 691
3 712
4 540 31 34 44 49 55 62 79 106 109 114 115 124 129 141 148 151 153 174 190 193 198 222 225 227 249
5 2414 79 148 198 249
6 2040 31 34 44 49 55 62 79 106 109 114 115 124 129 141 148 151 153 174 190 193 198 222 225 227 249
7 1786
8 1910 44 79 114 115 124 129 141 148 151 153 174 193 198 222 225 227 249
9 1077
10 540
11 2343 20 31 34 44 49 55 62 79 80 82 106 109 114 115 124 129 141 148 151 153 174 190 193 198 216 222 225 227 229 244 249
12 682
13 1762 44 79 109 114 115 124 129 141 148 151 153 174 193 198 222 225 227 249
14 1979 79 141 148 151 153 193 198 222 227 249
15 1172
16 1459 20 24 31 34 41 44 49 55 62 63 78 79 80 82 85 86 92 106 109 111 112 114 115 124 128 129 133 141 144 146 148 151 153 155 160 161 169 170 172 174 190 192 193 198 207 210 212 216 221 222 224 225 227 229 242 244 249 250
17 1337
18 2170
19 1958
20 2456 24 31 34 41 44 49 55 56 62 63 74 78 79 80 82 85 86 92 106 109 111 112 114 115 124 128 129 133 141 144 146 148 151 153 155 160 161 169 170 172 174 190 192 193 198 199 207 210 212 216 221 222 224 225 227 229 242 244 249 250
21 1296
22 1242
23 1021
24 1386 31 34 41 44 49 55 62 63 78 79 80 82 85 86 92 106 109 111 112 114 115 124 128 129 133 141 144 146 148 151 153 155 160 161 169 170 172 174 190 192 193 198 199 207 210 212 216 221 222 224 225 227 229 242 244 249 250
25 2442
26 1388
27 1207
28 2200
29 977
30 920
31 763 34 37 41 44 49 55 56 62 63 72 74 78 79 80 82 85 86 87 92 106 107 109 111 112 114 115 124 127 128 129 133 139 141 144 146 148 151 153 155 159 160 161 169 170 172 174 190 192 193 198 199 207 208 210 212 216 221 222 224 225 227 229 237 242 244 249 250
32 1712
33 1733
34 805 37 41 44 49 55 56 62 63 72 74 78 79 80 82 85 86 87 91 92 106 107 109 111 112 114 115 124 127 128 129 133 139 141 144 146 148 151 153 155 159 160 161 169 170 172 174 190 192 193 198 199 207 208 210 212 216 221 222 224 225 227 229 237 242 244 249 250
35 1310
36 2324
37 603 44 49 55 62 79 82 106 109 114 115 124 129 141 148 151 153 174 190 193 198 222 225 227 229 249
38 2404
39 866
40 2194
41 691 44 49 55 62 63 74 78 79 80 82 85 86 92 106 109 111 112 114 115 124 128 129 133 141 144 146 148 151 153 155 160 161 169 170 172 174 190 192 193 198 199 207 210 212 216 221 222 224 225 227 229 242 244 249 250
42 1085
43 1216
44 2048 49 55 56 62 63 72 74 78 79 80 82 85 86 87 91 92 101 106 107 109 111 112 114 115 123 124 127 128 129 133 139 141 144 146 148 151 153 155 159 160 161 169 170 172 174 190 192 193 198 199 207 208 210 212 216 217 221 222 224 225 227 229 237 242 244 249 250
45 1878
46 1743
47 907
48 950
49 1441 55 56 62 63 72 74 78 79 80 82 85 86 87 92 106 107 109 111 112 114 115 124 127 128 129 133 139 141 144 146 148 151 153 155 159 160 161 169 170 172 174 190 192 193 198 199 207 208 210 212 216 221 222 224 225 227 229 237 242 244 249 250
50 1398
51 1123
52 1424
53 2004
54 1270
55 1254 56 62 63 72 74 78 79 80 82 85 86 87 92 106 107 109 111 112 114 115 124 127 128 129 133 139 141 144 146 148 151 153 155 159 160 161 169 170 172 174 190 192 193 198 199 207 208 210 212 216 221 222 224 225 227 229 237 242 244 249 250
56 1286 62 79 80 82 106 109 114 115 124 129 141 148 151 153 160 174 190 193 198 216 222 225 227 229 244 249
57 1779
58 1888
59 1916
60 2180
61 2356
62 2306 63 72 74 78 79 80 82 85 86 87 91 92 106 107 109 111 112 114 115 124 127 128 129 133 139 141 144 146 148 151 153 155 159 160 161 169 170 172 174 190 192 193 198 199 207 208 210 212 216 221 222 224 225 227 229 237 242 244 249 250
63 1490 78 79 80 82 86 92 106 109 111 112 114 115 124 128 129 133 141 144 148 151 153 160 161 172 174 190 192 193 198 207 210 212 216 221 222 224 225 227 229 244 249 250
64 933
65 1060
66 1033
67 743
68 1936
69 640
70 643
71 658
72 2095 79 82 106 109 114 115 124 129 141 148 151 153 174 190 193 198 222 225 227 229 244 249
73 2417
74 1457 79 80 82 106 109 114 115 124 129 141 148 151 153 160 174 190 193 198 216 222 224 225 227 229 244 249
75 1068
76 2115
77 1194
78 2357 79 80 82 85 86 92 106 109 111 112 114 115 124 128 129 133 141 144 146 148 151 153 155 160 161 169 170 172 174 190 192 193 198 199 207 210 212 216 221 222 224 225 227 229 242 244 249 250
79 2016 80 82 85 86 87 90 91 92 101 103 106 107 109 111 112 114 115 116 123 124 125 127 128 129 133 137 139 141 144 146 148 151 153 155 159 160 161 162 168 169 170 172 174 184 185 190 192 193 198 199 207 208 210 212 216 217 220 221 222 224 225 227 229 237 242 244 249 250
80 988 82 85 86 92 106 109 111 112 114 115 124 128 129 133 141 144 146 148 151 153 155 160 161 169 170 172 174 190 192 193 198 199 207 210 212 216 221 222 224 225 227 229 242 244 249 250
81 2257
82 1373 85 86 87 92 106 107 109 111 112 114 115 124 127 128 129 133 139 141 144 146 148 151 153 155 160 161 169 170 172 174 190 192 193 198 199 207 208 210 212 216 221 222 224 225 227 229 237 242 244 249 250
83 1093
84 1277
85 1288 86 92 106 109 111 112 114 115 124 128 129 141 144 148 151 153 160 161 172 174 190 193 198 210 212 216 222 224 225 227 229 244 249 250
86 1118 92 106 109 111 112 114 115 124 128 129 133 141 144 146 148 151 153 155 160 161 169 170 172 174 190 192 193 198 199 207 210 212 216 221 222 224 225 227 229 242 244 249 250
87 1893 106 109 114 115 124 129 141 148 151 153 174 190 193 198 222 225 227 249
88 740
89 1755
90 2093 124 141 148 151 153 174 193 198 222 227 249
91 1067 106 109 114 115 124 129 141 148 151 153 174 193 198 222 225 227 249
92 2142 106 109 111 112 114 115 124 128 129 133 141 144 146 148 151 153 155 160 161 169 170 172 174 190 192 193 198 207 210 212 216 221 222 224 225 227 229 242 244 249 250
93 620
94 2379
95 1216
96 1414
97 829
98 2122
99 1497
100 555
101 1998 114 115 124 129 141 148 151 153 174 193 198 222 227 249
102 2250
103 1125 249
104 919
105 1018
106 1753 107 109 111 112 114 115 124 127 128 129 133 139 141 144 146 148 151 153 155 159 160 161 169 170 172 174 190 192 193 198 199 207 208 210 212 216 221 222 224 225 227 229 237 242 244 249 250
107 789 109 114 115 124 129 141 148 151 153 174 190 193 198 222 225 227 229 249
108 1490
109 2089 111 112 114 115 123 124 127 128 129 133 139 141 144 146 148 151 153 155 159 160 161 169 170 172 174 190 192 193 198 199 207 208 210 212 216 221 222 224 225 227 229 237 242 244 249 250
110 892
111 1851 112 114 115 124 128 129 133 141 144 148 151 153 155 160 161 169 170 172 174 190 192 193 198 207 210 212 216 221 222 224 225 227 229 242 244 249 250
112 970 114 115 124 128 129 133 141 144 148 151 153 160 161 172 174 190 192 193 198 207 210 212 216 221 222 224 225 227 229 244 249 250
113 1133
114 1822 115 123 124 127 128 129 133 139 141 144 146 148 151 153 155 159 160 161 169 170 172 174 184 190 192 193 198 199 207 208 210 212 216 217 221 222 224 225 227 229 237 242 244 249 250
115 2118 123 124 127 128 129 133 139 141 144 146 148 151 153 155 159 160 161 169 170 172 174 190 192 193 198 199 207 208 210 212 216 217 221 222 224 225 227 229 237 242 244 249 250
116 1094 148 198 249
117 1455
118 2478
119 2195
120 1819
121 1458
122 2473
123 1035 124 129 141 148 151 153 174 193 198 222 225 227 249
124 1355 127 128 129 133 137 139 141 144 146 148 151 153 155 159 160 161 169 170 172 174 184 185 190 192 193 198 199 207 208 210 212 216 217 221 222 224 225 227 229 237 242 244 249 250
125 1796 148 151 153 198 222 249
126 1658
127 774 129 141 148 151 153 174 190 193 198 216 222 225 227 229 244 249
128 2192 129 133 141 144 148 151 153 155 160 161 169 170 172 174 190 192 193 198 207 210 212 216 221 222 224 225 227 229 242 244 249 250
129 1189 133 139 141 144 146 148 151 153 155 159 160 161 169 170 172 174 184 185 190 192 193 198 199 207 208 210 212 216 217 221 222 224 225 227 229 237 242 244 249 250
130 1032
131 1230
132 1152
133 1953 141 144 148 151 153 160 161 172 174 190 192 193 198 210 212 216 222 224 225 227 229 244 249 250
134 1858
135 2451
136 929
137 1289 141 148 151 153 174 193 198 222 227 249
138 1470
139 1647 141 148 151 153 174 190 193 198 222 225 227 229 249
140 601
141 1932 144 146 148 151 153 155 159 160 161 169 170 172 174 184 185 190 192 193 198 199 207 208 210 212 216 217 221 222 224 225 227 229 237 242 244 249 250
142 2320
143 2404
144 2069 148 151 153 160 161 172 174 190 192 193 198 207 210 212 216 221 222 224 225 227 229 244 249 250
145 1611
146 2419 148 151 153 160 172 174 190 193 198 216 222 224 225 227 229 244 249
147 1554
148 783 151 153 155 159 160 161 168 169 170 172 174 184 185 190 192 193 198 199 207 208 210 212 216 217 220 221 222 224 225 227 229 237 242 244 249 250
149 880
150 2285
151 537 153 155 159 160 161 169 170 172 174 184 185 190 192 193 198 199 207 208 210 212 216 217 221 222 224 225 227 229 237 242 244 249 250
152 2483
153 1731 155 159 160 161 169 170 172 174 184 185 190 192 193 198 199 207 208 210 212 216 217 221 222 224 225 227 229 237 242 244 249 250
154 1572
155 598 160 161 172 174 190 193 198 212 216 222 224 225 227 229 244 249
156 764
157 961
158 700
159 1317 174 193 198 222 225 227 249
160 2493 161 169 170 172 174 190 192 193 198 199 207 210 212 216 221 222 224 225 227 229 242 244 249 250
161 1197 170 172 174 190 192 193 198 207 210 212 216 221 222 224 225 227 229 242 244 249 250
162 972 249
163 520
164 1493
165 1211
166 650
167 1051
168 1000 198 222 249
169 2104 172 174 190 193 198 216 222 224 225 227 229 244 249
170 1265 172 174 190 193 198 210 212 216 222 224 225 227 229 244 249 250
171 1898
172 2474 174 190 192 193 198 199 207 210 212 216 221 222 224 225 227 229 242 244 249 250
173 1572
174 1391 184 185 190 192 193 198 199 207 208 210 212 216 217 221 222 224 225 227 229 237 242 244 249 250
175 1136
176 660
177 760
178 983
179 2393
180 1976
181 1515
182 1767
183 2310
184 1870 193 198 222 227 249
185 2272 193 198 222 227 249
186 1244
187 522
188 2381
189 2016
190 1424 192 193 198 199 207 208 210 212 216 221 222 224 225 227 229 237 242 244 249 250
191 1143
192 1138 193 198 210 212 216 221 222 224 225 227 229 244 249 250
193 2162 198 199 207 208 210 212 216 217 221 222 224 225 227 229 237 242 244 249 250
194 1433
195 1354
196 2078
197 520
198 1574 199 207 208 210 212 216 217 220 221 222 224 225 227 229 237 242 244 249 250
199 1220 216 222 224 225 227 229 244 249
200 1625
201 1638
202 1468
203 667
204 1152
205 2500
206 1422
207 2476 210 212 216 222 224 225 227 229 244 249 250
208 2084 216 222 225 227 229 244 249
209 1321
210 1665 212 216 221 222 224 225 227 229 244 249 250
211 2299
212 1852 216 221 222 224 225 227 229 242 244 249 250
213 1206
214 1750
215 2145
216 1120 221 222 224 225 227 229 242 244 249 250
217 1279 222 225 227 249
218 1377
219 1151
220 1713 249
221 2452 222 224 225 227 229 244 249 250
222 2172 224 225 227 229 237 242 244 249 250
223 1268
224 1176 225 227 229 242 244 249 250
225 1680 227 229 237 242 244 249 250
226 1165
227 645 229 237 242 244 249 250
228 1562
229 1794 237 242 244 249 250
230 898
231 872
232 1075
233 1524
234 1429
235 515
236 1992
237 753 249
238 1313
239 806
240 1770
241 2140
242 1122 244 249
243 2219
244 939 249 250
245 527
246 1039
247 530
248 807
249 2416 250
250 1976
