250 10000
1 2106 2 4 5 8 9 12 16 19 24 28 30 32 38 39 48 49 50 52 57 58 59 66 67 73 74 81 82 85 93 94 97 102 104 105 108 110 112 113 129 135 138 139 146 148 154 158 161 163 166 170 171 172 174 178 179 180 184 186 188 190 194 196 201 202 205 207 208 209 210 213 223 225 227 234 250
2 1361 4 5 6 7 8 9 10 11 12 13 14 15 16 17 18 19 20 21 22 23 24 25 26 27 28 29 30 31 32 33 34 35 36 37 38 39 40 41 42 43 44 45 46 47 48 49 50 51 52 53 54 55 56 57 58 59 60 61 62 63 64 65 66 67 68 69 70 71 73 74 75 76 77 78 79 80 81 82 83 84 85 87 88 89 90 91 92 93 94 95 96 97 98 99 100 101 102 103 104 105 106 107 108 109 110 111 112 113 114 115 116 117 118 119 120 121 122 123 124 125 126 127 128 129 130 131 133 134 135 136 137 138 139 140 141 142 143 144 145 146 147 148 149 150 151 152 153 154 155 156 157 158 159 160 161 162 163 164 165 166 167 168 169 170 171 172 173 174 175 176 177 178 179 180 181 182 183 184 185 186 187 188 189 190 191 192 193 194 195 196 197 198 199 200 201 202 203 204 205 206 207 208 209 210 212 213 214 215 216 217 218 219 220 221 222 223 224 225 226 227 228 229 230 231 232 233 234 235 236 237 238 239 240 241 242 243 244 245 246 247 248 249 250
3 1579
4 2178 5 7 8 9 10 12 13 14 15 16 17 18 19 20 22 23 24 25 26 28 29 30 32 34 36 37 38 39 40 43 45 47 48 49 50 51 52 54 55 57 58 59 61 64 65 66 67 68 69 73 74 75 76 78 81 82 83 85 87 88 90 91 93 94 96 97 99 100 101 102 104 105 106 107 108 109 110 111 112 113 118 119 121 122 123 125 126 127 128 129 131 135 138 139 141 142 143 145 146 147 148 150 151 154 155 157 158 160 161 162 163 165 166 167 168 170 171 172 174 176 177 178 179 180 181 182 183 184 185 186 188 190 192 194 195 196 199 201 202 204 205 207 208 209 210 213 215 216 219 221 222 223 224 225 226 227 228 229 230 231 232 234 235 237 238 239 240 241 243 244 245 246 248 250
5 2281 6 7 8 9 10 11 12 13 14 15 16 17 18 19 20 21 22 23 24 25 26 28 29 30 32 33 34 36 37 38 39 40 41 42 43 45 46 47 48 49 50 51 52 54 55 56 57 58 59 60 61 62 64 65 66 67 68 69 70 71 73 74 75 76 78 81 82 83 84 85 87 88 90 91 93 94 96 97 98 99 100 101 102 103 104 105 106 107 108 109 110 111 112 113 114 116 117 118 119 121 122 123 125 126 127 128 129 130 131 133 134 135 136 137 138 139 140 141 142 143 144 145 146 147 148 149 150 151 153 154 155 156 157 158 160 161 162 163 164 165 166 167 168 169 170 171 172 174 175 176 177 178 179 180 181 182 183 184 185 186 187 188 189 190 192 194 195 196 199 200 201 202 203 204 205 207 208 209 210 212 213 214 215 216 217 218 219 221 222 223 224 225 226 227 228 229 230 231 232 234 235 237 238 239 240 241 243 244 245 246 247 248 250
6 1374 9 12 16 19 28 30 38 48 49 50 52 57 58 59 66 67 73 74 81 82 85 93 94 97 104 105 108 110 112 113 129 135 138 139 146 148 158 163 166 170 171 172 178 179 180 186 188 194 196 201 205 209 210 213 225 227 234 250
7 635 8 9 12 14 15 16 17 19 22 23 24 28 29 30 32 34 36 37 38 39 48 49 50 51 52 57 58 59 66 67 68 69 73 74 76 81 82 85 91 93 94 96 97 102 104 105 108 110 112 113 125 126 128 129 131 135 138 139 142 143 146 147 148 154 157 158 161 163 166 167 170 171 172 174 178 179 180 183 184 186 188 190 192 194 195 196 201 202 205 207 208 209 210 213 221 222 223 225 226 227 229 230 234 235 238 239 243 246 250
8 1921 9 10 12 13 14 15 16 17 18 19 20 22 23 24 25 26 28 29 30 32 34 36 37 38 39 40 43 45 47 48 49 50 51 52 54 55 57 58 59 61 64 65 66 67 68 69 73 74 75 76 78 81 82 83 85 87 88 90 91 93 94 96 97 99 101 102 104 105 106 107 108 109 110 111 112 113 118 119 121 122 123 125 126 127 128 129 131 135 138 139 141 142 143 145 146 147 148 150 151 154 155 157 158 160 161 162 163 165 166 167 168 170 171 172 174 176 177 178 179 180 181 182 183 184 185 186 188 190 192 194 195 196 199 201 202 204 205 207 208 209 210 213 215 216 219 221 222 223 224 225 226 227 228 229 230 231 232 234 235 237 238 239 240 243 244 245 246 248 250
9 2468 10 11 12 13 14 15 16 17 18 19 20 21 22 23 24 25 26 27 28 29 30 32 33 34 35 36 37 38 39 40 41 42 43 44 45 46 47 48 49 50 51 52 54 55 56 57 58 59 60 61 62 63 64 65 66 67 68 69 70 71 73 74 75 76 77 78 79 80 81 82 83 84 85 87 88 89 90 91 92 93 94 96 97 98 99 100 101 102 103 104 105 106 107 108 109 110 111 112 113 114 116 117 118 119 120 121 122 123 124 125 126 127 128 129 130 131 133 134 135 136 137 138 139 140 141 142 143 144 145 146 147 148 149 150 151 152 153 154 155 156 157 158 160 161 162 163 164 165 166 167 168 169 170 171 172 173 174 175 176 177 178 179 180 181 182 183 184 185 186 187 188 189 190 192 194 195 196 198 199 200 201 202 203 204 205 206 207 208 209 210 212 213 214 215 216 217 218 219 221 222 223 224 225 226 227 228 229 230 231 232 233 234 235 237 238 239 240 241 243 244 245 246 247 248 249 250
10 1445 12 16 19 24 28 30 32 38 39 48 49 50 52 57 58 59 66 67 73 74 81 82 85 93 94 97 102 104 105 108 110 112 113 129 135 138 139 146 148 154 158 163 166 170 171 172 174 178 179 180 184 186 188 190 194 196 201 202 205 207 208 209 210 213 223 225 227 234 250
11 2116 12 16 19 28 30 38 48 49 50 52 57 58 59 66 67 73 74 81 82 85 93 94 97 102 104 105 108 110 112 113 129 135 138 139 146 148 158 163 166 170 171 172 178 179 180 186 188 194 196 201 202 205 209 210 213 225 227 234 250
12 938 13 14 15 16 17 18 19 20 21 22 23 24 25 26 28 29 30 32 33 34 36 37 38 39 40 43 45 47 48 49 50 51 52 54 55 57 58 59 61 62 64 65 66 67 68 69 70 73 74 75 76 78 81 82 83 84 85 87 88 90 91 93 94 96 97 98 99 100 101 102 103 104 105 106 107 108 109 110 111 112 113 117 118 119 121 122 123 125 126 127 128 129 131 133 135 138 139 140 141 142 143 144 145 146 147 148 149 150 151 153 154 155 157 158 160 161 162 163 164 165 166 167 168 170 171 172 174 175 176 177 178 179 180 181 182 183 184 185 186 188 189 190 192 194 195 196 199 201 202 203 204 205 207 208 209 210 212 213 214 215 216 217 218 219 221 222 223 224 225 226 227 228 229 230 231 232 234 235 237 238 239 240 241 243 244 245 246 247 248 250
13 1324 14 15 16 17 19 22 23 24 28 29 30 32 34 38 39 48 49 50 51 52 57 58 59 66 67 68 69 73 74 76 81 82 85 91 93 94 96 97 102 104 105 108 110 112 113 126 128 129 131 135 138 139 142 143 146 147 148 154 157 158 161 163 166 167 170 171 172 174 178 179 180 183 184 186 188 190 192 194 195 196 201 202 205 207 208 209 210 213 221 222 223 225 227 229 230 234 235 238 239 243 246 250
14 2153 15 16 17 19 20 22 23 24 26 28 29 30 32 34 36 37 38 39 43 45 47 48 49 50 51 52 54 55 57 58 59 61 64 65 66 67 68 69 73 74 75 76 78 81 82 85 87 88 90 91 93 94 96 97 99 101 102 104 105 106 107 108 109 110 112 113 118 119 122 125 126 128 129 131 135 138 139 141 142 143 145 146 147 148 150 151 154 157 158 160 161 162 163 165 166 167 170 171 172 174 176 177 178 179 180 181 182 183 184 186 188 190 192 194 195 196 199 201 202 204 205 207 208 209 210 213 215 221 222 223 224 225 226 227 228 229 230 234 235 237 238 239 240 243 244 245 246 248 250
15 1490 16 17 19 20 22 23 24 28 29 30 32 34 36 37 38 39 45 47 48 49 50 51 52 54 55 57 58 59 61 66 67 68 69 73 74 75 76 78 81 82 85 87 90 91 93 94 96 97 101 102 104 105 107 108 110 112 113 122 125 126 128 129 131 135 138 139 142 143 146 147 148 154 157 158 160 161 163 166 167 170 171 172 174 178 179 180 181 183 184 186 188 190 192 194 195 196 199 201 202 204 205 207 208 209 210 213 215 221 222 223 224 225 226 227 229 230 234 235 238 239 243 245 246 250
16 2496 17 18 19 20 21 22 23 24 25 26 27 28 29 30 32 33 34 35 36 37 38 39 40 41 42 43 44 45 46 47 48 49 50 51 52 53 54 55 56 57 58 59 60 61 62 63 64 65 66 67 68 69 70 71 73 74 75 76 77 78 79 80 81 82 83 84 85 87 88 89 90 91 92 93 94 96 97 98 99 100 101 102 103 104 105 106 107 108 109 110 111 112 113 114 115 116 117 118 119 120 121 122 123 124 125 126 127 128 129 130 131 133 134 135 136 137 138 139 140 141 142 143 144 145 146 147 148 149 150 151 152 153 154 155 156 157 158 160 161 162 163 164 165 166 167 168 169 170 171 172 173 174 175 176 177 178 179 180 181 182 183 184 185 186 187 188 189 190 192 194 195 196 198 199 200 201 202 203 204 205 206 207 208 209 210 212 213 214 215 216 217 218 219 221 222 223 224 225 226 227 228 229 230 231 232 233 234 235 237 238 239 240 241 242 243 244 245 246 247 248 249 250
17 1599 19 20 22 23 24 28 29 30 32 34 36 37 38 39 45 47 48 49 50 51 52 54 55 57 58 59 61 66 67 68 69 73 74 75 76 78 81 82 85 87 88 90 91 93 94 96 97 101 102 104 105 106 107 108 110 112 113 118 122 125 126 128 129 131 135 138 139 142 143 146 147 148 150 154 157 158 160 161 163 165 166 167 170 171 172 174 178 179 180 181 182 183 184 186 188 190 192 194 195 196 199 201 202 204 205 207 208 209 210 213 215 221 222 223 224 225 226 227 228 229 230 234 235 237 238 239 240 243 245 246 250
18 1976 19 24 28 29 30 32 38 39 48 49 50 52 57 58 59 66 67 68 73 74 81 82 85 93 94 97 102 104 105 108 110 112 113 129 135 138 139 146 148 154 157 158 161 163 166 167 170 171 172 174 178 179 180 184 186 188 190 194 196 201 202 205 207 208 209 210 213 223 225 227 229 234 238 250
19 2493 20 21 22 23 24 25 26 27 28 29 30 32 33 34 35 36 37 38 39 40 41 42 43 44 45 46 47 48 49 50 51 52 54 55 56 57 58 59 60 61 62 63 64 65 66 67 68 69 70 71 73 74 75 76 77 78 79 80 81 82 83 84 85 87 88 89 90 91 92 93 94 96 97 98 99 100 101 102 103 104 105 106 107 108 109 110 111 112 113 114 116 117 118 119 120 121 122 123 124 125 126 127 128 129 130 131 133 134 135 136 137 138 139 140 141 142 143 144 145 146 147 148 149 150 151 152 153 154 155 156 157 158 160 161 162 163 164 165 166 167 168 169 170 171 172 173 174 175 176 177 178 179 180 181 182 183 184 185 186 187 188 189 190 192 194 195 196 198 199 200 201 202 203 204 205 206 207 208 209 210 212 213 214 215 216 217 218 219 221 222 223 224 225 226 227 228 229 230 231 232 233 234 235 237 238 239 240 241 243 244 245 246 247 248 250
20 919 22 23 24 28 29 30 32 34 36 37 38 39 48 49 50 51 52 57 58 59 66 67 68 69 73 74 76 81 82 85 91 93 94 96 97 101 102 104 105 108 110 112 113 125 126 128 129 131 135 138 139 142 143 146 147 148 154 157 158 160 161 163 166 167 170 171 172 174 178 179 180 183 184 186 188 190 192 194 195 196 199 201 202 205 207 208 209 210 213 221 222 223 225 226 227 229 230 234 235 238 239 243 246 250
21 1706 28 30 32 38 39 48 49 50 52 57 58 59 66 67 73 74 81 82 85 93 94 97 102 104 105 108 110 112 113 129 135 138 139 146 148 154 158 163 166 170 171 172 174 178 179 180 184 186 188 190 194 196 201 202 205 207 208 209 210 213 223 225 227 234 250
22 1754 23 24 28 29 30 32 34 36 37 38 39 45 47 48 49 50 51 52 54 55 57 58 59 61 66 67 68 69 73 74 75 76 78 81 82 85 87 90 91 93 94 96 97 101 102 104 105 107 108 110 112 113 122 125 126 128 129 131 135 138 139 142 143 146 147 148 154 157 158 160 161 163 166 167 170 171 172 174 178 179 180 181 183 184 186 188 190 192 194 195 196 199 201 202 204 205 207 208 209 210 213 215 221 222 223 224 225 226 227 229 230 234 235 238 239 243 245 246 250
23 1181 24 26 28 29 30 32 34 36 37 38 39 43 45 47 48 49 50 51 52 54 55 57 58 59 61 66 67 68 69 73 74 75 76 78 81 82 85 87 88 90 91 93 94 96 97 99 101 102 104 105 106 107 108 110 112 113 118 119 122 125 126 128 129 131 135 138 139 141 142 143 145 146 147 148 150 151 154 157 158 160 161 162 163 165 166 167 170 171 172 174 178 179 180 181 182 183 184 186 188 190 192 194 195 196 199 201 202 204 205 207 208 209 210 213 215 221 222 223 224 225 226 227 228 229 230 234 235 237 238 239 240 243 244 245 246 250
24 1431 26 28 29 30 32 34 36 37 38 39 40 43 45 47 48 49 50 51 52 54 55 57 58 59 61 64 65 66 67 68 69 73 74 75 76 78 81 82 83 85 87 88 90 91 93 94 96 97 99 101 102 104 105 106 107 108 109 110 111 112 113 118 119 121 122 123 125 126 127 128 129 131 135 138 139 141 142 143 145 146 147 148 150 151 154 155 157 158 160 161 162 163 165 166 167 168 170 171 172 174 176 177 178 179 180 181 182 183 184 185 186 188 190 192 194 195 196 199 201 202 204 205 207 208 209 210 213 215 216 219 221 222 223 224 225 226 227 228 229 230 231 232 234 235 237 238 239 240 243 244 245 246 248 250
25 1075 28 30 32 38 39 48 49 50 52 57 58 59 66 67 73 74 81 82 85 93 94 97 102 104 105 108 110 112 113 129 135 138 139 146 148 154 158 163 166 170 171 172 174 178 179 180 184 186 188 190 194 196 201 202 205 207 208 209 210 213 223 225 227 234 250
26 2381 28 29 30 32 38 39 48 49 50 52 57 58 59 66 67 68 69 73 74 76 81 82 85 91 93 94 96 97 102 104 105 108 110 112 113 126 129 131 135 138 139 142 143 146 148 154 157 158 161 163 166 167 170 171 172 174 178 179 180 184 186 188 190 192 194 195 196 201 202 205 207 208 209 210 213 221 222 223 225 227 229 230 234 235 238 243 246 250
27 1746 30 38 50 57 66 67 73 81 82 85 93 94 97 104 110 112 113 129 138 146 158 170 171 172 178 179 186 201 205 209 210 227
28 2483 29 30 32 33 34 36 37 38 39 40 43 45 47 48 49 50 51 52 54 55 57 58 59 61 64 65 66 67 68 69 73 74 75 76 78 81 82 83 85 87 88 90 91 93 94 96 97 98 99 100 101 102 103 104 105 106 107 108 109 110 111 112 113 117 118 119 121 122 123 125 126 127 128 129 131 133 135 138 139 140 141 142 143 144 145 146 147 148 149 150 151 153 154 155 157 158 160 161 162 163 164 165 166 167 168 170 171 172 174 175 176 177 178 179 180 181 182 183 184 185 186 188 189 190 192 194 195 196 199 201 202 203 204 205 207 208 209 210 212 213 214 215 216 217 218 219 221 222 223 224 225 226 227 228 229 230 231 232 234 235 237 238 239 240 241 243 244 245 246 247 248 250
29 1493 30 32 34 36 37 38 39 40 43 45 47 48 49 50 51 52 54 55 57 58 59 61 64 65 66 67 68 69 73 74 75 76 78 81 82 85 87 88 90 91 93 94 96 97 99 101 102 104 105 106 107 108 109 110 111 112 113 118 119 121 122 123 125 126 127 128 129 131 135 138 139 141 142 143 145 146 147 148 150 151 154 155 157 158 160 161 162 163 165 166 167 168 170 171 172 174 176 177 178 179 180 181 182 183 184 185 186 188 190 192 194 195 196 199 201 202 204 205 207 208 209 210 213 215 216 219 221 222 223 224 225 226 227 228 229 230 231 232 234 235 237 238 239 240 243 244 245 246 248 250
30 2219 32 33 34 35 36 37 38 39 40 41 42 43 44 45 46 47 48 49 50 51 52 54 55 56 57 58 59 60 61 62 63 64 65 66 67 68 69 70 71 73 74 75 76 77 78 79 81 82 83 84 85 87 88 89 90 91 92 93 94 96 97 98 99 100 101 102 103 104 105 106 107 108 109 110 111 112 113 114 116 117 118 119 120 121 122 123 124 125 126 127 128 129 130 131 133 134 135 136 137 138 139 140 141 142 143 144 145 146 147 148 149 150 151 152 153 154 155 156 157 158 160 161 162 163 164 165 166 167 168 169 170 171 172 173 174 175 176 177 178 179 180 181 182 183 184 185 186 187 188 189 190 192 194 195 196 198 199 200 201 202 203 204 205 206 207 208 209 210 212 213 214 215 216 217 218 219 221 222 223 224 225 226 227 228 229 230 231 232 233 234 235 237 238 239 240 241 243 244 245 246 247 248 250
31 1574 38 66 67 81 85 93 94 110 113 158 171 172 178 186 210
32 1997 34 36 37 38 39 40 43 45 47 48 49 50 51 52 54 55 57 58 59 61 64 65 66 67 68 69 73 74 75 76 78 81 82 83 85 87 88 90 91 93 94 96 97 99 100 101 102 103 104 105 106 107 108 109 110 111 112 113 117 118 119 121 122 123 125 126 127 128 129 131 135 138 139 141 142 143 145 146 147 148 150 151 153 154 155 157 158 160 161 162 163 164 165 166 167 168 170 171 172 174 175 176 177 178 179 180 181 182 183 184 185 186 188 190 192 194 195 196 199 201 202 203 204 205 207 208 209 210 212 213 215 216 219 221 222 223 224 225 226 227 228 229 230 231 232 234 235 237 238 239 240 241 243 244 245 246 248 250
33 2095 38 48 49 50 52 57 58 59 66 67 73 74 81 82 85 93 94 97 102 104 105 108 110 112 113 129 135 138 139 146 148 158 163 166 170 171 172 178 179 180 186 188 194 196 201 202 205 209 210 213 225 227 234 250
34 1092 36 37 38 39 45 47 48 49 50 51 52 54 55 57 58 59 61 66 67 68 69 73 74 75 76 78 81 82 85 87 90 91 93 94 96 97 101 102 104 105 107 108 110 112 113 122 125 126 128 129 131 135 138 139 142 143 146 147 148 154 157 158 160 161 163 166 167 170 171 172 174 178 179 180 183 184 186 188 190 192 194 195 196 199 201 202 204 205 207 208 209 210 213 215 221 222 223 224 225 226 227 229 230 234 235 238 239 243 246 250
35 2140 38 50 57 66 67 73 81 82 85 93 94 97 104 110 112 113 129 138 146 158 170 171 172 178 179 186 201 205 209 210 227
36 2198 37 38 39 45 48 49 50 51 52 54 57 58 59 61 66 67 68 69 73 74 75 76 78 81 82 85 87 90 91 93 94 96 97 101 102 104 105 107 108 110 112 113 122 125 126 128 129 131 135 138 139 142 143 146 147 148 154 157 158 160 161 163 166 167 170 171 172 174 178 179 180 183 184 186 188 190 192 194 195 196 199 201 202 204 205 207 208 209 210 213 221 222 223 225 226 227 229 230 234 235 238 239 243 246 250
37 628 38 39 45 48 49 50 51 52 54 57 58 59 66 67 68 69 73 74 76 78 81 82 85 87 91 93 94 96 97 101 102 104 105 107 108 110 112 113 125 126 128 129 131 135 138 139 142 143 146 147 148 154 157 158 160 161 163 166 167 170 171 172 174 178 179 180 183 184 186 188 190 192 194 195 196 199 201 202 204 205 207 208 209 210 213 221 222 223 225 226 227 229 230 234 235 238 239 243 246 250
38 575 39 40 41 42 43 44 45 46 47 48 49 50 51 52 53 54 55 56 57 58 59 60 61 62 63 64 65 66 67 68 69 70 71 73 74 75 76 77 78 79 80 81 82 83 84 85 87 88 89 90 91 92 93 94 96 97 98 99 100 101 102 103 104 105 106 107 108 109 110 111 112 113 114 115 116 117 118 119 120 121 122 123 124 125 126 127 128 129 130 131 133 134 135 136 137 138 139 140 141 142 143 144 145 146 147 148 149 150 151 152 153 154 155 156 157 158 160 161 162 163 164 165 166 167 168 169 170 171 172 173 174 175 176 177 178 179 180 181 182 183 184 185 186 187 188 189 190 192 194 195 196 197 198 199 200 201 202 203 204 205 206 207 208 209 210 212 213 214 215 216 217 218 219 220 221 222 223 224 225 226 227 228 229 230 231 232 233 234 235 236 237 238 239 240 241 242 243 244 245 246 247 248 249 250
39 1523 40 43 45 47 48 49 50 51 52 54 55 57 58 59 61 64 65 66 67 68 69 73 74 75 76 78 81 82 83 85 87 88 90 91 93 94 96 97 99 100 101 102 103 104 105 106 107 108 109 110 111 112 113 117 118 119 121 122 123 125 126 127 128 129 131 133 135 138 139 141 142 143 145 146 147 148 150 151 153 154 155 157 158 160 161 162 163 164 165 166 167 168 170 171 172 174 175 176 177 178 179 180 181 182 183 184 185 186 188 190 192 194 195 196 199 201 202 203 204 205 207 208 209 210 212 213 215 216 218 219 221 222 223 224 225 226 227 228 229 230 231 232 234 235 237 238 239 240 241 243 244 245 246 247 248 250
40 2441 48 49 50 52 57 58 59 66 67 68 73 74 81 82 85 91 93 94 97 102 104 105 108 110 112 113 129 135 138 139 146 148 154 157 158 161 163 166 167 170 171 172 174 178 179 180 184 186 188 190 194 195 196 201 202 205 207 208 209 210 213 223 225 227 229 230 234 238 250
41 1614 50 52 57 66 67 73 81 82 85 93 94 97 104 105 108 110 112 113 129 138 146 158 163 170 171 172 178 179 186 188 194 196 201 205 209 210 227 234
42 913 49 50 52 57 58 59 66 67 73 81 82 85 93 94 97 104 105 108 110 112 113 129 138 146 158 163 170 171 172 178 179 180 186 188 194 196 201 205 209 210 227 234
43 1924 48 49 50 52 57 58 59 66 67 68 69 73 74 76 81 82 85 91 93 94 96 97 102 104 105 108 110 112 113 126 129 131 135 138 139 142 143 146 148 154 157 158 161 163 166 167 170 171 172 174 178 179 180 184 186 188 190 192 194 195 196 201 202 205 207 208 209 210 213 221 223 225 227 229 230 234 235 238 243 246 250
44 1128 50 57 66 67 73 81 82 85 93 94 97 104 110 112 113 129 138 146 158 170 171 172 178 186 201 205 209 210 227
45 835 48 49 50 51 52 57 58 59 66 67 68 69 73 74 76 78 81 82 85 91 93 94 96 97 101 102 104 105 107 108 110 112 113 125 126 128 129 131 135 138 139 142 143 146 147 148 154 157 158 160 161 163 166 167 170 171 172 174 178 179 180 183 184 186 188 190 192 194 195 196 199 201 202 205 207 208 209 210 213 221 222 223 225 226 227 229 230 234 235 238 239 243 246 250
46 859 49 50 52 57 58 59 66 67 73 81 82 85 93 94 97 104 105 108 110 112 113 129 138 146 158 163 170 171 172 178 179 180 186 188 194 196 201 205 209 210 227 234
47 1536 48 49 50 51 52 57 58 59 66 67 68 69 73 74 76 81 82 85 91 93 94 96 97 102 104 105 108 110 112 113 126 128 129 131 135 138 139 142 143 146 147 148 154 157 158 161 163 166 167 170 171 172 174 178 179 180 183 184 186 188 190 192 194 195 196 201 202 205 207 208 209 210 213 221 222 223 225 227 229 230 234 235 238 239 243 246 250
48 2233 49 50 51 52 54 55 57 58 59 61 64 65 66 67 68 69 73 74 75 76 78 81 82 83 85 87 88 90 91 93 94 96 97 99 100 101 102 103 104 105 106 107 108 109 110 111 112 113 117 118 119 121 122 123 125 126 127 128 129 131 133 135 138 139 140 141 142 143 144 145 146 147 148 150 151 153 154 155 157 158 160 161 162 163 164 165 166 167 168 170 171 172 174 175 176 177 178 179 180 181 182 183 184 185 186 188 189 190 192 194 195 196 199 201 202 203 204 205 207 208 209 210 212 213 214 215 216 217 218 219 221 222 223 224 225 226 227 228 229 230 231 232 234 235 237 238 239 240 241 243 244 245 246 247 248 250
49 591 50 51 52 54 55 57 58 59 61 62 64 65 66 67 68 69 70 73 74 75 76 78 81 82 83 84 85 87 88 90 91 93 94 96 97 98 99 100 101 102 103 104 105 106 107 108 109 110 111 112 113 117 118 119 121 122 123 125 126 127 128 129 131 133 134 135 137 138 139 140 141 142 143 144 145 146 147 148 149 150 151 153 154 155 157 158 160 161 162 163 164 165 166 167 168 170 171 172 174 175 176 177 178 179 180 181 182 183 184 185 186 187 188 189 190 192 194 195 196 199 201 202 203 204 205 207 208 209 210 212 213 214 215 216 217 218 219 221 222 223 224 225 226 227 228 229 230 231 232 234 235 237 238 239 240 241 243 244 245 246 247 248 250
50 1318 51 52 54 55 56 57 58 59 60 61 62 64 65 66 67 68 69 70 71 73 74 75 76 77 78 79 81 82 83 84 85 87 88 89 90 91 92 93 94 96 97 98 99 100 101 102 103 104 105 106 107 108 109 110 111 112 113 114 116 117 118 119 120 121 122 123 124 125 126 127 128 129 130 131 133 134 135 136 137 138 139 140 141 142 143 144 145 146 147 148 149 150 151 152 153 154 155 156 157 158 160 161 162 163 164 165 166 167 168 169 170 171 172 173 174 175 176 177 178 179 180 181 182 183 184 185 186 187 188 189 190 192 194 195 196 198 199 200 201 202 203 204 205 206 207 208 209 210 212 213 214 215 216 217 218 219 221 222 223 224 225 226 227 228 229 230 231 232 233 234 235 237 238 239 240 241 243 244 245 246 247 248 250
51 534 52 54 57 58 59 61 66 67 68 69 73 74 75 76 78 81 82 85 87 90 91 93 94 96 97 101 102 104 105 107 108 110 112 113 122 125 126 128 129 131 135 138 139 142 143 146 147 148 154 157 158 160 161 163 166 167 170 171 172 174 178 179 180 183 184 186 188 190 192 194 195 196 199 201 202 204 205 207 208 209 210 213 215 221 222 223 224 225 226 227 229 230 234 235 238 239 243 246 250
52 2413 54 55 56 57 58 59 60 61 62 64 65 66 67 68 69 70 73 74 75 76 78 81 82 83 84 85 87 88 90 91 93 94 96 97 98 99 100 101 102 103 104 105 106 107 108 109 110 111 112 113 114 117 118 119 121 122 123 125 126 127 128 129 130 131 133 134 135 137 138 139 140 141 142 143 144 145 146 147 148 149 150 151 153 154 155 156 157 158 160 161 162 163 164 165 166 167 168 170 171 172 174 175 176 177 178 179 180 181 182 183 184 185 186 187 188 189 190 192 194 195 196 199 200 201 202 203 204 205 207 208 209 210 212 213 214 215 216 217 218 219 221 222 223 224 225 226 227 228 229 230 231 232 234 235 237 238 239 240 241 243 244 245 246 247 248 250
53 2299 66 67 81 85 93 94 110 113 158 171 172 178 186 210
54 1120 57 58 59 66 67 68 69 73 74 76 81 82 85 91 93 94 96 97 101 102 104 105 108 110 112 113 125 126 128 129 131 135 138 139 142 143 146 147 148 154 157 158 160 161 163 166 167 170 171 172 174 178 179 180 183 184 186 188 190 192 194 195 196 199 201 202 205 207 208 209 210 213 221 222 223 225 226 227 229 230 234 235 238 239 243 246 250
55 953 57 58 59 66 67 68 69 73 74 76 81 82 85 91 93 94 96 97 102 104 105 108 110 112 113 126 128 129 131 135 138 139 142 143 146 147 148 154 157 158 161 163 166 167 170 171 172 174 178 179 180 183 184 186 188 190 192 194 195 196 201 202 205 207 208 209 210 213 221 222 223 225 227 229 230 234 235 238 239 243 246 250
56 2439 57 66 67 73 81 82 85 93 94 97 104 105 108 110 112 113 129 138 146 158 163 170 171 172 178 179 186 188 194 196 201 205 209 210 227 234
57 1255 58 59 60 61 62 63 64 65 66 67 68 69 70 71 73 74 75 76 77 78 79 81 82 83 84 85 87 88 89 90 91 92 93 94 96 97 98 99 100 101 102 103 104 105 106 107 108 109 110 111 112 113 114 116 117 118 119 120 121 122 123 124 125 126 127 128 129 130 131 133 134 135 136 137 138 139 140 141 142 143 144 145 146 147 148 149 150 151 152 153 154 155 156 157 158 160 161 162 163 164 165 166 167 168 169 170 171 172 173 174 175 176 177 178 179 180 181 182 183 184 185 186 187 188 189 190 192 194 195 196 198 199 200 201 202 203 204 205 206 207 208 209 210 212 213 214 215 216 217 218 219 221 222 223 224 225 226 227 228 229 230 231 232 233 234 235 237 238 239 240 241 243 244 245 246 247 248 250
58 761 59 60 61 62 64 65 66 67 68 69 70 73 74 75 76 78 81 82 83 84 85 87 88 90 91 93 94 96 97 98 99 100 101 102 103 104 105 106 107 108 109 110 111 112 113 114 117 118 119 121 122 123 125 126 127 128 129 130 131 133 134 135 137 138 139 140 141 142 143 144 145 146 147 148 149 150 151 153 154 155 156 157 158 160 161 162 163 164 165 166 167 168 170 171 172 174 175 176 177 178 179 180 181 182 183 184 185 186 187 188 189 190 192 194 195 196 199 201 202 203 204 205 207 208 209 210 212 213 214 215 216 217 218 219 221 222 223 224 225 226 227 228 229 230 231 232 234 235 237 238 239 240 241 243 244 245 246 247 248 250
59 752 61 62 64 65 66 67 68 69 70 73 74 75 76 78 81 82 83 84 85 87 88 90 91 93 94 96 97 98 99 100 101 102 103 104 105 106 107 108 109 110 111 112 113 114 117 118 119 121 122 123 125 126 127 128 129 130 131 133 134 135 137 138 139 140 141 142 143 144 145 146 147 148 149 150 151 153 154 155 157 158 160 161 162 163 164 165 166 167 168 170 171 172 174 175 176 177 178 179 180 181 182 183 184 185 186 187 188 189 190 192 194 195 196 199 201 202 203 204 205 207 208 209 210 212 213 214 215 216 217 218 219 221 222 223 224 225 226 227 228 229 230 231 232 234 235 237 238 239 240 241 243 244 245 246 247 248 250
60 2149 66 67 73 81 82 85 93 94 97 104 105 108 110 112 113 129 138 146 158 163 170 171 172 178 179 180 186 188 194 196 201 205 209 210 227 234
61 806 66 67 68 69 73 74 76 81 82 85 91 93 94 96 97 102 104 105 108 110 112 113 125 126 128 129 131 135 138 139 142 143 146 147 148 154 157 158 161 163 166 167 170 171 172 174 178 179 180 183 184 186 188 190 192 194 195 196 201 202 205 207 208 209 210 213 221 222 223 225 226 227 229 230 234 235 238 239 243 246 250
62 2092 66 67 73 81 82 85 93 94 97 104 105 108 110 112 113 129 138 146 158 163 170 171 172 178 179 180 186 188 194 196 201 205 209 210 227 234 250
63 1508 66 67 81 82 85 93 94 104 110 112 113 129 138 146 158 170 171 172 178 186 201 205 209 210 227
64 951 66 67 68 69 73 74 81 82 85 91 93 94 96 97 102 104 105 108 110 112 113 129 135 138 139 142 146 148 154 157 158 161 163 166 167 170 171 172 174 178 179 180 184 186 188 190 194 195 196 201 202 205 207 208 209 210 213 221 223 225 227 229 230 234 238 246 250
65 1884 66 67 68 73 74 81 82 85 91 93 94 97 102 104 105 108 110 112 113 129 135 138 139 142 146 148 154 157 158 161 163 166 167 170 171 172 174 178 179 180 184 186 188 190 194 195 196 201 202 205 207 208 209 210 213 223 225 227 229 230 234 238 250
66 2166 67 68 69 70 71 73 74 75 76 77 78 79 80 81 82 83 84 85 87 88 89 90 91 92 93 94 96 97 98 99 100 101 102 103 104 105 106 107 108 109 110 111 112 113 114 115 116 117 118 119 120 121 122 123 124 125 126 127 128 129 130 131 133 134 135 136 137 138 139 140 141 142 143 144 145 146 147 148 149 150 151 152 153 154 155 156 157 158 160 161 162 163 164 165 166 167 168 169 170 171 172 173 174 175 176 177 178 179 180 181 182 183 184 185 186 187 188 189 190 192 194 195 196 197 198 199 200 201 202 203 204 205 206 207 208 209 210 212 213 214 215 216 217 218 219 220 221 222 223 224 225 226 227 228 229 230 231 232 233 234 235 236 237 238 239 240 241 242 243 244 245 246 247 248 249 250
67 1540 68 69 70 71 72 73 74 75 76 77 78 79 80 81 82 83 84 85 87 88 89 90 91 92 93 94 95 96 97 98 99 100 101 102 103 104 105 106 107 108 109 110 111 112 113 114 115 116 117 118 119 120 121 122 123 124 125 126 127 128 129 130 131 133 134 135 136 137 138 139 140 141 142 143 144 145 146 147 148 149 150 151 152 153 154 155 156 157 158 159 160 161 162 163 164 165 166 167 168 169 170 171 172 173 174 175 176 177 178 179 180 181 182 183 184 185 186 187 188 189 190 191 192 193 194 195 196 197 198 199 200 201 202 203 204 205 206 207 208 209 210 211 212 213 214 215 216 217 218 219 220 221 222 223 224 225 226 227 228 229 230 231 232 233 234 235 236 237 238 239 240 241 242 243 244 245 246 247 248 249 250
68 1579 69 73 74 75 76 78 81 82 85 87 88 90 91 93 94 96 97 99 101 102 104 105 106 107 108 109 110 111 112 113 118 119 121 122 123 125 126 127 128 129 131 135 138 139 141 142 143 145 146 147 148 150 151 154 155 157 158 160 161 162 163 165 166 167 168 170 171 172 174 176 177 178 179 180 181 182 183 184 185 186 188 190 192 194 195 196 199 201 202 204 205 207 208 209 210 213 215 216 219 221 222 223 224 225 226 227 228 229 230 231 232 234 235 237 238 239 240 243 244 245 246 248 250
69 1539 73 74 75 76 78 81 82 85 87 88 90 91 93 94 96 97 99 101 102 104 105 106 107 108 109 110 112 113 118 119 122 125 126 128 129 131 135 138 139 141 142 143 145 146 147 148 150 151 154 157 158 160 161 162 163 165 166 167 170 171 172 174 176 177 178 179 180 181 182 183 184 186 188 190 192 194 195 196 199 201 202 204 205 207 208 209 210 213 215 221 222 223 224 225 226 227 228 229 230 234 235 237 238 239 240 243 244 245 246 248 250
70 1692 73 74 81 82 85 93 94 97 104 105 108 110 112 113 129 138 146 148 158 163 166 170 171 172 178 179 180 186 188 194 196 201 205 209 210 227 234 250
71 1439 73 81 82 85 93 94 97 104 110 112 113 129 138 146 158 163 170 171 172 178 179 186 196 201 205 209 210 227
72 1338 93 110
73 659 74 75 76 77 78 79 81 82 83 84 85 87 88 89 90 91 92 93 94 96 97 98 99 100 101 102 103 104 105 106 107 108 109 110 111 112 113 114 116 117 118 119 120 121 122 123 124 125 126 127 128 129 130 131 133 134 135 136 137 138 139 140 141 142 143 144 145 146 147 148 149 150 151 152 153 154 155 156 157 158 160 161 162 163 164 165 166 167 168 169 170 171 172 173 174 175 176 177 178 179 180 181 182 183 184 185 186 187 188 189 190 192 194 195 196 198 199 200 201 202 203 204 205 206 207 208 209 210 212 213 214 215 216 217 218 219 221 222 223 224 225 226 227 228 229 230 231 232 233 234 235 237 238 239 240 241 243 244 245 246 247 248 250
74 1805 75 76 78 81 82 83 84 85 87 88 90 91 93 94 96 97 98 99 100 101 102 103 104 105 106 107 108 109 110 111 112 113 117 118 119 121 122 123 125 126 127 128 129 131 133 135 138 139 140 141 142 143 144 145 146 147 148 149 150 151 153 154 155 157 158 160 161 162 163 164 165 166 167 168 170 171 172 174 175 176 177 178 179 180 181 182 183 184 185 186 188 189 190 192 194 195 196 199 201 202 203 204 205 207 208 209 210 212 213 214 215 216 217 218 219 221 222 223 224 225 226 227 228 229 230 231 232 234 235 237 238 239 240 241 243 244 245 246 247 248 250
75 1790 76 81 82 85 91 93 94 96 97 102 104 105 108 110 112 113 125 126 128 129 131 135 138 139 142 143 146 147 148 154 157 158 161 163 166 167 170 171 172 174 178 179 180 183 184 186 188 190 192 194 195 196 201 202 205 207 208 209 210 213 221 222 223 225 226 227 229 230 234 235 238 239 243 246 250
76 518 78 81 82 85 87 88 90 91 93 94 96 97 99 101 102 104 105 106 107 108 110 112 113 118 119 122 125 126 128 129 131 135 138 139 141 142 143 145 146 147 148 150 151 154 157 158 160 161 162 163 165 166 167 170 171 172 174 177 178 179 180 181 182 183 184 186 188 190 192 194 195 196 199 201 202 204 205 207 208 209 210 213 215 221 222 223 224 225 226 227 228 229 230 234 235 237 238 239 240 243 244 245 246 250
77 1965 81 82 85 93 94 97 104 110 112 113 129 138 146 158 170 171 172 178 186 201 205 209 210 227
78 1855 81 82 85 91 93 94 96 97 101 102 104 105 107 108 110 112 113 125 126 128 129 131 135 138 139 142 143 146 147 148 154 157 158 160 161 163 166 167 170 171 172 174 178 179 180 183 184 186 188 190 192 194 195 196 199 201 202 205 207 208 209 210 213 221 222 223 225 226 227 229 230 234 235 238 239 243 246 250
79 1868 81 82 85 93 94 97 104 110 112 113 129 138 146 158 170 171 172 178 186 201 205 209 210 227
80 1253 81 82 85 93 94 104 110 113 129 138 146 158 170 171 172 178 186 205 210 227
81 649 82 83 84 85 87 88 89 90 91 92 93 94 95 96 97 98 99 100 101 102 103 104 105 106 107 108 109 110 111 112 113 114 115 116 117 118 119 120 121 122 123 124 125 126 127 128 129 130 131 133 134 135 136 137 138 139 140 141 142 143 144 145 146 147 148 149 150 151 152 153 154 155 156 157 158 159 160 161 162 163 164 165 166 167 168 169 170 171 172 173 174 175 176 177 178 179 180 181 182 183 184 185 186 187 188 189 190 191 192 193 194 195 196 197 198 199 200 201 202 203 204 205 206 207 208 209 210 212 213 214 215 216 217 218 219 220 221 222 223 224 225 226 227 228 229 230 231 232 233 234 235 236 237 238 239 240 241 242 243 244 245 246 247 248 249 250
82 519 83 84 85 87 88 89 90 91 92 93 94 96 97 98 99 100 101 102 103 104 105 106 107 108 109 110 111 112 113 114 116 117 118 119 120 121 122 123 124 125 126 127 128 129 130 131 133 134 135 136 137 138 139 140 141 142 143 144 145 146 147 148 149 150 151 152 153 154 155 156 157 158 160 161 162 163 164 165 166 167 168 169 170 171 172 173 174 175 176 177 178 179 180 181 182 183 184 185 186 187 188 189 190 192 194 195 196 198 199 200 201 202 203 204 205 206 207 208 209 210 212 213 214 215 216 217 218 219 221 222 223 224 225 226 227 228 229 230 231 232 233 234 235 237 238 239 240 241 243 244 245 246 247 248 249 250
83 2255 85 93 94 97 102 104 105 108 110 112 113 129 135 138 139 146 148 154 158 163 166 170 171 172 174 178 179 180 184 186 188 190 194 196 201 202 205 207 208 209 210 213 223 225 227 234 250
84 2079 85 93 94 97 104 105 108 110 112 113 129 138 146 158 163 170 171 172 178 179 180 186 188 194 196 201 205 209 210 227 234 250
85 1288 87 88 89 90 91 92 93 94 96 97 98 99 100 101 102 103 104 105 106 107 108 109 110 111 112 113 114 115 116 117 118 119 120 121 122 123 124 125 126 127 128 129 130 131 133 134 135 136 137 138 139 140 141 142 143 144 145 146 147 148 149 150 151 152 153 154 155 156 157 158 160 161 162 163 164 165 166 167 168 169 170 171 172 173 174 175 176 177 178 179 180 181 182 183 184 185 186 187 188 189 190 192 194 195 196 198 199 200 201 202 203 204 205 206 207 208 209 210 212 213 214 215 216 217 218 219 220 221 222 223 224 225 226 227 228 229 230 231 232 233 234 235 237 238 239 240 241 242 243 244 245 246 247 248 249 250
86 1213
87 1631 91 93 94 96 97 102 104 105 108 110 112 113 125 126 128 129 131 135 138 139 142 143 146 147 148 154 157 158 161 163 166 167 170 171 172 174 178 179 180 183 184 186 188 190 192 194 195 196 199 201 202 205 207 208 209 210 213 221 222 223 225 226 227 229 230 234 235 238 239 243 246 250
88 915 91 93 94 96 97 102 104 105 108 110 112 113 126 128 129 131 135 138 139 142 143 146 147 148 154 157 158 161 163 166 167 170 171 172 174 178 179 180 183 184 186 188 190 192 194 195 196 201 202 205 207 208 209 210 213 221 222 223 225 227 229 230 234 235 238 243 246 250
89 2268 93 94 97 104 110 112 113 129 138 146 158 163 170 171 172 178 179 186 201 205 209 210 227
90 1505 91 93 94 96 97 102 104 105 108 110 112 113 125 126 128 129 131 135 138 139 142 143 146 147 148 154 157 158 161 163 166 167 170 171 172 174 178 179 180 183 184 186 188 190 192 194 195 196 201 202 205 207 208 209 210 213 221 222 223 225 226 227 229 230 234 235 238 239 243 246 250
91 1734 93 94 96 97 99 101 102 104 105 106 107 108 109 110 111 112 113 118 119 122 125 126 128 129 131 135 138 139 141 142 143 145 146 147 148 150 151 154 157 158 160 161 162 163 165 166 167 170 171 172 174 176 177 178 179 180 181 182 183 184 185 186 188 190 192 194 195 196 199 201 202 204 205 207 208 209 210 213 215 221 222 223 224 225 226 227 228 229 230 234 235 237 238 239 240 243 244 245 246 248 250
92 686 93 94 97 104 110 112 113 129 138 146 158 163 170 171 172 178 179 186 201 205 209 210 227
93 1751 94 95 96 97 98 99 100 101 102 103 104 105 106 107 108 109 110 111 112 113 114 115 116 117 118 119 120 121 122 123 124 125 126 127 128 129 130 131 133 134 135 136 137 138 139 140 141 142 143 144 145 146 147 148 149 150 151 152 153 154 155 156 157 158 159 160 161 162 163 164 165 166 167 168 169 170 171 172 173 174 175 176 177 178 179 180 181 182 183 184 185 186 187 188 189 190 191 192 193 194 195 196 197 198 199 200 201 202 203 204 205 206 207 208 209 210 211 212 213 214 215 216 217 218 219 220 221 222 223 224 225 226 227 228 229 230 231 232 233 234 235 236 237 238 239 240 241 242 243 244 245 246 247 248 249 250
94 825 96 97 98 99 100 101 102 103 104 105 106 107 108 109 110 111 112 113 114 115 116 117 118 119 120 121 122 123 124 125 126 127 128 129 130 131 133 134 135 136 137 138 139 140 141 142 143 144 145 146 147 148 149 150 151 152 153 154 155 156 157 158 160 161 162 163 164 165 166 167 168 169 170 171 172 173 174 175 176 177 178 179 180 181 182 183 184 185 186 187 188 189 190 192 194 195 196 198 199 200 201 202 203 204 205 206 207 208 209 210 212 213 214 215 216 217 218 219 220 221 222 223 224 225 226 227 228 229 230 231 232 233 234 235 237 238 239 240 241 242 243 244 245 246 247 248 249 250
95 890 110 158 172 178 186
96 1134 97 99 101 102 104 105 106 107 108 109 110 112 113 118 119 122 125 126 128 129 131 135 138 139 141 142 143 145 146 147 148 150 151 154 157 158 160 161 162 163 165 166 167 170 171 172 174 176 177 178 179 180 181 182 183 184 186 188 190 192 194 195 196 199 201 202 204 205 207 208 209 210 213 215 221 222 223 224 225 226 227 228 229 230 234 235 237 238 239 240 243 244 245 246 248 250
97 1133 98 99 100 101 102 103 104 105 106 107 108 109 110 111 112 113 114 116 117 118 119 120 121 122 123 124 125 126 127 128 129 130 131 133 134 135 136 137 138 139 140 141 142 143 144 145 146 147 148 149 150 151 152 153 154 155 156 157 158 160 161 162 163 164 165 166 167 168 169 170 171 172 173 174 175 176 177 178 179 180 181 182 183 184 185 186 187 188 189 190 192 194 195 196 198 199 200 201 202 203 204 205 206 207 208 209 210 212 213 214 215 216 217 218 219 221 222 223 224 225 226 227 228 229 230 231 232 233 234 235 237 238 239 240 241 243 244 245 246 247 248 250
98 1524 104 105 108 110 112 113 129 135 138 139 146 148 158 163 166 170 171 172 178 179 180 186 188 194 196 201 205 209 210 225 227 234 250
99 1294 102 104 105 108 110 112 113 126 129 131 135 138 139 142 143 146 148 154 157 158 161 163 166 167 170 171 172 174 178 179 180 184 186 188 190 192 194 195 196 201 202 205 207 208 209 210 213 221 223 225 227 229 230 234 235 238 243 246 250
100 2456 102 104 105 108 110 112 113 129 135 138 139 146 148 154 158 163 166 170 171 172 174 178 179 180 184 186 188 190 194 196 201 202 205 207 208 209 210 213 223 225 227 234 250
101 1390 102 104 105 107 108 110 112 113 125 126 128 129 131 135 138 139 142 143 146 147 148 154 157 158 160 161 163 166 167 170 171 172 174 178 179 180 183 184 186 188 190 192 194 195 196 199 201 202 205 207 208 209 210 213 221 222 223 225 226 227 229 230 234 235 238 239 243 246 250
102 1718 103 104 105 106 107 108 109 110 111 112 113 117 118 119 121 122 123 125 126 127 128 129 131 133 135 138 139 141 142 143 144 145 146 147 148 150 151 153 154 155 157 158 160 161 162 163 164 165 166 167 168 170 171 172 174 175 176 177 178 179 180 181 182 183 184 185 186 188 190 192 194 195 196 199 201 202 203 204 205 207 208 209 210 212 213 214 215 216 218 219 221 222 223 224 225 226 227 228 229 230 231 232 234 235 237 238 239 240 241 243 244 245 246 247 248 250
103 1203 104 105 108 110 112 113 129 135 138 139 146 148 154 158 163 166 170 171 172 174 178 179 180 184 186 188 190 194 196 201 202 205 207 208 209 210 213 223 225 227 234 250
104 1163 105 106 107 108 109 110 111 112 113 114 115 116 117 118 119 120 121 122 123 124 125 126 127 128 129 130 131 133 134 135 136 137 138 139 140 141 142 143 144 145 146 147 148 149 150 151 152 153 154 155 156 157 158 160 161 162 163 164 165 166 167 168 169 170 171 172 173 174 175 176 177 178 179 180 181 182 183 184 185 186 187 188 189 190 192 194 195 196 198 199 200 201 202 203 204 205 206 207 208 209 210 212 213 214 215 216 217 218 219 221 222 223 224 225 226 227 228 229 230 231 232 233 234 235 237 238 239 240 241 242 243 244 245 246 247 248 249 250
105 2204 106 107 108 109 110 111 112 113 114 117 118 119 121 122 123 125 126 127 128 129 130 131 133 134 135 137 138 139 140 141 142 143 144 145 146 147 148 149 150 151 153 154 155 156 157 158 160 161 162 163 164 165 166 167 168 169 170 171 172 174 175 176 177 178 179 180 181 182 183 184 185 186 187 188 189 190 192 194 195 196 199 200 201 202 203 204 205 207 208 209 210 212 213 214 215 216 217 218 219 221 222 223 224 225 226 227 228 229 230 231 232 234 235 237 238 239 240 241 243 244 245 246 247 248 250
106 809 108 110 112 113 126 128 129 131 135 138 139 142 143 146 147 148 154 157 158 161 163 166 167 170 171 172 174 178 179 180 183 184 186 188 190 192 194 195 196 201 202 205 207 208 209 210 213 221 222 223 225 227 229 230 234 235 238 243 246 250
107 2365 108 110 112 113 125 126 128 129 131 135 138 139 142 143 146 147 148 154 157 158 160 161 163 166 167 170 171 172 174 178 179 180 183 184 186 188 190 192 194 195 196 199 201 202 205 207 208 209 210 213 221 222 223 225 226 227 229 230 234 235 238 239 243 246 250
108 1902 109 110 111 112 113 114 117 118 119 121 122 123 125 126 127 128 129 130 131 133 134 135 137 138 139 140 141 142 143 144 145 146 147 148 149 150 151 153 154 155 156 157 158 160 161 162 163 164 165 166 167 168 170 171 172 174 175 176 177 178 179 180 181 182 183 184 185 186 187 188 189 190 192 194 195 196 199 200 201 202 203 204 205 207 208 209 210 212 213 214 215 216 217 218 219 221 222 223 224 225 226 227 228 229 230 231 232 234 235 237 238 239 240 241 243 244 245 246 247 248 250
109 2171 110 112 113 129 135 138 139 142 146 148 154 157 158 161 163 166 167 170 171 172 174 178 179 180 184 186 188 190 194 195 196 201 202 205 207 208 209 210 213 223 225 227 229 230 234 238 250
110 1930 111 112 113 114 115 116 117 118 119 120 121 122 123 124 125 126 127 128 129 130 131 133 134 135 136 137 138 139 140 141 142 143 144 145 146 147 148 149 150 151 152 153 154 155 156 157 158 159 160 161 162 163 164 165 166 167 168 169 170 171 172 173 174 175 176 177 178 179 180 181 182 183 184 185 186 187 188 189 190 191 192 193 194 195 196 197 198 199 200 201 202 203 204 205 206 207 208 209 210 211 212 213 214 215 216 217 218 219 220 221 222 223 224 225 226 227 228 229 230 231 232 233 234 235 236 237 238 239 240 241 242 243 244 245 246 247 248 249 250
111 1903 112 113 129 135 138 139 146 148 154 157 158 161 163 166 167 170 171 172 174 178 179 180 184 186 188 190 194 196 201 202 205 207 208 209 210 213 223 225 227 229 230 234 238 250
112 1021 113 114 116 117 118 119 120 121 122 123 124 125 126 127 128 129 130 131 133 134 135 136 137 138 139 140 141 142 143 144 145 146 147 148 149 150 151 152 153 154 155 156 157 158 160 161 162 163 164 165 166 167 168 169 170 171 172 173 174 175 176 177 178 179 180 181 182 183 184 185 186 187 188 189 190 192 194 195 196 198 199 200 201 202 203 204 205 206 207 208 209 210 212 213 214 215 216 217 218 219 221 222 223 224 225 226 227 228 229 230 231 232 233 234 235 237 238 239 240 241 243 244 245 246 247 248 250
113 2448 114 115 116 117 118 119 120 121 122 123 124 125 126 127 128 129 130 131 133 134 135 136 137 138 139 140 141 142 143 144 145 146 147 148 149 150 151 152 153 154 155 156 157 158 160 161 162 163 164 165 166 167 168 169 170 171 172 173 174 175 176 177 178 179 180 181 182 183 184 185 186 187 188 189 190 192 194 195 196 198 199 200 201 202 203 204 205 206 207 208 209 210 212 213 214 215 216 217 218 219 220 221 222 223 224 225 226 227 228 229 230 231 232 233 234 235 237 238 239 240 241 242 243 244 245 246 247 248 249 250
114 1362 129 138 146 158 163 170 171 172 178 179 180 186 188 194 196 201 205 209 210 227 234
115 1214 129 158 170 171 172 178 186 205 210 227
116 1892 129 138 146 158 163 170 171 172 178 179 186 194 196 201 205 209 210 227 234
117 1399 129 135 138 139 146 148 154 158 163 166 170 171 172 174 178 179 180 184 186 188 190 194 196 201 202 205 207 208 209 210 213 223 225 227 234 250
118 706 126 128 129 131 135 138 139 142 143 146 147 148 154 157 158 161 163 166 167 170 171 172 174 178 179 180 183 184 186 188 190 192 194 195 196 201 202 205 207 208 209 210 213 221 222 223 225 227 229 230 234 235 238 243 246 250
119 1477 126 129 131 135 138 139 142 143 146 148 154 157 158 161 163 166 167 170 171 172 174 178 179 180 184 186 188 190 192 194 195 196 201 202 205 207 208 209 210 213 221 222 223 225 227 229 230 234 235 238 243 246 250
120 643 129 138 146 158 170 171 172 178 179 186 201 205 209 210 227
121 786 129 135 138 139 146 148 154 157 158 161 163 166 167 170 171 172 174 178 179 180 184 186 188 190 194 196 201 202 205 207 208 209 210 213 223 225 227 234 238 250
122 1210 125 126 128 129 131 135 138 139 142 143 146 147 148 154 157 158 161 163 166 167 170 171 172 174 178 179 180 183 184 186 188 190 192 194 195 196 201 202 205 207 208 209 210 213 221 222 223 225 226 227 229 230 234 235 238 239 243 246 250
123 1484 129 135 138 139 146 148 154 157 158 161 163 166 167 170 171 172 174 178 179 180 184 186 188 190 194 196 201 202 205 207 208 209 210 213 223 225 227 234 238 250
124 1840 129 138 146 158 163 170 171 172 178 179 186 201 205 209 210 227
125 2441 126 128 129 131 135 138 139 142 143 146 147 148 154 157 158 160 161 163 166 167 170 171 172 174 178 179 180 183 184 186 188 190 192 194 195 196 199 201 202 204 205 207 208 209 210 213 221 222 223 225 226 227 229 230 234 235 238 239 243 246 250
126 1011 128 129 131 135 138 139 141 142 143 145 146 147 148 150 151 154 157 158 160 161 162 163 165 166 167 170 171 172 174 178 179 180 181 182 183 184 186 188 190 192 194 195 196 199 201 202 204 205 207 208 209 210 213 215 221 222 223 224 225 226 227 228 229 230 234 235 237 238 239 240 243 244 245 246 250
127 1746 129 135 138 139 146 148 154 158 161 163 166 167 170 171 172 174 178 179 180 184 186 188 190 194 196 201 202 205 207 208 209 210 213 223 225 227 234 238 250
128 1358 129 131 135 138 139 142 143 146 147 148 154 157 158 160 161 163 166 167 170 171 172 174 178 179 180 181 183 184 186 188 190 192 194 195 196 199 201 202 204 205 207 208 209 210 213 215 221 222 223 224 225 226 227 228 229 230 234 235 237 238 239 240 243 245 246 250
129 1329 130 131 133 134 135 136 137 138 139 140 141 142 143 144 145 146 147 148 149 150 151 152 153 154 155 156 157 158 160 161 162 163 164 165 166 167 168 169 170 171 172 173 174 175 176 177 178 179 180 181 182 183 184 185 186 187 188 189 190 192 194 195 196 198 199 200 201 202 203 204 205 206 207 208 209 210 212 213 214 215 216 217 218 219 221 222 223 224 225 226 227 228 229 230 231 232 233 234 235 237 238 239 240 241 242 243 244 245 246 247 248 249 250
130 571 138 146 158 163 170 171 172 178 179 180 186 188 194 196 201 205 209 210 227 234
131 1415 135 138 139 141 142 143 145 146 147 148 150 151 154 157 158 160 161 162 163 165 166 167 170 171 172 174 177 178 179 180 181 182 183 184 186 188 190 192 194 195 196 199 201 202 204 205 207 208 209 210 213 215 221 222 223 224 225 226 227 228 229 230 234 235 237 238 239 240 243 244 245 246 250
132 1167
133 2484 135 138 139 146 148 158 163 166 170 171 172 174 178 179 180 184 186 188 190 194 196 201 202 205 207 208 209 210 213 223 225 227 234 250
134 1805 138 146 158 163 170 171 172 178 179 180 186 188 194 196 201 205 209 210 227 234
135 2001 138 139 140 141 142 143 144 145 146 147 148 149 150 151 153 154 155 157 158 160 161 162 163 164 165 166 167 168 170 171 172 174 175 176 177 178 179 180 181 182 183 184 185 186 188 189 190 192 194 195 196 199 201 202 203 204 205 207 208 209 210 212 213 214 215 216 217 218 219 221 222 223 224 225 226 227 228 229 230 231 232 234 235 237 238 239 240 241 243 244 245 246 247 248 250
136 2156 138 146 158 163 170 171 172 178 179 186 194 196 201 205 209 210 227
137 2004 138 146 158 163 170 171 172 178 179 180 186 188 194 196 201 205 209 210 227 234 250
138 707 139 140 141 142 143 144 145 146 147 148 149 150 151 152 153 154 155 156 157 158 160 161 162 163 164 165 166 167 168 169 170 171 172 173 174 175 176 177 178 179 180 181 182 183 184 185 186 187 188 189 190 192 194 195 196 198 199 200 201 202 203 204 205 206 207 208 209 210 212 213 214 215 216 217 218 219 221 222 223 224 225 226 227 228 229 230 231 232 233 234 235 237 238 239 240 241 243 244 245 246 247 248 249 250
139 1497 140 141 142 143 144 145 146 147 148 149 150 151 153 154 155 157 158 160 161 162 163 164 165 166 167 168 170 171 172 174 175 176 177 178 179 180 181 182 183 184 185 186 188 189 190 192 194 195 196 199 201 202 203 204 205 207 208 209 210 212 213 214 215 216 217 218 219 221 222 223 224 225 226 227 228 229 230 231 232 234 235 237 238 239 240 241 243 244 245 246 247 248 250
140 964 146 148 158 163 166 170 171 172 178 179 180 186 188 194 196 201 205 209 210 213 225 227 234 250
141 625 142 143 146 148 154 157 158 161 163 166 167 170 171 172 174 178 179 180 184 186 188 190 192 194 195 196 201 202 205 207 208 209 210 213 221 222 223 225 227 229 230 234 235 238 243 246 250
142 2221 143 145 146 147 148 150 151 154 157 158 160 161 162 163 165 166 167 170 171 172 174 176 177 178 179 180 181 182 183 184 186 188 190 192 194 195 196 199 201 202 204 205 207 208 209 210 213 215 221 222 223 224 225 226 227 228 229 230 234 235 237 238 239 240 243 244 245 246 248 250
143 658 145 146 147 148 150 151 154 157 158 160 161 162 163 165 166 167 170 171 172 174 177 178 179 180 181 182 183 184 186 188 190 192 194 195 196 199 201 202 204 205 207 208 209 210 213 215 221 222 223 224 225 226 227 228 229 230 234 235 237 238 239 240 243 244 245 246 250
144 1632 146 148 158 163 166 170 171 172 178 179 180 186 188 194 196 201 202 205 209 210 213 225 227 234 250
145 629 146 148 154 157 158 161 163 166 167 170 171 172 174 178 179 180 184 186 188 190 192 194 195 196 201 202 205 207 208 209 210 213 221 222 223 225 227 229 230 234 235 238 243 246 250
146 1724 147 148 149 150 151 152 153 154 155 156 157 158 160 161 162 163 164 165 166 167 168 169 170 171 172 173 174 175 176 177 178 179 180 181 182 183 184 185 186 187 188 189 190 192 194 195 196 198 199 200 201 202 203 204 205 206 207 208 209 210 212 213 214 215 216 217 218 219 221 222 223 224 225 226 227 228 229 230 231 232 233 234 235 237 238 239 240 241 243 244 245 246 247 248 250
147 823 148 154 157 158 160 161 163 165 166 167 170 171 172 174 178 179 180 181 183 184 186 188 190 192 194 195 196 199 201 202 204 205 207 208 209 210 213 215 221 222 223 224 225 226 227 228 229 230 234 235 237 238 239 240 243 245 246 250
148 2475 149 150 151 153 154 155 157 158 160 161 162 163 164 165 166 167 168 170 171 172 174 175 176 177 178 179 180 181 182 183 184 185 186 188 189 190 192 194 195 196 199 201 202 203 204 205 207 208 209 210 212 213 214 215 216 217 218 219 221 222 223 224 225 226 227 228 229 230 231 232 234 235 237 238 239 240 241 243 244 245 246 247 248 250
149 2230 158 163 166 170 171 172 178 179 180 186 188 194 196 201 205 209 210 225 227 234 250
150 1070 154 157 158 161 163 166 167 170 171 172 174 178 179 180 184 186 188 190 192 194 195 196 201 202 205 207 208 209 210 213 221 222 223 225 227 229 230 234 235 238 243 246 250
151 677 154 157 158 161 163 166 167 170 171 172 174 178 179 180 184 186 188 190 192 194 195 196 201 202 205 207 208 209 210 213 221 222 223 225 227 229 230 234 235 238 243 246 250
152 882 158 170 171 172 178 186 201 205 209 210 227
153 1933 154 158 163 166 170 171 172 174 178 179 180 184 186 188 190 194 196 201 202 205 207 208 209 210 213 223 225 227 234 250
154 2338 155 157 158 160 161 162 163 164 165 166 167 168 170 171 172 174 175 176 177 178 179 180 181 182 183 184 185 186 188 190 192 194 195 196 199 201 202 203 204 205 207 208 209 210 212 213 215 216 219 221 222 223 224 225 226 227 228 229 230 231 232 234 235 237 238 239 240 241 243 244 245 246 248 250
155 2324 157 158 161 163 166 167 170 171 172 174 178 179 180 184 186 188 190 194 196 201 202 205 207 208 209 210 213 223 225 227 234 238 250
156 567 158 163 170 171 172 178 179 180 186 188 194 196 201 205 209 210 227 234
157 1918 158 160 161 162 163 165 166 167 168 170 171 172 174 176 177 178 179 180 181 182 183 184 185 186 188 190 192 194 195 196 199 201 202 204 205 207 208 209 210 213 215 216 219 221 222 223 224 225 226 227 228 229 230 231 234 235 237 238 239 240 243 244 245 246 248 250
158 963 159 160 161 162 163 164 165 166 167 168 169 170 171 172 173 174 175 176 177 178 179 180 181 182 183 184 185 186 187 188 189 190 191 192 194 195 196 197 198 199 200 201 202 203 204 205 206 207 208 209 210 212 213 214 215 216 217 218 219 220 221 222 223 224 225 226 227 228 229 230 231 232 233 234 235 236 237 238 239 240 241 242 243 244 245 246 247 248 249 250
159 947 171 172 178 186
160 1243 161 163 166 167 170 171 172 174 178 179 180 183 184 186 188 190 192 194 195 196 199 201 202 205 207 208 209 210 213 221 222 223 225 226 227 229 230 234 235 238 239 243 246 250
161 2459 162 163 165 166 167 168 170 171 172 174 176 177 178 179 180 181 182 183 184 185 186 188 190 192 194 195 196 199 201 202 204 205 207 208 209 210 213 215 216 219 221 222 223 224 225 226 227 228 229 230 231 232 234 235 237 238 239 240 243 244 245 246 248 250
162 743 163 166 167 170 171 172 174 178 179 180 184 186 188 190 192 194 195 196 201 202 205 207 208 209 210 213 221 222 223 225 227 229 230 234 235 238 243 246 250
163 1165 164 165 166 167 168 169 170 171 172 174 175 176 177 178 179 180 181 182 183 184 185 186 187 188 189 190 192 194 195 196 199 200 201 202 203 204 205 207 208 209 210 212 213 214 215 216 217 218 219 221 222 223 224 225 226 227 228 229 230 231 232 234 235 237 238 239 240 241 243 244 245 246 247 248 250
164 1042 166 170 171 172 174 178 179 180 184 186 188 190 194 196 201 202 205 207 208 209 210 213 223 225 227 234 250
165 1029 166 167 170 171 172 174 178 179 180 184 186 188 190 192 194 195 196 201 202 205 207 208 209 210 213 221 222 223 225 227 229 230 234 235 238 243 246 250
166 1783 167 168 170 171 172 174 175 176 177 178 179 180 181 182 183 184 185 186 188 189 190 192 194 195 196 199 201 202 203 204 205 207 208 209 210 212 213 214 215 216 217 218 219 221 222 223 224 225 226 227 228 229 230 231 232 234 235 237 238 239 240 241 243 244 245 246 247 248 250
167 1011 168 170 171 172 174 176 177 178 179 180 181 182 183 184 185 186 188 190 192 194 195 196 199 201 202 204 205 207 208 209 210 213 215 216 219 221 222 223 224 225 226 227 228 229 230 231 232 234 235 237 238 239 240 243 244 245 246 248 250
168 1295 170 171 172 174 178 179 180 184 186 188 190 194 196 201 202 205 207 208 209 210 213 223 225 227 234 238 250
169 2367 170 171 172 178 179 186 188 194 196 201 205 209 210 227 234
170 969 171 172 173 174 175 176 177 178 179 180 181 182 183 184 185 186 187 188 189 190 192 194 195 196 198 199 200 201 202 203 204 205 206 207 208 209 210 212 213 214 215 216 217 218 219 221 222 223 224 225 226 227 228 229 230 231 232 233 234 235 237 238 239 240 241 242 243 244 245 246 247 248 249 250
171 637 172 173 174 175 176 177 178 179 180 181 182 183 184 185 186 187 188 189 190 192 194 195 196 197 198 199 200 201 202 203 204 205 206 207 208 209 210 212 213 214 215 216 217 218 219 220 221 222 223 224 225 226 227 228 229 230 231 232 233 234 235 236 237 238 239 240 241 242 243 244 245 246 247 248 249 250
172 2483 173 174 175 176 177 178 179 180 181 182 183 184 185 186 187 188 189 190 191 192 194 195 196 197 198 199 200 201 202 203 204 205 206 207 208 209 210 212 213 214 215 216 217 218 219 220 221 222 223 224 225 226 227 228 229 230 231 232 233 234 235 236 237 238 239 240 241 242 243 244 245 246 247 248 249 250
173 1254 178 179 186 201 205 209 210 227
174 2368 175 176 177 178 179 180 181 182 183 184 185 186 188 190 192 194 195 196 199 201 202 203 204 205 207 208 209 210 212 213 215 216 219 221 222 223 224 225 226 227 228 229 230 231 232 234 235 237 238 239 240 241 243 244 245 246 247 248 250
175 1684 178 179 180 184 186 188 190 194 196 201 202 205 207 208 209 210 213 223 225 227 234 250
176 2022 178 179 180 184 186 188 190 194 195 196 201 202 205 207 208 209 210 213 223 225 227 229 230 234 238 250
177 720 178 179 180 184 186 188 190 194 195 196 201 202 205 207 208 209 210 213 221 223 225 227 229 230 234 235 238 243 246 250
178 862 179 180 181 182 183 184 185 186 187 188 189 190 191 192 194 195 196 197 198 199 200 201 202 203 204 205 206 207 208 209 210 212 213 214 215 216 217 218 219 220 221 222 223 224 225 226 227 228 229 230 231 232 233 234 235 236 237 238 239 240 241 242 243 244 245 246 247 248 249 250
179 2071 180 181 182 183 184 185 186 187 188 189 190 192 194 195 196 198 199 200 201 202 203 204 205 206 207 208 209 210 212 213 214 215 216 217 218 219 221 222 223 224 225 226 227 228 229 230 231 232 233 234 235 237 238 239 240 241 243 244 245 246 247 248 250
180 2300 181 182 183 184 185 186 187 188 189 190 192 194 195 196 199 201 202 203 204 205 207 208 209 210 212 213 214 215 216 217 218 219 221 222 223 224 225 226 227 228 229 230 231 232 234 235 237 238 239 240 241 243 244 245 246 247 248 250
181 571 183 184 186 188 190 192 194 195 196 201 202 205 207 208 209 210 213 221 222 223 225 227 229 230 234 235 238 243 246 250
182 902 184 186 188 190 192 194 195 196 201 202 205 207 208 209 210 213 221 222 223 225 227 229 230 234 235 238 243 246 250
183 2287 184 186 188 190 192 194 195 196 199 201 202 204 205 207 208 209 210 213 215 221 222 223 224 225 226 227 228 229 230 234 235 237 238 239 240 243 245 246 250
184 1315 185 186 188 190 192 194 195 196 199 201 202 203 204 205 207 208 209 210 212 213 215 216 219 221 222 223 224 225 226 227 228 229 230 231 232 234 235 237 238 239 240 241 243 244 245 246 247 248 250
185 1163 186 188 190 194 196 201 202 205 207 208 209 210 213 223 225 227 229 230 234 238 250
186 1270 187 188 189 190 191 192 193 194 195 196 197 198 199 200 201 202 203 204 205 206 207 208 209 210 212 213 214 215 216 217 218 219 220 221 222 223 224 225 226 227 228 229 230 231 232 233 234 235 236 237 238 239 240 241 242 243 244 245 246 247 248 249 250
187 1577 188 194 196 201 205 209 210 227 234
188 1645 189 190 192 194 195 196 199 200 201 202 203 204 205 207 208 209 210 212 213 214 215 216 217 218 219 221 222 223 224 225 226 227 228 229 230 231 232 234 235 237 238 239 240 241 243 244 245 246 247 248 250
189 1704 194 196 201 205 209 210 213 225 227 234 250
190 2091 192 194 195 196 199 201 202 203 204 205 207 208 209 210 212 213 215 216 219 221 222 223 224 225 226 227 228 229 230 231 232 234 235 237 238 239 240 241 243 244 245 246 248 250
191 2078
192 1936 194 195 196 199 201 202 204 205 207 208 209 210 213 215 221 222 223 224 225 226 227 228 229 230 234 235 237 238 239 240 243 244 245 246 250
193 2149
194 1980 195 196 199 200 201 202 203 204 205 207 208 209 210 212 213 214 215 216 217 218 219 221 222 223 224 225 226 227 228 229 230 231 232 234 235 237 238 239 240 241 243 244 245 246 247 248 250
195 1687 196 199 201 202 204 205 207 208 209 210 213 215 221 222 223 224 225 226 227 228 229 230 234 235 237 238 239 240 243 244 245 246 248 250
196 2441 199 200 201 202 203 204 205 207 208 209 210 212 213 214 215 216 217 218 219 221 222 223 224 225 226 227 228 229 230 231 232 234 235 237 238 239 240 241 243 244 245 246 247 248 250
197 1580
198 730 201 205 209 210 227
199 2130 201 202 204 205 207 208 209 210 213 221 222 223 225 226 227 229 230 234 235 238 239 243 246 250
200 770 201 205 209 210 227 234
201 1309 202 203 204 205 206 207 208 209 210 212 213 214 215 216 217 218 219 221 222 223 224 225 226 227 228 229 230 231 232 233 234 235 237 238 239 240 241 243 244 245 246 247 248 250
202 2216 203 204 205 207 208 209 210 212 213 214 215 216 218 219 221 222 223 224 225 226 227 228 229 230 231 232 234 235 237 238 239 240 241 243 244 245 246 247 248 250
203 2246 205 207 208 209 210 213 223 225 227 234 250
204 1940 205 207 208 209 210 213 221 222 223 225 226 227 229 230 234 235 238 239 243 246 250
205 2415 206 207 208 209 210 212 213 214 215 216 217 218 219 221 222 223 224 225 226 227 228 229 230 231 232 233 234 235 237 238 239 240 241 243 244 245 246 247 248 249 250
206 2143 209 210 227
207 1928 208 209 210 212 213 215 216 218 219 221 222 223 224 225 226 227 228 229 230 231 232 234 235 237 238 239 240 241 243 244 245 246 247 248 250
208 1860 209 210 212 213 215 216 219 221 222 223 224 225 226 227 228 229 230 231 232 234 235 237 238 239 240 241 243 244 245 246 247 248 250
209 2262 210 212 213 214 215 216 217 218 219 221 222 223 224 225 226 227 228 229 230 231 232 233 234 235 237 238 239 240 241 243 244 245 246 247 248 250
210 1863 212 213 214 215 216 217 218 219 220 221 222 223 224 225 226 227 228 229 230 231 232 233 234 235 237 238 239 240 241 242 243 244 245 246 247 248 249 250
211 1107
212 2300 213 223 225 227 234 250
213 921 214 215 216 217 218 219 221 222 223 224 225 226 227 228 229 230 231 232 234 235 237 238 239 240 241 243 244 245 246 247 248 250
214 740 225 227 234 250
215 775 221 222 223 225 227 229 230 234 235 238 239 243 246 250
216 1681 223 225 227 229 230 234 238 250
217 2053 225 227 234 250
218 1626 225 227 234 250
219 800 223 225 227 234 238 250
220 2441
221 1778 222 223 224 225 226 227 228 229 230 234 235 237 238 239 240 243 244 245 246 248 250
222 1001 223 224 225 226 227 228 229 230 234 235 237 238 239 240 243 245 246 250
223 1304 224 225 226 227 228 229 230 231 232 234 235 237 238 239 240 241 243 244 245 246 247 248 250
224 1036 225 227 229 230 234 235 238 239 243 246 250
225 1618 226 227 228 229 230 231 232 234 235 237 238 239 240 241 243 244 245 246 247 248 250
226 927 227 229 230 234 235 238 239 243 246 250
227 2015 228 229 230 231 232 233 234 235 237 238 239 240 241 242 243 244 245 246 247 248 249 250
228 555 229 230 234 235 238 243 246 250
229 508 230 234 235 237 238 239 240 243 244 245 246 248 250
230 1484 234 235 237 238 239 240 243 244 245 246 248 250
231 1008 234 238 250
232 561 234 238 250
233 1068
234 2066 235 237 238 239 240 241 243 244 245 246 247 248 250
235 1850 237 238 239 240 243 244 245 246 250
236 1027
237 1761 238 243 246 250
238 731 239 240 243 244 245 246 248 250
239 1584 243 246 250
240 1159 243 246 250
241 752 250
242 782
243 526 244 245 246 248 250
244 505 246 250
245 1180 246 250
246 2263 248 250
247 2252 250
248 1848 250
249 2373
250 2328
