120 10000
1 1942
2 1219 3 29 31 37 44 49 51 88 97 104 109 110 113 119
3 2328 7 13 15 20 22 24 28 29 30 31 35 37 44 45 48 49 51 53 66 68 71 75 81 86 88 90 95 97 104 105 107 109 110 113 119
4 531
5 2138
6 1686
7 2008 29 31 37 44 49 51 81 88 97 104 109 110 113 119
8 2353
9 1719
10 2063
11 1838
12 1528
13 2381 29 31 37 44 49 51 81 88 97 104 109 110 113 119
14 1837
15 642 20 22 24 29 30 31 37 44 45 49 51 53 68 71 81 88 97 104 105 107 109 110 113 119
16 1881 29 31 51 88 119
17 1719
18 1904
19 2404
20 1254 22 24 29 30 31 37 44 45 48 49 51 53 68 71 81 88 95 97 104 105 107 109 110 113 119
21 2180 29
22 837 24 29 30 31 37 44 45 49 51 53 71 81 88 97 104 105 107 109 110 113 119
23 1160
24 2001 29 30 31 37 44 45 48 49 51 53 68 71 81 88 95 97 104 105 107 109 110 113 119
25 1830
26 1141
27 720
28 700 29 31 44 49 51 88 97 104 110 119
29 815 30 31 35 37 44 45 48 49 51 53 61 66 68 71 75 81 86 87 88 90 91 95 97 100 104 105 107 109 110 113 116 119
30 2032 31 37 44 45 49 51 53 68 71 81 88 97 104 105 107 109 110 113 119
31 522 35 37 44 45 48 49 51 53 61 66 68 71 75 81 86 87 88 90 95 97 100 104 105 107 109 110 113 119
32 1338
33 1185
34 1323
35 873 37 44 49 51 88 97 104 110 113 119
36 2322
37 1435 44 45 48 49 51 53 66 68 71 75 81 86 88 95 97 104 105 107 109 110 113 119
38 2158
39 1582
40 2076
41 1251
42 2324
43 1650
44 1104 45 48 49 51 53 66 68 71 75 81 86 88 90 95 97 104 105 107 109 110 113 119
45 1959 48 49 51 53 68 71 81 88 97 104 105 107 109 110 113 119
46 1921
47 2137
48 2056 49 51 71 81 88 97 104 105 109 110 113 119
49 1687 51 53 66 68 71 75 81 86 88 90 95 97 104 105 107 109 110 113 119
50 1007
51 1561 53 61 66 68 71 75 81 86 87 88 90 95 97 104 105 107 109 110 113 119
52 2091
53 1270 68 71 81 88 97 104 105 107 109 110 113 119
54 1477
55 726
56 1674
57 859
58 2485
59 1093
60 977
61 1456 88 110 119
62 1697
63 507
64 542
65 1113
66 858 88 97 104 109 110 113 119
67 650
68 712 71 81 88 97 104 105 107 109 110 113 119
69 1414
70 778
71 1770 81 88 97 104 105 107 109 110 113 119
72 1382
73 1794
74 1015
75 2331 81 88 97 104 109 110 113 119
76 888
77 2466
78 777
79 1471
80 746
81 2436 86 88 95 97 104 105 107 109 110 113 119
82 1785
83 1127
84 1100
85 857
86 2033 88 97 104 109 110 113 119
87 1201 88 119
88 1952 90 91 95 97 100 104 105 107 109 110 113 119
89 836
90 2233 97 104 110 119
91 1982
92 1901
93 1833
94 1676
95 1424 97 104 105 109 110 113 119
96 1186
97 1265 104 105 107 109 110 113 119
98 2081
99 753
100 2367
101 2148
102 778
103 692
104 2422 105 107 109 110 113 119
105 2464 107 109 110 113 119
106 1761
107 2288 109 110 113 119
108 1832
109 1999 110 113 119
110 1721 113 119
111 2074
112 1928
113 1571 119
114 2430
115 500
116 1005
117 956
118 2277
119 1249
120 849
