250 10000
1 1872 2 11 12 25 30 33 44 45 47 55 72 77 81 84 85 93 96 102 111 117 134 139 141 145 150 153 157 162 171 175 178 205 223 231 233 239
2 1414 12 25 30 33 44 45 47 55 72 77 81 85 93 102 111 134 139 141 145 150 153 157 171 175 178 205 223 231 233
3 2100
4 909
5 1370
6 2049
7 2097
8 1968
9 901
10 2240
11 622 12 25 30 33 45 72 111 139
12 1551 25 30 33 44 45 47 55 72 77 81 85 93 102 111 117 134 139 141 145 150 153 157 162 171 175 178 205 223 231 233
13 1615
14 1529
15 700
16 604
17 1655
18 933
19 1902
20 2028
21 2485
22 786
23 943
24 1864
25 1527 30 33 44 45 47 55 72 77 81 85 93 102 111 117 134 139 141 145 150 153 157 162 171 175 178 205 223 231 233 239
26 1999
27 2117
28 2252
29 715
30 2191 33 44 45 47 55 72 77 81 84 85 93 96 102 111 117 134 139 141 145 150 153 157 162 171 175 178 205 223 231 233 239
31 2118
32 1075
33 1647 44 45 47 55 72 77 81 84 85 93 96 102 111 117 134 139 141 145 150 153 156 157 162 171 175 178 205 223 231 233 239
34 1214
35 1302
36 1051
37 1906
38 1526
39 990
40 812
41 1810
42 1901
43 1852
44 1728 45 55 72 77 81 102 111 139 145 153 157 175 178 223 231
45 1452 47 55 72 77 81 84 85 93 96 102 111 117 134 139 141 145 150 153 157 162 171 175 178 205 223 231 233 239
46 2342
47 2354 55 72 77 81 85 93 102 111 139 145 150 153 157 171 175 178 223 231
48 919
49 1211
50 1024
51 675
52 2373
53 2035
54 1945
55 1670 72 77 81 85 93 102 111 139 145 150 153 157 171 175 178 223 231
56 876
57 2479
58 1419
59 791
60 623
61 522
62 2190
63 676
64 2218
65 1872
66 624
67 2247
68 1208
69 2248
70 1119
71 1808
72 695 77 81 84 85 93 96 102 111 117 134 139 141 145 150 153 157 162 171 175 178 205 223 231 233 239
73 1625
74 1975
75 1602
76 1797
77 1836 81 85 93 102 111 134 139 145 150 153 157 171 175 178 223 231
78 1173
79 1404
80 2114
81 719 85 93 102 111 134 139 145 150 153 157 171 175 178 223 231
82 690
83 2229
84 1150 111 139
85 2458 93 102 111 139 145 150 153 157 171 175 178 223 231
86 2273
87 1857
88 859
89 1145
90 1887
91 1177
92 1461
93 1596 102 111 139 145 150 153 157 175 178 223 231
94 2332
95 2190
96 1916 111 139
97 544
98 1336
99 1019
100 2320
101 1551
102 1250 111 117 134 139 141 145 150 153 157 162 171 175 178 205 223 231 233
103 734
104 696
105 589
106 1083
107 1251
108 1984
109 1712
110 921
111 849 117 134 139 141 145 150 153 157 162 171 175 178 205 223 231 233 239
112 2320
113 1023
114 1737
115 740
116 1884
117 1817 139 145 175 231
118 1765
119 501
120 2342
121 1387
122 1628
123 1292
124 1312
125 525
126 1992
127 1904
128 1093
129 769
130 2230
131 2157
132 2326
133 2379
134 1381 139 145 153 157 175 178 223 231
135 973
136 2239
137 515
138 1189
139 2001 141 145 150 153 157 162 171 175 178 205 223 231 233 239
140 563
141 1033 145 157 175 223 231
142 1985
143 1972
144 2157
145 1742 150 153 157 162 171 175 178 205 223 231 233
146 2028
147 1496
148 1387
149 838
150 541 153 157 175 178 223 231
151 1400
152 1527
153 2366 157 171 175 178 223 231
154 1187
155 714
156 2420
157 1600 171 175 178 223 231 233
158 753
159 2318
160 1030
161 864
162 2424 175 231
163 1774
164 1698
165 675
166 1677
167 1036
168 636
169 1368
170 1839
171 1733 175 178 223 231
172 746
173 2081
174 657
175 1907 178 205 223 231 233
176 2092
177 1717
178 1725 223 231
179 1329
180 517
181 796
182 1684
183 2343
184 679
185 599
186 1846
187 1879
188 1274
189 1141
190 820
191 799
192 598
193 1446
194 2006
195 912
196 1305
197 1267
198 1190
199 2364
200 1422
201 1714
202 1060
203 2086
204 784
205 2204 231
206 1256
207 2175
208 1920
209 1244
210 2155
211 1860
212 1839
213 1071
214 2040
215 2360
216 666
217 1391
218 874
219 963
220 1760
221 2109
222 1968
223 2093 231 233
224 998
225 904
226 1769
227 873
228 933
229 533
230 873
231 714 233
232 692
233 605
234 1680
235 1496
236 1194
237 2346
238 541
239 1145
240 865
241 1458
242 1810
243 2220
244 1102
245 2082
246 548
247 2006
248 631
249 2460
250 1343
