250 10000
1 1784 18 32 42 55 79 96 121 137 173 175 189 195 223 233 242
2 1105 4 5 7 8 11 16 18 21 24 26 28 29 32 41 42 45 50 51 52 53 55 61 62 65 70 71 74 76 77 79 82 83 84 86 91 93 96 99 102 103 105 106 109 116 120 121 124 126 128 131 132 135 137 138 139 140 142 145 150 153 158 159 160 163 164 166 173 174 175 178 181 184 186 187 189 192 195 196 197 198 201 204 206 209 211 215 219 223 227 230 232 233 236 237 242 243 244 246 247 248 250
3 1947 8 18 32 42 55 71 77 79 96 102 109 121 124 131 132 137 158 163 173 175 184 187 189 195 196 197 198 201 206 209 211 219 223 233 236 237 242 244
4 1906 5 7 8 11 15 16 18 21 24 26 28 29 32 41 42 45 46 50 51 52 53 55 61 62 64 65 70 71 72 74 76 77 79 82 83 84 86 89 91 93 96 99 102 103 104 105 106 107 109 111 115 116 117 120 121 124 126 128 131 132 135 137 138 139 140 142 145 146 147 150 153 158 159 160 163 164 166 171 173 174 175 178 181 184 186 187 189 192 193 194 195 196 197 198 200 201 203 204 206 209 211 215 217 219 223 227 230 232 233 236 237 242 243 244 246 247 248 250
5 1605 7 8 16 18 29 32 41 42 50 51 52 55 61 62 65 70 71 74 77 79 82 83 91 93 96 99 102 109 116 121 124 126 131 132 137 138 139 140 142 150 153 158 159 163 164 166 173 174 175 178 181 184 187 189 192 195 196 197 198 201 206 209 211 215 219 223 227 233 236 237 242 244
6 1250
7 1635 8 11 16 18 21 24 26 28 29 32 41 42 45 50 51 52 53 55 61 62 65 70 71 74 76 77 79 82 83 84 86 89 91 93 96 99 102 103 104 105 106 107 109 111 116 120 121 124 126 128 131 132 135 137 138 139 140 142 145 147 150 153 158 159 160 163 164 166 171 173 174 175 178 181 184 186 187 189 192 193 195 196 197 198 200 201 204 206 209 211 215 217 219 223 227 230 232 233 236 237 242 243 244 246 247 248 250
8 1719 11 15 16 18 19 21 24 26 28 29 32 36 41 42 45 46 50 51 52 53 55 61 62 64 65 69 70 71 72 73 74 76 77 79 82 83 84 86 89 91 93 96 99 101 102 103 104 105 106 107 109 110 111 115 116 117 120 121 124 126 128 131 132 135 137 138 139 140 142 144 145 146 147 150 153 158 159 160 163 164 166 169 171 173 174 175 178 181 184 186 187 189 191 192 193 194 195 196 197 198 200 201 203 204 206 209 211 215 217 219 223 227 230 232 233 236 237 242 243 244 246 247 248 250
9 1487
10 1936
11 760 16 18 24 26 28 29 32 41 42 45 50 51 52 55 61 62 65 70 71 74 76 77 79 82 83 84 91 93 96 99 102 103 105 106 109 116 120 121 124 126 131 132 135 137 138 139 140 142 145 150 153 158 159 163 164 166 173 174 175 178 181 184 187 189 192 195 196 197 198 201 204 206 209 211 215 219 223 227 230 233 236 237 242 243 244 246 248
12 2388 18 32 55 96 121 189 223
13 708
14 1407
15 1352 18 29 32 41 42 55 62 70 71 74 77 79 82 93 96 102 109 116 121 124 131 132 137 138 140 153 158 159 163 166 173 174 175 184 187 189 192 195 196 197 198 201 206 209 211 215 219 223 233 236 237 242 244
16 531 18 21 24 26 28 29 32 41 42 45 50 51 52 53 55 61 62 65 70 71 74 76 77 79 82 83 84 86 91 93 96 99 102 103 105 106 107 109 116 120 121 124 126 128 131 132 135 137 138 139 140 142 145 150 153 158 159 160 163 164 166 173 174 175 178 181 184 186 187 189 192 195 196 197 198 201 204 206 209 211 215 217 219 223 227 230 232 233 236 237 242 243 244 246 247 248 250
17 1458
18 800 19 21 22 24 26 28 29 31 32 36 37 39 41 42 45 46 49 50 51 52 53 55 59 61 62 64 65 69 70 71 72 73 74 75 76 77 79 82 83 84 86 87 89 91 92 93 96 97 99 101 102 103 104 105 106 107 109 110 111 112 115 116 117 120 121 124 126 128 131 132 133 135 137 138 139 140 142 144 145 146 147 150 151 152 153 157 158 159 160 161 163 164 166 168 169 171 172 173 174 175 176 178 179 181 182 184 186 187 189 191 192 193 194 195 196 197 198 199 200 201 202 203 204 206 208 209 211 214 215 217 219 220 221 223 226 227 230 232 233 234 236 237 239 242 243 244 246 247 248 250
19 1713 32 42 55 62 71 77 79 82 93 96 102 109 116 121 124 131 132 137 138 158 163 166 173 175 184 187 189 192 195 196 197 198 201 206 209 211 219 223 233 236 237 242 244
20 2364
21 513 29 32 41 42 50 51 52 55 61 62 65 70 71 74 77 79 82 83 91 93 96 99 102 109 116 121 124 126 131 132 137 138 139 140 142 150 153 158 159 163 164 166 173 174 175 178 181 184 187 189 192 195 196 197 198 201 206 209 211 215 219 223 227 233 236 237 242 244
22 1971 32
23 2337
24 933 28 29 32 41 42 45 50 51 52 55 61 62 65 70 71 74 76 77 79 82 83 84 91 93 96 99 102 103 105 106 109 116 121 124 126 131 132 135 137 138 139 140 142 145 150 153 158 159 163 164 166 173 174 175 178 181 184 187 189 192 195 196 197 198 201 204 206 209 211 215 219 223 227 230 233 236 237 242 243 244 246
25 1874
26 609 29 32 41 42 45 50 51 52 55 61 62 65 70 71 74 77 79 82 83 91 93 96 99 102 103 105 109 116 121 124 126 131 132 137 138 139 140 142 150 153 158 159 163 164 166 173 174 175 178 181 184 187 189 192 195 196 197 198 201 206 209 211 215 219 223 227 233 236 237 242 244
27 1300
28 1792 29 32 41 42 45 50 51 52 55 61 62 65 70 71 74 77 79 82 83 91 93 96 99 102 103 105 106 109 116 121 124 126 131 132 137 138 139 140 142 145 150 153 158 159 163 164 166 173 174 175 178 181 184 187 189 192 195 196 197 198 201 206 209 211 215 219 223 227 233 236 237 242 244 246
29 1081 32 41 42 45 46 50 51 52 53 55 61 62 64 65 70 71 72 74 76 77 79 82 83 84 86 89 91 93 96 99 102 103 104 105 106 107 109 111 115 116 117 120 121 124 126 128 131 132 135 137 138 139 140 142 145 146 147 150 153 158 159 160 163 164 166 171 173 174 175 178 181 184 186 187 189 192 193 194 195 196 197 198 200 201 203 204 206 209 211 215 217 219 223 227 230 232 233 236 237 242 243 244 246 247 248 250
30 1963
31 1540 32 42 55 79 96 121 132 137 173 175 184 189 195 206 211 223 233 242
32 1283 36 37 39 41 42 45 46 49 50 51 52 53 55 59 61 62 64 65 69 70 71 72 73 74 75 76 77 79 82 83 84 86 87 89 91 92 93 96 97 99 101 102 103 104 105 106 107 109 110 111 112 115 116 117 120 121 124 126 128 131 132 133 135 137 138 139 140 142 144 145 146 147 150 151 152 153 157 158 159 160 161 163 164 166 168 169 171 172 173 174 175 176 178 179 181 182 184 186 187 189 191 192 193 194 195 196 197 198 199 200 201 202 203 204 206 208 209 211 214 215 217 219 220 221 223 226 227 230 232 233 234 236 237 239 242 243 244 246 247 248 250
33 1117
34 1169
35 1371
36 1643 41 42 55 62 71 74 77 79 82 93 96 102 109 116 121 124 131 132 137 138 140 158 163 166 173 175 184 187 189 192 195 196 197 198 201 206 209 211 219 223 233 236 237 242 244
37 1987 42 55 71 79 96 102 121 124 132 137 158 163 173 175 184 189 195 196 197 198 206 209 211 219 223 233 236 237 242 244
38 1276
39 918 42 55 79 96 102 121 124 132 137 173 175 184 189 195 196 197 206 209 211 223 233 242
40 2433
41 1258 42 45 46 50 51 52 53 55 61 62 64 65 70 71 72 74 76 77 79 82 83 84 86 89 91 93 96 99 102 103 104 105 106 107 109 111 115 116 117 120 121 124 126 128 131 132 135 137 138 139 140 142 145 146 147 150 153 158 159 160 163 164 166 171 173 174 175 178 181 184 186 187 189 192 193 194 195 196 197 198 200 201 203 204 206 209 211 215 217 219 223 227 230 232 233 236 237 242 243 244 246 247 248 250
42 794 45 46 49 50 51 52 53 55 59 61 62 64 65 69 70 71 72 73 74 75 76 77 79 82 83 84 86 87 89 91 92 93 96 99 101 102 103 104 105 106 107 109 110 111 112 115 116 117 120 121 124 126 128 131 132 133 135 137 138 139 140 142 144 145 146 147 150 151 152 153 157 158 159 160 161 163 164 166 169 171 172 173 174 175 178 181 182 184 186 187 189 191 192 193 194 195 196 197 198 200 201 202 203 204 206 208 209 211 214 215 217 219 223 227 230 232 233 234 236 237 242 243 244 246 247 248 250
43 1293
44 2355
45 743 50 51 52 55 61 62 65 70 71 74 76 77 79 82 83 84 91 93 96 99 102 103 105 106 109 116 120 121 124 126 131 132 135 137 138 139 140 142 145 150 153 158 159 163 164 166 173 174 175 178 181 184 187 189 192 195 196 197 198 201 204 206 209 211 215 219 223 227 230 233 236 237 242 243 244 246 248
46 2116 52 55 62 70 71 74 77 79 82 83 93 96 102 109 116 121 124 131 132 137 138 139 140 142 153 158 159 163 166 173 174 175 184 187 189 192 195 196 197 198 201 206 209 211 215 219 223 233 236 237 242 244
47 1080
48 575
49 1692 55 79 96 121 137 173 175 189 195 206 223 233 242
50 844 51 52 53 55 61 62 65 70 71 74 76 77 79 82 83 84 86 89 91 93 96 99 102 103 104 105 106 107 109 111 116 120 121 124 126 128 131 132 135 137 138 139 140 142 145 147 150 153 158 159 160 163 164 166 173 174 175 178 181 184 186 187 189 192 195 196 197 198 200 201 204 206 209 211 215 217 219 223 227 230 232 233 236 237 242 243 244 246 247 248 250
51 2193 52 53 55 61 62 65 70 71 74 76 77 79 82 83 84 86 89 91 93 96 99 102 103 104 105 106 107 109 111 115 116 120 121 124 126 128 131 132 135 137 138 139 140 142 145 147 150 153 158 159 160 163 164 166 171 173 174 175 178 181 184 186 187 189 192 193 195 196 197 198 200 201 204 206 209 211 215 217 219 223 227 230 232 233 236 237 242 243 244 246 247 248 250
52 1002 53 55 61 62 64 65 70 71 72 74 76 77 79 82 83 84 86 89 91 93 96 99 102 103 104 105 106 107 109 111 115 116 120 121 124 126 128 131 132 135 137 138 139 140 142 145 146 147 150 153 158 159 160 163 164 166 171 173 174 175 178 181 184 186 187 189 192 193 195 196 197 198 200 201 204 206 209 211 215 217 219 223 227 230 232 233 236 237 242 243 244 246 247 248 250
53 815 55 61 62 65 70 71 74 77 79 82 83 91 93 96 99 102 109 116 121 124 126 131 132 137 138 139 140 142 150 153 158 159 163 164 166 173 174 175 178 181 184 187 189 192 195 196 197 198 201 206 209 211 215 219 223 227 233 236 237 242 244
54 2001
55 1877 59 61 62 64 65 69 70 71 72 73 74 75 76 77 79 82 83 84 86 87 89 91 92 93 96 97 99 101 102 103 104 105 106 107 109 110 111 112 115 116 117 120 121 124 126 128 131 132 133 135 137 138 139 140 142 144 145 146 147 150 151 152 153 157 158 159 160 161 163 164 166 168 169 171 172 173 174 175 176 178 179 181 182 184 186 187 189 191 192 193 194 195 196 197 198 199 200 201 202 203 204 206 208 209 211 214 215 217 219 220 221 223 226 227 230 232 233 234 236 237 242 243 244 246 247 248 250
56 1115
57 2439
58 1339
59 1583 79 96 121 132 137 173 175 184 189 195 196 206 211 223 233 242
60 745
61 588 62 65 70 71 74 76 77 79 82 83 84 86 89 91 93 96 99 102 103 104 105 106 107 109 111 116 120 121 124 126 128 131 132 135 137 138 139 140 142 145 147 150 153 158 159 160 163 164 166 173 174 175 178 181 184 186 187 189 192 195 196 197 198 200 201 204 206 209 211 215 217 219 223 227 230 232 233 236 237 242 243 244 246 247 248 250
62 2185 64 65 69 70 71 72 74 76 77 79 82 83 84 86 89 91 93 96 99 101 102 103 104 105 106 107 109 110 111 115 116 117 120 121 124 126 128 131 132 135 137 138 139 140 142 144 145 146 147 150 153 158 159 160 163 164 166 171 173 174 175 178 181 184 186 187 189 191 192 193 194 195 196 197 198 200 201 203 204 206 209 211 215 217 219 223 227 230 232 233 236 237 242 243 244 246 247 248 250
63 798
64 1432 70 71 74 77 79 82 83 93 96 102 109 116 121 124 131 132 137 138 139 140 142 153 158 159 163 166 173 174 175 184 187 189 192 195 196 197 198 201 206 209 211 215 219 223 233 236 237 242 244
65 1165 70 71 72 74 76 77 79 82 83 84 86 89 91 93 96 99 102 103 104 105 106 107 109 111 115 116 120 121 124 126 128 131 132 135 137 138 139 140 142 145 146 147 150 153 158 159 160 163 164 166 171 173 174 175 178 181 184 186 187 189 192 193 195 196 197 198 200 201 204 206 209 211 215 217 219 223 227 230 232 233 236 237 242 243 244 246 247 248 250
66 972
67 1601
68 2257
69 587 71 77 79 82 93 96 102 109 116 121 124 131 132 137 138 140 158 163 166 173 175 184 187 189 192 195 196 197 198 201 206 209 211 219 223 233 236 237 242 244
70 1182 71 72 74 76 77 79 82 83 84 86 89 91 93 96 99 102 103 104 105 106 107 109 111 115 116 117 120 121 124 126 128 131 132 135 137 138 139 140 142 145 146 147 150 153 158 159 160 163 164 166 171 173 174 175 178 181 184 186 187 189 192 193 194 195 196 197 198 200 201 203 204 206 209 211 215 217 219 223 227 230 232 233 236 237 242 243 244 246 247 248 250
71 1638 72 73 74 76 77 79 82 83 84 86 87 89 91 93 96 99 101 102 103 104 105 106 107 109 110 111 115 116 117 120 121 124 126 128 131 132 135 137 138 139 140 142 144 145 146 147 150 153 157 158 159 160 163 164 166 169 171 173 174 175 178 181 184 186 187 189 191 192 193 194 195 196 197 198 200 201 203 204 206 209 211 214 215 217 219 223 227 230 232 233 236 237 242 243 244 246 247 248 250
72 994 74 77 79 82 83 93 96 102 109 116 121 124 131 132 137 138 139 140 142 153 158 159 163 166 173 174 175 184 187 189 192 195 196 197 198 201 206 209 211 215 219 223 233 236 237 242 244
73 1977 77 79 96 102 109 121 124 131 132 137 158 163 173 175 184 187 189 195 196 197 198 201 206 209 211 219 223 233 236 237 242 244
74 770 76 77 79 82 83 84 86 89 91 93 96 99 102 103 104 105 106 107 109 111 115 116 117 120 121 124 126 128 131 132 135 137 138 139 140 142 145 146 147 150 153 158 159 160 163 164 166 171 173 174 175 178 181 184 186 187 189 192 193 194 195 196 197 198 200 201 203 204 206 209 211 215 217 219 223 227 230 232 233 236 237 242 243 244 246 247 248 250
75 1369 79 96 121 137 173 175 189 195 223 233 242
76 1323 77 79 82 83 91 93 96 99 102 103 105 109 116 121 124 126 131 132 137 138 139 140 142 150 153 158 159 163 164 166 173 174 175 178 181 184 187 189 192 195 196 197 198 201 206 209 211 215 219 223 227 233 236 237 242 244
77 1067 79 82 83 84 86 89 91 93 96 99 101 102 103 104 105 106 107 109 110 111 115 116 117 120 121 124 126 128 131 132 135 137 138 139 140 142 144 145 146 147 150 153 158 159 160 163 164 166 169 171 173 174 175 178 181 184 186 187 189 191 192 193 194 195 196 197 198 200 201 203 204 206 209 211 215 217 219 223 227 230 232 233 236 237 242 243 244 246 247 248 250
78 2157
79 1795 82 83 84 86 87 89 91 92 93 96 99 101 102 103 104 105 106 107 109 110 111 112 115 116 117 120 121 124 126 128 131 132 133 135 137 138 139 140 142 144 145 146 147 150 151 152 153 157 158 159 160 161 163 164 166 169 171 172 173 174 175 178 181 182 184 186 187 189 191 192 193 194 195 196 197 198 200 201 202 203 204 206 208 209 211 214 215 217 219 223 227 230 232 233 234 236 237 242 243 244 246 247 248 250
80 1922
81 771
82 1087 83 84 86 89 91 93 96 99 101 102 103 104 105 106 107 109 110 111 115 116 117 120 121 124 126 128 131 132 135 137 138 139 140 142 144 145 146 147 150 153 158 159 160 163 164 166 169 171 173 174 175 178 181 184 186 187 189 191 192 193 194 195 196 197 198 200 201 203 204 206 209 211 215 217 219 223 227 230 232 233 236 237 242 243 244 246 247 248 250
83 1250 84 86 89 91 93 96 99 102 103 104 105 106 107 109 111 115 116 120 121 124 126 128 131 132 135 137 138 139 140 142 145 146 147 150 153 158 159 160 163 164 166 171 173 174 175 178 181 184 186 187 189 192 193 195 196 197 198 200 201 204 206 209 211 215 217 219 223 227 230 232 233 236 237 242 243 244 246 247 248 250
84 2074 91 93 96 99 102 103 105 106 109 116 121 124 126 131 132 137 138 139 140 142 145 150 153 158 159 163 164 166 173 174 175 178 181 184 187 189 192 195 196 197 198 201 206 209 211 215 219 223 227 233 236 237 242 244
85 1923
86 740 91 93 96 99 102 109 116 121 124 126 131 132 137 138 139 140 142 150 153 158 159 163 164 166 173 174 175 178 181 184 187 189 192 195 196 197 198 201 206 209 211 215 219 223 227 233 236 237 242 244
87 1247 96 102 121 124 132 137 158 163 173 175 184 189 195 196 197 198 206 209 211 219 223 233 236 242 244
88 2106
89 540 93 96 102 109 116 121 124 131 132 137 138 139 140 142 153 158 159 163 166 173 174 175 184 187 189 192 195 196 197 198 201 206 209 211 215 219 223 227 233 236 237 242 244
90 833
91 520 93 96 99 102 103 105 106 109 116 120 121 124 126 128 131 132 135 137 138 139 140 142 145 150 153 158 159 160 163 164 166 173 174 175 178 181 184 186 187 189 192 195 196 197 198 201 204 206 209 211 215 219 223 227 230 232 233 236 237 242 243 244 246 248 250
92 1844 96 121 137 173 175 189 195 223 233 242
93 1465 96 99 101 102 103 104 105 106 107 109 110 111 115 116 117 120 121 124 126 128 131 132 135 137 138 139 140 142 144 145 146 147 150 153 158 159 160 163 164 166 171 173 174 175 178 181 184 186 187 189 191 192 193 194 195 196 197 198 200 201 203 204 206 209 211 215 217 219 223 227 230 232 233 236 237 242 243 244 246 247 248 250
94 760
95 1107
96 1420 97 99 101 102 103 104 105 106 107 109 110 111 112 115 116 117 120 121 124 126 128 131 132 133 135 137 138 139 140 142 144 145 146 147 150 151 152 153 157 158 159 160 161 163 164 166 168 169 171 172 173 174 175 178 179 181 182 184 186 187 189 191 192 193 194 195 196 197 198 199 200 201 202 203 204 206 208 209 211 214 215 217 219 220 221 223 226 227 230 232 233 234 236 237 242 243 244 246 247 248 250
97 973 121 223
98 592
99 2371 102 103 105 106 109 116 120 121 124 126 131 132 135 137 138 139 140 142 145 150 153 158 159 163 164 166 173 174 175 178 181 184 187 189 192 195 196 197 198 201 204 206 209 211 215 219 223 227 230 232 233 236 237 242 243 244 246 248
100 2294
101 949 102 109 116 121 124 131 132 137 138 140 158 163 166 173 175 184 187 189 192 195 196 197 198 201 206 209 211 219 223 233 236 237 242 244
102 1153 103 104 105 106 107 109 110 111 112 115 116 117 120 121 124 126 128 131 132 133 135 137 138 139 140 142 144 145 146 147 150 151 152 153 157 158 159 160 161 163 164 166 169 171 172 173 174 175 178 181 182 184 186 187 189 191 192 193 194 195 196 197 198 200 201 203 204 206 209 211 214 215 217 219 223 227 230 232 233 234 236 237 242 243 244 246 247 248 250
103 1147 105 106 109 116 120 121 124 126 131 132 135 137 138 139 140 142 145 150 153 158 159 163 164 166 173 174 175 178 181 184 187 189 192 195 196 197 198 201 204 206 209 211 215 219 223 227 230 233 236 237 242 243 244 246 248
104 1827 109 116 121 124 131 132 137 138 139 140 142 153 158 159 163 166 173 174 175 184 187 189 192 195 196 197 198 201 206 209 211 215 219 223 227 233 236 237 242 244
105 677 106 109 116 120 121 124 126 131 132 135 137 138 139 140 142 145 150 153 158 159 163 164 166 173 174 175 178 181 184 187 189 192 195 196 197 198 201 204 206 209 211 215 219 223 227 230 233 236 237 242 243 244 246 248
106 1913 109 116 121 124 126 131 132 135 137 138 139 140 142 145 150 153 158 159 163 164 166 173 174 175 178 181 184 187 189 192 195 196 197 198 201 206 209 211 215 219 223 227 230 233 236 237 242 243 244 246
107 1143 109 116 121 124 131 132 137 138 139 140 142 150 153 158 159 163 166 173 174 175 178 181 184 187 189 192 195 196 197 198 201 206 209 211 215 219 223 227 233 236 237 242 244
108 838
109 1062 110 111 115 116 117 120 121 124 126 128 131 132 135 137 138 139 140 142 144 145 146 147 150 153 158 159 160 163 164 166 169 171 173 174 175 178 181 184 186 187 189 191 192 193 194 195 196 197 198 200 201 203 204 206 209 211 215 217 219 223 227 230 232 233 236 237 242 243 244 246 247 248 250
110 777 116 121 124 131 132 137 138 140 158 163 166 173 175 184 187 189 192 195 196 197 198 201 206 209 211 219 223 233 236 237 242 244
111 1600 116 121 124 131 132 137 138 139 140 142 153 158 159 163 166 173 174 175 184 187 189 192 195 196 197 198 201 206 209 211 215 219 223 227 233 236 237 242 244
112 1597 121 124 132 137 158 163 173 175 184 189 195 196 197 198 206 209 211 219 223 233 242
113 1017
114 1594
115 898 116 121 124 131 132 137 138 139 140 142 153 158 159 163 166 173 174 175 184 187 189 192 195 196 197 198 201 206 209 211 215 219 223 227 233 236 237 242 244
116 991 117 120 121 124 126 128 131 132 135 137 138 139 140 142 144 145 146 147 150 153 158 159 160 163 164 166 169 171 173 174 175 178 181 184 186 187 189 191 192 193 194 195 196 197 198 200 201 203 204 206 209 211 215 217 219 223 227 230 232 233 236 237 242 243 244 246 247 248 250
117 1783 121 124 131 132 137 138 140 153 158 159 163 166 173 174 175 184 187 189 192 195 196 197 198 201 206 209 211 215 219 223 233 236 237 242 244
118 1474
119 1649
120 2065 121 124 126 131 132 137 138 139 140 142 150 153 158 159 163 164 166 173 174 175 178 181 184 187 189 192 195 196 197 198 201 206 209 211 215 219 223 227 233 236 237 242 244
121 1758 124 126 128 131 132 133 135 137 138 139 140 142 144 145 146 147 150 151 152 153 157 158 159 160 161 163 164 166 168 169 171 172 173 174 175 178 179 181 182 184 186 187 189 191 192 193 194 195 196 197 198 199 200 201 202 203 204 206 208 209 211 214 215 217 219 220 221 223 226 227 230 232 233 234 236 237 242 243 244 246 247 248 250
122 1819
123 900
124 1897 126 128 131 132 135 137 138 139 140 142 144 145 146 147 150 151 153 157 158 159 160 163 164 166 169 171 172 173 174 175 178 181 184 186 187 189 191 192 193 194 195 196 197 198 200 201 203 204 206 209 211 214 215 217 219 223 227 230 232 233 236 237 242 243 244 246 247 248 250
125 1007
126 1734 131 132 135 137 138 139 140 142 145 150 153 158 159 163 164 166 173 174 175 178 181 184 187 189 192 195 196 197 198 201 204 206 209 211 215 219 223 227 230 232 233 236 237 242 243 244 246 248
127 2139
128 1422 131 132 137 138 139 140 142 150 153 158 159 163 164 166 173 174 175 178 181 184 187 189 192 195 196 197 198 201 206 209 211 215 219 223 227 233 236 237 242 244
129 1851
130 908
131 1287 132 135 137 138 139 140 142 144 145 146 147 150 153 158 159 160 163 164 166 169 171 173 174 175 178 181 184 186 187 189 191 192 193 194 195 196 197 198 200 201 203 204 206 209 211 214 215 217 219 223 227 230 232 233 236 237 242 243 244 246 247 248 250
132 2082 133 135 137 138 139 140 142 144 145 146 147 150 151 152 153 157 158 159 160 161 163 164 166 169 171 172 173 174 175 178 181 182 184 186 187 189 191 192 193 194 195 196 197 198 200 201 203 204 206 209 211 214 215 217 219 223 227 230 232 233 234 236 237 242 243 244 246 247 248 250
133 1689 137 173 175 184 189 195 196 206 211 223 233 242
134 1556
135 778 137 138 139 140 142 145 150 153 158 159 163 164 166 173 174 175 178 181 184 187 189 192 195 196 197 198 201 206 209 211 215 219 223 227 233 236 237 242 244
136 1575
137 1524 138 139 140 142 144 145 146 147 150 151 152 153 157 158 159 160 161 163 164 166 169 171 172 173 174 175 178 181 182 184 186 187 189 191 192 193 194 195 196 197 198 200 201 202 203 204 206 208 209 211 214 215 217 219 223 227 230 232 233 234 236 237 242 243 244 246 247 248 250
138 1521 139 140 142 144 145 146 147 150 153 158 159 160 163 164 166 171 173 174 175 178 181 184 186 187 189 191 192 193 194 195 196 197 198 200 201 203 204 206 209 211 215 217 219 223 227 230 232 233 236 237 242 243 244 246 247 248 250
139 2135 140 142 145 146 147 150 153 158 159 160 163 164 166 171 173 174 175 178 181 184 186 187 189 192 193 194 195 196 197 198 200 201 204 206 209 211 215 217 219 223 227 230 232 233 236 237 242 243 244 246 247 248 250
140 2220 142 145 146 147 150 153 158 159 160 163 164 166 171 173 174 175 178 181 184 186 187 189 191 192 193 194 195 196 197 198 200 201 203 204 206 209 211 215 217 219 223 227 230 232 233 236 237 242 243 244 246 247 248 250
141 1855
142 2409 145 146 147 150 153 158 159 160 163 164 166 171 173 174 175 178 181 184 186 187 189 192 193 195 196 197 198 200 201 204 206 209 211 215 217 219 223 227 230 232 233 236 237 242 243 244 246 247 248 250
143 1901
144 2153 158 163 166 173 175 184 187 189 192 195 196 197 198 201 206 209 211 219 223 233 236 237 242 244
145 2137 150 153 158 159 163 164 166 173 174 175 178 181 184 187 189 192 195 196 197 198 201 206 209 211 215 219 223 227 230 233 236 237 242 243 244 246
146 2102 153 158 159 163 166 173 174 175 184 187 189 192 195 196 197 198 201 206 209 211 215 219 223 233 236 237 242 244
147 1758 153 158 159 163 166 173 174 175 184 187 189 192 195 196 197 198 201 206 209 211 215 219 223 227 233 236 237 242 244
148 1881
149 636
150 1880 153 158 159 160 163 164 166 173 174 175 178 181 184 186 187 189 192 195 196 197 198 200 201 204 206 209 211 215 217 219 223 227 230 232 233 236 237 242 243 244 246 247 248 250
151 698 158 163 173 175 184 189 195 196 197 198 206 209 211 219 223 233 242
152 1373 173 175 184 189 195 196 206 211 223 233 242
153 635 158 159 160 163 164 166 171 173 174 175 178 181 184 186 187 189 192 193 194 195 196 197 198 200 201 203 204 206 209 211 215 217 219 223 227 230 232 233 236 237 242 243 244 246 247 248 250
154 2189
155 2227
156 1205
157 1774 158 163 173 175 184 189 195 196 197 198 206 209 211 219 223 233 236 242 244
158 522 159 160 163 164 166 169 171 172 173 174 175 178 181 184 186 187 189 191 192 193 194 195 196 197 198 200 201 203 204 206 209 211 214 215 217 219 223 227 230 232 233 236 237 242 243 244 246 247 248 250
159 2141 160 163 164 166 171 173 174 175 178 181 184 186 187 189 192 193 194 195 196 197 198 200 201 203 204 206 209 211 215 217 219 223 227 230 232 233 236 237 242 243 244 246 247 248 250
160 571 163 164 166 173 174 175 178 181 184 187 189 192 195 196 197 198 201 206 209 211 215 219 223 227 233 236 237 242 244
161 653 173 175 184 189 195 196 206 209 211 223 233 242
162 1571
163 1209 164 166 169 171 172 173 174 175 178 181 184 186 187 189 191 192 193 194 195 196 197 198 200 201 203 204 206 209 211 214 215 217 219 223 227 230 232 233 236 237 242 243 244 246 247 248 250
164 1262 166 173 174 175 178 181 184 186 187 189 192 195 196 197 198 201 204 206 209 211 215 217 219 223 227 230 232 233 236 237 242 243 244 246 247 248 250
165 2159
166 579 169 171 173 174 175 178 181 184 186 187 189 191 192 193 194 195 196 197 198 200 201 203 204 206 209 211 215 217 219 223 227 230 232 233 236 237 242 243 244 246 247 248 250
167 2493
168 1988 223
169 1303 173 175 184 187 189 192 195 196 197 198 201 206 209 211 219 223 233 236 237 242 244
170 1338
171 2460 173 174 175 184 187 189 192 195 196 197 198 201 206 209 211 215 219 223 227 233 236 237 242 244
172 1375 173 175 184 189 195 196 197 198 206 209 211 219 223 233 242
173 2079 174 175 178 181 182 184 186 187 189 191 192 193 194 195 196 197 198 200 201 202 203 204 206 208 209 211 214 215 217 219 223 227 230 232 233 234 236 237 242 243 244 246 247 248 250
174 2214 175 178 181 184 186 187 189 192 193 194 195 196 197 198 200 201 203 204 206 209 211 215 217 219 223 227 230 232 233 236 237 242 243 244 246 247 248 250
175 1056 178 181 182 184 186 187 189 191 192 193 194 195 196 197 198 200 201 202 203 204 206 208 209 211 214 215 217 219 223 227 230 232 233 234 236 237 242 243 244 246 247 248 250
176 2099 223
177 934
178 1666 181 184 186 187 189 192 195 196 197 198 200 201 204 206 209 211 215 217 219 223 227 230 232 233 236 237 242 243 244 246 247 248 250
179 2470 189 223
180 894
181 1119 184 186 187 189 192 195 196 197 198 200 201 204 206 209 211 215 217 219 223 227 230 232 233 236 237 242 243 244 246 247 248 250
182 523 184 189 195 196 206 211 223 233 242
183 2340
184 1097 186 187 189 191 192 193 194 195 196 197 198 200 201 203 204 206 209 211 214 215 217 219 223 227 230 232 233 234 236 237 242 243 244 246 247 248 250
185 2182
186 1327 187 189 192 195 196 197 198 201 206 209 211 215 219 223 227 233 236 237 242 244
187 2278 189 191 192 193 194 195 196 197 198 200 201 203 204 206 209 211 215 217 219 223 227 230 232 233 236 237 242 243 244 246 247 248 250
188 1225
189 2240 191 192 193 194 195 196 197 198 199 200 201 202 203 204 206 208 209 211 214 215 217 219 220 221 223 226 227 230 232 233 234 236 237 242 243 244 246 247 248 250
190 1452
191 1589 192 195 196 197 198 201 206 209 211 219 223 233 236 237 242 244
192 2481 193 194 195 196 197 198 200 201 203 204 206 209 211 215 217 219 223 227 230 232 233 236 237 242 243 244 246 247 248 250
193 1248 195 196 197 198 201 206 209 211 215 219 223 227 233 236 237 242 244
194 1449 195 196 197 198 201 206 209 211 215 219 223 233 236 237 242 244
195 1370 196 197 198 200 201 202 203 204 206 208 209 211 214 215 217 219 223 227 230 232 233 234 236 237 242 243 244 246 247 248 250
196 1739 197 198 200 201 203 204 206 209 211 214 215 217 219 223 227 230 232 233 234 236 237 242 243 244 246 247 248 250
197 724 198 200 201 203 204 206 209 211 214 215 217 219 223 227 230 232 233 236 237 242 243 244 246 247 248 250
198 572 200 201 203 204 206 209 211 214 215 217 219 223 227 230 232 233 236 237 242 243 244 246 247 248 250
199 1093 223
200 1326 201 206 209 211 215 219 223 227 233 236 237 242 244
201 875 203 204 206 209 211 215 217 219 223 227 230 232 233 236 237 242 243 244 246 247 248 250
202 1248 206 223 233 242
203 1626 206 209 211 215 219 223 233 236 237 242 244
204 2415 206 209 211 215 219 223 227 233 236 237 242 244
205 1302
206 1869 208 209 211 214 215 217 219 223 227 230 232 233 234 236 237 242 243 244 246 247 248 250
207 620
208 747 211 223 233 242
209 1044 211 214 215 217 219 223 227 230 232 233 234 236 237 242 243 244 246 247 248 250
210 1994
211 638 214 215 217 219 223 227 230 232 233 234 236 237 242 243 244 246 247 248 250
212 837
213 2066
214 2451 219 223 233 236 237 242 244
215 2349 217 219 223 227 230 232 233 236 237 242 243 244 246 247 248 250
216 867
217 1890 219 223 227 233 236 237 242 244
218 2010
219 1894 223 227 230 232 233 236 237 242 243 244 246 247 248 250
220 1601 223
221 506 223
222 2156
223 1241 226 227 230 232 233 234 236 237 242 243 244 246 247 248 250
224 895
225 2334
226 2373
227 2411 230 232 233 236 237 242 243 244 246 247 248 250
228 1016
229 823
230 1794 233 236 237 242 244
231 554
232 723 233 236 237 242 244
233 1829 234 236 237 242 243 244 246 247 248 250
234 1615 242
235 1922
236 1642 237 242 243 244 246 247 248 250
237 1626 242 243 244 246 247 248 250
238 1648
239 1948
240 1202
241 2343
242 1899 243 244 246 247 248 250
243 1138 244
244 1699 246 247 248 250
245 1829
246 2446
247 755
248 1326
249 1674
250 1773
