250 10000
1 2354 4 5 12 14 15 18 25 27 28 31 33 36 46 47 52 54 56 57 58 59 62 67 68 75 77 78 93 98 101 102 104 119 124 130 133 135 136 145 146 157 159 163 166 167 168 172 177 178 179 180 186 188 193 194 195 197 199 202 204 208 214 217 219 220 222 225 226 227 229 236 250
2 541 3 4 5 6 8 9 10 11 12 14 15 16 18 19 21 22 24 25 26 27 28 29 30 31 32 33 35 36 37 38 39 41 42 43 44 45 46 47 50 51 52 54 55 56 57 58 59 61 62 64 65 66 67 68 69 71 72 74 75 77 78 80 81 82 85 86 88 89 90 92 93 98 99 100 101 102 103 104 106 107 109 113 114 116 117 119 124 126 127 128 129 130 131 132 133 135 136 139 140 141 142 144 145 146 149 150 151 152 153 155 157 159 160 161 163 165 166 167 168 169 172 174 176 177 178 179 180 181 183 184 186 187 188 190 191 192 193 194 195 196 197 198 199 200 201 202 203 204 208 209 210 211 212 214 215 216 217 219 220 221 222 223 224 225 226 227 229 230 231 232 234 235 236 240 242 244 245 246 247 248 250
3 1824 4 5 8 10 11 12 14 15 16 18 19 21 25 27 28 29 30 31 33 35 36 37 38 41 43 45 46 47 51 52 54 56 57 58 59 61 62 64 65 67 68 72 74 75 77 78 80 81 85 86 90 92 93 98 101 102 103 104 107 109 116 117 119 124 130 133 135 136 140 141 145 146 149 150 151 152 153 155 157 159 160 163 166 167 168 169 172 174 177 178 179 180 186 187 188 191 193 194 195 197 198 199 200 202 204 208 214 217 219 220 222 225 226 227 229 231 232 235 236 242 244 250
4 1721 5 6 7 8 9 10 11 12 13 14 15 16 17 18 19 20 21 22 23 24 25 26 27 28 29 30 31 32 33 34 35 36 37 38 39 40 41 42 43 44 45 46 47 48 49 50 51 52 53 54 55 56 57 58 59 60 61 62 63 64 65 66 67 68 69 70 71 72 73 74 75 76 77 78 79 80 81 82 83 84 85 86 87 88 89 90 91 92 93 94 95 96 97 98 99 100 101 102 103 104 105 106 107 108 109 110 111 112 113 114 115 116 117 118 119 120 121 122 123 124 125 126 127 128 129 130 131 132 133 134 135 136 137 138 139 140 141 142 143 144 145 146 147 148 149 150 151 152 153 154 155 156 157 158 159 160 161 162 163 164 165 166 167 168 169 170 171 172 173 174 175 176 177 178 179 180 181 182 183 184 185 186 187 188 189 190 191 192 193 194 195 196 197 198 199 200 201 202 203 204 205 206 207 208 209 210 211 212 213 214 215 216 217 218 219 220 221 222 223 224 225 226 227 228 229 230 231 232 233 234 235 236 237 238 239 240 241 242 243 244 245 246 247 248 249 250
5 1624 6 7 8 9 10 11 12 13 14 15 16 17 18 19 20 21 22 23 24 25 26 27 28 29 30 31 32 33 34 35 36 37 38 39 40 41 42 43 44 45 46 47 48 49 50 51 52 53 54 55 56 57 58 59 60 61 62 63 64 65 66 67 68 69 70 71 72 73 74 75 76 77 78 79 80 81 82 83 84 85 86 87 88 89 90 91 92 93 94 95 96 97 98 99 100 101 102 103 104 105 106 107 108 109 110 111 112 113 114 115 116 117 118 119 120 121 122 123 124 125 126 127 128 129 130 131 132 133 134 135 136 137 138 139 140 141 142 143 144 145 146 147 148 149 150 151 152 153 154 155 156 157 158 159 160 161 162 163 164 165 166 167 168 169 170 171 172 173 174 175 176 177 178 179 180 181 182 183 184 185 186 187 188 189 190 191 192 193 194 195 196 197 198 199 200 201 202 203 204 205 206 207 208 209 210 211 212 213 214 215 216 217 218 219 220 221 222 223 224 225 226 227 228 229 230 231 232 233 234 235 236 237 238 239 240 241 242 243 244 245 246 247 248 249 250
6 2065 8 10 11 12 14 15 16 18 19 21 25 27 28 29 30 31 33 35 36 37 38 41 43 45 46 47 51 52 54 56 57 58 59 61 62 64 65 67 68 72 74 75 77 78 80 85 86 92 93 98 101 102 103 104 107 109 117 119 124 130 133 135 136 140 141 145 146 149 150 151 153 155 157 159 160 163 166 167 168 169 172 174 177 178 179 180 186 187 188 191 193 194 195 197 198 199 200 202 204 208 214 217 219 220 222 225 226 227 229 231 232 235 236 242 244 250
7 805 12 14 15 18 25 27 28 31 33 36 46 47 52 54 56 57 58 59 62 67 68 75 77 78 93 98 101 102 104 119 124 130 133 135 136 145 146 157 159 163 166 167 168 172 177 178 179 180 186 188 193 194 195 197 199 202 204 208 214 217 219 220 222 225 226 227 229 236 250
8 1206 9 10 11 12 13 14 15 16 17 18 19 21 22 24 25 26 27 28 29 30 31 32 33 34 35 36 37 38 39 41 42 43 44 45 46 47 48 50 51 52 54 55 56 57 58 59 61 62 63 64 65 66 67 68 69 71 72 73 74 75 76 77 78 80 81 82 85 86 87 88 89 90 92 93 94 96 98 99 100 101 102 103 104 106 107 109 110 113 114 116 117 118 119 121 124 126 127 128 129 130 131 132 133 134 135 136 139 140 141 142 144 145 146 148 149 150 151 152 153 154 155 157 158 159 160 161 163 165 166 167 168 169 171 172 174 176 177 178 179 180 181 183 184 186 187 188 190 191 192 193 194 195 196 197 198 199 200 201 202 203 204 206 208 209 210 211 212 213 214 215 216 217 219 220 221 222 223 224 225 226 227 229 230 231 232 234 235 236 240 241 242 244 245 246 247 248 250
9 503 10 11 12 14 15 16 18 19 21 25 27 28 29 30 31 33 35 36 37 38 41 43 45 46 47 51 52 54 56 57 58 59 61 62 64 65 67 68 72 74 75 77 78 80 81 85 86 90 92 93 98 101 102 103 104 107 109 117 119 124 130 133 135 136 140 141 145 146 149 150 151 153 155 157 159 160 163 166 167 168 169 172 174 177 178 179 180 186 187 188 191 193 194 195 197 198 199 200 202 204 208 214 217 219 220 222 225 226 227 229 231 232 235 236 242 244 250
10 805 11 12 14 15 16 18 19 21 22 24 25 26 27 28 29 30 31 32 33 35 36 37 38 39 41 42 43 45 46 47 50 51 52 54 55 56 57 58 59 61 62 64 65 66 67 68 69 71 72 74 75 77 78 80 81 82 85 86 88 89 90 92 93 98 99 100 101 102 103 104 106 107 109 113 116 117 119 124 126 127 128 129 130 131 132 133 135 136 139 140 141 142 144 145 146 149 150 151 152 153 155 157 159 160 161 163 165 166 167 168 169 172 174 176 177 178 179 180 181 183 184 186 187 188 190 191 192 193 194 195 196 197 198 199 200 201 202 203 204 208 209 210 211 212 214 215 216 217 219 220 221 222 223 225 226 227 229 230 231 232 234 235 236 240 242 244 245 246 247 248 250
11 2314 12 14 15 16 18 19 21 22 24 25 26 27 28 29 30 31 32 33 35 36 37 38 39 41 42 43 45 46 47 50 51 52 54 55 56 57 58 59 61 62 64 65 67 68 69 71 72 74 75 77 78 80 81 82 85 86 88 89 90 92 93 98 99 100 101 102 103 104 106 107 109 113 116 117 119 124 126 127 128 129 130 131 132 133 135 136 139 140 141 142 144 145 146 149 150 151 152 153 155 157 159 160 161 163 165 166 167 168 169 172 174 176 177 178 179 180 181 183 184 186 187 188 190 191 192 193 194 195 197 198 199 200 201 202 203 204 208 209 210 212 214 215 216 217 219 220 221 222 223 225 226 227 229 230 231 232 234 235 236 240 242 244 245 246 248 250
12 2410 13 14 15 16 17 18 19 20 21 22 23 24 25 26 27 28 29 30 31 32 33 34 35 36 37 38 39 40 41 42 43 44 45 46 47 48 49 50 51 52 53 54 55 56 57 58 59 60 61 62 63 64 65 66 67 68 69 70 71 72 73 74 75 76 77 78 79 80 81 82 83 84 85 86 87 88 89 90 91 92 93 94 95 96 97 98 99 100 101 102 103 104 105 106 107 108 109 110 111 112 113 114 115 116 117 118 119 120 121 122 123 124 125 126 127 128 129 130 131 132 133 134 135 136 137 138 139 140 141 142 143 144 145 146 147 148 149 150 151 152 153 154 155 156 157 158 159 160 161 162 163 164 165 166 167 168 169 170 171 172 173 174 175 176 177 178 179 180 181 182 183 184 185 186 187 188 189 190 191 192 193 194 195 196 197 198 199 200 201 202 203 204 205 206 207 208 209 210 211 212 213 214 215 216 217 218 219 220 221 222 223 224 225 226 227 228 229 230 231 232 233 234 235 236 237 238 239 240 241 242 243 244 245 246 247 248 249 250
13 689 14 15 16 18 19 25 27 28 30 31 33 35 36 37 38 43 46 47 52 54 56 57 58 59 61 62 64 67 68 72 74 75 77 78 80 93 98 101 102 103 104 107 119 124 130 133 135 136 145 146 149 155 157 159 163 166 167 168 172 174 177 178 179 180 186 187 188 193 194 195 197 199 200 202 204 208 214 217 219 220 222 225 226 227 229 235 236 250
14 2285 15 16 17 18 19 21 22 23 24 25 26 27 28 29 30 31 32 33 34 35 36 37 38 39 40 41 42 43 44 45 46 47 48 49 50 51 52 53 54 55 56 57 58 59 60 61 62 63 64 65 66 67 68 69 71 72 73 74 75 76 77 78 79 80 81 82 84 85 86 87 88 89 90 91 92 93 94 96 97 98 99 100 101 102 103 104 106 107 108 109 110 113 114 115 116 117 118 119 121 122 123 124 125 126 127 128 129 130 131 132 133 134 135 136 137 138 139 140 141 142 143 144 145 146 147 148 149 150 151 152 153 154 155 157 158 159 160 161 162 163 165 166 167 168 169 171 172 173 174 175 176 177 178 179 180 181 183 184 185 186 187 188 189 190 191 192 193 194 195 196 197 198 199 200 201 202 203 204 205 206 208 209 210 211 212 213 214 215 216 217 219 220 221 222 223 224 225 226 227 228 229 230 231 232 234 235 236 239 240 241 242 243 244 245 246 247 248 250
15 1099 16 17 18 19 20 21 22 23 24 25 26 27 28 29 30 31 32 33 34 35 36 37 38 39 40 41 42 43 44 45 46 47 48 49 50 51 52 53 54 55 56 57 58 59 60 61 62 63 64 65 66 67 68 69 70 71 72 73 74 75 76 77 78 79 80 81 82 83 84 85 86 87 88 89 90 91 92 93 94 95 96 97 98 99 100 101 102 103 104 105 106 107 108 109 110 111 112 113 114 115 116 117 118 119 120 121 122 123 124 125 126 127 128 129 130 131 132 133 134 135 136 137 138 139 140 141 142 143 144 145 146 147 148 149 150 151 152 153 154 155 156 157 158 159 160 161 162 163 164 165 166 167 168 169 170 171 172 173 174 175 176 177 178 179 180 181 182 183 184 185 186 187 188 189 190 191 192 193 194 195 196 197 198 199 200 201 202 203 204 205 206 207 208 209 210 211 212 213 214 215 216 217 218 219 220 221 222 223 224 225 226 227 228 229 230 231 232 233 234 235 236 237 238 239 240 241 242 243 244 245 246 247 248 249 250
16 1638 17 18 19 21 22 24 25 26 27 28 29 30 31 32 33 34 35 36 37 38 39 41 42 43 44 45 46 47 50 51 52 54 55 56 57 58 59 61 62 64 65 66 67 68 69 71 72 73 74 75 76 77 78 80 81 82 85 86 87 88 89 90 92 93 94 96 98 99 100 101 102 103 104 106 107 109 113 114 116 117 119 121 124 126 127 128 129 130 131 132 133 134 135 136 139 140 141 142 144 145 146 149 150 151 152 153 154 155 157 158 159 160 161 163 165 166 167 168 169 172 174 176 177 178 179 180 181 183 184 186 187 188 190 191 192 193 194 195 196 197 198 199 200 201 202 203 204 206 208 209 210 211 212 213 214 215 216 217 219 220 221 222 223 224 225 226 227 229 230 231 232 234 235 236 240 241 242 244 245 246 247 248 250
17 2324 18 25 27 28 30 31 33 35 36 37 43 46 47 52 54 56 57 58 59 62 64 67 68 72 75 77 78 80 93 98 101 102 103 104 119 124 130 133 135 136 145 146 155 157 159 163 166 167 168 172 174 177 178 179 180 186 187 188 193 194 195 197 199 200 202 204 208 214 217 219 220 222 225 226 227 229 235 236 250
18 1701 19 20 21 22 23 24 25 26 27 28 29 30 31 32 33 34 35 36 37 38 39 40 41 42 43 44 45 46 47 48 49 50 51 52 53 54 55 56 57 58 59 60 61 62 63 64 65 66 67 68 69 70 71 72 73 74 75 76 77 78 79 80 81 82 83 84 85 86 87 88 89 90 91 92 93 94 95 96 97 98 99 100 101 102 103 104 105 106 107 108 109 110 111 112 113 114 115 116 117 118 119 120 121 122 123 124 125 126 127 128 129 130 131 132 133 134 135 136 137 138 139 140 141 142 143 144 145 146 147 148 149 150 151 152 153 154 155 156 157 158 159 160 161 162 163 164 165 166 167 168 169 170 171 172 173 174 175 176 177 178 179 180 181 182 183 184 185 186 187 188 189 190 191 192 193 194 195 196 197 198 199 200 201 202 203 204 205 206 207 208 209 210 211 212 213 214 215 216 217 218 219 220 221 222 223 224 225 226 227 228 229 230 231 232 233 234 235 236 237 238 239 240 241 242 243 244 245 246 247 248 249 250
19 1728 21 22 24 25 26 27 28 29 30 31 32 33 34 35 36 37 38 39 41 42 43 44 45 46 47 50 51 52 54 55 56 57 58 59 61 62 64 65 66 67 68 69 71 72 73 74 75 76 77 78 80 81 82 85 86 87 88 89 90 92 93 98 99 100 101 102 103 104 106 107 109 113 114 116 117 119 121 124 126 127 128 129 130 131 132 133 134 135 136 139 140 141 142 144 145 146 149 150 151 152 153 154 155 157 158 159 160 161 163 165 166 167 168 169 172 174 176 177 178 179 180 181 183 184 186 187 188 190 191 192 193 194 195 196 197 198 199 200 201 202 203 204 208 209 210 211 212 213 214 215 216 217 219 220 221 222 223 224 225 226 227 229 230 231 232 234 235 236 240 241 242 244 245 246 247 248 250
20 2341 25 27 28 31 33 36 46 52 54 56 58 59 62 67 68 75 77 93 98 102 104 119 130 135 136 145 146 157 159 163 166 167 168 172 177 178 179 180 186 188 193 194 195 197 199 202 204 214 217 219 220 225 226 227 229 236 250
21 1389 22 24 25 26 27 28 29 30 31 32 33 35 36 37 38 39 41 42 43 45 46 47 50 51 52 54 55 56 57 58 59 61 62 64 65 67 68 69 71 72 74 75 77 78 80 81 85 86 88 89 90 92 93 98 99 100 101 102 103 104 106 107 109 113 116 117 119 124 126 127 128 129 130 131 132 133 135 136 139 140 141 142 144 145 146 149 150 151 152 153 155 157 159 160 161 163 165 166 167 168 169 172 174 176 177 178 179 180 181 183 184 186 187 188 190 191 192 193 194 195 197 198 199 200 201 202 203 204 208 209 210 212 214 215 216 217 219 220 221 222 223 225 226 227 229 230 231 232 234 235 236 240 242 244 245 246 248 250
22 690 24 25 27 28 29 30 31 33 35 36 37 38 41 43 45 46 47 51 52 54 55 56 57 58 59 61 62 64 65 67 68 72 74 75 77 78 80 81 85 86 88 90 92 93 98 99 100 101 102 103 104 106 107 109 113 116 117 119 124 126 130 132 133 135 136 139 140 141 145 146 149 150 151 152 153 155 157 159 160 163 165 166 167 168 169 172 174 176 177 178 179 180 186 187 188 190 191 192 193 194 195 197 198 199 200 201 202 204 208 209 210 214 215 217 219 220 221 222 225 226 227 229 230 231 232 234 235 236 240 242 244 245 248 250
23 2427 25 27 28 31 33 36 46 47 52 54 56 57 58 59 62 67 68 75 77 78 93 98 101 102 104 119 124 130 133 135 136 145 146 157 159 163 166 167 168 172 177 178 179 180 186 188 193 194 195 197 199 202 204 208 214 217 219 220 222 225 226 227 229 236 250
24 1623 25 27 28 29 30 31 33 35 36 37 38 41 43 45 46 47 51 52 54 56 57 58 59 61 62 64 65 67 68 72 74 75 77 78 80 81 85 86 90 92 93 98 101 102 103 104 107 109 116 117 119 124 130 133 135 136 139 140 141 145 146 149 150 151 152 153 155 157 159 160 163 166 167 168 169 172 174 176 177 178 179 180 186 187 188 191 193 194 195 197 198 199 200 202 204 208 214 217 219 220 222 225 226 227 229 231 232 235 236 242 244 250
25 513 26 27 28 29 30 31 32 33 34 35 36 37 38 39 40 41 42 43 44 45 46 47 48 49 50 51 52 53 54 55 56 57 58 59 60 61 62 63 64 65 66 67 68 69 70 71 72 73 74 75 76 77 78 79 80 81 82 83 84 85 86 87 88 89 90 91 92 93 94 95 96 97 98 99 100 101 102 103 104 105 106 107 108 109 110 111 112 113 114 115 116 117 118 119 120 121 122 123 124 125 126 127 128 129 130 131 132 133 134 135 136 137 138 139 140 141 142 143 144 145 146 147 148 149 150 151 152 153 154 155 156 157 158 159 160 161 162 163 164 165 166 167 168 169 170 171 172 173 174 175 176 177 178 179 180 181 182 183 184 185 186 187 188 189 190 191 192 193 194 195 196 197 198 199 200 201 202 203 204 205 206 207 208 209 210 211 212 213 214 215 216 217 218 219 220 221 222 223 224 225 226 227 228 229 230 231 232 233 234 235 236 237 238 239 240 241 242 243 244 245 246 247 248 249 250
26 827 27 28 29 30 31 33 35 36 37 38 43 45 46 47 52 54 56 57 58 59 61 62 64 65 67 68 72 74 75 77 78 80 85 93 98 101 102 103 104 107 119 124 130 133 135 136 141 145 146 149 151 153 155 157 159 163 166 167 168 169 172 174 177 178 179 180 186 187 188 193 194 195 197 199 200 202 204 208 214 217 219 220 222 225 226 227 229 235 236 250
27 1199 28 29 30 31 32 33 34 35 36 37 38 39 40 41 42 43 44 45 46 47 48 49 50 51 52 53 54 55 56 57 58 59 60 61 62 63 64 65 66 67 68 69 70 71 72 73 74 75 76 77 78 79 80 81 82 83 84 85 86 87 88 89 90 91 92 93 94 95 96 97 98 99 100 101 102 103 104 105 106 107 108 109 110 111 112 113 114 115 116 117 118 119 120 121 122 123 124 125 126 127 128 129 130 131 132 133 134 135 136 137 138 139 140 141 142 143 144 145 146 147 148 149 150 151 152 153 154 155 156 157 158 159 160 161 162 163 164 165 166 167 168 169 170 171 172 173 174 175 176 177 178 179 180 181 182 183 184 185 186 187 188 189 190 191 192 193 194 195 196 197 198 199 200 201 202 203 204 205 206 207 208 209 210 211 212 213 214 215 216 217 218 219 220 221 222 223 224 225 226 227 228 229 230 231 232 233 234 235 236 237 238 239 240 241 242 243 244 245 246 247 248 249 250
28 1322 29 30 31 32 33 34 35 36 37 38 39 40 41 42 43 44 45 46 47 48 49 50 51 52 53 54 55 56 57 58 59 60 61 62 63 64 65 66 67 68 69 71 72 73 74 75 76 77 78 79 80 81 82 83 84 85 86 87 88 89 90 91 92 93 94 96 97 98 99 100 101 102 103 104 105 106 107 108 109 110 111 112 113 114 115 116 117 118 119 120 121 122 123 124 125 126 127 128 129 130 131 132 133 134 135 136 137 138 139 140 141 142 143 144 145 146 147 148 149 150 151 152 153 154 155 156 157 158 159 160 161 162 163 164 165 166 167 168 169 170 171 172 173 174 175 176 177 178 179 180 181 182 183 184 185 186 187 188 189 190 191 192 193 194 195 196 197 198 199 200 201 202 203 204 205 206 207 208 209 210 211 212 213 214 215 216 217 219 220 221 222 223 224 225 226 227 228 229 230 231 232 233 234 235 236 237 238 239 240 241 242 243 244 245 246 247 248 249 250
29 1867 30 31 32 33 35 36 37 38 39 41 42 43 45 46 47 51 52 54 55 56 57 58 59 61 62 64 65 67 68 69 71 72 74 75 77 78 80 81 85 86 88 89 90 92 93 98 99 100 101 102 103 104 106 107 109 113 116 117 119 124 126 127 128 129 130 131 132 133 135 136 139 140 141 142 144 145 146 149 150 151 152 153 155 157 159 160 161 163 165 166 167 168 169 172 174 176 177 178 179 180 184 186 187 188 190 191 192 193 194 195 197 198 199 200 201 202 203 204 208 209 210 212 214 215 216 217 219 220 221 222 223 225 226 227 229 230 231 232 234 235 236 240 242 244 245 246 248 250
30 546 31 32 33 34 35 36 37 38 39 41 42 43 44 45 46 47 50 51 52 54 55 56 57 58 59 61 62 64 65 66 67 68 69 71 72 73 74 75 76 77 78 80 81 82 85 86 87 88 89 90 92 93 94 96 98 99 100 101 102 103 104 106 107 109 113 114 116 117 119 121 124 126 127 128 129 130 131 132 133 134 135 136 139 140 141 142 144 145 146 148 149 150 151 152 153 154 155 157 158 159 160 161 163 165 166 167 168 169 172 174 176 177 178 179 180 181 183 184 186 187 188 190 191 192 193 194 195 196 197 198 199 200 201 202 203 204 206 208 209 210 211 212 213 214 215 216 217 219 220 221 222 223 224 225 226 227 229 230 231 232 234 235 236 240 241 242 244 245 246 247 248 250
31 620 32 33 34 35 36 37 38 39 40 41 42 43 44 45 46 47 48 49 50 51 52 53 54 55 56 57 58 59 60 61 62 63 64 65 66 67 68 69 70 71 72 73 74 75 76 77 78 79 80 81 82 83 84 85 86 87 88 89 90 91 92 93 94 95 96 97 98 99 100 101 102 103 104 105 106 107 108 109 110 111 112 113 114 115 116 117 118 119 120 121 122 123 124 125 126 127 128 129 130 131 132 133 134 135 136 137 138 139 140 141 142 143 144 145 146 147 148 149 150 151 152 153 154 155 156 157 158 159 160 161 162 163 164 165 166 167 168 169 170 171 172 173 174 175 176 177 178 179 180 181 182 183 184 185 186 187 188 189 190 191 192 193 194 195 196 197 198 199 200 201 202 203 204 205 206 207 208 209 210 211 212 213 214 215 216 217 218 219 220 221 222 223 224 225 226 227 228 229 230 231 232 233 234 235 236 237 238 239 240 241 242 243 244 245 246 247 248 249 250
32 652 33 35 36 37 38 41 43 45 46 47 52 54 56 57 58 59 61 62 64 65 67 68 72 74 75 77 78 80 85 86 93 98 101 102 103 104 107 109 117 119 124 130 133 135 136 141 145 146 149 150 151 153 155 157 159 163 166 167 168 169 172 174 177 178 179 180 186 187 188 193 194 195 197 198 199 200 202 204 208 214 217 219 220 222 225 226 227 229 231 232 235 236 242 244 250
33 1097 34 35 36 37 38 39 40 41 42 43 44 45 46 47 48 49 50 51 52 53 54 55 56 57 58 59 60 61 62 63 64 65 66 67 68 69 71 72 73 74 75 76 77 78 79 80 81 82 83 84 85 86 87 88 89 90 91 92 93 94 96 97 98 99 100 101 102 103 104 106 107 108 109 110 111 112 113 114 115 116 117 118 119 120 121 122 123 124 125 126 127 128 129 130 131 132 133 134 135 136 137 138 139 140 141 142 143 144 145 146 147 148 149 150 151 152 153 154 155 156 157 158 159 160 161 162 163 164 165 166 167 168 169 171 172 173 174 175 176 177 178 179 180 181 182 183 184 185 186 187 188 189 190 191 192 193 194 195 196 197 198 199 200 201 202 203 204 205 206 207 208 209 210 211 212 213 214 215 216 217 219 220 221 222 223 224 225 226 227 228 229 230 231 232 233 234 235 236 238 239 240 241 242 243 244 245 246 247 248 249 250
34 1341 35 36 37 38 43 46 47 52 54 56 57 58 59 61 62 64 65 67 68 72 74 75 77 78 80 93 98 101 102 103 104 107 119 124 130 133 135 136 145 146 149 155 157 159 163 166 167 168 172 174 177 178 179 180 186 187 188 193 194 195 197 199 200 202 204 208 214 217 219 220 222 225 226 227 229 235 236 250
35 2376 36 37 38 39 41 42 43 44 45 46 47 48 50 51 52 54 55 56 57 58 59 61 62 63 64 65 66 67 68 69 71 72 73 74 75 76 77 78 80 81 82 85 86 87 88 89 90 92 93 94 96 98 99 100 101 102 103 104 106 107 109 113 114 116 117 119 121 124 126 127 128 129 130 131 132 133 134 135 136 139 140 141 142 144 145 146 148 149 150 151 152 153 154 155 157 158 159 160 161 163 165 166 167 168 169 172 174 176 177 178 179 180 181 183 184 186 187 188 190 191 192 193 194 195 196 197 198 199 200 201 202 203 204 206 208 209 210 211 212 213 214 215 216 217 219 220 221 222 223 224 225 226 227 229 230 231 232 234 235 236 240 241 242 244 245 246 247 248 250
36 2166 37 38 39 40 41 42 43 44 45 46 47 48 49 50 51 52 53 54 55 56 57 58 59 60 61 62 63 64 65 66 67 68 69 71 72 73 74 75 76 77 78 79 80 81 82 83 84 85 86 87 88 89 90 91 92 93 94 96 97 98 99 100 101 102 103 104 105 106 107 108 109 110 111 112 113 114 115 116 117 118 119 120 121 122 123 124 125 126 127 128 129 130 131 132 133 134 135 136 137 138 139 140 141 142 143 144 145 146 147 148 149 150 151 152 153 154 155 156 157 158 159 160 161 162 163 164 165 166 167 168 169 170 171 172 173 174 175 176 177 178 179 180 181 182 183 184 185 186 187 188 189 190 191 192 193 194 195 196 197 198 199 200 201 202 203 204 205 206 207 208 209 210 211 212 213 214 215 216 217 219 220 221 222 223 224 225 226 227 228 229 230 231 232 233 234 235 236 237 238 239 240 241 242 243 244 245 246 247 248 249 250
37 1267 38 39 41 42 43 44 45 46 47 48 50 51 52 54 55 56 57 58 59 61 62 63 64 65 66 67 68 69 71 72 73 74 75 76 77 78 80 81 82 85 86 87 88 89 90 92 93 94 96 98 99 100 101 102 103 104 106 107 109 113 114 116 117 118 119 121 124 126 127 128 129 130 131 132 133 134 135 136 139 140 141 142 144 145 146 148 149 150 151 152 153 154 155 157 158 159 160 161 163 165 166 167 168 169 171 172 174 176 177 178 179 180 181 183 184 186 187 188 190 191 192 193 194 195 196 197 198 199 200 201 202 203 204 206 208 209 210 211 212 213 214 215 216 217 219 220 221 222 223 224 225 226 227 229 230 231 232 234 235 236 240 241 242 244 245 246 247 248 250
38 764 39 41 42 43 44 45 46 47 50 51 52 54 55 56 57 58 59 61 62 64 65 66 67 68 69 71 72 73 74 75 76 77 78 80 81 82 85 86 88 89 90 92 93 98 99 100 101 102 103 104 106 107 109 113 114 116 117 119 121 124 126 127 128 129 130 131 132 133 134 135 136 139 140 141 142 144 145 146 149 150 151 152 153 154 155 157 158 159 160 161 163 165 166 167 168 169 172 174 176 177 178 179 180 181 183 184 186 187 188 190 191 192 193 194 195 196 197 198 199 200 201 202 203 204 208 209 210 211 212 213 214 215 216 217 219 220 221 222 223 224 225 226 227 229 230 231 232 234 235 236 240 242 244 245 246 247 248 250
39 2186 43 45 46 47 52 54 56 57 58 59 61 62 64 65 67 68 72 74 75 77 78 80 85 93 98 101 102 103 104 107 119 124 130 133 135 136 141 145 146 149 151 153 155 157 159 163 166 167 168 169 172 174 177 178 179 180 186 187 188 193 194 195 197 199 200 202 204 208 214 217 219 220 222 225 226 227 229 235 236 250
40 731 46 47 52 54 56 57 58 59 62 67 68 75 77 78 93 98 101 102 104 119 124 130 133 135 136 145 146 157 159 163 166 167 168 172 177 178 179 180 186 188 193 194 195 197 199 202 204 208 214 217 219 220 222 225 226 227 229 236 250
41 1994 42 43 45 46 47 51 52 54 55 56 57 58 59 61 62 64 65 67 68 69 71 72 74 75 77 78 80 81 85 86 88 89 90 92 93 98 99 100 101 102 103 104 106 107 109 113 116 117 119 124 126 127 128 129 130 131 132 133 135 136 139 140 141 142 144 145 146 149 150 151 152 153 155 157 159 160 161 163 165 166 167 168 169 172 174 176 177 178 179 180 186 187 188 190 191 192 193 194 195 197 198 199 200 201 202 203 204 208 209 210 212 214 215 216 217 219 220 221 222 223 225 226 227 229 230 231 232 234 235 236 240 242 244 245 246 248 250
42 2206 43 45 46 47 51 52 54 56 57 58 59 61 62 64 65 67 68 72 74 75 77 78 80 85 86 92 93 98 101 102 103 104 107 109 117 119 124 130 133 135 136 140 141 145 146 149 150 151 153 155 157 159 160 163 166 167 168 169 172 174 177 178 179 180 186 187 188 191 193 194 195 197 198 199 200 202 204 208 214 217 219 220 222 225 226 227 229 231 232 235 236 242 244 250
43 744 44 45 46 47 48 50 51 52 54 55 56 57 58 59 61 62 63 64 65 66 67 68 69 71 72 73 74 75 76 77 78 80 81 82 85 86 87 88 89 90 92 93 94 96 98 99 100 101 102 103 104 106 107 109 110 113 114 116 117 118 119 121 124 126 127 128 129 130 131 132 133 134 135 136 137 139 140 141 142 144 145 146 148 149 150 151 152 153 154 155 157 158 159 160 161 163 165 166 167 168 169 171 172 174 175 176 177 178 179 180 181 183 184 186 187 188 190 191 192 193 194 195 196 197 198 199 200 201 202 203 204 206 208 209 210 211 212 213 214 215 216 217 219 220 221 222 223 224 225 226 227 228 229 230 231 232 234 235 236 240 241 242 244 245 246 247 248 250
44 1534 45 46 47 52 54 56 57 58 59 61 62 64 65 67 68 72 74 75 77 78 80 93 98 101 102 103 104 107 119 124 130 133 135 136 141 145 146 149 155 157 159 163 166 167 168 172 174 177 178 179 180 186 187 188 193 194 195 197 199 200 202 204 208 214 217 219 220 222 225 226 227 229 235 236 250
45 889 46 47 50 51 52 54 55 56 57 58 59 61 62 64 65 66 67 68 69 71 72 74 75 77 78 80 81 82 85 86 88 89 90 92 93 98 99 100 101 102 103 104 106 107 109 113 116 117 119 124 126 127 128 129 130 131 132 133 135 136 139 140 141 142 144 145 146 149 150 151 152 153 155 157 159 160 161 163 165 166 167 168 169 172 174 176 177 178 179 180 181 183 184 186 187 188 190 191 192 193 194 195 196 197 198 199 200 201 202 203 204 208 209 210 211 212 214 215 216 217 219 220 221 222 223 224 225 226 227 229 230 231 232 234 235 236 240 242 244 245 246 247 248 250
46 2292 47 48 49 50 51 52 53 54 55 56 57 58 59 60 61 62 63 64 65 66 67 68 69 70 71 72 73 74 75 76 77 78 79 80 81 82 83 84 85 86 87 88 89 90 91 92 93 94 95 96 97 98 99 100 101 102 103 104 105 106 107 108 109 110 111 112 113 114 115 116 117 118 119 120 121 122 123 124 125 126 127 128 129 130 131 132 133 134 135 136 137 138 139 140 141 142 143 144 145 146 147 148 149 150 151 152 153 154 155 156 157 158 159 160 161 162 163 164 165 166 167 168 169 170 171 172 173 174 175 176 177 178 179 180 181 182 183 184 185 186 187 188 189 190 191 192 193 194 195 196 197 198 199 200 201 202 203 204 205 206 207 208 209 210 211 212 213 214 215 216 217 218 219 220 221 222 223 224 225 226 227 228 229 230 231 232 233 234 235 236 237 238 239 240 241 242 243 244 245 246 247 248 249 250
47 2316 48 49 50 51 52 53 54 55 56 57 58 59 60 61 62 63 64 65 66 67 68 69 71 72 73 74 75 76 77 78 79 80 81 82 84 85 86 87 88 89 90 91 92 93 94 96 97 98 99 100 101 102 103 104 106 107 109 110 113 114 115 116 117 118 119 121 122 123 124 125 126 127 128 129 130 131 132 133 134 135 136 137 138 139 140 141 142 143 144 145 146 148 149 150 151 152 153 154 155 157 158 159 160 161 163 165 166 167 168 169 171 172 173 174 175 176 177 178 179 180 181 183 184 185 186 187 188 189 190 191 192 193 194 195 196 197 198 199 200 201 202 203 204 206 208 209 210 211 212 213 214 215 216 217 219 220 221 222 223 224 225 226 227 228 229 230 231 232 234 235 236 239 240 241 242 243 244 245 246 247 248 250
48 1915 52 54 56 57 58 59 62 64 67 68 72 75 77 78 80 93 98 101 102 104 119 124 130 133 135 136 145 146 155 157 159 163 166 167 168 172 174 177 178 179 180 186 188 193 194 195 197 199 202 204 208 214 217 219 220 222 225 226 227 229 235 236 250
49 1571 52 54 56 57 58 59 62 67 68 72 75 77 78 93 98 101 102 104 119 124 130 133 135 136 145 146 157 159 163 166 167 168 172 177 178 179 180 186 188 193 194 195 197 199 202 204 208 214 217 219 220 222 225 226 227 229 236 250
50 1758 52 54 56 57 58 59 61 62 64 65 67 68 72 74 75 77 78 80 85 93 98 101 102 103 104 107 119 124 130 133 135 136 141 145 146 149 153 155 157 159 163 166 167 168 169 172 174 177 178 179 180 186 187 188 193 194 195 197 199 200 202 204 208 214 217 219 220 222 225 226 227 229 235 236 250
51 2428 52 54 55 56 57 58 59 61 62 64 65 67 68 72 74 75 77 78 80 81 85 86 88 90 92 93 98 99 100 101 102 103 104 106 107 109 113 116 117 119 124 126 128 130 131 132 133 135 136 139 140 141 142 145 146 149 150 151 152 153 155 157 159 160 163 165 166 167 168 169 172 174 176 177 178 179 180 186 187 188 190 191 192 193 194 195 197 198 199 200 201 202 203 204 208 209 210 212 214 215 216 217 219 220 221 222 225 226 227 229 230 231 232 234 235 236 240 242 244 245 246 248 250
52 1356 53 54 55 56 57 58 59 60 61 62 63 64 65 66 67 68 69 71 72 73 74 75 76 77 78 79 80 81 82 83 84 85 86 87 88 89 90 91 92 93 94 96 97 98 99 100 101 102 103 104 105 106 107 108 109 110 111 112 113 114 115 116 117 118 119 120 121 122 123 124 125 126 127 128 129 130 131 132 133 134 135 136 137 138 139 140 141 142 143 144 145 146 147 148 149 150 151 152 153 154 155 156 157 158 159 160 161 162 163 164 165 166 167 168 169 170 171 172 173 174 175 176 177 178 179 180 181 182 183 184 185 186 187 188 189 190 191 192 193 194 195 196 197 198 199 200 201 202 203 204 205 206 207 208 209 210 211 212 213 214 215 216 217 218 219 220 221 222 223 224 225 226 227 228 229 230 231 232 233 234 235 236 237 238 239 240 241 242 243 244 245 246 247 248 249 250
53 1327 54 56 57 58 59 62 67 68 75 77 78 93 98 101 102 104 119 124 130 133 135 136 145 146 157 159 163 166 167 168 172 177 178 179 180 186 188 193 194 195 197 199 202 204 208 214 217 219 220 222 225 226 227 229 236 250
54 2022 55 56 57 58 59 60 61 62 63 64 65 66 67 68 69 71 72 73 74 75 76 77 78 79 80 81 82 84 85 86 87 88 89 90 91 92 93 94 96 97 98 99 100 101 102 103 104 106 107 108 109 110 111 113 114 115 116 117 118 119 121 122 123 124 125 126 127 128 129 130 131 132 133 134 135 136 137 138 139 140 141 142 143 144 145 146 147 148 149 150 151 152 153 154 155 156 157 158 159 160 161 162 163 165 166 167 168 169 171 172 173 174 175 176 177 178 179 180 181 182 183 184 185 186 187 188 189 190 191 192 193 194 195 196 197 198 199 200 201 202 203 204 205 206 208 209 210 211 212 213 214 215 216 217 219 220 221 222 223 224 225 226 227 228 229 230 231 232 233 234 235 236 238 239 240 241 242 243 244 245 246 247 248 249 250
55 752 56 57 58 59 61 62 64 65 67 68 72 74 75 77 78 80 81 85 86 90 92 93 98 99 100 101 102 103 104 107 109 113 116 117 119 124 130 133 135 136 139 140 141 145 146 149 150 151 152 153 155 157 159 160 163 165 166 167 168 169 172 174 176 177 178 179 180 186 187 188 191 193 194 195 197 198 199 200 201 202 204 208 214 215 217 219 220 221 222 225 226 227 229 230 231 232 234 235 236 240 242 244 245 248 250
56 898 57 58 59 60 61 62 63 64 65 66 67 68 69 70 71 72 73 74 75 76 77 78 79 80 81 82 83 84 85 86 87 88 89 90 91 92 93 94 95 96 97 98 99 100 101 102 103 104 105 106 107 108 109 110 111 112 113 114 115 116 117 118 119 120 121 122 123 124 125 126 127 128 129 130 131 132 133 134 135 136 137 138 139 140 141 142 143 144 145 146 147 148 149 150 151 152 153 154 155 156 157 158 159 160 161 162 163 164 165 166 167 168 169 170 171 172 173 174 175 176 177 178 179 180 181 182 183 184 185 186 187 188 189 190 191 192 193 194 195 196 197 198 199 200 201 202 203 204 205 206 207 208 209 210 211 212 213 214 215 216 217 218 219 220 221 222 223 224 225 226 227 228 229 230 231 232 233 234 235 236 237 238 239 240 241 242 243 244 245 246 247 248 249 250
57 600 58 59 60 61 62 63 64 65 66 67 68 69 71 72 73 74 75 76 77 78 79 80 81 82 84 85 86 87 88 89 90 91 92 93 94 96 97 98 99 100 101 102 103 104 106 107 108 109 110 113 114 115 116 117 118 119 121 122 123 124 125 126 127 128 129 130 131 132 133 134 135 136 137 138 139 140 141 142 143 144 145 146 148 149 150 151 152 153 154 155 157 158 159 160 161 162 163 165 166 167 168 169 171 172 173 174 175 176 177 178 179 180 181 183 184 185 186 187 188 189 190 191 192 193 194 195 196 197 198 199 200 201 202 203 204 206 208 209 210 211 212 213 214 215 216 217 219 220 221 222 223 224 225 226 227 228 229 230 231 232 234 235 236 239 240 241 242 243 244 245 246 247 248 250
58 1474 59 60 61 62 63 64 65 66 67 68 69 70 71 72 73 74 75 76 77 78 79 80 81 82 83 84 85 86 87 88 89 90 91 92 93 94 95 96 97 98 99 100 101 102 103 104 105 106 107 108 109 110 111 112 113 114 115 116 117 118 119 120 121 122 123 124 125 126 127 128 129 130 131 132 133 134 135 136 137 138 139 140 141 142 143 144 145 146 147 148 149 150 151 152 153 154 155 156 157 158 159 160 161 162 163 164 165 166 167 168 169 170 171 172 173 174 175 176 177 178 179 180 181 182 183 184 185 186 187 188 189 190 191 192 193 194 195 196 197 198 199 200 201 202 203 204 205 206 207 208 209 210 211 212 213 214 215 216 217 218 219 220 221 222 223 224 225 226 227 228 229 230 231 232 233 234 235 236 237 238 239 240 241 242 243 244 245 246 247 248 249 250
59 2275 60 61 62 63 64 65 66 67 68 69 70 71 72 73 74 75 76 77 78 79 80 81 82 83 84 85 86 87 88 89 90 91 92 93 94 95 96 97 98 99 100 101 102 103 104 105 106 107 108 109 110 111 112 113 114 115 116 117 118 119 120 121 122 123 124 125 126 127 128 129 130 131 132 133 134 135 136 137 138 139 140 141 142 143 144 145 146 147 148 149 150 151 152 153 154 155 156 157 158 159 160 161 162 163 164 165 166 167 168 169 170 171 172 173 174 175 176 177 178 179 180 181 182 183 184 185 186 187 188 189 190 191 192 193 194 195 196 197 198 199 200 201 202 203 204 205 206 207 208 209 210 211 212 213 214 215 216 217 218 219 220 221 222 223 224 225 226 227 228 229 230 231 232 233 234 235 236 237 238 239 240 241 242 243 244 245 246 247 248 249 250
60 2316 62 67 68 75 77 78 93 98 102 104 119 124 130 133 135 136 145 146 157 159 163 166 167 168 172 177 178 179 180 186 188 193 194 195 197 199 202 204 214 217 219 220 222 225 226 227 229 236 250
61 1111 62 64 65 66 67 68 69 71 72 73 74 75 76 77 78 80 81 82 85 86 88 89 90 92 93 98 99 100 101 102 103 104 106 107 109 113 114 116 117 119 121 124 126 127 128 129 130 131 132 133 134 135 136 139 140 141 142 144 145 146 149 150 151 152 153 154 155 157 158 159 160 161 163 165 166 167 168 169 172 174 176 177 178 179 180 181 183 184 186 187 188 190 191 192 193 194 195 196 197 198 199 200 201 202 203 204 208 209 210 211 212 213 214 215 216 217 219 220 221 222 223 224 225 226 227 229 230 231 232 234 235 236 240 241 242 244 245 246 247 248 250
62 538 63 64 65 66 67 68 69 70 71 72 73 74 75 76 77 78 79 80 81 82 83 84 85 86 87 88 89 90 91 92 93 94 95 96 97 98 99 100 101 102 103 104 105 106 107 108 109 110 111 112 113 114 115 116 117 118 119 120 121 122 123 124 125 126 127 128 129 130 131 132 133 134 135 136 137 138 139 140 141 142 143 144 145 146 147 148 149 150 151 152 153 154 155 156 157 158 159 160 161 162 163 164 165 166 167 168 169 170 171 172 173 174 175 176 177 178 179 180 181 182 183 184 185 186 187 188 189 190 191 192 193 194 195 196 197 198 199 200 201 202 203 204 205 206 207 208 209 210 211 212 213 214 215 216 217 218 219 220 221 222 223 224 225 226 227 228 229 230 231 232 233 234 235 236 237 238 239 240 241 242 243 244 245 246 247 248 249 250
63 2211 64 67 68 72 75 77 78 80 93 98 101 102 104 119 124 130 133 135 136 145 146 155 157 159 163 166 167 168 172 174 177 178 179 180 186 188 193 194 195 197 199 202 204 208 214 217 219 220 222 225 226 227 229 235 236 250
64 960 65 66 67 68 69 71 72 73 74 75 76 77 78 80 81 82 85 86 87 88 89 90 92 93 94 96 98 99 100 101 102 103 104 106 107 109 113 114 116 117 118 119 121 124 126 127 128 129 130 131 132 133 134 135 136 139 140 141 142 144 145 146 148 149 150 151 152 153 154 155 157 158 159 160 161 163 165 166 167 168 169 171 172 174 176 177 178 179 180 181 183 184 186 187 188 190 191 192 193 194 195 196 197 198 199 200 201 202 203 204 206 208 209 210 211 212 213 214 215 216 217 219 220 221 222 223 224 225 226 227 229 230 231 232 234 235 236 240 241 242 244 245 246 247 248 250
65 648 66 67 68 69 71 72 74 75 77 78 80 81 82 85 86 88 89 90 92 93 98 99 100 101 102 103 104 106 107 109 113 114 116 117 119 124 126 127 128 129 130 131 132 133 135 136 139 140 141 142 144 145 146 149 150 151 152 153 155 157 159 160 161 163 165 166 167 168 169 172 174 176 177 178 179 180 181 183 184 186 187 188 190 191 192 193 194 195 196 197 198 199 200 201 202 203 204 208 209 210 211 212 214 215 216 217 219 220 221 222 223 224 225 226 227 229 230 231 232 234 235 236 240 242 244 245 246 247 248 250
66 2300 67 68 72 74 75 77 78 80 93 98 101 102 103 104 107 119 124 130 133 135 136 141 145 146 149 155 157 159 163 166 167 168 172 174 177 178 179 180 186 187 188 193 194 195 197 199 200 202 204 208 214 217 219 220 222 225 226 227 229 235 236 250
67 606 68 69 70 71 72 73 74 75 76 77 78 79 80 81 82 83 84 85 86 87 88 89 90 91 92 93 94 95 96 97 98 99 100 101 102 103 104 105 106 107 108 109 110 111 112 113 114 115 116 117 118 119 120 121 122 123 124 125 126 127 128 129 130 131 132 133 134 135 136 137 138 139 140 141 142 143 144 145 146 147 148 149 150 151 152 153 154 155 156 157 158 159 160 161 162 163 164 165 166 167 168 169 170 171 172 173 174 175 176 177 178 179 180 181 182 183 184 185 186 187 188 189 190 191 192 193 194 195 196 197 198 199 200 201 202 203 204 205 206 207 208 209 210 211 212 213 214 215 216 217 218 219 220 221 222 223 224 225 226 227 228 229 230 231 232 233 234 235 236 237 238 239 240 241 242 243 244 245 246 247 248 249 250
68 792 69 70 71 72 73 74 75 76 77 78 79 80 81 82 83 84 85 86 87 88 89 90 91 92 93 94 95 96 97 98 99 100 101 102 103 104 105 106 107 108 109 110 111 112 113 114 115 116 117 118 119 120 121 122 123 124 125 126 127 128 129 130 131 132 133 134 135 136 137 138 139 140 141 142 143 144 145 146 147 148 149 150 151 152 153 154 155 156 157 158 159 160 161 162 163 164 165 166 167 168 169 170 171 172 173 174 175 176 177 178 179 180 181 182 183 184 185 186 187 188 189 190 191 192 193 194 195 196 197 198 199 200 201 202 203 204 205 206 207 208 209 210 211 212 213 214 215 216 217 218 219 220 221 222 223 224 225 226 227 228 229 230 231 232 233 234 235 236 237 238 239 240 241 242 243 244 245 246 247 248 249 250
69 567 72 74 75 77 78 80 85 93 98 101 102 103 104 107 117 119 124 130 133 135 136 141 145 146 149 151 153 155 157 159 163 166 167 168 169 172 174 177 178 179 180 186 187 188 193 194 195 197 199 200 202 204 208 214 217 219 220 222 225 226 227 229 232 235 236 242 250
70 2243 75 77 93 98 102 104 119 135 136 146 157 159 166 168 172 177 178 179 180 188 194 195 197 199 214 217 220 226 227 229 236 250
71 1205 72 74 75 77 78 80 85 86 93 98 101 102 103 104 107 109 117 119 124 130 133 135 136 140 141 145 146 149 150 151 153 155 157 159 163 166 167 168 169 172 174 177 178 179 180 186 187 188 193 194 195 197 198 199 200 202 204 208 214 217 219 220 222 225 226 227 229 231 232 235 236 242 244 250
72 1735 73 74 75 76 77 78 80 81 82 85 86 87 88 89 90 92 93 94 96 98 99 100 101 102 103 104 106 107 109 110 113 114 116 117 118 119 121 124 126 127 128 129 130 131 132 133 134 135 136 137 139 140 141 142 144 145 146 148 149 150 151 152 153 154 155 157 158 159 160 161 163 165 166 167 168 169 171 172 174 175 176 177 178 179 180 181 183 184 186 187 188 190 191 192 193 194 195 196 197 198 199 200 201 202 203 204 206 208 209 210 211 212 213 214 215 216 217 219 220 221 222 223 224 225 226 227 228 229 230 231 232 234 235 236 240 241 242 244 245 246 247 248 250
73 1660 74 75 77 78 80 93 98 101 102 103 104 107 119 124 130 133 135 136 145 146 149 155 157 159 163 166 167 168 172 174 177 178 179 180 186 187 188 193 194 195 197 199 200 202 204 208 214 217 219 220 222 225 226 227 229 235 236 250
74 1587 75 76 77 78 80 81 82 85 86 88 89 90 92 93 98 99 100 101 102 103 104 106 107 109 113 114 116 117 119 121 124 126 127 128 129 130 131 132 133 134 135 136 139 140 141 142 144 145 146 149 150 151 152 153 154 155 157 158 159 160 161 163 165 166 167 168 169 172 174 176 177 178 179 180 181 183 184 186 187 188 190 191 192 193 194 195 196 197 198 199 200 201 202 203 204 208 209 210 211 212 213 214 215 216 217 219 220 221 222 223 224 225 226 227 229 230 231 232 234 235 236 240 242 244 245 246 247 248 250
75 1679 76 77 78 79 80 81 82 83 84 85 86 87 88 89 90 91 92 93 94 95 96 97 98 99 100 101 102 103 104 105 106 107 108 109 110 111 112 113 114 115 116 117 118 119 120 121 122 123 124 125 126 127 128 129 130 131 132 133 134 135 136 137 138 139 140 141 142 143 144 145 146 147 148 149 150 151 152 153 154 155 156 157 158 159 160 161 162 163 164 165 166 167 168 169 170 171 172 173 174 175 176 177 178 179 180 181 182 183 184 185 186 187 188 189 190 191 192 193 194 195 196 197 198 199 200 201 202 203 204 205 206 207 208 209 210 211 212 213 214 215 216 217 218 219 220 221 222 223 224 225 226 227 228 229 230 231 232 233 234 235 236 237 238 239 240 241 242 243 244 245 246 247 248 249 250
76 530 77 78 80 93 98 101 102 103 104 107 119 124 130 133 135 136 145 146 149 155 157 159 163 166 167 168 172 174 177 178 179 180 186 187 188 193 194 195 197 199 200 202 204 208 214 217 219 220 222 225 226 227 229 235 236 250
77 1716 78 79 80 81 82 83 84 85 86 87 88 89 90 91 92 93 94 95 96 97 98 99 100 101 102 103 104 105 106 107 108 109 110 111 112 113 114 115 116 117 118 119 120 121 122 123 124 125 126 127 128 129 130 131 132 133 134 135 136 137 138 139 140 141 142 143 144 145 146 147 148 149 150 151 152 153 154 155 156 157 158 159 160 161 162 163 164 165 166 167 168 169 170 171 172 173 174 175 176 177 178 179 180 181 182 183 184 185 186 187 188 189 190 191 192 193 194 195 196 197 198 199 200 201 202 203 204 205 206 207 208 209 210 211 212 213 214 215 216 217 218 219 220 221 222 223 224 225 226 227 228 229 230 231 232 233 234 235 236 237 238 239 240 241 242 243 244 245 246 247 248 249 250
78 2018 79 80 81 82 84 85 86 87 88 89 90 91 92 93 94 96 97 98 99 100 101 102 103 104 106 107 108 109 110 113 114 115 116 117 118 119 121 122 123 124 125 126 127 128 129 130 131 132 133 134 135 136 137 138 139 140 141 142 143 144 145 146 147 148 149 150 151 152 153 154 155 157 158 159 160 161 162 163 165 166 167 168 169 171 172 173 174 175 176 177 178 179 180 181 183 184 185 186 187 188 189 190 191 192 193 194 195 196 197 198 199 200 201 202 203 204 205 206 208 209 210 211 212 213 214 215 216 217 219 220 221 222 223 224 225 226 227 228 229 230 231 232 234 235 236 239 240 241 242 243 244 245 246 247 248 250
79 2063 93 98 102 104 119 124 130 133 135 136 145 146 157 159 163 166 167 168 172 177 178 179 180 186 188 193 194 195 197 199 202 204 214 217 219 220 222 225 226 227 229 236 250
80 2276 81 82 85 86 87 88 89 90 92 93 94 96 98 99 100 101 102 103 104 106 107 109 110 113 114 116 117 118 119 121 124 126 127 128 129 130 131 132 133 134 135 136 139 140 141 142 144 145 146 148 149 150 151 152 153 154 155 157 158 159 160 161 163 165 166 167 168 169 171 172 174 176 177 178 179 180 181 183 184 186 187 188 190 191 192 193 194 195 196 197 198 199 200 201 202 203 204 206 208 209 210 211 212 213 214 215 216 217 219 220 221 222 223 224 225 226 227 229 230 231 232 234 235 236 240 241 242 244 245 246 247 248 250
81 2025 85 86 88 90 92 93 98 99 100 101 102 103 104 106 107 109 113 116 117 119 124 126 128 130 132 133 135 136 139 140 141 145 146 149 150 151 152 153 155 157 159 160 163 165 166 167 168 169 172 174 176 177 178 179 180 186 187 188 190 191 192 193 194 195 197 198 199 200 201 202 203 204 208 209 210 212 214 215 217 219 220 221 222 225 226 227 229 230 231 232 234 235 236 240 242 244 245 248 250
82 1147 85 93 98 101 102 103 104 107 119 124 130 133 135 136 141 145 146 149 155 157 159 163 166 167 168 169 172 174 177 178 179 180 186 187 188 193 194 195 197 199 200 202 204 208 214 217 219 220 222 225 226 227 229 235 236 250
83 2137 93 98 102 104 119 135 136 146 157 159 163 166 167 168 172 177 178 179 180 186 188 194 195 197 199 204 214 217 219 220 226 227 229 236 250
84 1030 93 98 101 102 104 119 124 130 133 135 136 145 146 157 159 163 166 167 168 172 177 178 179 180 186 188 193 194 195 197 199 202 204 208 214 217 219 220 222 225 226 227 229 236 250
85 1771 86 88 89 90 92 93 98 99 100 101 102 103 104 106 107 109 113 116 117 119 124 126 127 128 129 130 131 132 133 135 136 139 140 141 142 144 145 146 149 150 151 152 153 155 157 159 160 161 163 165 166 167 168 169 172 174 176 177 178 179 180 181 183 184 186 187 188 190 191 192 193 194 195 197 198 199 200 201 202 203 204 208 209 210 212 214 215 216 217 219 220 221 222 223 225 226 227 229 230 231 232 234 235 236 240 242 244 245 246 247 248 250
86 1493 88 89 90 92 93 98 99 100 101 102 103 104 106 107 109 113 116 117 119 124 126 127 128 129 130 131 132 133 135 136 139 140 141 142 144 145 146 149 150 151 152 153 155 157 159 160 161 163 165 166 167 168 169 172 174 176 177 178 179 180 186 187 188 190 191 192 193 194 195 197 198 199 200 201 202 203 204 208 209 210 212 214 215 216 217 219 220 221 222 225 226 227 229 230 231 232 234 235 236 240 242 244 245 246 248 250
87 926 93 98 101 102 103 104 119 124 130 133 135 136 145 146 155 157 159 163 166 167 168 172 174 177 178 179 180 186 187 188 193 194 195 197 199 200 202 204 208 214 217 219 220 222 225 226 227 229 235 236 250
88 1097 90 92 93 98 101 102 103 104 107 109 113 116 117 119 124 130 133 135 136 139 140 141 145 146 149 150 151 152 153 155 157 159 160 163 165 166 167 168 169 172 174 176 177 178 179 180 186 187 188 191 193 194 195 197 198 199 200 201 202 204 208 214 217 219 220 222 225 226 227 229 230 231 232 234 235 236 240 242 244 248 250
89 1365 93 98 101 102 103 104 107 109 117 119 124 130 133 135 136 140 141 145 146 149 150 151 153 155 157 159 163 166 167 168 169 172 174 177 178 179 180 186 187 188 193 194 195 197 198 199 200 202 204 208 214 217 219 220 222 225 226 227 229 231 232 235 236 242 244 250
90 2451 92 93 98 99 100 101 102 103 104 106 107 109 113 116 117 119 124 126 128 130 132 133 135 136 139 140 141 145 146 149 150 151 152 153 155 157 159 160 163 165 166 167 168 169 172 174 176 177 178 179 180 186 187 188 190 191 192 193 194 195 197 198 199 200 201 202 203 204 208 209 210 212 214 215 217 219 220 221 222 225 226 227 229 230 231 232 234 235 236 240 242 244 245 246 248 250
91 1615 93 98 102 104 119 124 130 135 136 145 146 157 159 163 166 167 168 172 177 178 179 180 186 188 193 194 195 197 199 202 204 214 217 219 220 222 225 226 227 229 236 250
92 1432 93 98 99 100 101 102 103 104 106 107 109 113 116 117 119 124 126 128 129 130 131 132 133 135 136 139 140 141 142 144 145 146 149 150 151 152 153 155 157 159 160 163 165 166 167 168 169 172 174 176 177 178 179 180 186 187 188 190 191 192 193 194 195 197 198 199 200 201 202 203 204 208 209 210 212 214 215 216 217 219 220 221 222 225 226 227 229 230 231 232 234 235 236 240 242 244 245 246 248 250
93 1130 94 95 96 97 98 99 100 101 102 103 104 105 106 107 108 109 110 111 112 113 114 115 116 117 118 119 120 121 122 123 124 125 126 127 128 129 130 131 132 133 134 135 136 137 138 139 140 141 142 143 144 145 146 147 148 149 150 151 152 153 154 155 156 157 158 159 160 161 162 163 164 165 166 167 168 169 170 171 172 173 174 175 176 177 178 179 180 181 182 183 184 185 186 187 188 189 190 191 192 193 194 195 196 197 198 199 200 201 202 203 204 205 206 207 208 209 210 211 212 213 214 215 216 217 218 219 220 221 222 223 224 225 226 227 228 229 230 231 232 233 234 235 236 237 238 239 240 241 242 243 244 245 246 247 248 249 250
94 1417 98 101 102 103 104 119 124 130 133 135 136 145 146 155 157 159 163 166 167 168 172 174 177 178 179 180 186 187 188 193 194 195 197 199 200 202 204 208 214 217 219 220 222 225 226 227 229 235 236 250
95 973 98 102 104 119 135 136 146 157 159 166 168 172 177 178 179 180 188 194 195 197 199 214 217 220 226 227 229 236 250
96 2455 98 101 102 103 104 119 124 130 133 135 136 145 146 155 157 159 163 166 167 168 172 174 177 178 179 180 186 187 188 193 194 195 197 199 200 202 204 208 214 217 219 220 222 225 226 227 229 235 236 250
97 879 98 102 104 119 124 130 135 136 145 146 157 159 163 166 167 168 172 177 178 179 180 186 188 193 194 195 197 199 202 204 214 217 219 220 222 225 226 227 229 236 250
98 1989 99 100 101 102 103 104 105 106 107 108 109 110 111 112 113 114 115 116 117 118 119 120 121 122 123 124 125 126 127 128 129 130 131 132 133 134 135 136 137 138 139 140 141 142 143 144 145 146 147 148 149 150 151 152 153 154 155 156 157 158 159 160 161 162 163 164 165 166 167 168 169 170 171 172 173 174 175 176 177 178 179 180 181 182 183 184 185 186 187 188 189 190 191 192 193 194 195 196 197 198 199 200 201 202 203 204 205 206 207 208 209 210 211 212 213 214 215 216 217 218 219 220 221 222 223 224 225 226 227 228 229 230 231 232 233 234 235 236 237 238 239 240 241 242 243 244 245 246 247 248 249 250
99 2315 100 101 102 103 104 107 109 113 116 117 119 124 130 133 135 136 139 140 141 145 146 149 150 151 152 153 155 157 159 160 163 165 166 167 168 169 172 174 176 177 178 179 180 186 187 188 191 193 194 195 197 198 199 200 201 202 204 208 214 215 217 219 220 222 225 226 227 229 230 231 232 234 235 236 240 242 244 245 248 250
100 2186 101 102 103 104 106 107 109 113 116 117 119 124 130 133 135 136 139 140 141 145 146 149 150 151 152 153 155 157 159 160 163 165 166 167 168 169 172 174 176 177 178 179 180 186 187 188 191 192 193 194 195 197 198 199 200 201 202 204 208 214 215 217 219 220 221 222 225 226 227 229 230 231 232 234 235 236 240 242 244 245 248 250
101 2250 102 103 104 106 107 109 110 113 114 116 117 118 119 121 124 126 127 128 129 130 131 132 133 134 135 136 137 139 140 141 142 143 144 145 146 148 149 150 151 152 153 154 155 157 158 159 160 161 163 165 166 167 168 169 171 172 174 175 176 177 178 179 180 181 183 184 186 187 188 189 190 191 192 193 194 195 196 197 198 199 200 201 202 203 204 206 208 209 210 211 212 213 214 215 216 217 219 220 221 222 223 224 225 226 227 228 229 230 231 232 234 235 236 240 241 242 243 244 245 246 247 248 250
102 1605 103 104 105 106 107 108 109 110 111 112 113 114 115 116 117 118 119 120 121 122 123 124 125 126 127 128 129 130 131 132 133 134 135 136 137 138 139 140 141 142 143 144 145 146 147 148 149 150 151 152 153 154 155 156 157 158 159 160 161 162 163 164 165 166 167 168 169 170 171 172 173 174 175 176 177 178 179 180 181 182 183 184 185 186 187 188 189 190 191 192 193 194 195 196 197 198 199 200 201 202 203 204 205 206 207 208 209 210 211 212 213 214 215 216 217 218 219 220 221 222 223 224 225 226 227 228 229 230 231 232 233 234 235 236 237 238 239 240 241 242 243 244 245 246 247 248 249 250
103 503 104 106 107 109 113 114 116 117 119 121 124 126 127 128 129 130 131 132 133 134 135 136 139 140 141 142 144 145 146 149 150 151 152 153 154 155 157 158 159 160 161 163 165 166 167 168 169 172 174 176 177 178 179 180 181 183 184 186 187 188 190 191 192 193 194 195 196 197 198 199 200 201 202 203 204 206 208 209 210 211 212 213 214 215 216 217 219 220 221 222 223 224 225 226 227 229 230 231 232 234 235 236 240 241 242 244 245 246 247 248 250
104 1077 105 106 107 108 109 110 111 112 113 114 115 116 117 118 119 120 121 122 123 124 125 126 127 128 129 130 131 132 133 134 135 136 137 138 139 140 141 142 143 144 145 146 147 148 149 150 151 152 153 154 155 156 157 158 159 160 161 162 163 164 165 166 167 168 169 170 171 172 173 174 175 176 177 178 179 180 181 182 183 184 185 186 187 188 189 190 191 192 193 194 195 196 197 198 199 200 201 202 203 204 205 206 207 208 209 210 211 212 213 214 215 216 217 218 219 220 221 222 223 224 225 226 227 228 229 230 231 232 233 234 235 236 237 238 239 240 241 242 243 244 245 246 247 248 249 250
105 1976 119 135 136 146 157 159 166 168 172 177 178 179 180 188 194 195 197 199 214 217 219 220 226 227 229 236 250
106 1012 107 109 113 116 117 119 124 130 133 135 136 139 140 141 145 146 149 150 151 152 153 155 157 159 160 163 165 166 167 168 169 172 174 176 177 178 179 180 186 187 188 191 193 194 195 197 198 199 200 201 202 204 208 214 217 219 220 222 225 226 227 229 230 231 232 234 235 236 240 242 244 245 248 250
107 1574 109 113 114 116 117 119 121 124 126 127 128 129 130 131 132 133 134 135 136 139 140 141 142 144 145 146 149 150 151 152 153 154 155 157 158 159 160 161 163 165 166 167 168 169 172 174 176 177 178 179 180 181 183 184 186 187 188 190 191 192 193 194 195 196 197 198 199 200 201 202 203 204 208 209 210 211 212 213 214 215 216 217 219 220 221 222 223 224 225 226 227 229 230 231 232 234 235 236 240 241 242 244 245 246 247 248 250
108 1459 119 130 135 136 145 146 157 159 163 166 167 168 172 177 178 179 180 186 188 193 194 195 197 199 202 204 214 217 219 220 225 226 227 229 236 250
109 1623 113 116 117 119 124 126 127 128 129 130 131 132 133 135 136 139 140 141 142 144 145 146 149 150 151 152 153 155 157 159 160 161 163 165 166 167 168 169 172 174 176 177 178 179 180 186 187 188 190 191 192 193 194 195 197 198 199 200 201 202 203 204 208 209 210 212 214 215 216 217 219 220 221 222 225 226 227 229 230 231 232 234 235 236 240 242 244 245 246 248 250
110 2069 119 124 130 133 135 136 145 146 157 159 163 166 167 168 172 174 177 178 179 180 186 188 193 194 195 197 199 202 204 208 214 217 219 220 222 225 226 227 229 235 236 250
111 597 119 135 136 146 157 159 163 166 167 168 172 177 178 179 180 186 188 193 194 195 197 199 202 204 214 217 219 220 225 226 227 229 236 250
112 2039 119 135 136 146 157 159 163 166 167 168 172 177 178 179 180 186 188 194 195 197 199 204 214 217 219 220 226 227 229 236 250
113 888 116 117 119 124 126 130 133 135 136 139 140 141 145 146 149 150 151 152 153 155 157 159 160 163 165 166 167 168 169 172 174 176 177 178 179 180 186 187 188 190 191 192 193 194 195 197 198 199 200 201 202 204 208 210 214 215 217 219 220 221 222 225 226 227 229 230 231 232 234 235 236 240 242 244 245 248 250
114 1924 119 124 130 133 135 136 145 146 149 155 157 159 163 166 167 168 172 174 177 178 179 180 186 187 188 193 194 195 197 199 200 202 204 208 214 217 219 220 222 225 226 227 229 235 236 250
115 2367 119 124 130 133 135 136 145 146 157 159 163 166 167 168 172 177 178 179 180 186 188 193 194 195 197 199 202 204 214 217 219 220 222 225 226 227 229 236 250
116 1796 117 119 124 126 128 130 132 133 135 136 139 140 141 145 146 149 150 151 152 153 155 157 159 160 163 165 166 167 168 169 172 174 176 177 178 179 180 186 187 188 190 191 192 193 194 195 197 198 199 200 201 202 204 208 209 210 212 214 215 217 219 220 221 222 225 226 227 229 230 231 232 234 235 236 240 242 244 245 248 250
117 680 119 124 126 127 128 129 130 131 132 133 135 136 139 140 141 142 144 145 146 149 150 151 152 153 155 157 159 160 161 163 165 166 167 168 169 172 174 176 177 178 179 180 186 187 188 190 191 192 193 194 195 197 198 199 200 201 202 203 204 208 209 210 212 214 215 216 217 219 220 221 222 225 226 227 229 230 231 232 234 235 236 240 242 244 245 246 248 250
118 1163 119 124 130 133 135 136 145 146 155 157 159 163 166 167 168 172 174 177 178 179 180 186 188 193 194 195 197 199 202 204 208 214 217 219 220 222 225 226 227 229 235 236 250
119 1888 120 121 122 123 124 125 126 127 128 129 130 131 132 133 134 135 136 137 138 139 140 141 142 143 144 145 146 147 148 149 150 151 152 153 154 155 156 157 158 159 160 161 162 163 164 165 166 167 168 169 170 171 172 173 174 175 176 177 178 179 180 181 182 183 184 185 186 187 188 189 190 191 192 193 194 195 196 197 198 199 200 201 202 203 204 205 206 207 208 209 210 211 212 213 214 215 216 217 218 219 220 221 222 223 224 225 226 227 228 229 230 231 232 233 234 235 236 237 238 239 240 241 242 243 244 245 246 247 248 249 250
120 1470 135 136 146 157 159 163 166 167 168 172 177 178 179 180 186 188 194 195 197 199 204 214 217 219 220 226 227 229 236 250
121 1411 124 130 133 135 136 145 146 149 155 157 159 163 166 167 168 172 174 177 178 179 180 186 187 188 193 194 195 197 199 200 202 204 208 214 217 219 220 222 225 226 227 229 235 236 250
122 1664 124 130 135 136 145 146 157 159 163 166 167 168 172 177 178 179 180 186 188 193 194 195 197 199 202 204 214 217 219 220 225 226 227 229 236 250
123 658 124 130 133 135 136 145 146 157 159 163 166 167 168 172 177 178 179 180 186 188 193 194 195 197 199 202 204 214 217 219 220 222 225 226 227 229 236 250
124 1070 125 126 127 128 129 130 131 132 133 134 135 136 137 138 139 140 141 142 143 144 145 146 148 149 150 151 152 153 154 155 157 158 159 160 161 162 163 165 166 167 168 169 171 172 173 174 175 176 177 178 179 180 181 183 184 185 186 187 188 189 190 191 192 193 194 195 196 197 198 199 200 201 202 203 204 206 208 209 210 211 212 213 214 215 216 217 219 220 221 222 223 224 225 226 227 228 229 230 231 232 234 235 236 239 240 241 242 243 244 245 246 247 248 250
125 1400 130 133 135 136 145 146 157 159 163 166 167 168 172 177 178 179 180 186 188 193 194 195 197 199 202 204 214 217 219 220 222 225 226 227 229 236 250
126 1183 130 133 135 136 139 140 141 145 146 149 150 151 152 153 155 157 159 160 163 165 166 167 168 169 172 174 176 177 178 179 180 186 187 188 191 193 194 195 197 198 199 200 201 202 204 208 214 217 219 220 222 225 226 227 229 230 231 232 234 235 236 240 242 244 248 250
127 1696 130 133 135 136 141 145 146 149 150 151 153 155 157 159 163 166 167 168 169 172 174 177 178 179 180 186 187 188 193 194 195 197 198 199 200 202 204 208 214 217 219 220 222 225 226 227 229 231 232 235 236 242 244 250
128 527 130 133 135 136 140 141 145 146 149 150 151 152 153 155 157 159 160 163 166 167 168 169 172 174 177 178 179 180 186 187 188 191 193 194 195 197 198 199 200 202 204 208 214 217 219 220 222 225 226 227 229 231 232 235 236 242 244 250
129 2482 130 133 135 136 140 141 145 146 149 150 151 153 155 157 159 163 166 167 168 169 172 174 177 178 179 180 186 187 188 193 194 195 197 198 199 200 202 204 208 214 217 219 220 222 225 226 227 229 231 232 235 236 242 244 250
130 2384 131 132 133 134 135 136 137 138 139 140 141 142 143 144 145 146 147 148 149 150 151 152 153 154 155 156 157 158 159 160 161 162 163 165 166 167 168 169 171 172 173 174 175 176 177 178 179 180 181 183 184 185 186 187 188 189 190 191 192 193 194 195 196 197 198 199 200 201 202 203 204 205 206 208 209 210 211 212 213 214 215 216 217 219 220 221 222 223 224 225 226 227 228 229 230 231 232 233 234 235 236 238 239 240 241 242 243 244 245 246 247 248 250
131 1815 133 135 136 140 141 145 146 149 150 151 153 155 157 159 160 163 166 167 168 169 172 174 177 178 179 180 186 187 188 191 193 194 195 197 198 199 200 202 204 208 214 217 219 220 222 225 226 227 229 231 232 235 236 242 244 250
132 1500 133 135 136 139 140 141 145 146 149 150 151 152 153 155 157 159 160 163 166 167 168 169 172 174 177 178 179 180 186 187 188 191 193 194 195 197 198 199 200 202 204 208 214 217 219 220 222 225 226 227 229 231 232 235 236 242 244 250
133 856 134 135 136 137 139 140 141 142 143 144 145 146 148 149 150 151 152 153 154 155 157 158 159 160 161 163 165 166 167 168 169 171 172 174 175 176 177 178 179 180 181 183 184 185 186 187 188 189 190 191 192 193 194 195 196 197 198 199 200 201 202 203 204 206 208 209 210 211 212 213 214 215 216 217 219 220 221 222 223 224 225 226 227 228 229 230 231 232 234 235 236 239 240 241 242 243 244 245 246 247 248 250
134 851 135 136 145 146 149 155 157 159 163 166 167 168 172 174 177 178 179 180 186 187 188 193 194 195 197 199 200 202 204 208 214 217 219 220 222 225 226 227 229 235 236 250
135 944 136 137 138 139 140 141 142 143 144 145 146 147 148 149 150 151 152 153 154 155 156 157 158 159 160 161 162 163 164 165 166 167 168 169 170 171 172 173 174 175 176 177 178 179 180 181 182 183 184 185 186 187 188 189 190 191 192 193 194 195 196 197 198 199 200 201 202 203 204 205 206 207 208 209 210 211 212 213 214 215 216 217 218 219 220 221 222 223 224 225 226 227 228 229 230 231 232 233 234 235 236 237 238 239 240 241 242 243 244 245 246 247 248 249 250
136 949 137 138 139 140 141 142 143 144 145 146 147 148 149 150 151 152 153 154 155 156 157 158 159 160 161 162 163 164 165 166 167 168 169 170 171 172 173 174 175 176 177 178 179 180 181 182 183 184 185 186 187 188 189 190 191 192 193 194 195 196 197 198 199 200 201 202 203 204 205 206 207 208 209 210 211 212 213 214 215 216 217 218 219 220 221 222 223 224 225 226 227 228 229 230 231 232 233 234 235 236 237 238 239 240 241 242 243 244 245 246 247 248 249 250
137 1272 145 146 157 159 163 166 167 168 172 174 177 178 179 180 186 188 193 194 195 197 199 202 204 208 214 217 219 220 222 225 226 227 229 236 250
138 1751 145 146 157 159 163 166 167 168 172 177 178 179 180 186 188 193 194 195 197 199 202 204 214 217 219 220 225 226 227 229 236 250
139 1830 140 141 145 146 149 150 151 152 153 155 157 159 160 163 165 166 167 168 169 172 174 176 177 178 179 180 186 187 188 190 191 192 193 194 195 197 198 199 200 201 202 204 208 209 210 214 215 217 219 220 221 222 225 226 227 229 230 231 232 234 235 236 240 242 244 245 248 250
140 2435 141 142 144 145 146 149 150 151 152 153 155 157 159 160 163 165 166 167 168 169 172 174 176 177 178 179 180 186 187 188 190 191 192 193 194 195 197 198 199 200 201 202 203 204 208 209 210 212 214 215 216 217 219 220 221 222 225 226 227 229 230 231 232 234 235 236 240 242 244 245 246 248 250
141 799 142 144 145 146 149 150 151 152 153 155 157 159 160 161 163 165 166 167 168 169 172 174 176 177 178 179 180 181 183 184 186 187 188 190 191 192 193 194 195 196 197 198 199 200 201 202 203 204 208 209 210 211 212 214 215 216 217 219 220 221 222 223 225 226 227 229 230 231 232 234 235 236 240 242 244 245 246 247 248 250
142 1400 145 146 149 150 151 153 155 157 159 163 166 167 168 169 172 174 177 178 179 180 186 187 188 191 193 194 195 197 198 199 200 202 204 208 214 217 219 220 222 225 226 227 229 231 232 235 236 242 244 250
143 1282 145 146 157 159 163 166 167 168 172 177 178 179 180 186 188 193 194 195 197 199 202 204 208 214 217 219 220 222 225 226 227 229 236 250
144 2166 145 146 149 150 151 153 155 157 159 163 166 167 168 169 172 174 177 178 179 180 186 187 188 193 194 195 197 198 199 200 202 204 208 214 217 219 220 222 225 226 227 229 231 232 235 236 242 244 250
145 1146 146 147 148 149 150 151 152 153 154 155 156 157 158 159 160 161 162 163 165 166 167 168 169 171 172 173 174 175 176 177 178 179 180 181 183 184 185 186 187 188 189 190 191 192 193 194 195 196 197 198 199 200 201 202 203 204 205 206 208 209 210 211 212 213 214 215 216 217 219 220 221 222 223 224 225 226 227 228 229 230 231 232 233 234 235 236 238 239 240 241 242 243 244 245 246 247 248 250
146 530 147 148 149 150 151 152 153 154 155 156 157 158 159 160 161 162 163 164 165 166 167 168 169 170 171 172 173 174 175 176 177 178 179 180 181 182 183 184 185 186 187 188 189 190 191 192 193 194 195 196 197 198 199 200 201 202 203 204 205 206 207 208 209 210 211 212 213 214 215 216 217 218 219 220 221 222 223 224 225 226 227 228 229 230 231 232 233 234 235 236 237 238 239 240 241 242 243 244 245 246 247 248 249 250
147 863 157 159 163 166 167 168 172 177 178 179 180 186 188 193 194 195 197 199 202 204 214 217 219 220 225 226 227 229 236 250
148 1161 155 157 159 163 166 167 168 172 174 177 178 179 180 186 187 188 193 194 195 197 199 202 204 208 214 217 219 220 222 225 226 227 229 235 236 250
149 1489 150 151 152 153 154 155 157 159 160 161 163 165 166 167 168 169 172 174 176 177 178 179 180 181 183 184 186 187 188 190 191 192 193 194 195 196 197 198 199 200 201 202 203 204 208 209 210 211 212 213 214 215 216 217 219 220 221 222 223 224 225 226 227 229 230 231 232 234 235 236 240 242 244 245 246 247 248 250
150 1294 151 152 153 155 157 159 160 161 163 165 166 167 168 169 172 174 176 177 178 179 180 186 187 188 190 191 192 193 194 195 197 198 199 200 201 202 203 204 208 209 210 212 214 215 216 217 219 220 221 222 225 226 227 229 230 231 232 234 235 236 240 242 244 245 246 248 250
151 2208 152 153 155 157 159 160 161 163 165 166 167 168 169 172 174 176 177 178 179 180 181 184 186 187 188 190 191 192 193 194 195 197 198 199 200 201 202 203 204 208 209 210 212 214 215 216 217 219 220 221 222 223 225 226 227 229 230 231 232 234 235 236 240 242 244 245 246 248 250
152 1725 153 155 157 159 160 163 165 166 167 168 169 172 174 176 177 178 179 180 186 187 188 190 191 192 193 194 195 197 198 199 200 201 202 204 208 209 210 214 215 217 219 220 221 222 225 226 227 229 230 231 232 234 235 236 240 242 244 245 248 250
153 1684 155 157 159 160 161 163 165 166 167 168 169 172 174 176 177 178 179 180 181 184 186 187 188 190 191 192 193 194 195 197 198 199 200 201 202 203 204 208 209 210 212 214 215 216 217 219 220 221 222 223 225 226 227 229 230 231 232 234 235 236 240 242 244 245 246 248 250
154 1279 155 157 159 163 166 167 168 172 174 177 178 179 180 186 187 188 193 194 195 197 199 200 202 204 208 214 217 219 220 222 225 226 227 229 235 236 250
155 2401 157 158 159 160 161 163 165 166 167 168 169 171 172 174 176 177 178 179 180 181 183 184 186 187 188 190 191 192 193 194 195 196 197 198 199 200 201 202 203 204 206 208 209 210 211 212 213 214 215 216 217 219 220 221 222 223 224 225 226 227 229 230 231 232 234 235 236 240 241 242 244 245 246 247 248 250
156 1318 157 159 163 166 167 168 172 177 178 179 180 186 188 193 194 195 197 199 202 204 214 217 219 220 225 226 227 229 236 250
157 1959 158 159 160 161 162 163 164 165 166 167 168 169 170 171 172 173 174 175 176 177 178 179 180 181 182 183 184 185 186 187 188 189 190 191 192 193 194 195 196 197 198 199 200 201 202 203 204 205 206 207 208 209 210 211 212 213 214 215 216 217 218 219 220 221 222 223 224 225 226 227 228 229 230 231 232 233 234 235 236 237 238 239 240 241 242 243 244 245 246 247 248 249 250
158 1967 159 163 166 167 168 172 174 177 178 179 180 186 187 188 193 194 195 197 199 200 202 204 208 214 217 219 220 222 225 226 227 229 235 236 250
159 1842 160 161 162 163 164 165 166 167 168 169 170 171 172 173 174 175 176 177 178 179 180 181 182 183 184 185 186 187 188 189 190 191 192 193 194 195 196 197 198 199 200 201 202 203 204 205 206 207 208 209 210 211 212 213 214 215 216 217 218 219 220 221 222 223 224 225 226 227 228 229 230 231 232 233 234 235 236 237 238 239 240 241 242 243 244 245 246 247 248 249 250
160 2252 163 165 166 167 168 169 172 174 176 177 178 179 180 186 187 188 190 191 192 193 194 195 197 198 199 200 201 202 203 204 208 209 210 212 214 215 217 219 220 221 222 225 226 227 229 230 231 232 234 235 236 240 242 244 245 246 248 250
161 1348 163 166 167 168 169 172 174 177 178 179 180 186 187 188 193 194 195 197 198 199 200 202 204 208 214 217 219 220 222 225 226 227 229 231 232 235 236 242 244 250
162 2242 163 166 167 168 172 177 178 179 180 186 188 193 194 195 197 199 202 204 214 217 219 220 225 226 227 229 236 250
163 825 164 165 166 167 168 169 171 172 173 174 175 176 177 178 179 180 181 182 183 184 185 186 187 188 189 190 191 192 193 194 195 196 197 198 199 200 201 202 203 204 205 206 208 209 210 211 212 213 214 215 216 217 219 220 221 222 223 224 225 226 227 228 229 230 231 232 233 234 235 236 238 239 240 241 242 243 244 245 246 247 248 249 250
164 966 166 167 168 172 177 178 179 180 186 188 194 195 197 199 204 214 217 219 220 226 227 229 236 250
165 1928 166 167 168 169 172 174 176 177 178 179 180 186 187 188 191 192 193 194 195 197 198 199 200 201 202 204 208 210 214 215 217 219 220 221 222 225 226 227 229 230 231 232 234 235 236 240 242 244 245 248 250
166 1491 167 168 169 170 171 172 173 174 175 176 177 178 179 180 181 182 183 184 185 186 187 188 189 190 191 192 193 194 195 196 197 198 199 200 201 202 203 204 205 206 207 208 209 210 211 212 213 214 215 216 217 218 219 220 221 222 223 224 225 226 227 228 229 230 231 232 233 234 235 236 237 238 239 240 241 242 243 244 245 246 247 248 249 250
167 2409 168 169 171 172 173 174 175 176 177 178 179 180 181 182 183 184 185 186 187 188 189 190 191 192 193 194 195 196 197 198 199 200 201 202 203 204 205 206 207 208 209 210 211 212 213 214 215 216 217 219 220 221 222 223 224 225 226 227 228 229 230 231 232 233 234 235 236 238 239 240 241 242 243 244 245 246 247 248 249 250
168 2036 169 170 171 172 173 174 175 176 177 178 179 180 181 182 183 184 185 186 187 188 189 190 191 192 193 194 195 196 197 198 199 200 201 202 203 204 205 206 207 208 209 210 211 212 213 214 215 216 217 218 219 220 221 222 223 224 225 226 227 228 229 230 231 232 233 234 235 236 237 238 239 240 241 242 243 244 245 246 247 248 249 250
169 1697 172 174 176 177 178 179 180 181 183 184 186 187 188 190 191 192 193 194 195 197 198 199 200 201 202 203 204 208 209 210 212 214 215 216 217 219 220 221 222 223 225 226 227 229 230 231 232 234 235 236 240 242 244 245 246 248 250
170 1232 172 177 178 179 180 188 194 195 197 199 214 217 219 220 226 227 229 236 250
171 2139 172 174 177 178 179 180 186 188 193 194 195 197 199 202 204 208 214 217 219 220 222 225 226 227 229 235 236 250
172 1050 173 174 175 176 177 178 179 180 181 182 183 184 185 186 187 188 189 190 191 192 193 194 195 196 197 198 199 200 201 202 203 204 205 206 207 208 209 210 211 212 213 214 215 216 217 218 219 220 221 222 223 224 225 226 227 228 229 230 231 232 233 234 235 236 237 238 239 240 241 242 243 244 245 246 247 248 249 250
173 1352 177 178 179 180 186 188 193 194 195 197 199 202 204 214 217 219 220 222 225 226 227 229 236 250
174 1944 176 177 178 179 180 181 183 184 186 187 188 190 191 192 193 194 195 196 197 198 199 200 201 202 203 204 206 208 209 210 211 212 213 214 215 216 217 219 220 221 222 223 224 225 226 227 229 230 231 232 234 235 236 240 241 242 244 245 246 247 248 250
175 2338 177 178 179 180 186 188 193 194 195 197 199 202 204 208 214 217 219 220 222 225 226 227 229 236 250
176 741 177 178 179 180 186 187 188 190 191 192 193 194 195 197 198 199 200 201 202 204 208 210 214 215 217 219 220 221 222 225 226 227 229 230 231 232 234 235 236 240 242 244 245 248 250
177 1744 178 179 180 181 182 183 184 185 186 187 188 189 190 191 192 193 194 195 196 197 198 199 200 201 202 203 204 205 206 207 208 209 210 211 212 213 214 215 216 217 218 219 220 221 222 223 224 225 226 227 228 229 230 231 232 233 234 235 236 237 238 239 240 241 242 243 244 245 246 247 248 249 250
178 1234 179 180 181 182 183 184 185 186 187 188 189 190 191 192 193 194 195 196 197 198 199 200 201 202 203 204 205 206 207 208 209 210 211 212 213 214 215 216 217 218 219 220 221 222 223 224 225 226 227 228 229 230 231 232 233 234 235 236 237 238 239 240 241 242 243 244 245 246 247 248 249 250
179 1704 180 181 182 183 184 185 186 187 188 189 190 191 192 193 194 195 196 197 198 199 200 201 202 203 204 205 206 207 208 209 210 211 212 213 214 215 216 217 218 219 220 221 222 223 224 225 226 227 228 229 230 231 232 233 234 235 236 237 238 239 240 241 242 243 244 245 246 247 248 249 250
180 2424 181 182 183 184 185 186 187 188 189 190 191 192 193 194 195 196 197 198 199 200 201 202 203 204 205 206 207 208 209 210 211 212 213 214 215 216 217 218 219 220 221 222 223 224 225 226 227 228 229 230 231 232 233 234 235 236 237 238 239 240 241 242 243 244 245 246 247 248 249 250
181 1898 186 187 188 193 194 195 197 199 200 202 204 208 214 217 219 220 222 225 226 227 229 235 236 250
182 1577 186 188 193 194 195 197 199 202 204 214 217 219 220 225 226 227 229 236 250
183 2355 186 187 188 193 194 195 197 199 200 202 204 208 214 217 219 220 222 225 226 227 229 235 236 250
184 2105 186 187 188 193 194 195 197 199 200 202 204 208 214 217 219 220 222 225 226 227 229 235 236 250
185 1695 186 188 193 194 195 197 199 202 204 214 217 219 220 222 225 226 227 229 236 250
186 2476 187 188 189 190 191 192 193 194 195 196 197 198 199 200 201 202 203 204 205 206 208 209 210 211 212 213 214 215 216 217 219 220 221 222 223 224 225 226 227 228 229 230 231 232 233 234 235 236 238 239 240 241 242 243 244 245 246 247 248 249 250
187 1415 188 190 191 192 193 194 195 196 197 198 199 200 201 202 203 204 206 208 209 210 211 212 213 214 215 216 217 219 220 221 222 223 224 225 226 227 229 230 231 232 234 235 236 240 241 242 244 245 246 247 248 250
188 1010 189 190 191 192 193 194 195 196 197 198 199 200 201 202 203 204 205 206 207 208 209 210 211 212 213 214 215 216 217 218 219 220 221 222 223 224 225 226 227 228 229 230 231 232 233 234 235 236 237 238 239 240 241 242 243 244 245 246 247 248 249 250
189 2473 193 194 195 197 199 202 204 208 214 217 219 220 222 225 226 227 229 236 250
190 775 191 193 194 195 197 198 199 200 201 202 204 208 214 217 219 220 222 225 226 227 229 230 231 232 235 236 242 244 250
191 1903 192 193 194 195 197 198 199 200 201 202 203 204 208 209 210 212 214 215 217 219 220 221 222 225 226 227 229 230 231 232 234 235 236 240 242 244 245 246 248 250
192 1806 193 194 195 197 198 199 200 201 202 204 208 214 217 219 220 222 225 226 227 229 230 231 232 234 235 236 240 242 244 245 248 250
193 2302 194 195 196 197 198 199 200 201 202 203 204 205 206 208 209 210 211 212 213 214 215 216 217 219 220 221 222 223 224 225 226 227 228 229 230 231 232 233 234 235 236 238 239 240 241 242 243 244 245 246 247 248 250
194 1400 195 196 197 198 199 200 201 202 203 204 205 206 207 208 209 210 211 212 213 214 215 216 217 218 219 220 221 222 223 224 225 226 227 228 229 230 231 232 233 234 235 236 237 238 239 240 241 242 243 244 245 246 247 248 249 250
195 2173 196 197 198 199 200 201 202 203 204 205 206 207 208 209 210 211 212 213 214 215 216 217 218 219 220 221 222 223 224 225 226 227 228 229 230 231 232 233 234 235 236 237 238 239 240 241 242 243 244 245 246 247 248 249 250
196 801 197 199 200 202 204 208 214 217 219 220 222 225 226 227 229 235 236 250
197 2206 198 199 200 201 202 203 204 205 206 207 208 209 210 211 212 213 214 215 216 217 218 219 220 221 222 223 224 225 226 227 228 229 230 231 232 233 234 235 236 237 238 239 240 241 242 243 244 245 246 247 248 249 250
198 1531 199 200 201 202 203 204 208 209 210 212 214 215 216 217 219 220 221 222 225 226 227 229 230 231 232 234 235 236 240 242 244 245 246 248 250
199 2272 200 201 202 203 204 205 206 207 208 209 210 211 212 213 214 215 216 217 218 219 220 221 222 223 224 225 226 227 228 229 230 231 232 233 234 235 236 237 238 239 240 241 242 243 244 245 246 247 248 249 250
200 1270 201 202 203 204 206 208 209 210 211 212 213 214 215 216 217 219 220 221 222 223 224 225 226 227 229 230 231 232 234 235 236 240 241 242 244 245 246 247 248 250
201 1556 202 204 208 210 214 215 217 219 220 221 222 225 226 227 229 230 231 232 234 235 236 240 242 244 245 248 250
202 1313 203 204 205 206 208 209 210 211 212 213 214 215 216 217 219 220 221 222 223 224 225 226 227 228 229 230 231 232 233 234 235 236 238 239 240 241 242 243 244 245 246 247 248 250
203 1368 204 208 214 217 219 220 222 225 226 227 229 231 232 235 236 242 244 250
204 569 205 206 208 209 210 211 212 213 214 215 216 217 219 220 221 222 223 224 225 226 227 228 229 230 231 232 233 234 235 236 238 239 240 241 242 243 244 245 246 247 248 249 250
205 1206 214 217 219 220 225 226 227 229 236 250
206 1172 208 214 217 219 220 222 225 226 227 229 235 236 250
207 1357 214 217 219 220 226 227 229 236 250
208 1335 209 210 211 212 213 214 215 216 217 219 220 221 222 223 224 225 226 227 228 229 230 231 232 234 235 236 240 241 242 243 244 245 246 247 248 250
209 1920 214 217 219 220 222 225 226 227 229 231 232 235 236 242 244 250
210 2094 214 217 219 220 222 225 226 227 229 230 231 232 234 235 236 240 242 244 250
211 2396 214 217 219 220 222 225 226 227 229 235 236 250
212 1770 214 217 219 220 222 225 226 227 229 231 232 235 236 242 244 250
213 2333 214 217 219 220 222 225 226 227 229 235 236 250
214 2270 215 216 217 218 219 220 221 222 223 224 225 226 227 228 229 230 231 232 233 234 235 236 237 238 239 240 241 242 243 244 245 246 247 248 249 250
215 1629 217 219 220 221 222 225 226 227 229 230 231 232 234 235 236 240 242 244 245 248 250
216 1592 217 219 220 222 225 226 227 229 231 232 235 236 242 244 250
217 2027 218 219 220 221 222 223 224 225 226 227 228 229 230 231 232 233 234 235 236 237 238 239 240 241 242 243 244 245 246 247 248 249 250
218 1942 220 226 227 229 236 250
219 1010 220 221 222 223 224 225 226 227 228 229 230 231 232 233 234 235 236 237 238 239 240 241 242 243 244 245 246 247 248 249 250
220 2047 221 222 223 224 225 226 227 228 229 230 231 232 233 234 235 236 237 238 239 240 241 242 243 244 245 246 247 248 249 250
221 1545 222 225 226 227 229 230 231 232 234 235 236 240 242 244 245 248 250
222 1773 223 224 225 226 227 228 229 230 231 232 234 235 236 239 240 241 242 243 244 245 246 247 248 250
223 2037 225 226 227 229 232 235 236 242 250
224 742 225 226 227 229 235 236 250
225 2205 226 227 228 229 230 231 232 233 234 235 236 238 239 240 241 242 243 244 245 246 247 248 249 250
226 718 227 228 229 230 231 232 233 234 235 236 237 238 239 240 241 242 243 244 245 246 247 248 249 250
227 573 228 229 230 231 232 233 234 235 236 237 238 239 240 241 242 243 244 245 246 247 248 249 250
228 1177 229 236 250
229 1805 230 231 232 233 234 235 236 237 238 239 240 241 242 243 244 245 246 247 248 249 250
230 1164 231 232 234 235 236 240 242 244 245 248 250
231 1674 232 234 235 236 240 242 244 245 246 248 250
232 699 234 235 236 240 242 244 245 246 248 250
233 961 236 250
234 1595 235 236 240 242 244 245 248 250
235 1300 236 240 241 242 244 245 246 247 248 250
236 694 237 238 239 240 241 242 243 244 245 246 247 248 249 250
237 2146 250
238 2381 250
239 712 250
240 756 242 244 245 248 250
241 2405 250
242 2406 244 245 246 248 250
243 1744 250
244 829 245 246 248 250
245 850 248 250
246 1184 250
247 1498 250
248 2073 250
249 1619 250
250 2239
