500 10000
1 2018
2 1224
3 999
4 2117 33 83 237 334 406 444
5 1310
6 1609
7 513
8 1067
9 2242
10 2193
11 1855 33 83 89 97 211 219 237 296 334 356 378 402 406 429 444 484
12 2061
13 941
14 813
15 1772
16 2482 33 83 237 334 406 444
17 925
18 2264
19 2398
20 2153
21 2051
22 571 27 28 33 41 48 52 54 62 71 82 83 87 88 89 92 97 101 108 115 122 125 138 145 150 154 156 170 172 175 192 197 198 206 211 216 219 237 242 249 256 269 274 286 287 296 308 314 315 323 334 351 356 378 384 402 406 413 417 424 429 439 444 471 482 484 490 496
23 2382 237
24 762
25 1785
26 1190
27 2076 28 33 41 48 52 54 62 71 83 87 88 89 97 101 108 115 122 125 138 145 150 154 156 170 172 175 192 197 198 206 211 216 219 237 242 249 256 269 274 286 287 296 308 314 323 334 351 356 378 384 402 406 413 417 424 429 439 444 482 484 490 496
28 1641 33 41 48 52 54 62 71 82 83 87 88 89 92 97 101 108 115 122 125 138 145 150 153 154 156 160 165 170 172 175 192 197 198 206 211 216 219 237 242 249 256 269 274 286 287 294 296 308 314 315 323 334 351 356 378 384 402 406 413 417 424 429 439 444 456 471 482 484 490 496
29 2321
30 1617 33 48 54 62 83 89 97 154 211 219 237 296 334 356 378 402 406 424 429 444 484
31 1652
32 2045
33 2136 41 48 52 54 62 71 76 82 83 84 87 88 89 92 97 98 101 103 108 115 118 122 124 125 136 138 143 145 150 153 154 156 160 165 170 172 175 188 192 197 198 206 211 216 219 236 237 241 242 243 247 248 249 250 256 269 274 286 287 294 296 307 308 312 314 315 323 329 334 351 355 356 366 373 378 384 402 406 407 409 413 417 418 424 429 435 436 438 439 444 456 467 471 482 484 490 496
34 2263
35 1244
36 1911
37 1113
38 2481
39 1399
40 852
41 1073 48 54 62 71 83 87 88 89 97 108 115 122 125 138 145 150 154 156 170 172 175 192 197 198 206 211 216 219 237 242 249 256 269 274 286 287 296 314 323 334 356 378 384 402 406 413 424 429 439 444 482 484 490 496
42 992
43 1338
44 1130
45 1044
46 1201
47 1410
48 1085 52 54 62 71 82 83 87 88 89 92 97 101 108 115 122 124 125 136 138 143 145 150 153 154 156 160 165 170 172 175 192 197 198 206 211 216 219 236 237 242 243 247 249 256 269 274 286 287 294 296 308 314 315 323 334 351 356 373 378 384 402 406 413 417 424 429 436 439 444 456 471 482 484 490 496
49 1194
50 1764
51 768
52 604 54 62 71 83 88 89 97 108 115 122 138 145 150 154 156 170 175 198 206 211 216 219 237 249 256 269 274 286 287 296 314 323 334 356 378 384 402 406 413 424 429 439 444 482 484 496
53 737
54 2226 62 71 82 83 87 88 89 92 97 101 108 115 122 124 125 136 138 143 145 150 153 154 156 160 165 170 172 175 192 197 198 206 211 216 219 236 237 242 243 247 249 256 269 274 286 287 294 296 308 314 315 323 334 351 356 373 378 384 402 406 413 417 424 429 436 439 444 456 471 482 484 490 496
55 1280
56 649
57 2141
58 700
59 1620
60 730
61 1924
62 2282 71 82 83 87 88 89 92 97 101 108 115 122 124 125 136 138 143 145 150 153 154 156 160 165 170 172 175 192 197 198 206 211 216 219 237 242 243 247 249 256 269 274 286 287 294 296 308 314 315 323 334 351 356 373 378 384 402 406 413 417 424 429 436 439 444 456 471 482 484 490 496
63 1807
64 1432
65 2411
66 2260
67 2475
68 2125
69 1904
70 1290
71 1763 82 83 87 88 89 92 97 101 108 115 122 125 138 145 150 153 154 156 160 165 170 172 175 192 197 198 206 211 216 219 237 242 249 256 269 274 286 287 294 296 308 314 315 323 334 351 356 378 384 402 406 413 417 424 429 436 439 444 456 471 482 484 490 496
72 1475
73 901
74 676
75 629
76 1045 83 89 97 211 219 237 296 334 356 378 402 406 429 444 484
77 2099
78 2348
79 1637
80 2232
81 1112
82 940 83 88 89 97 108 115 122 138 145 150 154 156 170 175 198 206 211 216 219 237 256 269 274 286 287 296 314 323 334 356 378 384 402 406 413 424 429 439 444 482 484 496
83 565 84 87 88 89 92 97 98 101 103 108 115 118 122 124 125 136 138 143 145 150 153 154 156 160 165 170 172 175 188 192 197 198 206 211 216 219 236 237 241 242 243 247 248 249 250 256 262 269 274 286 287 294 296 307 308 312 314 315 323 329 334 351 355 356 366 373 378 384 402 406 407 409 413 417 418 424 429 435 436 438 439 444 456 467 471 482 484 490 496
84 1323 89 97 211 219 237 296 334 356 402 406 444 484
85 1648
86 1084
87 2284 88 89 97 108 115 122 138 145 150 154 156 170 172 175 192 197 198 206 211 216 219 237 242 249 256 269 274 286 287 296 314 323 334 356 378 384 402 406 413 424 429 439 444 482 484 496
88 1646 89 92 97 101 108 115 122 125 138 145 150 153 154 156 160 165 170 172 175 192 197 198 206 211 216 219 237 242 249 256 269 274 286 287 294 296 308 314 315 323 334 351 356 378 384 402 406 413 417 424 429 436 439 444 456 471 482 484 490 496
89 1587 92 97 98 101 108 115 118 122 124 125 136 138 143 145 150 153 154 156 160 165 170 172 175 192 197 198 206 211 216 219 236 237 242 243 247 249 250 256 269 274 286 287 294 296 307 308 312 314 315 323 334 351 355 356 366 373 378 384 402 406 407 409 413 417 418 424 429 435 436 438 439 444 456 467 471 482 484 490 496
90 2208
91 747
92 686 97 108 115 122 138 145 150 154 156 170 175 198 206 211 216 219 237 256 269 274 286 287 296 314 323 334 356 378 384 402 406 413 424 429 439 444 482 484 496
93 1847
94 1408
95 678
96 1679
97 1133 101 108 115 118 122 124 125 136 138 143 145 150 153 154 156 160 165 170 172 175 192 197 198 206 211 216 219 236 237 242 243 247 249 256 269 274 286 287 294 296 307 308 312 314 315 323 334 351 355 356 373 378 384 402 406 407 409 413 417 424 429 436 439 444 456 467 471 482 484 490 496
98 2313 211 237 296 334 356 402 406 444
99 914
100 1327
101 2158 108 115 122 138 145 150 154 156 170 172 175 192 197 198 206 211 216 219 237 242 249 256 269 274 286 287 296 314 323 334 356 378 384 402 406 413 424 429 439 444 482 484 496
102 2196
103 2051 211 237 296 334 356 406 444
104 680
105 2272
106 2320
107 732
108 1368 115 122 124 125 136 138 143 145 150 153 154 156 160 165 170 172 175 192 197 198 206 211 216 219 237 242 243 249 256 269 274 286 287 294 296 308 314 315 323 334 351 356 378 384 402 406 413 417 424 429 436 439 444 456 471 482 484 490 496
109 1783
110 1859
111 1791
112 2416
113 1462
114 1016
115 1005 122 125 138 145 150 153 154 156 160 170 172 175 192 197 198 206 211 216 219 237 242 249 256 269 274 286 287 294 296 308 314 315 323 334 351 356 378 384 402 406 413 417 424 429 439 444 456 471 482 484 490 496
116 1083
117 539
118 1480 211 219 237 296 334 356 402 406 444 484
119 1876
120 845
121 2269
122 1954 125 138 145 150 154 156 170 172 175 192 197 198 206 211 216 219 237 242 249 256 269 274 286 287 296 308 314 323 334 351 356 378 384 402 406 413 417 424 429 439 444 482 484 490 496
123 2471
124 1633 145 154 170 198 211 216 219 237 256 269 287 296 323 334 356 378 384 402 406 413 424 429 439 444 484 496
125 710 138 145 150 154 156 170 172 175 192 197 198 206 211 216 219 237 242 249 256 269 274 286 287 296 314 323 334 356 378 384 402 406 413 424 429 439 444 482 484 496
126 1805
127 588
128 2301
129 1413
130 1154
131 2418
132 2195
133 846
134 559
135 812
136 1207 145 154 170 198 211 219 237 256 269 296 334 356 378 402 406 413 424 429 439 444 484 496
137 1101
138 1780 145 150 154 156 170 172 175 192 197 198 206 211 216 219 237 242 249 256 269 274 286 287 296 308 314 315 323 334 351 356 378 384 402 406 413 417 424 429 439 444 456 471 482 484 490 496
139 930
140 2371
141 725
142 1284
143 2298 145 154 170 198 211 219 237 256 269 296 334 356 378 402 406 413 424 429 439 444 484 496
144 1710
145 1761 150 153 154 156 160 165 170 172 175 192 197 198 206 211 216 219 237 242 243 249 256 269 274 286 287 294 296 308 314 315 323 334 351 356 378 384 402 406 413 417 424 429 436 439 444 456 471 482 484 490 496
146 2127
147 881
148 1062
149 1505
150 1124 154 156 170 172 175 192 197 198 206 211 216 219 237 242 249 256 269 274 286 287 296 308 314 315 323 334 351 356 378 384 402 406 413 417 424 429 439 444 482 484 490 496
151 1400
152 646
153 1751 154 156 170 198 206 211 216 219 237 256 269 274 286 287 296 314 323 334 356 378 384 402 406 413 424 429 439 444 482 484 496
154 1321 156 160 165 170 172 175 192 197 198 206 211 216 219 236 237 242 243 247 249 256 269 274 286 287 294 296 308 314 315 323 334 351 356 373 378 384 402 406 413 417 424 429 436 439 444 456 471 482 484 490 496
155 1739
156 1483 160 165 170 172 175 192 197 198 206 211 216 219 237 242 249 256 269 274 286 287 294 296 308 314 315 323 334 351 356 378 384 402 406 413 417 424 429 439 444 456 471 482 484 490 496
157 1172
158 1644
159 721
160 1532 170 198 206 211 216 219 237 256 269 274 286 287 296 314 323 334 356 378 384 402 406 413 424 429 439 444 482 484 496
161 771
162 1147
163 796
164 640
165 1739 170 198 206 211 216 219 237 256 269 286 287 296 314 323 334 356 378 384 402 406 413 424 429 439 444 484 496
166 1222
167 516
168 1673
169 842
170 1459 172 175 192 197 198 206 211 216 219 237 242 243 249 256 269 274 286 287 294 296 308 314 315 323 334 351 356 378 384 402 406 413 417 424 429 436 439 444 456 471 482 484 490 496
171 2464
172 2472 175 192 197 198 206 211 216 219 237 242 249 256 269 274 286 287 296 308 314 323 334 356 378 384 402 406 413 417 424 429 439 444 482 484 490 496
173 1794
174 1229
175 584 192 197 198 206 211 216 219 237 242 249 256 269 274 286 287 296 308 314 323 334 351 356 378 384 402 406 413 417 424 429 439 444 482 484 490 496
176 1113
177 2149
178 1487
179 1869
180 1450
181 2370
182 882
183 2224
184 1350
185 604
186 881
187 977
188 505 237 296 334 356 406 444
189 939
190 2171
191 2190
192 1138 197 198 206 211 216 219 237 242 249 256 269 274 286 287 296 308 314 323 334 356 378 384 402 406 413 417 424 429 439 444 482 484 490 496
193 2339
194 740
195 1058
196 976
197 626 198 206 211 216 219 237 242 249 256 269 274 286 287 296 308 314 323 334 356 378 384 402 406 413 424 429 439 444 482 484 490 496
198 1577 206 211 216 219 237 242 243 249 256 269 274 286 287 294 296 308 314 315 323 334 351 356 378 384 402 406 413 417 424 429 436 439 444 456 471 482 484 490 496
199 550
200 1545
201 1718
202 2481
203 796
204 2013
205 1376
206 1808 211 216 219 237 242 249 256 269 274 286 287 294 296 308 314 315 323 334 351 356 378 384 402 406 413 417 424 429 436 439 444 456 471 482 484 490 496
207 2039
208 526
209 2137
210 1887
211 2058 216 219 236 237 242 243 247 249 250 256 269 274 286 287 294 296 307 308 312 314 315 323 334 351 355 356 366 373 378 384 402 406 407 409 413 417 418 424 429 435 436 438 439 444 456 467 471 482 484 490 496
212 874
213 952
214 612
215 1137
216 819 219 237 242 243 249 256 269 274 286 287 294 296 308 314 315 323 334 351 356 378 384 402 406 413 417 424 429 436 439 444 456 471 482 484 490 496
217 1313
218 1268 237
219 1194 236 237 242 243 247 249 250 256 269 274 286 287 294 296 307 308 312 314 315 323 334 351 355 356 366 373 378 384 402 406 407 409 413 417 418 424 429 435 436 438 439 444 456 467 471 482 484 490 496
220 968
221 1251
222 1680
223 1219
224 1086
225 1005
226 2463
227 880
228 1883
229 1162
230 1719
231 2317
232 2026
233 1810
234 1003
235 2234
236 1800 237 296 334 356 378 402 406 429 444 484
237 1470 241 242 243 247 248 249 250 256 262 269 274 286 287 294 296 307 308 312 314 315 323 329 334 351 355 356 366 373 378 384 402 406 407 409 413 417 418 424 429 435 436 438 439 444 456 467 471 482 484 490 496
238 1973
239 2167
240 1769
241 812 296 334 356 406 444
242 1057 249 256 269 274 286 287 296 314 323 334 356 378 384 402 406 413 424 429 439 444 482 484 490 496
243 2472 256 269 296 323 334 356 378 384 402 406 413 424 429 439 444 484 496
244 1152
245 1457
246 643
247 1569 296 334 356 378 402 406 429 444 484
248 1045 334 406
249 2278 256 269 274 286 287 296 308 314 323 334 351 356 378 384 402 406 413 417 424 429 439 444 482 484 490 496
250 1472 296 334 356 402 406 444 484
251 1334
252 984
253 1786
254 2076
255 1279
256 1428 269 274 286 287 294 296 308 314 315 323 334 351 356 378 384 402 406 413 417 424 429 436 439 444 456 471 482 484 490 496
257 1971
258 1514
259 1628
260 1777
261 1805
262 1764
263 2256
264 2104
265 1335
266 557
267 950
268 596
269 896 274 286 287 294 296 308 314 315 323 334 351 356 373 378 384 402 406 413 417 424 429 436 439 444 456 471 482 484 490 496
270 726
271 2456
272 2255
273 2468
274 2083 286 287 294 296 308 314 315 323 334 351 356 378 384 402 406 413 417 424 429 439 444 456 471 482 484 490 496
275 1196
276 2028
277 2132
278 1039
279 1457
280 1796
281 776
282 1040
283 1477
284 1612
285 2146
286 777 287 294 296 308 314 315 323 334 351 356 378 384 402 406 413 417 424 429 436 439 444 456 471 482 484 490 496
287 1931 294 296 308 314 315 323 334 351 356 378 384 402 406 413 417 424 429 436 439 444 456 471 482 484 490 496
288 576
289 764
290 2175
291 1048
292 1198
293 1477
294 2203 296 314 323 334 356 378 384 402 406 413 424 429 439 444 482 484 496
295 2127
296 1642 307 308 312 314 315 323 334 351 355 356 366 373 378 384 402 406 407 409 413 417 418 424 429 435 436 438 439 444 456 467 471 482 484 490 496
297 1866
298 1444
299 837
300 618
301 2201
302 1007
303 1555
304 2490
305 1948
306 2020
307 682 334 356 378 402 406 444 484
308 725 314 323 334 356 378 384 402 406 413 424 429 439 444 482 484 496
309 1238
310 1887
311 1957
312 1226 334 356 402 406 444 484
313 2260
314 1508 315 323 334 351 356 378 384 402 406 413 417 424 429 436 439 444 456 471 482 484 490 496
315 790 323 334 356 378 384 402 406 413 424 429 439 444 482 484 496
316 1833
317 886
318 720
319 1097
320 2037
321 1262
322 745
323 1782 334 351 356 378 384 402 406 413 417 424 429 436 439 444 456 471 482 484 490 496
324 1499
325 587
326 1370
327 2031
328 2175
329 2312 334 406 444
330 2394
331 2035
332 577
333 685
334 1433 351 355 356 366 373 378 384 402 406 407 409 413 417 418 424 429 435 436 438 439 444 456 467 471 482 484 490 496
335 2321
336 2329
337 1671
338 1287
339 1962
340 1509
341 1613
342 1730
343 2213
344 1969
345 861
346 2245
347 2313
348 2227
349 1125
350 1153
351 2242 356 378 384 402 406 413 424 429 439 444 482 484 496
352 2078
353 1903
354 1599
355 1199 356 378 402 406 444 484
356 1371 366 373 378 384 402 406 407 409 413 417 418 424 429 435 436 438 439 444 456 467 471 482 484 490 496
357 2422
358 1019
359 580
360 2263
361 1823
362 963
363 1046
364 1286
365 1521
366 1636 402 406 444 484
367 2246
368 1146
369 1158
370 1139
371 1391
372 2212
373 2385 378 402 406 413 424 429 444 484
374 1632
375 1274
376 1031
377 1773
378 551 384 402 406 407 413 417 424 429 436 439 444 456 467 471 482 484 490 496
379 2221
380 1477
381 958
382 2417
383 1147
384 1661 402 406 413 417 424 429 436 439 444 456 471 482 484 490 496
385 1991
386 873
387 823
388 1114
389 757
390 687
391 2405
392 2309
393 1040
394 940
395 1738
396 1477
397 1170
398 1173
399 1096
400 713
401 1484
402 1753 406 407 409 413 417 418 424 429 435 436 438 439 444 456 467 471 482 484 490 496
403 1302
404 818
405 686
406 1644 407 409 413 417 418 424 429 435 436 438 439 444 456 467 471 482 484 490 496
407 754 429 444 484
408 1142
409 1186 444 484
410 1709
411 1055
412 1180
413 1046 417 424 429 436 439 444 456 471 482 484 490 496
414 1619
415 1694
416 1360
417 2197 424 429 439 444 482 484 496
418 1662 444
419 1787
420 1382
421 642
422 899
423 2157
424 2318 429 436 439 444 456 471 482 484 490 496
425 1276
426 2376
427 1767
428 2033
429 2194 436 439 444 456 467 471 482 484 490 496
430 1892
431 1812
432 2432
433 2458
434 1145
435 825 444 484
436 505 439 444 484 496
437 2068
438 1066 444 484
439 755 444 456 471 482 484 490 496
440 862
441 1603
442 1023
443 1280
444 1630 456 467 471 482 484 490 496
445 1282
446 2378
447 1567
448 1304
449 1564
450 975
451 1127
452 1506
453 2495
454 1090
455 1862
456 2274 482 484 496
457 1507
458 1286
459 1931
460 1751
461 747
462 2216
463 1030
464 653
465 1883
466 2189
467 1607 484
468 1364
469 859
470 1930
471 1258 482 484 496
472 1466
473 1768
474 2346
475 2399
476 2344
477 2156
478 1640
479 2451
480 585
481 1791
482 701 484 490 496
483 1046
484 795 490 496
485 1190
486 653
487 2331
488 2393
489 670
490 1517 496
491 600
492 1906
493 622
494 1138
495 2431
496 1711
497 769
498 2368
499 753
500 1355
