250 10000
1 648
2 1268
3 2375 21 26 29 31 35 37 47 51 54 55 58 62 66 72 73 77 78 82 94 95 103 110 111 114 115 119 121 126 129 133 136 137 139 145 149 151 159 161 163 166 175 185 193 196 199 205 207 210 217 220 225 239 241 246
4 1044 7 21 26 28 29 30 31 35 37 47 51 54 55 58 62 63 66 67 72 73 74 77 78 82 83 85 94 95 103 104 105 110 111 114 115 118 119 121 126 129 131 133 136 137 139 145 149 150 151 157 158 159 160 161 163 164 165 166 167 172 175 179 185 191 193 196 197 199 200 205 207 210 217 220 225 227 231 232 233 234 239 241 246 248
5 1551
6 763
7 980 21 26 28 29 30 31 35 37 47 51 54 55 58 62 63 66 67 72 73 74 77 78 82 83 85 94 95 103 104 110 111 114 115 119 121 126 129 131 133 136 137 139 145 149 150 151 157 158 159 160 161 163 164 165 166 172 175 179 185 193 196 197 199 200 205 207 210 217 220 225 227 231 232 233 234 239 241 246
8 1310
9 1761
10 1127
11 1094 21 26 29 35 37 47 51 54 55 58 62 66 72 73 78 82 94 103 110 111 114 115 119 121 126 129 133 136 137 139 145 149 151 159 161 163 166 175 193 196 199 207 210 217 220 225 239 241 246
12 528 21 26 35 37 47 51 54 55 58 62 66 72 78 82 94 114 115 119 121 126 129 133 136 137 139 145 149 159 161 163 166 175 193 196 207 210 220 239 246
13 1758
14 1132 21 26 29 31 35 37 47 51 54 55 58 62 66 72 73 77 78 82 94 95 103 110 111 114 115 119 121 126 129 133 136 137 139 145 149 151 159 161 163 166 175 185 193 196 199 205 207 210 217 220 225 239 241 246
15 1156
16 1016
17 2316
18 1167 21 26 29 31 35 37 47 51 54 55 58 62 66 72 73 77 78 82 94 95 103 110 111 114 115 119 121 126 129 133 136 137 139 145 149 151 159 161 163 166 175 193 196 199 205 207 210 217 220 225 239 241 246
19 2112 21 26 29 31 35 37 47 51 54 55 58 62 66 72 73 77 78 82 94 95 103 110 111 114 115 119 121 126 129 133 136 137 139 145 149 151 159 161 163 166 175 185 193 196 199 205 207 210 217 220 225 239 241 246
20 1803
21 1199 26 28 29 30 31 35 37 42 45 47 49 51 54 55 58 61 62 63 66 67 70 72 73 74 75 77 78 82 83 85 90 94 95 99 100 103 104 105 110 111 114 115 117 118 119 121 126 127 128 129 131 133 134 136 137 139 145 149 150 151 152 157 158 159 160 161 163 164 165 166 167 168 172 175 179 180 185 191 192 193 196 197 199 200 205 206 207 210 213 216 217 220 221 225 227 231 232 233 234 235 239 241 246 248
22 2301
23 669
24 1864
25 2382
26 2223 28 29 30 31 34 35 37 42 44 45 47 49 51 52 53 54 55 57 58 60 61 62 63 66 67 70 72 73 74 75 77 78 80 82 83 85 90 94 95 99 100 101 103 104 105 110 111 114 115 117 118 119 121 125 126 127 128 129 131 133 134 136 137 139 145 149 150 151 152 157 158 159 160 161 162 163 164 165 166 167 168 169 172 175 179 180 181 182 185 188 191 192 193 196 197 199 200 205 206 207 208 210 213 214 215 216 217 220 221 225 227 231 232 233 234 235 239 241 242 246 248
27 746
28 1417 29 30 31 35 37 47 51 54 55 58 62 63 66 67 72 73 74 77 78 82 83 85 94 95 103 104 105 110 111 114 115 118 119 121 126 129 131 133 136 137 139 145 149 150 151 157 158 159 160 161 163 164 165 166 167 172 175 179 185 191 193 196 197 199 200 205 207 210 217 220 225 227 231 232 233 234 239 241 246 248
29 1684 30 31 35 37 42 45 47 49 51 54 55 58 61 62 63 66 67 72 73 74 77 78 82 83 85 90 94 95 100 103 104 105 110 111 114 115 118 119 121 126 127 128 129 131 133 136 137 139 145 149 150 151 157 158 159 160 161 163 164 165 166 167 168 172 175 179 180 185 191 192 193 196 197 199 200 205 206 207 210 213 217 220 221 225 227 231 232 233 234 239 241 246 248
30 1853 31 35 37 47 51 54 55 58 62 66 72 73 77 78 82 85 94 95 103 110 111 114 115 119 121 126 129 133 136 137 139 145 149 150 151 159 161 163 164 165 166 175 185 193 196 199 205 207 210 217 220 225 227 231 239 241 246
31 922 35 37 42 45 47 51 54 55 58 62 63 66 67 72 73 74 77 78 82 83 85 94 95 100 103 104 105 110 111 114 115 118 119 121 126 127 129 131 133 136 137 139 145 149 150 151 157 158 159 160 161 163 164 165 166 167 172 175 179 180 185 191 193 196 197 199 200 205 206 207 210 217 220 221 225 227 231 232 233 234 239 241 246 248
32 1435
33 540
34 1780 58 62 72 94 114 115 121 133 145 149 159 163 166 193 196 220 239
35 1736 37 42 45 47 49 51 54 55 57 58 61 62 63 66 67 70 72 73 74 75 77 78 82 83 85 90 94 95 99 100 101 103 104 105 110 111 114 115 117 118 119 121 126 127 128 129 131 133 134 136 137 139 145 149 150 151 152 157 158 159 160 161 162 163 164 165 166 167 168 169 172 175 179 180 185 188 191 192 193 196 197 199 200 205 206 207 210 213 216 217 220 221 225 227 231 232 233 234 235 239 241 246 248
36 2500
37 975 42 45 47 49 51 54 55 58 61 62 63 66 67 70 72 73 74 75 77 78 82 83 85 90 94 95 99 100 103 104 105 110 111 114 115 117 118 119 121 126 127 128 129 131 133 134 136 137 139 145 149 150 151 152 157 158 159 160 161 163 164 165 166 167 168 172 175 179 180 185 191 192 193 196 197 199 200 205 206 207 210 213 216 217 220 221 225 227 231 232 233 234 235 239 241 246 248
38 1071
39 1782
40 921
41 991
42 2342 47 51 54 55 58 62 66 72 73 77 78 82 94 95 103 110 111 114 115 119 121 126 129 133 136 137 139 145 149 151 159 161 163 166 175 193 196 199 205 207 210 217 220 225 239 241 246
43 992
44 1953 58 62 72 94 114 115 121 133 145 149 159 163 166 193 196 220 239
45 1640 47 51 54 55 58 62 66 72 73 77 78 82 94 95 103 110 111 114 115 119 121 126 129 133 136 137 139 145 149 151 159 161 163 166 175 185 193 196 199 205 207 210 217 220 225 239 241 246
46 597
47 1686 49 51 54 55 57 58 61 62 63 66 67 70 72 73 74 75 77 78 82 83 85 90 94 95 99 100 101 103 104 105 110 111 114 115 117 118 119 121 126 127 128 129 131 133 134 136 137 139 145 149 150 151 152 157 158 159 160 161 162 163 164 165 166 167 168 169 172 175 179 180 185 188 191 192 193 196 197 199 200 205 206 207 210 213 216 217 220 221 225 227 231 232 233 234 235 239 241 246 248
48 2053
49 1095 51 54 55 58 62 66 72 78 82 94 103 110 111 114 115 119 121 126 129 133 136 137 139 145 149 151 159 161 163 166 175 193 196 199 207 210 217 220 225 239 246
50 2205 58 121 145 193
51 1630 54 55 57 58 61 62 63 66 67 70 72 73 74 75 77 78 82 83 85 90 94 95 99 100 101 103 104 105 110 111 114 115 117 118 119 121 126 127 128 129 131 133 134 136 137 139 145 149 150 151 152 157 158 159 160 161 162 163 164 165 166 167 168 169 172 175 179 180 185 188 191 192 193 196 197 199 200 205 206 207 210 213 216 217 220 221 225 227 231 232 233 234 235 239 241 246 248
52 503 58 62 72 94 114 115 121 133 145 149 159 163 166 193 196 220 239
53 1214 58 62 72 94 114 115 121 133 145 149 159 163 193 196 220 239
54 2191 55 58 61 62 63 66 67 72 73 74 77 78 82 83 85 90 94 95 100 103 104 105 110 111 114 115 118 119 121 126 127 128 129 131 133 136 137 139 145 149 150 151 157 158 159 160 161 163 164 165 166 167 168 172 175 179 180 185 191 192 193 196 197 199 200 205 206 207 210 213 217 220 221 225 227 231 232 233 234 239 241 246 248
55 2269 57 58 61 62 63 66 67 70 72 73 74 75 77 78 82 83 85 90 94 95 99 100 101 103 104 105 110 111 114 115 117 118 119 121 126 127 128 129 131 133 134 136 137 139 145 149 150 151 152 157 158 159 160 161 162 163 164 165 166 167 168 169 172 175 179 180 185 188 191 192 193 196 197 199 200 205 206 207 210 213 216 217 220 221 225 227 231 232 233 234 235 239 241 246 248
56 1501
57 2298 58 62 72 94 114 115 121 133 136 145 149 159 163 166 193 196 210 220 239
58 1347 60 61 62 63 66 67 70 72 73 74 75 77 78 80 82 83 85 90 94 95 99 100 101 103 104 105 110 111 114 115 117 118 119 121 123 125 126 127 128 129 131 133 134 136 137 139 145 149 150 151 152 157 158 159 160 161 162 163 164 165 166 167 168 169 172 175 179 180 181 182 185 188 191 192 193 196 197 199 200 201 205 206 207 208 210 213 214 215 216 217 220 221 223 225 227 231 232 233 234 235 239 241 242 246 248
59 1858
60 772 62 72 94 114 115 121 133 145 149 159 163 193 196 220 239
61 2468 62 66 72 73 78 82 94 103 110 111 114 115 119 121 126 129 133 136 137 139 145 149 151 159 161 163 166 175 193 196 199 207 210 217 220 225 239 241 246
62 851 63 66 67 70 72 73 74 75 77 78 82 83 85 90 94 95 99 100 101 103 104 105 110 111 114 115 117 118 119 121 125 126 127 128 129 131 133 134 136 137 139 145 149 150 151 152 157 158 159 160 161 162 163 164 165 166 167 168 169 172 175 179 180 181 182 185 188 191 192 193 196 197 199 200 205 206 207 208 210 213 214 215 216 217 220 221 225 227 231 232 233 234 235 239 241 242 246 248
63 870 66 72 73 77 78 82 85 94 95 103 110 111 114 115 119 121 126 129 133 136 137 139 145 149 150 151 159 161 163 164 165 166 175 185 193 196 199 205 207 210 217 220 225 227 231 239 241 246
64 1744
65 1162
66 1889 67 72 73 74 75 77 78 82 83 85 90 94 95 99 100 103 104 105 110 111 114 115 117 118 119 121 126 127 128 129 131 133 134 136 137 139 145 149 150 151 157 158 159 160 161 163 164 165 166 167 168 172 175 179 180 185 191 192 193 196 197 199 200 205 206 207 210 213 216 217 220 221 225 227 231 232 233 234 235 239 241 246 248
67 717 72 73 74 77 78 82 85 94 95 103 110 111 114 115 119 121 126 129 133 136 137 139 145 149 150 151 158 159 161 163 164 165 166 175 185 193 196 197 199 205 207 210 217 220 225 227 231 234 239 241 246
68 2263
69 2266
70 522 72 94 114 115 121 133 136 137 145 149 159 163 166 175 193 196 207 210 220 239
71 1604
72 2272 73 74 75 77 78 82 83 85 90 94 95 99 100 101 103 104 105 110 111 114 115 117 118 119 121 126 127 128 129 131 133 134 136 137 139 145 149 150 151 152 157 158 159 160 161 162 163 164 165 166 167 168 169 172 175 179 180 181 185 188 191 192 193 196 197 199 200 205 206 207 210 213 214 215 216 217 220 221 225 227 231 232 233 234 235 239 241 242 246 248
73 1918 74 77 78 82 83 85 94 95 100 103 104 105 110 111 114 115 118 119 121 126 127 128 129 131 133 136 137 139 145 149 150 151 157 158 159 160 161 163 164 165 166 167 172 175 179 180 185 191 192 193 196 197 199 200 205 206 207 210 213 217 220 221 225 227 231 232 233 234 239 241 246 248
74 1563 77 78 82 85 94 95 103 110 111 114 115 119 121 126 129 133 136 137 139 145 149 150 151 158 159 161 163 164 165 166 175 185 193 196 197 199 205 207 210 217 220 225 227 231 239 241 246
75 588 78 94 114 115 119 121 126 129 133 136 137 139 145 149 159 161 163 166 175 193 196 207 210 220 239 246
76 1843
77 2265 78 82 83 85 94 95 100 103 104 105 110 111 114 115 118 119 121 126 127 129 131 133 136 137 139 145 149 150 151 157 158 159 160 161 163 164 165 166 167 172 175 179 180 185 191 192 193 196 197 199 200 205 206 207 210 213 217 220 221 225 227 231 232 233 234 239 241 246 248
78 558 82 83 85 90 94 95 100 103 104 105 110 111 114 115 117 118 119 121 126 127 128 129 131 133 134 136 137 139 145 149 150 151 157 158 159 160 161 163 164 165 166 167 168 172 175 179 180 185 191 192 193 196 197 199 200 205 206 207 210 213 217 220 221 225 227 231 232 233 234 239 241 246 248
79 1949
80 1104 94 121 145 149 159 163 193 239
81 1260
82 780 83 85 90 94 95 100 103 104 105 110 111 114 115 118 119 121 126 127 128 129 131 133 136 137 139 145 149 150 151 157 158 159 160 161 163 164 165 166 167 168 172 175 179 180 185 191 192 193 196 197 199 200 205 206 207 210 213 217 220 221 225 227 231 232 233 234 239 241 246 248
83 638 85 94 95 103 110 111 114 115 119 121 126 129 133 136 137 139 145 149 150 151 159 161 163 164 165 166 175 185 193 196 199 205 207 210 217 220 225 227 231 239 241 246
84 1820
85 2194 94 95 103 104 105 110 111 114 115 118 119 121 126 129 131 133 136 137 139 145 149 150 151 157 158 159 160 161 163 164 165 166 167 172 175 179 185 191 193 196 197 199 200 205 207 210 217 220 225 227 231 232 233 234 239 241 246 248
86 1073
87 1878
88 760
89 2418
90 1941 94 103 110 111 114 115 119 121 126 129 133 136 137 139 145 149 151 159 161 163 166 175 193 196 207 210 217 220 225 239 246
91 1174
92 1454
93 728
94 1924 95 99 100 101 103 104 105 110 111 114 115 117 118 119 121 125 126 127 128 129 131 133 134 136 137 139 145 149 150 151 152 157 158 159 160 161 162 163 164 165 166 167 168 169 172 175 179 180 181 182 185 188 191 192 193 196 197 199 200 205 206 207 208 210 213 214 215 216 217 220 221 225 227 231 232 233 234 235 239 241 242 246 248
95 833 100 103 104 105 110 111 114 115 118 119 121 126 127 129 131 133 136 137 139 145 149 150 151 157 158 159 160 161 163 164 165 166 167 172 175 179 180 185 191 193 196 197 199 200 205 206 207 210 217 220 221 225 227 231 232 233 234 239 241 246 248
96 743
97 1357
98 1344
99 2388 114 115 119 121 126 129 133 136 137 145 149 159 163 166 175 193 196 207 210 220 239 246
100 1590 103 110 111 114 115 119 121 126 129 133 136 137 139 145 149 151 159 161 163 166 175 193 196 199 205 207 210 217 220 225 239 241 246
101 1652 114 115 121 133 136 145 149 159 163 166 193 196 210 220 239
102 2347
103 1215 104 105 110 111 114 115 118 119 121 126 127 128 129 131 133 136 137 139 145 149 150 151 157 158 159 160 161 163 164 165 166 167 172 175 179 180 185 191 192 193 196 197 199 200 205 206 207 210 213 217 220 221 225 227 231 232 233 234 239 241 246 248
104 1860 110 111 114 115 119 121 126 129 133 136 137 139 145 149 150 151 159 161 163 164 166 175 185 193 196 199 205 207 210 217 220 225 227 231 239 241 246
105 2310 110 111 114 115 119 121 126 129 133 136 137 139 145 149 150 151 159 161 163 164 166 175 185 193 196 199 205 207 210 217 220 225 239 241 246
106 2019
107 866
108 2405
109 1271
110 2332 111 114 115 118 119 121 126 127 128 129 131 133 136 137 139 145 149 150 151 157 158 159 160 161 163 164 165 166 167 172 175 179 180 185 191 192 193 196 197 199 200 205 206 207 210 213 217 220 221 225 227 231 232 233 234 239 241 246 248
111 1793 114 115 118 119 121 126 127 128 129 131 133 136 137 139 145 149 150 151 157 158 159 160 161 163 164 165 166 167 172 175 179 180 185 191 192 193 196 197 199 200 205 206 207 210 213 217 220 221 225 227 231 232 233 234 239 241 246 248
112 1115
113 1713
114 1180 115 117 118 119 121 126 127 128 129 131 133 134 136 137 139 145 149 150 151 152 157 158 159 160 161 162 163 164 165 166 167 168 169 172 175 179 180 181 182 185 188 191 192 193 196 197 199 200 205 206 207 208 210 213 214 215 216 217 220 221 225 227 231 232 233 234 235 239 241 242 246 248
115 1578 117 118 119 121 126 127 128 129 131 133 134 136 137 139 145 149 150 151 152 157 158 159 160 161 162 163 164 165 166 167 168 169 172 175 179 180 181 182 185 188 191 192 193 196 197 199 200 205 206 207 208 210 213 214 215 216 217 220 221 225 227 231 232 233 234 235 239 241 242 246 248
116 1271
117 513 119 121 126 129 133 136 137 145 149 159 163 166 175 193 196 207 210 220 239 246
118 1896 119 121 126 129 133 136 137 139 145 149 150 151 159 161 163 164 166 175 185 193 196 199 205 207 210 217 220 225 239 241 246
119 1240 121 126 127 128 129 131 133 134 136 137 139 145 149 150 151 157 158 159 160 161 163 164 165 166 167 168 172 175 179 180 185 191 192 193 196 197 199 200 205 206 207 210 213 216 217 220 221 225 227 231 232 233 234 235 239 241 246 248
120 2465
121 2206 123 125 126 127 128 129 131 133 134 136 137 139 145 149 150 151 152 157 158 159 160 161 162 163 164 165 166 167 168 169 172 175 179 180 181 182 185 188 191 192 193 196 197 199 200 201 205 206 207 208 210 213 214 215 216 217 220 221 223 225 227 231 232 233 234 235 239 241 242 246 248
122 557
123 939 145 193
124 2168
125 1802 145 149 159 163 193 239
126 1179 127 128 129 131 133 134 136 137 139 145 149 150 151 157 158 159 160 161 163 164 165 166 167 168 172 175 179 180 185 191 192 193 196 197 199 200 205 206 207 210 213 216 217 220 221 225 227 231 232 233 234 235 239 241 246 248
127 621 129 133 136 137 139 145 149 151 159 161 163 166 175 193 196 199 205 207 210 217 220 225 239 241 246
128 1751 129 133 136 137 139 145 149 151 159 161 163 166 175 193 196 199 205 207 210 217 220 225 239 241 246
129 1986 131 133 134 136 137 139 145 149 150 151 157 158 159 160 161 163 164 165 166 167 168 172 175 179 180 185 191 192 193 196 197 199 200 205 206 207 210 213 216 217 220 221 225 227 231 232 233 234 235 239 241 246 248
130 1950
131 1366 133 136 137 139 145 149 150 151 159 161 163 164 166 175 185 193 196 199 205 207 210 217 220 225 227 231 239 241 246
132 1005
133 1857 134 136 137 139 145 149 150 151 152 157 158 159 160 161 162 163 164 165 166 167 168 169 172 175 179 180 181 182 185 188 191 192 193 196 197 199 200 205 206 207 208 210 213 214 215 216 217 220 221 225 227 231 232 233 234 235 239 241 242 246 248
134 945 136 137 145 149 159 163 166 175 193 196 207 210 220 239 246
135 1183
136 701 137 139 145 149 150 151 152 157 158 159 160 161 162 163 164 165 166 167 168 169 172 175 179 180 185 188 191 192 193 196 197 199 200 205 206 207 210 213 216 217 220 221 225 227 231 232 233 234 235 239 241 246 248
137 1432 139 145 149 150 151 152 157 158 159 160 161 162 163 164 165 166 167 168 169 172 175 179 180 185 191 192 193 196 197 199 200 205 206 207 210 213 216 217 220 221 225 227 231 232 233 234 235 239 241 246 248
138 1708
139 1681 145 149 150 151 157 158 159 160 161 163 164 165 166 167 168 172 175 179 180 185 191 192 193 196 197 199 200 205 206 207 210 213 217 220 221 225 227 231 232 233 234 239 241 246 248
140 978
141 1107
142 881
143 1722
144 683
145 1657 149 150 151 152 157 158 159 160 161 162 163 164 165 166 167 168 169 172 175 179 180 181 182 185 188 191 192 193 196 197 199 200 201 205 206 207 208 210 213 214 215 216 217 220 221 225 227 231 232 233 234 235 239 241 242 246 248
146 2454
147 1579
148 1275
149 2325 150 151 152 157 158 159 160 161 162 163 164 165 166 167 168 169 172 175 179 180 181 182 185 188 191 192 193 196 197 199 200 205 206 207 208 210 213 214 215 216 217 220 221 225 227 231 232 233 234 235 239 241 242 246 248
150 1606 151 157 158 159 160 161 163 164 165 166 167 172 175 179 185 191 193 196 197 199 200 205 207 210 217 220 225 227 231 232 233 234 239 241 246 248
151 1804 157 158 159 160 161 163 164 165 166 167 172 175 179 180 185 191 192 193 196 197 199 200 205 206 207 210 213 217 220 221 225 227 231 232 233 234 239 241 246 248
152 694 159 163 166 175 193 196 207 210 220 239
153 997
154 1636
155 1182
156 816
157 2469 159 161 163 164 165 166 175 185 193 196 199 205 207 210 217 220 225 227 231 239 241 246
158 765 159 161 163 164 165 166 175 185 193 196 197 199 205 207 210 217 220 225 227 231 234 239 241 246
159 1579 160 161 162 163 164 165 166 167 168 169 172 175 179 180 181 182 185 188 191 192 193 196 197 199 200 205 206 207 208 210 213 214 215 216 217 220 221 225 227 231 232 233 234 235 239 241 242 246 248
160 1956 161 163 164 165 166 175 185 193 196 197 199 205 207 210 217 220 225 227 231 239 241 246
161 2301 163 164 165 166 167 168 172 175 179 180 185 191 192 193 196 197 199 200 205 206 207 210 213 217 220 221 225 227 231 232 233 234 239 241 246 248
162 1758 163 166 193 196 207 210 220 239
163 1637 164 165 166 167 168 169 172 175 179 180 181 182 185 188 191 192 193 196 197 199 200 205 206 207 208 210 213 214 215 216 217 220 221 225 227 231 232 233 234 235 239 241 242 246 248
164 2389 165 166 167 172 175 179 185 191 193 196 197 199 200 205 207 210 217 220 225 227 231 232 233 234 239 241 246 248
165 1087 166 172 175 179 185 193 196 197 199 200 205 207 210 217 220 225 227 231 233 234 239 241 246
166 2161 167 168 169 172 175 179 180 181 185 188 191 192 193 196 197 199 200 205 206 207 210 213 216 217 220 221 225 227 231 232 233 234 235 239 241 246 248
167 924 175 185 193 196 199 205 207 210 217 220 225 239 241 246
168 2150 175 193 196 207 210 217 220 239 246
169 1342 193 196 207 210 220 239
170 956
171 2186
172 2081 175 185 193 196 197 199 205 207 210 217 220 225 227 231 239 241 246
173 1116
174 813
175 1488 179 180 185 191 192 193 196 197 199 200 205 206 207 210 213 216 217 220 221 225 227 231 232 233 234 235 239 241 246 248
176 2057
177 1275
178 866
179 844 185 193 196 197 199 205 207 210 217 220 225 227 231 239 241 246
180 2033 185 193 196 199 205 207 210 217 220 225 239 241 246
181 2315 193 196 220 239
182 2211 193 239
183 1644
184 1138
185 2068 191 193 196 197 199 200 205 206 207 210 217 220 221 225 227 231 232 233 234 239 241 246 248
186 1581
187 1261
188 1537 193 196 210 220 239
189 1038
190 1965
191 2247 193 196 199 205 207 210 217 220 225 239 241 246
192 1565 193 196 199 205 207 210 217 220 225 239 241 246
193 671 196 197 199 200 201 205 206 207 208 210 213 214 215 216 217 220 221 223 225 227 231 232 233 234 235 239 241 242 246 248
194 919
195 1905
196 1875 197 199 200 205 206 207 210 213 214 215 216 217 220 221 225 227 231 232 233 234 235 239 241 242 246 248
197 2154 199 205 207 210 217 220 225 227 231 234 239 241 246
198 784
199 2424 200 205 206 207 210 213 217 220 221 225 227 231 232 233 234 239 241 246 248
200 2150 205 207 210 217 220 225 227 231 239 241 246
201 602
202 1539
203 1635
204 1842
205 952 206 207 210 213 217 220 221 225 227 231 232 233 234 239 241 246 248
206 2491 207 210 217 220 225 239 241 246
207 960 210 213 216 217 220 221 225 227 231 232 233 234 235 239 241 246 248
208 552 239
209 2206
210 2200 213 216 217 220 221 225 227 231 232 233 234 235 239 241 246 248
211 1576
212 933
213 1721 217 220 225 239 241 246
214 1379 220 239
215 1006 220 239
216 1773 220 239
217 1190 220 221 225 227 231 232 233 234 239 241 246 248
218 890
219 514
220 715 221 225 227 231 232 233 234 235 239 241 242 246 248
221 721 225 239 241 246
222 1921
223 1764
224 1891
225 901 227 231 232 233 234 239 241 246 248
226 610
227 1232 231 232 233 234 239 241 246
228 1056
229 2317
230 2074
231 1012 232 233 234 239 241 246
232 1950 239 241 246
233 996 239 241 246
234 2060 239 241 246
235 2245 239
236 563
237 703
238 2214
239 2146 241 242 246 248
240 1453
241 2253 246 248
242 1283
243 1325
244 1525
245 2318
246 1561 248
247 1613
248 2060
249 506
250 1644
