250 10000
1 1503 2 4 5 6 7 9 11 13 14 15 16 19 20 23 24 25 26 27 28 29 30 31 33 35 37 39 40 41 42 43 44 45 46 47 49 50 51 53 54 55 56 57 58 59 60 61 63 64 65 66 67 69 72 73 74 76 77 78 79 80 81 84 85 86 87 88 89 90 91 92 93 94 95 96 97 99 100 101 102 103 104 105 106 107 108 111 113 114 115 117 118 119 120 121 122 123 124 125 126 127 129 130 131 133 134 135 136 137 138 140 141 142 143 144 145 147 148 149 150 151 152 153 154 155 158 159 161 162 163 164 165 166 167 168 169 170 171 173 174 175 176 178 179 180 181 182 183 184 185 186 187 189 190 193 194 196 197 198 199 200 201 203 204 205 206 207 209 210 212 213 215 216 217 218 219 220 222 223 224 225 226 227 228 229 230 234 235 236 237 238 239 240 241 242 243 244 246 247 248 249
2 1366 6 15 28 42 43 44 45 46 51 55 56 60 64 88 91 92 100 101 102 105 115 118 119 121 122 127 142 144 149 153 158 163 165 167 168 170 173 178 181 182 183 185 187 203 207 215 217 225 228 229 234 236 244 247 248
3 879
4 545 6 15 16 28 42 43 44 45 46 51 53 55 56 60 64 67 78 86 88 91 92 100 101 102 105 107 115 117 118 119 121 122 127 137 138 142 144 145 149 153 158 159 161 163 165 167 168 170 173 178 181 182 183 185 187 193 203 207 209 215 216 217 220 225 227 228 229 230 234 236 244 247 248
5 1896 6 15 16 28 42 43 44 45 46 51 55 56 60 64 67 78 88 91 92 100 101 102 105 115 117 118 119 121 122 127 137 138 142 144 149 153 158 161 163 165 167 168 170 173 178 181 182 183 185 187 203 207 209 215 216 217 225 228 229 234 236 244 247 248
6 583 7 9 13 14 15 16 19 20 23 24 26 27 28 29 30 31 33 37 39 42 43 44 45 46 47 49 50 51 53 54 55 56 58 59 60 61 63 64 65 66 67 72 73 76 77 78 79 80 81 84 85 86 87 88 89 90 91 92 93 95 96 97 99 100 101 102 104 105 106 107 108 111 114 115 117 118 119 120 121 122 123 124 125 126 127 129 130 136 137 138 140 141 142 144 145 148 149 150 152 153 154 155 158 159 161 162 163 165 167 168 170 173 174 175 176 178 179 180 181 182 183 184 185 186 187 189 190 193 194 196 197 200 203 204 205 206 207 209 210 212 215 216 217 218 219 220 222 223 225 227 228 229 230 234 235 236 238 239 241 242 243 244 246 247 248
7 2322 9 15 16 19 20 28 29 30 33 42 43 44 45 46 47 49 51 53 55 56 60 61 64 65 66 67 76 77 78 79 84 85 86 87 88 89 91 92 93 95 96 97 100 101 102 105 106 107 108 111 114 115 117 118 119 121 122 124 125 126 127 136 137 138 141 142 144 145 148 149 153 155 158 159 161 163 165 167 168 170 173 175 176 178 181 182 183 185 186 187 189 190 193 194 196 197 203 205 207 209 210 212 215 216 217 218 219 220 225 227 228 229 230 234 236 238 241 242 243 244 246 247 248
8 1710 51 92 101 203 234
9 2118 15 16 28 30 33 42 43 44 45 46 47 51 53 55 56 60 61 64 67 76 78 84 86 87 88 91 92 96 100 101 102 105 107 115 117 118 119 121 122 127 137 138 141 142 144 145 149 153 155 158 159 161 163 165 167 168 170 173 178 181 182 183 185 187 189 193 203 207 209 210 215 216 217 219 220 225 227 228 229 230 234 236 243 244 246 247 248
10 2136
11 2187 42 43 51 60 92 101 105 118 121 122 153 163 167 170 182 183 203 228 234 236 244 248
12 789
13 1664 15 16 28 42 43 44 45 46 51 53 55 56 60 64 67 78 86 88 91 92 100 101 102 105 107 115 117 118 119 121 122 127 137 138 142 144 145 149 153 158 159 161 163 165 167 168 170 173 178 181 182 183 185 187 193 203 207 209 215 216 217 220 225 227 228 229 230 234 236 244 247 248
14 1973 15 16 28 42 43 44 45 46 51 53 55 56 60 64 67 78 86 88 91 92 100 101 102 105 107 115 117 118 119 121 122 127 137 138 142 144 145 149 153 155 158 159 161 163 165 167 168 170 173 178 181 182 183 185 187 193 203 207 209 215 216 217 220 225 227 228 229 230 234 236 244 247 248
15 725 16 19 20 23 24 26 27 28 29 30 31 33 39 42 43 44 45 46 47 49 50 51 53 55 56 58 59 60 61 63 64 65 66 67 73 76 77 78 79 80 84 85 86 87 88 89 90 91 92 93 95 96 97 99 100 101 102 104 105 106 107 108 111 114 115 117 118 119 120 121 122 123 124 125 126 127 129 130 136 137 138 141 142 144 145 148 149 152 153 154 155 158 159 161 162 163 165 167 168 170 173 175 176 178 181 182 183 184 185 186 187 189 190 193 194 196 197 200 203 204 205 207 209 210 212 215 216 217 218 219 220 222 223 225 227 228 229 230 234 235 236 238 239 241 242 243 244 246 247 248
16 858 19 20 23 24 26 27 28 29 30 31 33 39 42 43 44 45 46 47 49 50 51 53 55 56 58 59 60 61 63 64 65 66 67 73 76 77 78 79 84 85 86 87 88 89 91 92 93 95 96 97 99 100 101 102 104 105 106 107 108 111 114 115 117 118 119 120 121 122 123 124 125 126 127 129 130 136 137 138 141 142 144 145 148 149 152 153 155 158 159 161 162 163 165 167 168 170 173 175 176 178 181 182 183 184 185 186 187 189 190 193 194 196 197 200 203 204 205 207 209 210 212 215 216 217 218 219 220 222 225 227 228 229 230 234 235 236 238 239 241 242 243 244 246 247 248
17 1566
18 2291
19 2254 28 30 33 42 43 44 45 46 51 53 55 56 60 61 64 67 76 78 86 87 88 91 92 100 101 102 105 107 115 117 118 119 121 122 127 137 138 142 144 145 149 153 155 158 159 161 163 165 167 168 170 173 178 181 182 183 185 187 189 193 203 207 209 215 216 217 220 225 227 228 229 230 234 236 244 247 248
20 969 28 30 33 42 43 44 45 46 47 51 53 55 56 60 61 64 67 76 78 79 84 86 87 88 89 91 92 96 100 101 102 105 107 115 117 118 119 121 122 127 137 138 141 142 144 145 148 149 153 155 158 159 161 163 165 167 168 170 173 178 181 182 183 185 186 187 189 190 193 203 207 209 210 212 215 216 217 219 220 225 227 228 229 230 234 236 241 243 244 246 247 248
21 1196
22 1778 51 92 203 234
23 633 28 42 43 44 45 46 51 55 56 60 64 67 78 88 91 92 100 101 102 105 115 117 118 119 121 122 127 137 138 142 144 149 153 158 161 163 165 167 168 170 173 178 181 182 183 185 187 203 207 215 216 217 225 228 229 234 236 244 247 248
24 604 28 42 43 44 45 46 51 53 55 56 60 64 67 78 88 91 92 100 101 102 105 107 115 117 118 119 121 122 127 137 138 142 144 145 149 153 158 159 161 163 165 167 168 170 173 178 181 182 183 185 187 193 203 207 209 215 216 217 220 225 228 229 234 236 244 247 248
25 2493 42 43 51 60 92 100 101 102 105 118 121 122 142 149 153 158 163 165 167 168 170 173 178 182 183 185 187 203 207 215 217 225 228 234 236 244 247 248
26 961 28 42 43 44 45 46 51 53 55 56 60 64 67 78 86 88 91 92 100 101 102 105 107 115 117 118 119 121 122 127 137 138 142 144 145 149 153 155 158 159 161 163 165 167 168 170 173 178 181 182 183 185 187 193 203 207 209 215 216 217 220 225 227 228 229 230 234 236 244 247 248
27 705 28 42 43 44 45 46 51 53 55 56 60 64 67 78 88 91 92 100 101 102 105 107 115 117 118 119 121 122 127 137 138 142 144 145 149 153 158 159 161 163 165 167 168 170 173 178 181 182 183 185 187 193 203 207 209 215 216 217 220 225 228 229 234 236 244 247 248
28 1159 29 30 31 33 37 39 42 43 44 45 46 47 49 50 51 53 55 56 58 59 60 61 63 64 65 66 67 73 76 77 78 79 80 81 84 85 86 87 88 89 90 91 92 93 95 96 97 99 100 101 102 104 105 106 107 108 111 114 115 117 118 119 120 121 122 123 124 125 126 127 129 130 136 137 138 140 141 142 144 145 148 149 152 153 154 155 158 159 161 162 163 165 167 168 170 173 175 176 178 181 182 183 184 185 186 187 189 190 193 194 196 197 200 203 204 205 207 209 210 212 215 216 217 218 219 220 222 223 225 227 228 229 230 234 235 236 238 239 241 242 243 244 246 247 248
29 2134 30 33 42 43 44 45 46 47 51 53 55 56 60 61 64 67 76 78 84 86 87 88 91 92 96 100 101 102 105 107 115 117 118 119 121 122 127 137 138 141 142 144 145 149 153 155 158 159 161 163 165 167 168 170 173 178 181 182 183 185 187 189 193 203 207 209 210 215 216 217 219 220 225 227 228 229 230 234 236 243 244 246 247 248
30 853 33 42 43 44 45 46 47 49 51 53 55 56 60 61 64 65 66 67 76 77 78 79 84 86 87 88 89 91 92 93 95 96 97 100 101 102 105 106 107 108 111 114 115 117 118 119 121 122 125 126 127 136 137 138 141 142 144 145 148 149 153 155 158 159 161 163 165 167 168 170 173 175 176 178 181 182 183 185 186 187 189 190 193 194 196 197 203 205 207 209 210 212 215 216 217 218 219 220 225 227 228 229 230 234 236 238 241 242 243 244 246 247 248
31 2286 42 43 44 45 46 51 53 55 56 60 64 67 78 88 91 92 100 101 102 105 107 115 117 118 119 121 122 127 137 138 142 144 145 149 153 158 159 161 163 165 167 168 170 173 178 181 182 183 185 187 193 203 207 209 215 216 217 220 225 227 228 229 230 234 236 244 247 248
32 672 43 51 92 101 203 228 234
33 2453 42 43 44 45 46 47 49 51 53 55 56 60 61 64 65 66 67 76 77 78 79 84 86 87 88 89 91 92 93 95 96 97 100 101 102 105 106 107 108 111 114 115 117 118 119 121 122 125 126 127 136 137 138 141 142 144 145 148 149 153 155 158 159 161 163 165 167 168 170 173 175 176 178 181 182 183 185 186 187 189 190 193 194 196 197 203 205 207 209 210 212 215 216 217 218 219 220 225 227 228 229 230 234 236 238 241 242 243 244 246 247 248
34 1697
35 1407 43 51 92 101 118 153 163 167 183 203 228 234 244 248
36 2385
37 780 42 43 44 51 55 56 60 64 91 92 100 101 102 105 115 118 119 121 122 127 142 149 153 158 163 165 167 168 170 173 178 182 183 185 187 203 207 215 217 225 228 229 234 236 244 247 248
38 1327
39 1893 42 43 44 45 46 51 55 56 60 64 67 78 88 91 92 100 101 102 105 115 117 118 119 121 122 127 137 142 144 149 153 158 161 163 165 167 168 170 173 178 181 182 183 185 187 203 207 215 216 217 225 228 229 234 236 244 247 248
40 869 43 51 92 101 118 163 183 203 228 234 244
41 626 42 43 51 60 92 101 102 105 118 121 122 153 163 167 170 182 183 203 217 228 234 236 244 248
42 989 43 44 45 46 47 49 50 51 53 54 55 56 57 58 59 60 61 63 64 65 66 67 72 73 74 76 77 78 79 80 81 84 85 86 87 88 89 90 91 92 93 95 96 97 99 100 101 102 104 105 106 107 108 111 114 115 117 118 119 120 121 122 123 124 125 126 127 129 130 131 133 136 137 138 140 141 142 143 144 145 148 149 150 151 152 153 154 155 158 159 161 162 163 165 167 168 169 170 173 174 175 176 178 179 180 181 182 183 184 185 186 187 189 190 193 194 196 197 199 200 201 203 204 205 206 207 209 210 212 215 216 217 218 219 220 222 223 224 225 226 227 228 229 230 234 235 236 237 238 239 240 241 242 243 244 246 247 248
43 1830 44 45 46 47 49 50 51 53 54 55 56 57 58 59 60 61 63 64 65 66 67 69 72 73 74 76 77 78 79 80 81 83 84 85 86 87 88 89 90 91 92 93 94 95 96 97 99 100 101 102 103 104 105 106 107 108 111 113 114 115 117 118 119 120 121 122 123 124 125 126 127 129 130 131 133 134 135 136 137 138 140 141 142 143 144 145 147 148 149 150 151 152 153 154 155 158 159 161 162 163 164 165 166 167 168 169 170 171 173 174 175 176 178 179 180 181 182 183 184 185 186 187 189 190 193 194 196 197 198 199 200 201 203 204 205 206 207 209 210 212 213 215 216 217 218 219 220 222 223 224 225 226 227 228 229 230 232 234 235 236 237 238 239 240 241 242 243 244 246 247 248 249
44 1570 45 46 47 49 50 51 53 55 56 58 59 60 61 63 64 65 66 67 73 76 77 78 79 80 81 84 85 86 87 88 89 90 91 92 93 95 96 97 99 100 101 102 104 105 106 107 108 111 114 115 117 118 119 120 121 122 123 124 125 126 127 129 130 136 137 138 141 142 144 145 148 149 152 153 154 155 158 159 161 162 163 165 167 168 170 173 175 176 178 181 182 183 184 185 186 187 189 190 193 194 196 197 200 203 204 205 207 209 210 212 215 216 217 218 219 220 222 223 225 227 228 229 230 234 235 236 238 239 241 242 243 244 246 247 248
45 1304 46 47 49 50 51 53 55 56 58 59 60 61 63 64 65 66 67 73 76 77 78 79 84 85 86 87 88 89 90 91 92 93 95 96 97 99 100 101 102 104 105 106 107 108 111 114 115 117 118 119 120 121 122 123 124 125 126 127 129 130 136 137 138 141 142 144 145 148 149 152 153 154 155 158 159 161 162 163 165 167 168 170 173 175 176 178 181 182 183 184 185 186 187 189 190 193 194 196 197 200 203 204 205 207 209 210 212 215 216 217 218 219 220 222 223 225 227 228 229 230 234 235 236 238 239 241 242 243 244 246 247 248
46 1138 47 49 50 51 53 55 56 58 59 60 61 63 64 65 66 67 73 76 77 78 79 84 85 86 87 88 89 90 91 92 93 95 96 97 99 100 101 102 104 105 106 107 108 111 114 115 117 118 119 120 121 122 123 124 125 126 127 129 130 136 137 138 141 142 144 145 148 149 152 153 154 155 158 159 161 162 163 165 167 168 170 173 175 176 178 181 182 183 184 185 186 187 189 190 193 194 196 197 200 203 204 205 207 209 210 212 215 216 217 218 219 220 222 223 225 227 228 229 230 234 235 236 238 239 241 242 243 244 246 247 248
47 2460 49 51 53 55 56 60 61 64 65 66 67 76 77 78 79 84 86 87 88 89 91 92 96 97 100 101 102 105 106 107 108 114 115 117 118 119 121 122 125 126 127 136 137 138 141 142 144 145 148 149 153 155 158 159 161 163 165 167 168 170 173 175 176 178 181 182 183 185 186 187 189 190 193 194 196 197 203 205 207 209 210 212 215 216 217 218 219 220 225 227 228 229 230 234 236 241 242 243 244 246 247 248
48 2417
49 719 51 53 55 56 60 61 64 66 67 76 78 79 84 86 87 88 89 91 92 96 100 101 102 105 107 114 115 117 118 119 121 122 127 137 138 141 142 144 145 148 149 153 155 158 159 161 163 165 167 168 170 173 178 181 182 183 185 186 187 189 190 193 194 203 205 207 209 210 212 215 216 217 219 220 225 227 228 229 230 234 236 241 243 244 246 247 248
50 2112 51 55 56 60 64 67 78 88 91 92 100 101 102 105 115 117 118 119 121 122 127 137 138 142 144 149 153 158 161 163 165 167 168 170 173 178 181 182 183 185 187 203 207 209 215 216 217 225 228 229 234 236 244 247 248
51 1250 53 54 55 56 57 58 59 60 61 62 63 64 65 66 67 69 72 73 74 76 77 78 79 80 81 83 84 85 86 87 88 89 90 91 92 93 94 95 96 97 98 99 100 101 102 103 104 105 106 107 108 111 113 114 115 117 118 119 120 121 122 123 124 125 126 127 129 130 131 133 134 135 136 137 138 140 141 142 143 144 145 147 148 149 150 151 152 153 154 155 158 159 161 162 163 164 165 166 167 168 169 170 171 173 174 175 176 178 179 180 181 182 183 184 185 186 187 189 190 193 194 196 197 198 199 200 201 203 204 205 206 207 209 210 212 213 215 216 217 218 219 220 222 223 224 225 226 227 228 229 230 232 234 235 236 237 238 239 240 241 242 243 244 246 247 248 249 250
52 723
53 650 55 56 58 59 60 61 63 64 65 66 67 76 77 78 79 84 85 86 87 88 89 91 92 93 95 96 97 100 101 102 104 105 106 107 108 111 114 115 117 118 119 121 122 123 124 125 126 127 129 136 137 138 141 142 144 145 148 149 152 153 155 158 159 161 162 163 165 167 168 170 173 175 176 178 181 182 183 185 186 187 189 190 193 194 196 197 203 205 207 209 210 212 215 216 217 218 219 220 222 225 227 228 229 230 234 236 238 241 242 243 244 246 247 248
54 968 55 60 91 92 100 101 102 105 118 119 121 122 127 142 149 153 158 163 165 167 168 170 173 178 182 183 185 187 203 207 215 217 225 228 234 236 244 247 248
55 1245 56 58 59 60 61 63 64 65 66 67 72 73 74 76 77 78 79 80 81 84 85 86 87 88 89 90 91 92 93 95 96 97 99 100 101 102 104 105 106 107 108 111 114 115 117 118 119 120 121 122 123 124 125 126 127 129 130 136 137 138 140 141 142 143 144 145 148 149 150 152 153 154 155 158 159 161 162 163 165 167 168 170 173 174 175 176 178 179 180 181 182 183 184 185 186 187 189 190 193 194 196 197 199 200 203 204 205 206 207 209 210 212 215 216 217 218 219 220 222 223 225 227 228 229 230 234 235 236 238 239 240 241 242 243 244 246 247 248
56 2388 58 59 60 61 63 64 65 66 67 73 76 77 78 79 80 81 84 85 86 87 88 89 90 91 92 93 95 96 97 99 100 101 102 104 105 106 107 108 111 114 115 117 118 119 120 121 122 123 124 125 126 127 129 130 136 137 138 141 142 144 145 148 149 152 153 154 155 158 159 161 162 163 165 167 168 170 173 175 176 178 181 182 183 184 185 186 187 189 190 193 194 196 197 200 203 204 205 207 209 210 212 215 216 217 218 219 220 222 223 225 227 228 229 230 234 235 236 238 239 241 242 243 244 246 247 248
57 1422 60 92 100 101 102 105 118 121 122 149 153 163 165 167 168 170 173 178 182 183 187 203 217 225 228 234 236 244 247 248
58 2340 60 64 67 78 86 88 91 92 100 101 102 105 107 115 117 118 119 121 122 127 137 138 142 144 145 149 153 155 158 159 161 163 165 167 168 170 173 178 181 182 183 185 187 193 203 207 209 215 216 217 220 225 227 228 229 230 234 236 244 247 248
59 1556 60 64 67 78 88 91 92 100 101 102 105 107 115 117 118 119 121 122 127 137 138 142 144 145 149 153 158 159 161 163 165 167 168 170 173 178 181 182 183 185 187 193 203 207 209 215 216 217 220 225 228 229 234 236 244 247 248
60 1726 61 63 64 65 66 67 72 73 74 76 77 78 79 80 81 84 85 86 87 88 89 90 91 92 93 95 96 97 99 100 101 102 104 105 106 107 108 111 114 115 117 118 119 120 121 122 123 124 125 126 127 129 130 131 133 136 137 138 140 141 142 143 144 145 148 149 150 151 152 153 154 155 158 159 161 162 163 165 167 168 169 170 173 174 175 176 178 179 180 181 182 183 184 185 186 187 189 190 193 194 196 197 199 200 201 203 204 205 206 207 209 210 212 215 216 217 218 219 220 222 223 224 225 226 227 228 229 230 234 235 236 237 238 239 240 241 242 243 244 246 247 248
61 2110 64 65 66 67 76 77 78 79 84 85 86 87 88 89 91 92 93 95 96 97 100 101 102 105 106 107 108 111 114 115 117 118 119 121 122 125 126 127 136 137 138 141 142 144 145 148 149 153 155 158 159 161 163 165 167 168 170 173 175 176 178 181 182 183 185 186 187 189 190 193 194 196 197 203 205 207 209 210 212 215 216 217 218 219 220 225 227 228 229 230 234 236 238 241 242 243 244 246 247 248
62 2297 92 101 203 234
63 2460 64 67 78 86 88 91 92 100 101 102 105 107 115 117 118 119 121 122 127 137 138 142 144 145 149 153 155 158 159 161 163 165 167 168 170 173 178 181 182 183 185 187 193 203 207 209 215 216 217 220 225 227 228 229 230 234 236 244 247 248
64 2393 65 66 67 73 76 77 78 79 80 81 84 85 86 87 88 89 90 91 92 93 95 96 97 99 100 101 102 104 105 106 107 108 111 114 115 117 118 119 120 121 122 123 124 125 126 127 129 130 136 137 138 140 141 142 144 145 148 149 150 152 153 154 155 158 159 161 162 163 165 167 168 170 173 175 176 178 181 182 183 184 185 186 187 189 190 193 194 196 197 200 203 204 205 207 209 210 212 215 216 217 218 219 220 222 223 225 227 228 229 230 234 235 236 238 239 241 242 243 244 246 247 248
65 2499 67 76 78 79 84 86 87 88 89 91 92 96 100 101 102 105 107 115 117 118 119 121 122 127 137 138 141 142 144 145 148 149 153 155 158 159 161 163 165 167 168 170 173 178 181 182 183 185 186 187 189 190 193 194 203 205 207 209 210 212 215 216 217 219 220 225 227 228 229 230 234 236 241 243 244 246 247 248
66 1129 67 76 78 79 84 86 87 88 89 91 92 96 100 101 102 105 107 108 114 115 117 118 119 121 122 127 137 138 141 142 144 145 148 149 153 155 158 159 161 163 165 167 168 170 173 178 181 182 183 185 186 187 189 190 193 194 203 205 207 209 210 212 215 216 217 219 220 225 227 228 229 230 234 236 241 243 244 246 247 248
67 1079 73 76 77 78 79 84 85 86 87 88 89 91 92 93 95 96 97 99 100 101 102 104 105 106 107 108 111 114 115 117 118 119 120 121 122 123 124 125 126 127 129 130 136 137 138 141 142 144 145 148 149 152 153 155 158 159 161 162 163 165 167 168 170 173 175 176 178 181 182 183 184 185 186 187 189 190 193 194 196 197 200 203 204 205 207 209 210 212 215 216 217 218 219 220 222 225 227 228 229 230 234 235 236 238 239 241 242 243 244 246 247 248
68 744
69 1223 92 101 118 153 163 167 183 203 228 234 244 248
70 645
71 1158
72 1689 91 92 100 101 102 105 118 119 121 122 142 149 153 158 163 165 167 168 170 173 178 182 183 185 187 203 207 215 217 225 228 234 236 244 247 248
73 1962 78 88 91 92 100 101 102 105 115 117 118 119 121 122 127 137 138 142 144 149 153 158 161 163 165 167 168 170 173 178 181 182 183 185 187 203 207 209 215 216 217 225 228 229 234 236 244 247 248
74 1797 91 92 100 101 102 105 118 119 121 122 142 149 153 158 163 165 167 168 170 173 178 182 183 185 187 203 207 215 217 225 228 234 236 244 247 248
75 1473
76 1968 77 78 79 84 86 87 88 89 91 92 93 96 97 100 101 102 105 106 107 108 111 114 115 117 118 119 121 122 125 126 127 136 137 138 141 142 144 145 148 149 153 155 158 159 161 163 165 167 168 170 173 175 176 178 181 182 183 185 186 187 189 190 193 194 196 197 203 205 207 209 210 212 215 216 217 218 219 220 225 227 228 229 230 234 236 238 241 242 243 244 246 247 248
77 2087 78 79 84 86 87 88 89 91 92 96 100 101 102 105 107 115 117 118 119 121 122 127 137 138 141 142 144 145 148 149 153 155 158 159 161 163 165 167 168 170 173 178 181 182 183 185 186 187 189 190 193 194 203 207 209 210 212 215 216 217 219 220 225 227 228 229 230 234 236 241 243 244 246 247 248
78 818 79 84 85 86 87 88 89 90 91 92 93 95 96 97 99 100 101 102 104 105 106 107 108 111 114 115 117 118 119 120 121 122 123 124 125 126 127 129 130 136 137 138 141 142 144 145 148 149 152 153 154 155 158 159 161 162 163 165 167 168 170 173 175 176 178 181 182 183 184 185 186 187 189 190 193 194 196 197 200 203 204 205 207 209 210 212 215 216 217 218 219 220 222 223 225 227 228 229 230 234 235 236 238 239 241 242 243 244 246 247 248
79 1606 84 86 87 88 89 91 92 96 100 101 102 105 107 108 114 115 117 118 119 121 122 125 126 127 136 137 138 141 142 144 145 148 149 153 155 158 159 161 163 165 167 168 170 173 176 178 181 182 183 185 186 187 189 190 193 194 196 203 205 207 209 210 212 215 216 217 219 220 225 227 228 229 230 234 236 241 243 244 246 247 248
80 2482 88 91 92 100 101 102 105 115 118 119 121 122 127 142 144 149 153 158 163 165 167 168 170 173 178 181 182 183 185 187 203 207 215 217 225 228 229 234 236 244 247 248
81 1733 88 91 92 100 101 102 105 115 118 119 121 122 127 142 149 153 158 163 165 167 168 170 173 178 182 183 185 187 203 207 215 217 225 228 229 234 236 244 247 248
82 1427 92 203
83 641 92 101 203 228 234
84 1646 86 87 88 89 91 92 96 100 101 102 105 107 108 114 115 117 118 119 121 122 125 126 127 136 137 138 141 142 144 145 148 149 153 155 158 159 161 163 165 167 168 170 173 176 178 181 182 183 185 186 187 189 190 193 194 196 203 205 207 209 210 212 215 216 217 218 219 220 225 227 228 229 230 234 236 241 243 244 246 247 248
85 1345 86 87 88 91 92 100 101 102 105 107 115 117 118 119 121 122 127 137 138 142 144 145 149 153 155 158 159 161 163 165 167 168 170 173 178 181 182 183 185 187 193 203 207 209 215 216 217 220 225 227 228 229 230 234 236 244 247 248
86 500 87 88 89 91 92 93 95 96 97 100 101 102 105 106 107 108 111 114 115 117 118 119 121 122 123 124 125 126 127 136 137 138 141 142 144 145 148 149 152 153 155 158 159 161 163 165 167 168 170 173 175 176 178 181 182 183 185 186 187 189 190 193 194 196 197 203 205 207 209 210 212 215 216 217 218 219 220 225 227 228 229 230 234 236 238 241 242 243 244 246 247 248
87 1051 88 89 91 92 93 95 96 97 100 101 102 105 106 107 108 111 114 115 117 118 119 121 122 125 126 127 136 137 138 141 142 144 145 148 149 153 155 158 159 161 163 165 167 168 170 173 175 176 178 181 182 183 185 186 187 189 190 193 194 196 197 203 205 207 209 210 212 215 216 217 218 219 220 225 227 228 229 230 234 236 238 241 242 243 244 246 247 248
88 1054 89 90 91 92 93 95 96 97 99 100 101 102 104 105 106 107 108 111 114 115 117 118 119 120 121 122 123 124 125 126 127 129 130 136 137 138 141 142 144 145 148 149 152 153 154 155 158 159 161 162 163 165 167 168 170 173 175 176 178 181 182 183 184 185 186 187 189 190 193 194 196 197 200 203 204 205 207 209 210 212 215 216 217 218 219 220 222 223 225 227 228 229 230 234 235 236 238 239 241 242 243 244 246 247 248
89 2214 91 92 96 100 101 102 105 107 108 114 115 117 118 119 121 122 125 126 127 137 138 141 142 144 145 148 149 153 155 158 159 161 163 165 167 168 170 173 176 178 181 182 183 185 186 187 189 190 193 194 196 203 205 207 209 210 212 215 216 217 219 220 225 227 228 229 230 234 236 241 243 244 246 247 248
90 1955 91 92 100 101 102 105 115 118 119 121 122 127 142 144 149 153 158 163 165 167 168 170 173 178 181 182 183 185 187 203 207 215 217 225 228 229 234 236 244 247 248
91 2060 92 93 95 96 97 99 100 101 102 104 105 106 107 108 111 114 115 117 118 119 120 121 122 123 124 125 126 127 129 130 136 137 138 140 141 142 143 144 145 148 149 150 152 153 154 155 158 159 161 162 163 165 167 168 170 173 174 175 176 178 179 180 181 182 183 184 185 186 187 189 190 193 194 196 197 200 203 204 205 206 207 209 210 212 215 216 217 218 219 220 222 223 225 227 228 229 230 234 235 236 238 239 241 242 243 244 246 247 248
92 1449 93 94 95 96 97 98 99 100 101 102 103 104 105 106 107 108 111 113 114 115 117 118 119 120 121 122 123 124 125 126 127 129 130 131 133 134 135 136 137 138 140 141 142 143 144 145 147 148 149 150 151 152 153 154 155 158 159 161 162 163 164 165 166 167 168 169 170 171 173 174 175 176 177 178 179 180 181 182 183 184 185 186 187 189 190 191 193 194 196 197 198 199 200 201 203 204 205 206 207 209 210 212 213 215 216 217 218 219 220 222 223 224 225 226 227 228 229 230 232 234 235 236 237 238 239 240 241 242 243 244 246 247 248 249 250
93 1182 100 101 102 105 107 115 117 118 119 121 122 127 137 138 142 144 145 149 153 155 158 159 161 163 165 167 168 170 173 178 181 182 183 185 187 193 203 207 209 215 216 217 220 225 227 228 229 230 234 236 244 247 248
94 1189 101 118 121 153 163 167 170 183 203 228 234 244 248
95 1819 100 101 102 105 107 115 117 118 119 121 122 127 137 138 142 144 145 149 153 155 158 159 161 163 165 167 168 170 173 178 181 182 183 185 187 193 203 207 209 215 216 217 220 225 227 228 229 230 234 236 244 247 248
96 1719 97 100 101 102 105 106 107 108 114 115 117 118 119 121 122 125 126 127 136 137 138 141 142 144 145 148 149 153 155 158 159 161 163 165 167 168 170 173 175 176 178 181 182 183 185 186 187 189 190 193 194 196 197 203 205 207 209 210 212 215 216 217 218 219 220 225 227 228 229 230 234 236 241 243 244 246 247 248
97 1542 100 101 102 105 107 115 117 118 119 121 122 127 137 138 141 142 144 145 149 153 155 158 159 161 163 165 167 168 170 173 178 181 182 183 185 187 189 193 203 207 209 210 215 216 217 220 225 227 228 229 230 234 236 243 244 246 247 248
98 1062 203 234
99 1232 100 101 102 105 115 117 118 119 121 122 127 137 138 142 144 149 153 158 161 163 165 167 168 170 173 178 181 182 183 185 187 203 207 215 216 217 225 228 229 234 236 244 247 248
100 1502 101 102 104 105 106 107 108 111 114 115 117 118 119 120 121 122 123 124 125 126 127 129 130 131 136 137 138 140 141 142 143 144 145 148 149 150 151 152 153 154 155 158 159 161 162 163 165 167 168 169 170 173 174 175 176 178 179 180 181 182 183 184 185 186 187 189 190 193 194 196 197 199 200 201 203 204 205 206 207 209 210 212 215 216 217 218 219 220 222 223 224 225 227 228 229 230 234 235 236 237 238 239 240 241 242 243 244 246 247 248
101 1242 102 103 104 105 106 107 108 111 113 114 115 117 118 119 120 121 122 123 124 125 126 127 129 130 131 133 134 135 136 137 138 140 141 142 143 144 145 147 148 149 150 151 152 153 154 155 158 159 161 162 163 164 165 166 167 168 169 170 171 173 174 175 176 178 179 180 181 182 183 184 185 186 187 189 190 193 194 196 197 198 199 200 201 203 204 205 206 207 209 210 212 213 215 216 217 218 219 220 222 223 224 225 226 227 228 229 230 232 234 235 236 237 238 239 240 241 242 243 244 246 247 248 249 250
102 2379 104 105 106 107 108 111 114 115 117 118 119 120 121 122 123 124 125 126 127 129 130 131 133 136 137 138 140 141 142 143 144 145 148 149 150 151 152 153 154 155 158 159 161 162 163 165 167 168 169 170 173 174 175 176 178 179 180 181 182 183 184 185 186 187 189 190 193 194 196 197 199 200 201 203 204 205 206 207 209 210 212 215 216 217 218 219 220 222 223 224 225 226 227 228 229 230 234 235 236 237 238 239 240 241 242 243 244 246 247 248
103 1196 118 153 163 183 203 228 234 244 248
104 1560 105 107 115 117 118 119 121 122 127 137 138 142 144 145 149 153 158 159 161 163 165 167 168 170 173 178 181 182 183 185 187 193 203 207 209 215 216 217 220 225 228 229 234 236 244 247 248
105 968 106 107 108 111 114 115 117 118 119 120 121 122 123 124 125 126 127 129 130 131 133 136 137 138 140 141 142 143 144 145 148 149 150 151 152 153 154 155 158 159 161 162 163 165 167 168 169 170 173 174 175 176 178 179 180 181 182 183 184 185 186 187 189 190 193 194 196 197 199 200 201 203 204 205 206 207 209 210 212 215 216 217 218 219 220 222 223 224 225 226 227 228 229 230 234 235 236 237 238 239 240 241 242 243 244 246 247 248
106 2474 107 115 117 118 119 121 122 127 137 138 141 142 144 145 149 153 155 158 159 161 163 165 167 168 170 173 178 181 182 183 185 187 189 193 203 207 209 210 215 216 217 220 225 227 228 229 230 234 236 243 244 246 247 248
107 1227 108 111 114 115 117 118 119 121 122 123 124 125 126 127 129 136 137 138 141 142 144 145 148 149 152 153 155 158 159 161 162 163 165 167 168 170 173 175 176 178 181 182 183 184 185 186 187 189 190 193 194 196 197 203 205 207 209 210 212 215 216 217 218 219 220 222 225 227 228 229 230 234 236 238 241 242 243 244 246 247 248
108 923 114 115 117 118 119 121 122 127 137 138 141 142 144 145 148 149 153 155 158 159 161 163 165 167 168 170 173 178 181 182 183 185 186 187 189 190 193 194 203 205 207 209 210 212 215 216 217 219 220 225 227 228 229 230 234 236 241 243 244 246 247 248
109 586
110 2476
111 1234 115 117 118 119 121 122 127 137 138 141 142 144 145 149 153 155 158 159 161 163 165 167 168 170 173 178 181 182 183 185 187 189 193 203 207 209 210 215 216 217 220 225 227 228 229 230 234 236 244 246 247 248
112 732
113 2424 118 203 228 234 244
114 1039 115 117 118 119 121 122 127 137 138 141 142 144 145 148 149 153 155 158 159 161 163 165 167 168 170 173 178 181 182 183 185 186 187 189 190 193 194 203 205 207 209 210 212 215 216 217 219 220 225 227 228 229 230 234 236 241 243 244 246 247 248
115 639 117 118 119 120 121 122 123 124 125 126 127 129 130 136 137 138 140 141 142 144 145 148 149 150 152 153 154 155 158 159 161 162 163 165 167 168 170 173 175 176 178 181 182 183 184 185 186 187 189 190 193 194 196 197 200 203 204 205 207 209 210 212 215 216 217 218 219 220 222 223 225 227 228 229 230 234 235 236 238 239 241 242 243 244 246 247 248
116 1678
117 2436 118 119 120 121 122 123 124 125 126 127 129 130 136 137 138 141 142 144 145 148 149 152 153 155 158 159 161 162 163 165 167 168 170 173 175 176 178 181 182 183 184 185 186 187 189 190 193 194 196 197 200 203 204 205 207 209 210 212 215 216 217 218 219 220 222 225 227 228 229 230 234 235 236 238 239 241 242 243 244 246 247 248
118 1465 119 120 121 122 123 124 125 126 127 129 130 131 133 134 135 136 137 138 140 141 142 143 144 145 147 148 149 150 151 152 153 154 155 158 159 161 162 163 164 165 166 167 168 169 170 171 173 174 175 176 178 179 180 181 182 183 184 185 186 187 189 190 193 194 196 197 198 199 200 201 203 204 205 206 207 209 210 212 213 215 216 217 218 219 220 222 223 224 225 226 227 228 229 230 232 234 235 236 237 238 239 240 241 242 243 244 246 247 248 249
119 1491 120 121 122 123 124 125 126 127 129 130 136 137 138 140 141 142 143 144 145 148 149 150 152 153 154 155 158 159 161 162 163 165 167 168 170 173 174 175 176 178 179 180 181 182 183 184 185 186 187 189 190 193 194 196 197 199 200 203 204 205 206 207 209 210 212 215 216 217 218 219 220 222 223 225 227 228 229 230 234 235 236 238 239 240 241 242 243 244 246 247 248
120 1124 121 122 127 137 138 142 144 149 153 158 161 163 165 167 168 170 173 178 181 182 183 185 187 203 207 215 216 217 225 228 229 234 236 244 247 248
121 1977 122 123 124 125 126 127 129 130 131 133 136 137 138 140 141 142 143 144 145 148 149 150 151 152 153 154 155 158 159 161 162 163 164 165 167 168 169 170 173 174 175 176 178 179 180 181 182 183 184 185 186 187 189 190 193 194 196 197 198 199 200 201 203 204 205 206 207 209 210 212 215 216 217 218 219 220 222 223 224 225 226 227 228 229 230 234 235 236 237 238 239 240 241 242 243 244 246 247 248
122 1125 123 124 125 126 127 129 130 131 133 136 137 138 140 141 142 143 144 145 148 149 150 151 152 153 154 155 158 159 161 162 163 165 167 168 169 170 173 174 175 176 178 179 180 181 182 183 184 185 186 187 189 190 193 194 196 197 199 200 201 203 204 205 206 207 209 210 212 215 216 217 218 219 220 222 223 224 225 226 227 228 229 230 234 235 236 237 238 239 240 241 242 243 244 246 247 248
123 1305 127 137 138 142 144 145 149 153 158 159 161 163 165 167 168 170 173 178 181 182 183 185 187 193 203 207 209 215 216 217 220 225 227 228 229 230 234 236 244 247 248
124 1787 127 137 138 142 144 145 149 153 155 158 159 161 163 165 167 168 170 173 178 181 182 183 185 187 193 203 207 209 215 216 217 220 225 227 228 229 230 234 236 244 247 248
125 638 127 137 138 141 142 144 145 148 149 153 155 158 159 161 163 165 167 168 170 173 178 181 182 183 185 186 187 189 190 193 194 203 207 209 210 212 215 216 217 219 220 225 227 228 229 230 234 236 241 243 244 246 247 248
126 2236 127 137 138 141 142 144 145 148 149 153 155 158 159 161 163 165 167 168 170 173 178 181 182 183 185 186 187 189 190 193 203 207 209 210 212 215 216 217 219 220 225 227 228 229 230 234 236 241 243 244 246 247 248
127 1577 129 130 136 137 138 140 141 142 144 145 148 149 150 152 153 154 155 158 159 161 162 163 165 167 168 170 173 175 176 178 179 180 181 182 183 184 185 186 187 189 190 193 194 196 197 200 203 204 205 206 207 209 210 212 215 216 217 218 219 220 222 223 225 227 228 229 230 234 235 236 238 239 241 242 243 244 246 247 248
128 1647
129 2436 137 138 142 144 145 149 153 158 159 161 163 165 167 168 170 173 178 181 182 183 185 187 193 203 207 209 215 216 217 220 225 228 229 234 236 244 247 248
130 2192 137 138 142 144 149 153 158 161 163 165 167 168 170 173 178 181 182 183 185 187 203 207 209 215 216 217 225 228 229 234 236 244 247 248
131 1308 149 153 158 163 165 167 168 170 173 178 182 183 185 187 203 215 217 225 228 234 236 244 247 248
132 1357
133 623 153 163 167 170 182 183 203 217 228 234 236 244 248
134 1692 163 203 228 234 244
135 1899 153 163 167 183 203 228 234 244 248
136 1232 137 138 141 142 144 145 149 153 155 158 159 161 163 165 167 168 170 173 178 181 182 183 185 187 189 193 203 207 209 210 215 216 217 219 220 225 227 228 229 230 234 236 243 244 246 247 248
137 1897 138 141 142 144 145 148 149 152 153 155 158 159 161 162 163 165 167 168 170 173 175 176 178 181 182 183 184 185 186 187 189 190 193 194 196 197 200 203 204 205 207 209 210 212 215 216 217 218 219 220 222 225 227 228 229 230 234 235 236 238 239 241 242 243 244 246 247 248
138 1840 141 142 144 145 148 149 152 153 155 158 159 161 162 163 165 167 168 170 173 175 176 178 181 182 183 184 185 186 187 189 190 193 194 196 197 200 203 205 207 209 210 212 215 216 217 218 219 220 222 225 227 228 229 230 234 235 236 238 239 241 242 243 244 246 247 248
139 1819
140 1848 142 149 153 158 163 165 167 168 170 173 178 182 183 185 187 203 207 215 217 225 228 234 236 244 247 248
141 710 142 144 145 148 149 153 155 158 159 161 163 165 167 168 170 173 175 176 178 181 182 183 185 186 187 189 190 193 194 196 197 203 205 207 209 210 212 215 216 217 218 219 220 225 227 228 229 230 234 236 241 242 243 244 246 247 248
142 2390 143 144 145 148 149 150 152 153 154 155 158 159 161 162 163 165 167 168 170 173 174 175 176 178 179 180 181 182 183 184 185 186 187 189 190 193 194 196 197 199 200 201 203 204 205 206 207 209 210 212 215 216 217 218 219 220 222 223 224 225 227 228 229 230 234 235 236 237 238 239 240 241 242 243 244 246 247 248
143 2332 149 153 158 163 165 167 168 170 173 178 182 183 185 187 203 207 215 217 225 228 234 236 244 247 248
144 1337 145 148 149 152 153 154 155 158 159 161 162 163 165 167 168 170 173 175 176 178 181 182 183 184 185 186 187 189 190 193 194 196 197 200 203 204 205 207 209 210 212 215 216 217 218 219 220 222 223 225 227 228 229 230 234 235 236 238 239 241 242 243 244 246 247 248
145 583 148 149 152 153 155 158 159 161 162 163 165 167 168 170 173 175 176 178 181 182 183 184 185 186 187 189 190 193 194 196 197 203 205 207 209 210 212 215 216 217 218 219 220 222 225 227 228 229 230 234 236 238 241 242 243 244 246 247 248
146 2123
147 1772 203 228 234 244
148 2412 149 153 155 158 159 161 163 165 167 168 170 173 176 178 181 182 183 185 186 187 189 190 193 194 196 203 205 207 209 210 212 215 216 217 219 220 225 227 228 229 230 234 236 241 243 244 246 247 248
149 2147 150 152 153 154 155 158 159 161 162 163 165 167 168 170 173 174 175 176 178 179 180 181 182 183 184 185 186 187 189 190 193 194 196 197 199 200 201 203 204 205 206 207 209 210 212 215 216 217 218 219 220 222 223 224 225 227 228 229 230 234 235 236 237 238 239 240 241 242 243 244 246 247 248
150 1284 153 158 163 165 167 168 170 173 178 182 183 185 187 203 207 215 217 225 228 234 236 244 247 248
151 526 153 163 167 168 170 178 182 183 187 203 217 225 228 234 236 244 247 248
152 646 153 158 159 161 163 165 167 168 170 173 178 181 182 183 185 187 193 203 207 209 215 216 217 220 225 227 228 229 230 234 236 244 247 248
153 1034 154 155 158 159 161 162 163 164 165 167 168 169 170 173 174 175 176 178 179 180 181 182 183 184 185 186 187 189 190 193 194 196 197 198 199 200 201 203 204 205 206 207 209 210 212 213 215 216 217 218 219 220 222 223 224 225 226 227 228 229 230 234 235 236 237 238 239 240 241 242 243 244 246 247 248
154 1721 158 163 165 167 168 170 173 178 181 182 183 185 187 203 207 215 217 225 228 229 234 236 244 247 248
155 560 158 159 161 163 165 167 168 170 173 175 176 178 181 182 183 185 186 187 189 190 193 194 196 197 203 205 207 209 210 212 215 216 217 218 219 220 225 227 228 229 230 234 236 238 241 242 243 244 246 247 248
156 1011
157 2129
158 1339 159 161 162 163 165 167 168 170 173 174 175 176 178 179 180 181 182 183 184 185 186 187 189 190 193 194 196 197 199 200 201 203 204 205 206 207 209 210 212 215 216 217 218 219 220 222 223 224 225 227 228 229 230 234 235 236 237 238 239 240 241 242 243 244 246 247 248
159 2444 161 162 163 165 167 168 170 173 175 176 178 181 182 183 184 185 186 187 189 190 193 194 196 197 203 205 207 209 210 212 215 216 217 218 219 220 222 225 227 228 229 230 234 236 238 241 242 243 244 246 247 248
160 649
161 943 162 163 165 167 168 170 173 175 176 178 181 182 183 184 185 186 187 189 190 193 194 196 197 200 203 204 205 207 209 210 212 215 216 217 218 219 220 222 225 227 228 229 230 234 235 236 238 239 241 242 243 244 246 247 248
162 1238 163 165 167 168 170 173 178 181 182 183 185 187 193 203 207 209 215 216 217 220 225 228 229 234 236 244 247 248
163 2227 164 165 167 168 169 170 171 173 174 175 176 178 179 180 181 182 183 184 185 186 187 189 190 193 194 196 197 198 199 200 201 203 204 205 206 207 209 210 212 213 215 216 217 218 219 220 222 223 224 225 226 227 228 229 230 234 235 236 237 238 239 240 241 242 243 244 246 247 248 249
164 2490 167 170 183 203 228 234 244 248
165 1318 167 168 169 170 173 174 175 176 178 179 180 181 182 183 184 185 186 187 189 190 193 194 196 197 199 200 201 203 204 205 206 207 209 210 212 215 216 217 218 219 220 222 223 224 225 227 228 229 230 234 235 236 237 238 239 240 241 242 243 244 246 247 248
166 2357 203 228 234 244
167 1901 168 169 170 173 174 175 176 178 179 180 181 182 183 184 185 186 187 189 190 193 194 196 197 198 199 200 201 203 204 205 206 207 209 210 212 213 215 216 217 218 219 220 222 223 224 225 226 227 228 229 230 234 235 236 237 238 239 240 241 242 243 244 246 247 248
168 2081 169 170 173 174 175 176 178 179 180 181 182 183 184 185 186 187 189 190 193 194 196 197 199 200 201 203 204 205 206 207 209 210 212 215 216 217 218 219 220 222 223 224 225 226 227 228 229 230 234 235 236 237 238 239 240 241 242 243 244 246 247 248
169 579 170 178 182 183 187 203 217 225 228 234 236 244 247 248
170 690 173 174 175 176 178 179 180 181 182 183 184 185 186 187 189 190 193 194 196 197 198 199 200 201 203 204 205 206 207 209 210 212 213 215 216 217 218 219 220 222 223 224 225 226 227 228 229 230 234 235 236 237 238 239 240 241 242 243 244 246 247 248
171 828 203 228 234 244
172 1853
173 894 174 175 176 178 179 180 181 182 183 184 185 186 187 189 190 193 194 196 197 199 200 201 203 204 205 206 207 209 210 212 215 216 217 218 219 220 222 223 224 225 227 228 229 230 234 235 236 237 238 239 240 241 242 243 244 246 247 248
174 984 178 182 183 185 187 203 207 215 217 225 228 234 236 244 247 248
175 1666 178 181 182 183 185 187 189 193 203 207 209 210 215 216 217 220 225 227 228 229 230 234 236 243 244 246 247 248
176 541 178 181 182 183 185 186 187 189 190 193 194 203 207 209 210 212 215 216 217 219 220 225 227 228 229 230 234 236 241 243 244 246 247 248
177 2001 203
178 1785 179 180 181 182 183 184 185 186 187 189 190 193 194 196 197 199 200 201 203 204 205 206 207 209 210 212 215 216 217 218 219 220 222 223 224 225 227 228 229 230 234 235 236 237 238 239 240 241 242 243 244 246 247 248
179 1344 182 183 185 187 203 207 215 217 225 228 234 236 244 247 248
180 2266 182 183 185 187 203 207 215 217 225 228 234 236 244 247 248
181 1151 182 183 184 185 186 187 189 190 193 194 196 197 200 203 204 205 207 209 210 212 215 216 217 218 219 220 222 223 225 227 228 229 230 234 235 236 238 239 241 242 243 244 246 247 248
182 2158 183 184 185 186 187 189 190 193 194 196 197 199 200 201 203 204 205 206 207 209 210 212 215 216 217 218 219 220 222 223 224 225 226 227 228 229 230 234 235 236 237 238 239 240 241 242 243 244 246 247 248
183 1886 184 185 186 187 189 190 193 194 196 197 198 199 200 201 203 204 205 206 207 209 210 212 213 215 216 217 218 219 220 222 223 224 225 226 227 228 229 230 234 235 236 237 238 239 240 241 242 243 244 246 247 248 249
184 1285 185 187 193 203 207 209 215 216 217 225 228 229 234 236 244 247 248
185 730 186 187 189 190 193 194 196 197 199 200 201 203 204 205 206 207 209 210 212 215 216 217 218 219 220 222 223 224 225 227 228 229 230 234 235 236 237 238 239 240 241 242 243 244 246 247 248
186 708 187 189 190 193 194 196 203 205 207 209 210 212 215 216 217 219 220 225 227 228 229 230 234 236 241 243 244 246 247 248
187 1944 189 190 193 194 196 197 199 200 201 203 204 205 206 207 209 210 212 215 216 217 218 219 220 222 223 224 225 226 227 228 229 230 234 235 236 237 238 239 240 241 242 243 244 246 247 248
188 716
189 1359 190 193 194 196 197 203 205 207 209 210 212 215 216 217 218 219 220 225 227 228 229 230 234 236 238 241 242 243 244 246 247 248
190 772 193 194 196 203 205 207 209 210 212 215 216 217 219 220 225 227 228 229 230 234 236 241 243 244 246 247 248
191 2314 203
192 540
193 2328 194 196 197 203 205 207 209 210 212 215 216 217 218 219 220 222 225 227 228 229 230 234 236 238 241 242 243 244 246 247 248
194 1569 203 205 207 209 210 212 215 216 217 219 220 225 227 228 229 230 234 236 241 243 244 246 247 248
195 2047
196 665 203 207 209 210 212 215 216 217 219 220 225 227 228 229 230 234 236 241 243 244 246 247 248
197 636 203 207 209 210 215 216 217 220 225 227 228 229 230 234 236 243 244 246 247 248
198 542 203 228 234 244 248
199 763 203 207 215 217 225 228 234 236 244 247 248
200 2431 203 207 209 215 216 217 225 228 229 234 236 244 247 248
201 2099 203 215 217 225 228 234 236 244 247 248
202 2408
203 1624 204 205 206 207 209 210 212 213 215 216 217 218 219 220 222 223 224 225 226 227 228 229 230 232 234 235 236 237 238 239 240 241 242 243 244 246 247 248 249 250
204 504 207 215 216 217 225 228 229 234 236 244 247 248
205 1684 207 209 210 212 215 216 217 219 220 225 227 228 229 230 234 236 241 243 244 246 247 248
206 1256 207 215 217 225 228 234 236 244 247 248
207 2141 209 210 212 215 216 217 218 219 220 222 223 225 227 228 229 230 234 235 236 238 239 240 241 242 243 244 246 247 248
208 1235
209 1916 210 212 215 216 217 218 219 220 222 225 227 228 229 230 234 235 236 238 241 242 243 244 246 247 248
210 799 212 215 216 217 218 219 220 225 227 228 229 230 234 236 241 242 243 244 246 247 248
211 1362
212 1827 215 216 217 219 220 225 227 228 229 230 234 236 241 243 244 246 247 248
213 1174 228 234 244 248
214 652
215 1209 216 217 218 219 220 222 223 224 225 227 228 229 230 234 235 236 237 238 239 240 241 242 243 244 246 247 248
216 1154 217 218 219 220 222 225 227 228 229 230 234 235 236 238 239 241 242 243 244 246 247 248
217 1489 218 219 220 222 223 224 225 226 227 228 229 230 234 235 236 237 238 239 240 241 242 243 244 246 247 248
218 1944 219 220 225 227 228 229 230 234 236 243 244 246 247 248
219 2374 220 225 227 228 229 230 234 236 241 243 244 246 247 248
220 587 222 225 227 228 229 230 234 236 238 241 242 243 244 246 247 248
221 1698
222 839 225 228 229 234 236 244 247 248
223 1255 225 228 229 234 236 244 247 248
224 2279 225 228 234 236 244 247 248
225 1821 227 228 229 230 234 235 236 237 238 239 240 241 242 243 244 246 247 248
226 2128 228 234 236 244 248
227 2406 228 229 230 234 236 238 241 242 243 244 246 247 248
228 1025 229 230 232 234 235 236 237 238 239 240 241 242 243 244 246 247 248 249 250
229 2008 230 234 235 236 238 239 241 242 243 244 246 247 248
230 562 234 236 238 241 242 243 244 246 247 248
231 1407
232 1695 234 244
233 572
234 611 235 236 237 238 239 240 241 242 243 244 246 247 248 249 250
235 1800 236 244 247 248
236 2014 237 238 239 240 241 242 243 244 246 247 248
237 2090 244 247 248
238 1070 244 246 247 248
239 1803 244 247 248
240 811 244 247 248
241 596 243 244 246 247 248
242 543 244 246 247 248
243 1311 244 246 247 248
244 1212 246 247 248 249
245 1891
246 1818 247 248
247 944 248
248 2421 249
249 1093
250 1561
