250 10000
1 2139
2 1571 29 39 67 79 82 83 91 98 118 130 152 167 169 173 186 188 190 200 224 239 245
3 1032
4 793
5 1603
6 960
7 866
8 1882
9 960
10 979 19 21 24 26 29 30 31 39 40 49 51 52 57 59 67 74 75 77 79 80 82 83 85 90 91 95 98 105 111 117 118 119 123 130 145 150 152 154 155 164 167 169 170 171 173 178 181 186 188 190 195 198 200 207 209 219 224 225 228 229 236 238 239 243 245 248 250
11 1053 29 39 67 79 82 91 118 130 167 169 188 190 239 245
12 935
13 2201 19 29 39 40 67 79 82 83 91 98 118 130 152 167 169 173 186 188 190 200 224 229 239 245 250
14 937 19 29 39 40 67 79 82 83 91 98 118 130 152 167 169 173 186 188 190 200 224 229 239 245
15 946
16 2327
17 1341
18 2017
19 1222 21 24 26 29 30 31 39 40 49 50 51 52 53 57 59 67 74 75 77 79 80 82 83 85 88 90 91 95 98 105 111 117 118 119 123 130 136 138 145 150 151 152 154 155 164 167 169 170 171 173 178 180 181 182 186 188 190 195 197 198 200 207 208 209 219 222 224 225 228 229 236 238 239 243 245 248 250
20 2244
21 1157 24 26 29 30 31 39 40 49 51 52 59 67 74 75 77 79 80 82 83 85 90 91 95 98 111 118 119 123 130 145 150 152 155 167 169 170 171 173 178 181 186 188 190 195 198 200 207 219 224 225 228 229 238 239 243 245 248 250
22 1406
23 1963
24 1232 26 29 30 31 39 40 49 50 51 52 53 57 59 67 74 75 77 79 80 82 83 85 88 90 91 95 98 105 111 117 118 119 123 130 138 145 150 151 152 154 155 164 167 169 170 171 173 178 180 181 182 186 188 190 195 197 198 200 207 208 209 219 222 224 225 228 229 236 238 239 243 245 248 250
25 1704
26 1878 29 30 31 39 40 49 51 52 57 59 67 74 75 77 79 80 82 83 85 90 91 95 98 105 111 117 118 119 123 130 145 150 152 154 155 164 167 169 170 171 173 178 181 186 188 190 195 198 200 207 219 224 225 228 229 236 238 239 243 245 248 250
27 1975
28 2398
29 508 30 31 32 39 40 43 49 50 51 52 53 57 59 61 64 67 69 71 72 74 75 77 79 80 82 83 85 88 90 91 95 98 105 107 111 117 118 119 123 130 136 138 139 144 145 148 150 151 152 154 155 156 164 167 169 170 171 173 174 178 180 181 182 183 184 186 187 188 190 191 192 195 197 198 200 202 203 207 208 209 210 216 219 222 224 225 228 229 236 237 238 239 240 243 245 246 248 250
30 927 31 39 40 49 51 52 59 67 74 75 77 79 80 82 83 85 90 91 95 98 111 118 119 123 130 145 150 152 155 167 169 170 171 173 178 181 186 188 190 195 198 200 207 219 224 225 228 229 238 239 243 245 248 250
31 875 39 40 49 51 52 59 67 74 75 77 79 80 82 83 85 90 91 95 98 111 118 119 123 130 145 150 152 167 169 171 173 178 181 186 188 190 195 198 200 219 224 225 229 238 239 243 245 248 250
32 2280 39 67 79 82 91 118 167 169 188
33 1924
34 1949
35 1591
36 1114
37 1326
38 851
39 1407 40 43 49 50 51 52 53 57 59 67 69 71 72 74 75 77 79 80 82 83 85 88 90 91 95 98 105 111 117 118 119 123 130 136 138 139 144 145 148 150 151 152 154 155 156 164 167 169 170 171 173 174 178 180 181 182 183 184 186 187 188 190 191 192 195 197 198 200 202 203 207 208 209 210 216 219 222 224 225 228 229 236 237 238 239 240 243 245 246 248 250
40 706 49 50 51 52 53 57 59 67 74 75 77 79 80 82 83 85 88 90 91 95 98 105 111 117 118 119 123 130 138 145 150 151 152 154 155 164 167 169 170 171 173 178 180 181 182 186 188 190 195 197 198 200 207 208 209 219 222 224 225 228 229 236 238 239 243 245 248 250
41 1648
42 2061
43 1816 67 79 82 91 118 130 167 169 188 190 239 245
44 511
45 674
46 1920
47 1235
48 617
49 1448 50 51 52 53 57 59 67 74 75 77 79 80 82 83 85 88 90 91 95 98 105 111 117 118 119 123 130 138 145 150 151 152 154 155 164 167 169 170 171 173 178 180 181 186 188 190 195 197 198 200 207 208 209 219 222 224 225 228 229 236 238 239 243 245 248 250
50 1480 67 74 79 82 83 91 98 118 119 130 152 167 169 173 178 186 188 190 200 219 224 229 239 245 248 250
51 523 52 57 59 67 74 75 77 79 80 82 83 85 90 91 95 98 111 118 119 123 130 145 150 152 155 167 169 170 171 173 178 181 186 188 190 195 198 200 207 219 224 225 228 229 238 239 243 245 248 250
52 575 59 67 74 75 79 80 82 83 85 91 95 98 111 118 119 130 145 150 152 167 169 173 178 186 188 190 195 198 200 219 224 225 229 239 243 245 248 250
53 1464 67 74 79 82 83 91 98 111 118 119 130 152 167 169 173 178 186 188 190 200 219 224 229 239 243 245 248 250
54 2261
55 2071
56 2267
57 2388 59 67 74 79 82 83 91 98 111 118 119 130 152 167 169 173 178 186 188 190 195 198 200 219 224 229 239 243 245 248 250
58 2180
59 1787 67 74 75 77 79 80 82 83 85 90 91 95 98 105 111 117 118 119 123 130 145 150 152 154 155 164 167 169 170 171 173 178 181 186 188 190 195 198 200 207 209 219 224 225 228 229 236 238 239 243 245 248 250
60 1262
61 1181 118
62 1750
63 738
64 1268
65 2498
66 876
67 635 69 71 74 75 77 79 80 82 83 85 88 90 91 95 98 105 111 117 118 119 123 130 136 138 139 144 145 148 150 151 152 154 155 156 164 167 169 170 171 173 174 178 180 181 182 183 184 186 187 188 190 191 192 195 197 198 200 202 203 207 208 209 210 216 219 222 224 225 228 229 236 237 238 239 240 243 245 246 248 250
68 1622
69 2308 79 82 91 118 167 188
70 1782
71 787 79 82 83 91 98 118 130 152 167 169 188 190 224 239 245
72 1078 118
73 1349
74 1341 75 77 79 80 82 83 85 88 90 91 95 98 105 111 117 118 119 123 130 138 145 150 151 152 154 155 164 167 169 170 171 173 178 180 181 186 188 190 195 197 198 200 207 208 209 219 222 224 225 228 229 236 238 239 243 245 248 250
75 1142 77 79 80 82 83 85 90 91 95 98 111 118 119 123 130 145 150 152 155 167 169 171 173 178 181 186 188 190 195 198 200 207 219 224 225 228 229 238 239 243 245 248 250
76 1010
77 2271 79 80 82 83 85 91 95 98 111 118 119 130 145 150 152 167 169 173 178 186 188 190 195 198 200 219 224 225 229 239 243 245 248 250
78 2348
79 2379 80 82 83 85 88 90 91 95 98 105 111 117 118 119 123 130 136 138 139 144 145 148 150 151 152 154 155 156 164 167 169 170 171 173 174 178 180 181 182 183 184 186 187 188 190 191 192 195 197 198 200 202 203 207 208 209 210 216 219 222 224 225 228 229 236 237 238 239 240 243 245 246 248 250
80 1128 82 83 85 90 91 95 98 111 118 119 123 130 145 150 152 155 167 169 171 173 178 181 186 188 190 195 198 200 207 219 224 225 228 229 238 239 243 245 248 250
81 592
82 1161 83 85 88 90 91 95 98 105 111 117 118 119 123 130 136 138 139 144 145 148 150 151 152 154 155 156 164 167 169 170 171 173 174 178 180 181 182 183 184 186 187 188 190 191 192 195 197 198 200 202 203 207 208 209 210 216 219 222 224 225 228 229 236 238 239 240 243 245 246 248 250
83 1847 85 88 90 91 95 98 105 111 117 118 119 123 130 136 138 145 150 151 152 154 155 156 164 167 169 170 171 173 178 180 181 182 186 188 190 195 197 198 200 207 208 209 219 222 224 225 228 229 236 238 239 243 245 246 248 250
84 939
85 1462 90 91 95 98 111 118 119 123 130 145 150 152 167 169 173 178 181 186 188 190 195 198 200 219 224 225 229 238 239 243 245 248 250
86 886
87 657
88 786 91 98 111 118 119 130 152 167 169 173 178 186 188 190 200 219 224 229 239 243 245 248 250
89 2272
90 618 91 95 98 111 118 119 123 130 145 150 152 167 169 173 178 181 186 188 190 195 198 200 219 224 225 229 238 239 243 245 248 250
91 1990 95 98 105 111 117 118 119 123 130 136 138 139 144 145 148 150 151 152 154 155 156 164 167 169 170 171 173 174 178 180 181 182 183 184 186 187 188 190 191 192 195 197 198 200 202 203 207 208 209 210 216 219 222 224 225 228 229 236 237 238 239 240 243 245 246 248 250
92 1482
93 2245
94 1866
95 1063 98 111 118 119 123 130 145 150 152 167 169 171 173 178 181 186 188 190 195 198 200 219 224 225 229 238 239 243 245 248 250
96 652
97 740
98 2140 105 111 117 118 119 123 130 136 138 145 150 151 152 154 155 156 164 167 169 170 171 173 178 180 181 182 186 188 190 195 197 198 200 207 208 209 219 222 224 225 228 229 236 238 239 243 245 248 250
99 831
100 1824
101 2296
102 2088
103 832
104 2122
105 1417 111 118 119 130 152 167 169 173 178 186 188 190 195 198 200 219 224 229 239 243 245 248 250
106 968
107 896 118
108 744
109 982
110 1540
111 749 117 118 119 123 130 138 145 150 152 154 155 164 167 169 170 171 173 178 180 181 186 188 190 195 197 198 200 207 208 209 219 224 225 228 229 236 238 239 243 245 248 250
112 2198
113 866
114 2025
115 1416
116 1032
117 1608 118 119 130 152 167 169 173 178 186 188 190 195 198 200 219 224 229 239 243 245 248 250
118 2348 119 123 130 136 138 139 144 145 148 150 151 152 154 155 156 164 167 169 170 171 173 174 178 180 181 182 183 184 186 187 188 190 191 192 195 197 198 200 202 203 207 208 209 210 216 219 222 224 225 228 229 236 237 238 239 240 243 245 246 248 250
119 1211 123 130 138 145 150 151 152 154 155 164 167 169 170 171 173 178 180 181 182 186 188 190 195 197 198 200 207 208 209 219 222 224 225 228 229 236 238 239 243 245 248 250
120 1849
121 2402
122 972
123 1779 130 145 150 152 167 169 173 178 186 188 190 195 198 200 219 224 225 229 239 243 245 248 250
124 1279
125 610
126 800
127 1607
128 1669
129 973
130 556 136 138 139 145 148 150 151 152 154 155 156 164 167 169 170 171 173 174 178 180 181 182 183 184 186 187 188 190 191 192 195 197 198 200 202 207 208 209 219 222 224 225 228 229 236 238 239 240 243 245 246 248 250
131 672
132 1319
133 1312
134 986
135 1202
136 1373 152 167 169 173 186 188 190 200 224 239 245
137 664
138 1145 152 167 169 173 178 186 188 190 200 219 224 229 239 243 245 248 250
139 603 152 167 169 188 190 224 239 245
140 2290
141 1994
142 1542
143 733
144 1038 167 169 188 245
145 2055 150 152 155 167 169 170 171 173 178 181 186 188 190 195 198 200 207 219 224 225 228 229 238 239 243 245 248 250
146 2202
147 1194
148 2154 167 169 188 190 224 239 245
149 1719
150 942 152 155 167 169 170 171 173 178 181 186 188 190 195 198 200 207 219 224 225 228 229 238 239 243 245 248 250
151 627 152 167 169 173 178 186 188 190 200 219 224 229 239 245 248 250
152 843 154 155 156 164 167 169 170 171 173 178 180 181 182 184 186 187 188 190 195 197 198 200 207 208 209 219 222 224 225 228 229 236 238 239 243 245 246 248 250
153 2312
154 1202 167 169 173 178 186 188 190 195 198 200 219 224 229 239 243 245 248 250
155 2227 167 169 173 178 186 188 190 195 198 200 219 224 225 229 239 243 245 248 250
156 1698 167 169 173 188 190 200 224 239 245
157 1947
158 2032
159 1165
160 2469
161 2430
162 2311
163 754
164 602 167 169 173 178 186 188 190 195 198 200 219 224 229 239 243 245 248 250
165 887
166 569
167 1218 169 170 171 173 174 178 180 181 182 183 184 186 187 188 190 191 192 195 197 198 200 202 203 207 208 209 210 216 219 222 224 225 228 229 236 238 239 240 243 245 246 248 250
168 1111
169 1225 170 171 173 174 178 180 181 182 183 184 186 187 188 190 191 192 195 197 198 200 202 203 207 208 209 210 216 219 222 224 225 228 229 236 238 239 240 243 245 246 248 250
170 941 173 178 186 188 190 195 198 200 219 224 229 239 243 245 248 250
171 1494 173 178 186 188 190 195 198 200 219 224 225 229 239 243 245 248 250
172 558
173 1805 178 180 181 182 186 188 190 195 197 198 200 207 208 209 219 222 224 225 228 229 236 238 239 243 245 248 250
174 2007 188 190 239 245
175 1820
176 1227
177 1103
178 1265 180 181 186 188 190 195 197 198 200 207 208 209 219 222 224 225 228 229 236 238 239 243 245 248 250
179 1834
180 1540 186 188 190 200 219 224 229 239 243 245 248 250
181 2205 186 188 190 195 198 200 219 224 225 229 239 243 245 248 250
182 1211 186 188 190 200 224 229 239 245 248 250
183 627 188 190 239 245
184 2329 188 190 224 239 245
185 1552
186 723 188 190 195 197 198 200 207 208 209 219 222 224 225 228 229 236 238 239 243 245 248 250
187 1617 188 190 224 239 245
188 2168 190 191 192 195 197 198 200 202 203 207 208 209 210 216 219 222 224 225 228 229 236 237 238 239 240 243 245 246 248 250
189 2312
190 894 191 192 195 197 198 200 202 203 207 208 209 219 222 224 225 228 229 236 238 239 240 243 245 246 248 250
191 655 239 245
192 765 239 245
193 2490
194 1773
195 873 198 200 207 209 219 224 225 228 229 236 238 239 243 245 248 250
196 1773
197 1011 200 219 224 229 239 243 245 248 250
198 801 200 207 209 219 224 225 228 229 236 238 239 243 245 248 250
199 1476
200 511 207 208 209 219 222 224 225 228 229 236 238 239 243 245 248 250
201 2154
202 608 239 245
203 2032 239 245
204 629
205 2459
206 1531
207 1792 219 224 225 229 239 243 245 248 250
208 2441 219 224 229 239 243 245 248 250
209 983 219 224 229 239 243 245 248 250
210 2018 245
211 539
212 1270
213 1548
214 1739
215 1922
216 2341
217 713
218 1955
219 2139 222 224 225 228 229 236 238 239 243 245 248 250
220 1535
221 1339
222 715 224 229 239 245 248 250
223 956
224 833 225 228 229 236 238 239 243 245 246 248 250
225 754 228 229 238 239 243 245 248 250
226 896
227 2060
228 1767 229 239 243 245 248 250
229 2075 236 238 239 243 245 248 250
230 578
231 1037
232 1166
233 1867
234 1552
235 682
236 2273 239 243 245 248 250
237 2055
238 697 239 243 245 248 250
239 1098 240 243 245 246 248 250
240 2291 245
241 955
242 1853
243 1775 245 248 250
244 628
245 2254 246 248 250
246 1456
247 1694
248 2459 250
249 1202
250 2082
