500 10000
1 1299 7 9 10 17 30 39 54 110 112 126 141 181 187 193 197 208 218 219 248 258 260 262 290 301 312 313 329 338 355 357 396 400 478 484
2 1654
3 1662
4 1556
5 1399
6 1364
7 1196 9 10 17 23 30 34 35 39 41 54 60 69 72 84 87 89 110 112 117 124 126 132 141 146 148 155 159 169 178 181 187 193 194 197 206 208 209 213 218 219 223 226 242 248 254 258 260 262 269 270 271 290 293 301 305 312 313 320 326 328 329 335 338 340 346 355 357 358 379 381 382 391 392 396 400 410 412 421 428 432 433 442 452 462 470 478 481 484 495
8 1112
9 546 10 17 23 28 30 34 35 39 41 52 54 60 69 72 84 87 89 110 112 117 124 126 132 141 145 146 148 155 159 169 178 181 187 193 194 197 206 208 209 213 218 219 223 224 226 237 242 248 253 254 258 260 262 266 269 270 271 290 292 293 301 305 312 313 320 326 328 329 333 335 338 340 346 355 357 358 379 381 382 391 392 396 399 400 408 410 412 421 428 432 433 442 452 462 470 478 481 484 495
10 1857 17 23 30 34 35 39 41 54 60 110 112 126 132 141 148 155 169 181 187 193 194 197 206 208 218 219 223 226 242 248 258 260 262 269 271 290 301 305 312 313 328 329 338 340 355 357 358 379 381 382 396 400 410 412 421 428 433 470 478 481 484 495
11 755
12 2117
13 1950
14 902
15 1864
16 636
17 2347 23 30 34 35 39 41 54 60 69 72 84 89 110 112 117 126 132 141 148 155 169 178 181 187 193 194 197 206 208 213 218 219 223 226 242 248 258 260 262 269 271 290 293 301 305 312 313 320 328 329 335 338 340 355 357 358 379 381 382 392 396 400 410 412 421 428 432 433 442 452 470 478 481 484 495
18 2344
19 528
20 1493
21 1344
22 2331
23 772 30 34 35 39 41 54 110 112 126 132 141 148 155 169 181 187 193 194 197 206 208 218 219 223 226 242 248 258 260 262 269 271 290 301 305 312 313 328 329 338 340 355 357 358 379 381 382 396 400 410 412 421 428 433 470 478 481 484 495
24 1855
25 2021
26 895
27 2028
28 603 54 110 126 141 181 187 193 197 218 219 258 290 313 329 338 355 400 484
29 2492
30 2264 34 35 39 41 54 60 89 110 112 117 126 132 141 148 155 169 181 187 193 194 197 206 208 218 219 223 226 242 248 258 260 262 269 271 290 293 301 305 312 313 328 329 338 340 355 357 358 379 381 382 396 400 410 412 421 428 433 470 478 481 484 495
31 1344
32 962
33 1432
34 1850 35 39 54 110 112 126 132 141 148 169 181 187 193 194 197 206 208 218 219 242 248 258 260 262 271 290 301 305 312 313 328 329 338 340 355 357 358 381 382 396 400 410 412 421 428 433 470 478 481 484
35 1583 39 41 54 110 112 126 132 141 148 155 169 181 187 193 194 197 206 208 218 219 223 226 242 248 258 260 262 269 271 290 301 305 312 313 328 329 338 340 355 357 358 379 381 382 396 400 410 412 421 428 433 470 478 481 484 495
36 1437
37 1770
38 1838
39 1699 41 54 60 69 72 84 89 110 112 117 126 132 141 148 155 169 181 187 193 194 197 206 208 218 219 223 226 242 248 258 260 262 269 271 290 293 301 305 312 313 320 328 329 335 338 340 355 357 358 379 381 382 392 396 400 410 412 421 428 432 433 442 452 470 478 481 484 495
40 664
41 2198 54 110 112 126 141 181 187 193 197 208 218 219 248 258 260 262 290 301 312 313 329 338 355 357 396 400 410 428 470 478 484
42 1100
43 1210
44 2486
45 1328
46 2423
47 1294
48 866
49 969
50 1906
51 1364
52 2134 110 126 141 181 193 197 218 258 290 484
53 664
54 531 60 69 72 84 87 89 110 112 117 124 126 132 141 146 148 155 159 169 178 181 187 193 194 197 206 208 209 213 218 219 223 226 242 248 253 254 258 260 262 269 270 271 290 293 301 305 312 313 320 326 328 329 335 338 340 346 355 357 358 379 381 382 391 392 396 400 410 412 421 428 432 433 442 452 462 470 478 481 484 495
55 1220
56 811
57 1063
58 1544
59 1179
60 1438 110 112 126 141 181 187 193 197 208 218 219 248 258 260 262 290 301 312 313 329 338 355 357 396 400 478 484
61 1109
62 875
63 2052
64 1057
65 1368
66 519
67 1242
68 1209
69 1871 110 126 141 181 187 193 197 218 219 248 258 290 301 312 313 329 338 355 357 400 478 484
70 2000
71 1783
72 2380 110 126 141 181 187 193 197 218 219 248 258 290 301 312 313 329 338 355 357 400 478 484
73 828
74 1939
75 1252
76 2473
77 2339
78 1334
79 801
80 2265
81 638
82 2500
83 1286
84 1001 110 126 141 181 187 193 197 208 218 219 248 258 260 290 301 312 313 329 338 355 357 400 478 484
85 2019
86 934
87 942 110 126 141 181 187 193 197 218 219 248 258 290 312 313 329 338 355 357 400 484
88 2079
89 1468 110 126 141 181 187 193 197 208 218 219 248 258 260 290 301 312 313 329 338 355 357 396 400 478 484
90 639
91 774
92 1609
93 2398
94 654
95 687
96 883
97 1890
98 950
99 1530
100 1688
101 2327
102 1909
103 605
104 723
105 2164
106 1118
107 2074
108 1264
109 971
110 1248 112 117 124 126 132 141 145 146 148 155 159 169 178 181 187 193 194 197 206 208 209 213 218 219 223 226 237 242 248 253 254 258 260 262 266 269 270 271 290 293 301 305 312 313 320 326 328 329 335 338 340 346 355 357 358 379 381 382 391 392 396 399 400 410 412 421 428 432 433 442 452 462 470 478 481 484 495
111 942
112 1255 126 132 141 148 155 169 181 187 193 194 197 206 208 218 219 223 226 242 248 258 260 262 269 271 290 293 301 305 312 313 328 329 338 340 355 357 358 379 381 382 396 400 410 412 421 428 433 470 478 481 484 495
113 1619
114 1818
115 893
116 2103
117 826 126 141 181 187 193 197 208 218 219 248 258 260 290 301 312 313 329 338 355 357 396 400 478 484
118 940
119 597
120 1848
121 2146
122 1598
123 1574
124 919 126 141 181 187 193 197 218 219 248 258 290 301 312 313 329 338 355 357 400 484
125 1106
126 1706 132 141 145 146 148 155 159 169 178 181 187 193 194 197 206 208 209 213 218 219 223 224 226 237 242 248 253 254 258 260 262 266 269 270 271 290 292 293 301 305 312 313 320 326 328 329 333 335 338 340 346 355 357 358 379 381 382 391 392 396 399 400 408 410 412 421 428 432 433 436 437 442 452 462 470 478 481 484 485 495
127 1343
128 608
129 1247
130 743
131 1102
132 1039 141 148 155 169 181 187 193 194 197 206 208 218 219 242 248 258 260 262 271 290 301 305 312 313 328 329 338 340 355 357 358 381 382 396 400 410 412 421 428 433 470 478 481 484 495
133 2496
134 1047
135 2243
136 1955
137 2308
138 1225
139 1412
140 664
141 2310 145 146 148 155 159 169 178 181 187 193 194 197 206 208 209 213 218 219 223 224 226 237 242 248 253 254 258 260 262 266 269 270 271 290 292 293 301 305 312 313 320 326 328 329 335 338 340 346 355 357 358 379 381 382 391 392 396 399 400 410 412 421 428 432 433 442 452 462 470 478 481 484 495
142 1188
143 1084
144 804
145 871 181 187 193 197 218 258 290 329 484
146 1715 181 187 193 197 218 219 248 258 290 301 312 313 329 338 355 357 400 484
147 794
148 2248 169 181 187 193 194 197 208 218 219 242 248 258 260 262 290 301 305 312 313 328 329 338 340 355 357 396 400 410 412 421 428 433 470 478 484
149 1801
150 1847
151 1342
152 597
153 1328
154 2245
155 2451 169 181 187 193 194 197 208 218 219 242 248 258 260 262 290 301 312 313 329 338 340 355 357 396 400 410 421 428 433 470 478 484
156 2261
157 1597
158 1879
159 2341 181 187 193 197 218 219 248 258 290 312 313 329 338 355 357 400 484
160 1525
161 518
162 538
163 981
164 1647
165 521
166 1298
167 1589
168 1124
169 2016 181 187 193 194 197 206 208 218 219 242 248 258 260 262 271 290 301 305 312 313 328 329 338 340 355 357 358 381 382 396 400 410 412 421 428 433 470 478 481 484 495
170 606
171 1018
172 896
173 2076
174 2078
175 2436
176 610
177 844
178 2135 181 187 193 197 218 219 248 258 290 301 312 313 329 338 355 357 400 484
179 704
180 863
181 1120 187 193 194 197 206 208 209 213 218 219 223 226 237 242 248 253 254 258 260 262 266 269 270 271 290 293 301 305 312 313 320 326 328 329 335 338 340 346 355 357 358 379 381 382 391 392 396 399 400 410 412 421 428 432 433 442 452 462 470 478 481 484 495
182 1134
183 1803
184 2117
185 1100
186 2144
187 1331 193 194 197 206 208 209 213 218 219 223 226 237 242 248 253 254 258 260 262 266 269 270 271 290 293 301 305 312 313 320 326 328 329 335 338 340 346 355 357 358 379 381 382 391 392 396 399 400 410 412 421 428 432 433 442 452 462 470 478 481 484 495
188 1642
189 2264
190 1267
191 1355
192 1424
193 740 194 197 206 208 209 213 218 219 223 224 226 237 242 248 253 254 258 260 262 266 269 270 271 290 292 293 301 305 312 313 320 326 328 329 333 335 338 340 346 355 357 358 379 381 382 391 392 396 399 400 408 410 412 421 428 432 433 442 452 462 470 478 481 484 485 495
194 1002 197 206 208 218 219 242 248 258 260 262 271 290 301 305 312 313 328 329 338 340 355 357 358 381 382 396 400 410 412 421 428 433 470 478 481 484 495
195 1381
196 722
197 1129 206 208 209 213 218 219 223 224 226 237 242 248 253 254 258 260 262 266 269 270 271 290 292 293 301 305 312 313 320 326 328 329 333 335 338 340 346 355 357 358 379 381 382 391 392 396 399 400 408 410 412 421 428 432 433 442 452 462 470 478 481 484 495
198 1854
199 1537
200 2071
201 2040
202 1450
203 716
204 1821
205 2213
206 2119 208 218 219 242 248 258 260 262 290 301 305 312 313 329 338 340 355 357 396 400 410 412 421 428 433 470 478 484
207 632
208 1406 218 219 223 226 242 248 258 260 262 269 271 290 293 301 305 312 313 328 329 335 338 340 355 357 358 379 381 382 396 400 410 412 421 428 433 470 478 481 484 495
209 1925 218 219 248 258 290 312 313 329 338 355 357 400 484
210 529
211 2438
212 1568
213 2390 218 219 248 258 290 301 312 313 329 338 355 357 400 484
214 2224
215 1879
216 1022
217 2023
218 819 219 223 224 226 237 242 248 253 254 258 260 262 266 269 270 271 290 292 293 301 305 312 313 320 326 328 329 333 335 338 340 346 355 357 358 379 381 382 391 392 396 399 400 408 410 412 421 428 432 433 436 437 442 452 462 470 478 481 484 485 495
219 1279 223 226 242 248 253 254 258 260 262 269 270 271 290 293 301 305 312 313 320 326 328 329 335 338 340 346 355 357 358 379 381 382 391 392 396 400 410 412 421 428 432 433 442 452 462 470 478 481 484 495
220 631
221 2161
222 2226
223 2316 248 258 260 262 290 301 312 313 329 338 340 355 357 396 400 410 421 428 470 478 484
224 1214 290
225 720
226 2099 248 258 260 262 290 301 312 313 329 338 355 357 396 400 410 428 470 478 484
227 1576
228 2000
229 1888
230 1963
231 1240
232 919
233 1576
234 1753
235 1810
236 1144
237 1324 258 290 329 484
238 1580
239 1399
240 1936
241 1051
242 2001 248 258 260 262 271 290 301 305 312 313 328 329 338 340 355 357 358 381 382 396 400 410 412 421 428 433 470 478 481 484 495
243 2328
244 1260
245 1818
246 1844
247 1130
248 1911 254 258 260 262 269 270 271 290 293 301 305 312 313 320 326 328 329 335 338 340 346 355 357 358 379 381 382 391 392 396 400 410 412 421 428 432 433 442 452 462 470 478 481 484 495
249 2402
250 1411
251 1562
252 2134
253 1413 258 290 313 329 338 355 400 484
254 1585 258 290 312 313 329 338 355 357 400 484
255 2495
256 1567
257 502
258 1275 260 262 266 269 270 271 290 293 301 305 312 313 320 326 328 329 335 338 340 346 355 357 358 379 381 382 391 392 396 399 400 410 412 421 428 432 433 442 452 462 470 478 481 484 495
259 1098
260 1293 262 269 271 290 293 301 305 312 313 328 329 335 338 340 355 357 358 379 381 382 396 400 410 412 421 428 432 433 452 470 478 481 484 495
261 1333
262 1488 269 271 290 293 301 305 312 313 328 329 338 340 355 357 358 379 381 382 396 400 410 412 421 428 433 470 478 481 484 495
263 2302
264 1442
265 1023
266 1230 290 329 338 484
267 818
268 1298
269 726 290 301 312 313 329 338 355 357 396 400 410 428 470 478 484
270 1537 290 312 313 329 338 355 357 400 484
271 675 290 301 305 312 313 329 338 340 355 357 396 400 410 412 421 428 433 470 478 484
272 2108
273 1444
274 2255
275 1915
276 826
277 1435
278 2141
279 968
280 786
281 542
282 1751
283 1365
284 1704
285 1486
286 724
287 1361
288 1593
289 620
290 2429 292 293 301 305 312 313 320 326 328 329 333 335 338 340 346 355 357 358 379 381 382 391 392 396 399 400 408 410 412 421 428 432 433 437 442 452 462 470 478 481 484 485 495
291 1440
292 1118
293 541 301 312 313 329 338 355 357 396 400 478 484
294 1395
295 1880
296 1263
297 867
298 623
299 1588
300 736
301 2288 305 312 313 320 326 328 329 335 338 340 355 357 358 379 381 382 392 396 400 410 412 421 428 432 433 442 452 462 470 478 481 484 495
302 1655
303 1379
304 1311
305 2488 312 313 328 329 338 340 355 357 358 381 382 396 400 410 412 421 428 433 470 478 481 484
306 546
307 1460
308 508
309 2014
310 2023
311 2206
312 1159 313 320 326 328 329 335 338 340 346 355 357 358 379 381 382 391 392 396 400 410 412 421 428 432 433 442 452 462 470 478 481 484 495
313 1633 320 326 328 329 335 338 340 346 355 357 358 379 381 382 391 392 396 400 410 412 421 428 432 433 442 452 462 470 478 481 484 495
314 549
315 2405
316 1345
317 2348
318 632
319 2226
320 1129 329 338 355 357 400 478 484
321 533
322 979
323 2063
324 2121
325 1633
326 1720 329 338 355 357 400 484
327 1810
328 1351 329 338 340 355 357 382 396 400 410 412 421 428 433 470 478 484
329 871 335 338 340 346 355 357 358 379 381 382 391 392 396 399 400 410 412 421 428 432 433 442 452 462 470 478 481 484 495
330 1019
331 1455
332 2393
333 1686
334 606
335 646 338 355 357 400 478 484
336 699
337 2439
338 2456 340 346 355 357 358 379 381 382 391 392 396 399 400 410 412 421 428 432 433 442 452 462 470 478 481 484 495
339 1542
340 1598 355 357 358 381 382 396 400 410 412 421 428 433 470 478 481 484 495
341 1417
342 1505
343 957
344 528
345 630
346 1247 355 357 400 484
347 1149
348 1539
349 1036
350 726
351 2206
352 699
353 1942
354 2013
355 1432 357 358 379 381 382 391 392 396 400 410 412 421 428 432 433 442 452 462 470 478 481 484 495
356 1148
357 2472 358 379 381 382 391 392 396 400 410 412 421 428 432 433 442 452 462 470 478 481 484 495
358 562 396 400 410 412 421 428 433 470 478 484
359 2120
360 1221
361 2095
362 1779
363 1479
364 1768
365 1431
366 2053
367 1962
368 2051
369 737
370 827
371 889
372 2147
373 1268
374 1662
375 1557
376 773
377 1169
378 1690
379 2140 396 400 410 421 428 470 478 484
380 1702
381 1788 396 400 410 412 421 428 433 470 478 484
382 2092 396 400 410 412 421 428 433 470 478 484
383 779
384 2152
385 1029
386 2201
387 1525
388 1945
389 1356
390 600
391 2471 400 484
392 1596 400 478 484
393 2282
394 1399
395 1805
396 1847 400 410 412 421 428 433 470 478 481 484 495
397 521
398 1625
399 2256 484
400 1822 410 412 421 428 432 433 442 452 462 470 478 481 484 495
401 932
402 2479
403 1655
404 1101
405 611
406 602
407 1249
408 1030
409 1937
410 631 412 421 428 433 470 478 481 484 495
411 1719
412 2233 421 428 433 470 478 481 484
413 1133
414 1754
415 1899
416 521
417 1923
418 1231
419 2406
420 1200
421 1568 428 433 470 478 481 484 495
422 1528
423 1119
424 1323
425 1818
426 1427
427 2433
428 624 433 470 478 481 484 495
429 2348
430 2366
431 884
432 951 478 484
433 1280 470 478 481 484 495
434 1658
435 1017
436 1869
437 1038
438 1401
439 511
440 783
441 1486
442 1331 478 484
443 1627
444 1607
445 2202
446 2290
447 972
448 1097
449 2091
450 648
451 2365
452 2480 478 484
453 1594
454 731
455 1372
456 1065
457 553
458 1452
459 1511
460 2014
461 1216
462 1493 484
463 968
464 1912
465 1068
466 1295
467 2492
468 2329
469 2472
470 1465 478 481 484 495
471 1894
472 2129
473 2347
474 1021
475 2297
476 803
477 2089
478 2470 481 484 495
479 1438
480 1197
481 1766 484
482 771
483 898
484 1145 495
485 1510
486 1586
487 561
488 927
489 1032
490 2161
491 1320
492 1169
493 655
494 1131
495 1661
496 1128
497 592
498 2412
499 615
500 1031
