120 10000
1 2481
2 833 6 7 12 14 16 26 31 33 34 38 40 43 47 52 58 61 62 64 71 72 78 85 87 89 90 93 100 104 105 107 113 115 116
3 1717
4 1765
5 2256
6 1048 7 12 14 16 26 31 33 34 38 40 43 47 52 58 61 62 64 65 67 68 70 71 72 78 82 85 87 89 90 93 100 102 104 105 107 112 113 115 116 119
7 1122 16 26 31 33 34 38 40 43 47 52 58 61 62 71 72 85 90 93 104 105 107 113 115 116
8 1659
9 936
10 2323
11 1109
12 645 16 38 40 61 62 72 85 90 93 104 105 107 115
13 1370
14 516 16 34 38 40 43 58 61 62 71 72 85 90 93 104 105 107 115
15 1974
16 1514 26 31 33 34 38 40 43 47 52 58 61 62 64 71 72 78 85 87 90 93 100 104 105 107 113 115 116
17 1300
18 2018
19 1322
20 1876
21 1413
22 2204
23 1092
24 1190
25 2293
26 2245 34 38 40 43 58 61 62 71 72 85 90 93 104 105 107 115
27 1579
28 1776
29 1761
30 633
31 1190 33 34 38 40 43 47 52 58 61 62 71 72 85 90 93 104 105 107 115 116
32 2199
33 963 34 38 40 43 47 52 58 61 62 71 72 85 90 93 104 105 107 115 116
34 1122 38 40 43 47 52 58 61 62 64 71 72 78 85 90 93 104 105 107 113 115 116
35 1741
36 1293
37 747
38 633 40 43 47 52 58 61 62 64 65 67 68 70 71 72 78 82 85 87 89 90 93 100 102 104 105 107 112 113 115 116 119
39 2137
40 1396 43 47 52 58 61 62 64 71 72 78 85 87 90 93 104 105 107 113 115 116
41 2273
42 1984
43 1511 47 52 58 61 62 64 71 72 78 85 90 93 104 105 107 113 115 116
44 2185
45 868
46 1161
47 2022 52 58 61 62 71 72 85 90 93 104 105 107 115 116
48 2352
49 1890
50 1072
51 2460
52 1680 58 61 62 71 72 85 90 93 104 105 107 115 116
53 1618
54 713
55 1317
56 1359
57 1776
58 1929 61 62 64 71 72 85 90 93 104 105 107 113 115 116
59 2005
60 1518
61 1872 62 64 65 67 68 70 71 72 78 82 85 87 89 90 93 100 102 104 105 107 112 113 115 116 119
62 1414 64 67 68 71 72 78 82 85 87 89 90 93 100 102 104 105 107 113 115 116
63 2100
64 909 71 72 85 90 93 104 105 107 115
65 1370 85 90 93 105
66 2049
67 2097 72 85 90 93 105
68 1968 72 85 90 93 105
69 901
70 2240 85 90 93 105
71 622 72 78 85 90 93 104 105 107 113 115 116
72 1551 78 82 85 87 89 90 93 100 102 104 105 107 112 113 115 116
73 1615
74 1529
75 700
76 604
77 1655
78 933 85 90 93 104 105 107 115
79 1902
80 2028
81 2485
82 786 85 90 93 105
83 943
84 1864
85 1527 87 89 90 93 100 102 104 105 107 112 113 115 116 119
86 1999
87 2117 90 93 105 107 115
88 2252
89 715 90 93 105 107 115
90 2191 93 100 102 104 105 107 112 113 115 116 119
91 2118
92 1075
93 1647 100 102 104 105 107 112 113 115 116 119
94 1214
95 1302
96 1051
97 1906
98 1526
99 990
100 812 105 107 115
101 1810
102 1901 105
103 1852
104 1728 105 107 113 115 116
105 1452 107 112 113 115 116 119
106 2342
107 2354 113 115 116
108 919
109 1211
110 1024
111 675
112 2373
113 2035 115
114 1945
115 1670 116
116 876
117 2479
118 1419
119 791
120 623
