120 10000
1 1031 4 5 11 16 19 25 27 35 38 39 41 43 47 50 55 58 59 62 65 68 69 70 71 72 76 78 80 81 84 87 88 90 92 95 96 97 98 99 104 106 107 108 109 110 111 112 113 114 120
2 1397 4 5 11 16 19 25 27 34 35 38 39 41 43 44 47 50 51 55 57 58 59 60 62 65 68 69 70 71 72 76 77 78 80 81 82 84 87 88 90 92 94 95 96 97 98 99 103 104 106 107 108 109 110 111 112 113 114 120
3 1669 4 5 6 7 8 10 11 13 15 16 17 18 19 20 21 22 23 24 25 26 27 28 29 31 33 34 35 37 38 39 40 41 42 43 44 46 47 48 50 51 52 53 54 55 56 57 58 59 60 62 65 66 67 68 69 70 71 72 73 74 75 76 77 78 79 80 81 82 84 85 86 87 88 89 90 92 94 95 96 97 98 99 101 103 104 105 106 107 108 109 110 111 112 113 114 116 117 118 119 120
4 1194 5 6 7 8 9 10 11 12 13 14 15 16 17 18 19 20 21 22 23 24 25 26 27 28 29 30 31 32 33 34 35 36 37 38 39 40 41 42 43 44 45 46 47 48 49 50 51 52 53 54 55 56 57 58 59 60 61 62 63 64 65 66 67 68 69 70 71 72 73 74 75 76 77 78 79 80 81 82 83 84 85 86 87 88 89 90 91 92 93 94 95 96 97 98 99 100 101 102 103 104 105 106 107 108 109 110 111 112 113 114 115 116 117 118 119 120
5 1257 6 7 8 9 10 11 12 13 14 15 16 17 18 19 20 21 22 23 24 25 26 27 28 29 30 31 32 33 34 35 36 37 38 39 40 41 42 43 44 45 46 47 48 49 50 51 52 53 54 55 56 57 58 59 60 61 62 63 64 65 66 67 68 69 70 71 72 73 74 75 76 77 78 79 80 81 82 83 84 85 86 87 88 89 90 91 92 93 94 95 96 97 98 99 100 101 102 103 104 105 106 107 108 109 110 111 112 113 114 115 116 117 118 119 120
6 2272 7 8 9 10 11 13 15 16 17 18 19 20 21 22 23 24 25 26 27 28 29 31 33 34 35 37 38 39 40 41 42 43 44 45 46 47 48 50 51 52 53 54 55 56 57 58 59 60 61 62 65 66 67 68 69 70 71 72 73 74 75 76 77 78 79 80 81 82 84 85 86 87 88 89 90 92 94 95 96 97 98 99 101 103 104 105 106 107 108 109 110 111 112 113 114 116 117 118 119 120
7 1305 11 13 16 18 19 20 25 26 27 29 34 35 38 39 41 42 43 44 47 50 51 55 57 58 59 60 62 65 66 68 69 70 71 72 74 76 77 78 80 81 82 84 87 88 89 90 92 94 95 96 97 98 99 101 103 104 105 106 107 108 109 110 111 112 113 114 118 119 120
8 924 11 16 19 25 26 27 34 35 38 39 41 43 44 47 50 51 55 57 58 59 60 62 65 68 69 70 71 72 76 77 78 80 81 82 84 87 88 90 92 94 95 96 97 98 99 101 103 104 105 106 107 108 109 110 111 112 113 114 119 120
9 1742 11 16 19 25 27 34 35 38 39 41 43 44 47 50 51 55 57 58 59 60 62 65 68 69 70 71 72 76 77 78 80 81 82 84 87 88 90 92 94 95 96 97 98 99 101 103 104 105 106 107 108 109 110 111 112 113 114 119 120
10 1600 11 13 16 18 19 20 21 25 26 27 29 33 34 35 38 39 41 42 43 44 47 50 51 55 56 57 58 59 60 62 65 66 68 69 70 71 72 74 75 76 77 78 80 81 82 84 87 88 89 90 92 94 95 96 97 98 99 101 103 104 105 106 107 108 109 110 111 112 113 114 118 119 120
11 695 12 13 14 15 16 17 18 19 20 21 22 23 24 25 26 27 28 29 30 31 32 33 34 35 36 37 38 39 40 41 42 43 44 45 46 47 48 49 50 51 52 53 54 55 56 57 58 59 60 61 62 63 64 65 66 67 68 69 70 71 72 73 74 75 76 77 78 79 80 81 82 83 84 85 86 87 88 89 90 91 92 93 94 95 96 97 98 99 100 101 102 103 104 105 106 107 108 109 110 111 112 113 114 115 116 117 118 119 120
12 1914 16 19 25 27 35 38 39 41 43 47 50 55 58 59 62 65 69 70 71 72 76 78 80 81 84 87 88 90 92 95 96 97 98 99 104 106 107 108 109 110 111 112 113 114 120
13 2254 15 16 18 19 20 21 22 23 24 25 26 27 28 29 31 33 34 35 37 38 39 40 41 42 43 44 47 48 50 51 52 53 54 55 56 57 58 59 60 62 65 66 67 68 69 70 71 72 73 74 75 76 77 78 79 80 81 82 84 85 86 87 88 89 90 92 94 95 96 97 98 99 101 103 104 105 106 107 108 109 110 111 112 113 114 116 117 118 119 120
14 2336 16 19 25 27 34 35 38 39 41 43 44 47 50 55 57 58 59 60 62 65 68 69 70 71 72 76 77 78 80 81 84 87 88 90 92 94 95 96 97 98 99 103 104 106 107 108 109 110 111 112 113 114 120
15 1360 16 18 19 20 25 26 27 29 33 34 35 38 39 41 42 43 44 47 50 51 55 56 57 58 59 60 62 65 66 68 69 70 71 72 74 75 76 77 78 80 81 82 84 87 88 89 90 92 94 95 96 97 98 99 101 103 104 105 106 107 108 109 110 111 112 113 114 118 119 120
16 2145 17 18 19 20 21 22 23 24 25 26 27 28 29 30 31 32 33 34 35 36 37 38 39 40 41 42 43 44 45 46 47 48 49 50 51 52 53 54 55 56 57 58 59 60 61 62 63 64 65 66 67 68 69 70 71 72 73 74 75 76 77 78 79 80 81 82 83 84 85 86 87 88 89 90 91 92 93 94 95 96 97 98 99 100 101 102 103 104 105 106 107 108 109 110 111 112 113 114 115 116 117 118 119 120
17 2085 19 25 26 27 34 35 38 39 41 43 44 47 50 51 55 57 58 59 60 62 65 68 69 70 71 72 76 77 78 80 81 82 84 87 88 90 92 94 95 96 97 98 99 101 103 104 105 106 107 108 109 110 111 112 113 114 119 120
18 1854 19 20 21 22 23 24 25 26 27 29 31 33 34 35 37 38 39 40 41 42 43 44 47 48 50 51 52 54 55 56 57 58 59 60 62 65 66 68 69 70 71 72 73 74 75 76 77 78 80 81 82 84 85 87 88 89 90 92 94 95 96 97 98 99 101 103 104 105 106 107 108 109 110 111 112 113 114 117 118 119 120
19 2360 20 21 22 23 24 25 26 27 28 29 30 31 32 33 34 35 36 37 38 39 40 41 42 43 44 45 46 47 48 49 50 51 52 53 54 55 56 57 58 59 60 61 62 63 64 65 66 67 68 69 70 71 72 73 74 75 76 77 78 79 80 81 82 83 84 85 86 87 88 89 90 91 92 93 94 95 96 97 98 99 100 101 102 103 104 105 106 107 108 109 110 111 112 113 114 115 116 117 118 119 120
20 2401 21 22 23 24 25 26 27 28 29 31 33 34 35 37 38 39 40 41 42 43 44 47 48 50 51 52 53 54 55 56 57 58 59 60 62 65 66 67 68 69 70 71 72 73 74 75 76 77 78 79 80 81 82 84 85 86 87 88 89 90 92 94 95 96 97 98 99 101 103 104 105 106 107 108 109 110 111 112 113 114 116 117 118 119 120
21 1487 25 26 27 29 33 34 35 38 39 40 41 42 43 44 47 50 51 55 56 57 58 59 60 62 65 66 68 69 70 71 72 74 75 76 77 78 80 81 82 84 87 88 89 90 92 94 95 96 97 98 99 101 103 104 105 106 107 108 109 110 111 112 113 114 118 119 120
22 732 25 26 27 29 33 34 35 38 39 41 42 43 44 47 50 51 55 56 57 58 59 60 62 65 66 68 69 70 71 72 74 75 76 77 78 80 81 82 84 87 88 89 90 92 94 95 96 97 98 99 101 103 104 105 106 107 108 109 110 111 112 113 114 118 119 120
23 2044 25 26 27 29 34 35 38 39 41 42 43 44 47 50 51 55 57 58 59 60 62 65 66 68 69 70 71 72 76 77 78 80 81 82 84 87 88 89 90 92 94 95 96 97 98 99 101 103 104 105 106 107 108 109 110 111 112 113 114 118 119 120
24 894 25 26 27 29 33 34 35 38 39 41 42 43 44 47 50 51 55 56 57 58 59 60 62 65 66 68 69 70 71 72 74 75 76 77 78 80 81 82 84 87 88 89 90 92 94 95 96 97 98 99 101 103 104 105 106 107 108 109 110 111 112 113 114 118 119 120
25 980 26 27 28 29 30 31 32 33 34 35 36 37 38 39 40 41 42 43 44 45 46 47 48 49 50 51 52 53 54 55 56 57 58 59 60 61 62 63 64 65 66 67 68 69 70 71 72 73 74 75 76 77 78 79 80 81 82 83 84 85 86 87 88 89 90 91 92 93 94 95 96 97 98 99 100 101 102 103 104 105 106 107 108 109 110 111 112 113 114 115 116 117 118 119 120
26 646 27 28 29 31 33 34 35 37 38 39 40 41 42 43 44 46 47 48 50 51 52 53 54 55 56 57 58 59 60 62 65 66 67 68 69 70 71 72 73 74 75 76 77 78 79 80 81 82 84 85 86 87 88 89 90 92 94 95 96 97 98 99 101 103 104 105 106 107 108 109 110 111 112 113 114 116 117 118 119 120
27 2413 28 29 30 31 32 33 34 35 36 37 38 39 40 41 42 43 44 45 46 47 48 49 50 51 52 53 54 55 56 57 58 59 60 61 62 63 64 65 66 67 68 69 70 71 72 73 74 75 76 77 78 79 80 81 82 83 84 85 86 87 88 89 90 91 92 93 94 95 96 97 98 99 100 101 102 103 104 105 106 107 108 109 110 111 112 113 114 115 116 117 118 119 120
28 678 29 34 35 38 39 41 43 44 47 50 51 55 57 58 59 60 62 65 68 69 70 71 72 76 77 78 80 81 82 84 87 88 89 90 92 94 95 96 97 98 99 101 103 104 105 106 107 108 109 110 111 112 113 114 118 119 120
29 2413 31 33 34 35 37 38 39 40 41 42 43 44 47 48 50 51 52 53 54 55 56 57 58 59 60 62 65 66 67 68 69 70 71 72 73 74 75 76 77 78 80 81 82 84 85 86 87 88 89 90 92 94 95 96 97 98 99 101 103 104 105 106 107 108 109 110 111 112 113 114 117 118 119 120
30 1253 34 35 38 39 41 43 44 47 50 55 58 59 62 65 68 69 70 71 72 76 78 80 81 84 87 88 90 92 94 95 96 97 98 99 103 104 106 107 108 109 110 111 112 113 114 120
31 2315 33 34 35 38 39 41 42 43 44 47 50 51 55 56 57 58 59 60 62 65 66 68 69 70 71 72 74 75 76 77 78 80 81 82 84 87 88 89 90 92 94 95 96 97 98 99 101 103 104 105 106 107 108 109 110 111 112 113 114 118 119 120
32 985 35 38 39 41 43 47 50 55 58 59 62 65 68 69 70 71 72 76 78 80 81 84 87 88 90 92 95 96 97 98 99 104 106 107 108 109 110 111 112 113 114 120
33 1665 34 35 37 38 39 40 41 42 43 44 47 48 50 51 55 56 57 58 59 60 62 65 66 68 69 70 71 72 73 74 75 76 77 78 80 81 82 84 87 88 89 90 92 94 95 96 97 98 99 101 103 104 105 106 107 108 109 110 111 112 113 114 117 118 119 120
34 2179 35 36 37 38 39 40 41 42 43 44 45 46 47 48 50 51 52 53 54 55 56 57 58 59 60 61 62 63 64 65 66 67 68 69 70 71 72 73 74 75 76 77 78 79 80 81 82 83 84 85 86 87 88 89 90 91 92 93 94 95 96 97 98 99 101 102 103 104 105 106 107 108 109 110 111 112 113 114 115 116 117 118 119 120
35 1385 36 37 38 39 40 41 42 43 44 45 46 47 48 49 50 51 52 53 54 55 56 57 58 59 60 61 62 63 64 65 66 67 68 69 70 71 72 73 74 75 76 77 78 79 80 81 82 83 84 85 86 87 88 89 90 91 92 93 94 95 96 97 98 99 100 101 102 103 104 105 106 107 108 109 110 111 112 113 114 115 116 117 118 119 120
36 1872 38 39 41 43 44 47 50 55 58 59 62 65 68 69 70 71 72 76 78 80 81 84 87 88 90 92 94 95 96 97 98 99 103 104 106 107 108 109 110 111 112 113 114 120
37 1718 38 39 41 42 43 44 47 50 51 55 56 57 58 59 60 62 65 66 68 69 70 71 72 74 75 76 77 78 80 81 82 84 87 88 89 90 92 94 95 96 97 98 99 101 103 104 105 106 107 108 109 110 111 112 113 114 118 119 120
38 2202 39 40 41 42 43 44 45 46 47 48 49 50 51 52 53 54 55 56 57 58 59 60 61 62 63 64 65 66 67 68 69 70 71 72 73 74 75 76 77 78 79 80 81 82 83 84 85 86 87 88 89 90 91 92 93 94 95 96 97 98 99 100 101 102 103 104 105 106 107 108 109 110 111 112 113 114 115 116 117 118 119 120
39 1406 40 41 42 43 44 45 46 47 48 49 50 51 52 53 54 55 56 57 58 59 60 61 62 63 64 65 66 67 68 69 70 71 72 73 74 75 76 77 78 79 80 81 82 83 84 85 86 87 88 89 90 91 92 93 94 95 96 97 98 99 100 101 102 103 104 105 106 107 108 109 110 111 112 113 114 115 116 117 118 119 120
40 1768 41 42 43 44 47 50 51 55 56 57 58 59 60 62 65 66 68 69 70 71 72 74 75 76 77 78 80 81 82 84 87 88 89 90 92 94 95 96 97 98 99 101 103 104 105 106 107 108 109 110 111 112 113 114 118 119 120
41 662 42 43 44 45 46 47 48 49 50 51 52 53 54 55 56 57 58 59 60 61 62 63 64 65 66 67 68 69 70 71 72 73 74 75 76 77 78 79 80 81 82 83 84 85 86 87 88 89 90 91 92 93 94 95 96 97 98 99 100 101 102 103 104 105 106 107 108 109 110 111 112 113 114 115 116 117 118 119 120
42 1013 43 44 47 48 50 51 52 54 55 56 57 58 59 60 62 65 66 68 69 70 71 72 73 74 75 76 77 78 80 81 82 84 85 87 88 89 90 92 94 95 96 97 98 99 101 103 104 105 106 107 108 109 110 111 112 113 114 117 118 119 120
43 2349 44 45 46 47 48 49 50 51 52 53 54 55 56 57 58 59 60 61 62 63 64 65 66 67 68 69 70 71 72 73 74 75 76 77 78 79 80 81 82 83 84 85 86 87 88 89 90 91 92 93 94 95 96 97 98 99 100 101 102 103 104 105 106 107 108 109 110 111 112 113 114 115 116 117 118 119 120
44 729 45 46 47 48 50 51 52 53 54 55 56 57 58 59 60 61 62 63 64 65 66 67 68 69 70 71 72 73 74 75 76 77 78 79 80 81 82 83 84 85 86 87 88 89 90 91 92 93 94 95 96 97 98 99 101 102 103 104 105 106 107 108 109 110 111 112 113 114 115 116 117 118 119 120
45 1010 47 50 51 55 57 58 59 60 62 65 68 69 70 71 72 76 77 78 80 81 82 84 87 88 90 92 94 95 96 97 98 99 101 103 104 105 106 107 108 109 110 111 112 113 114 120
46 2080 47 50 51 55 57 58 59 60 62 65 68 69 70 71 72 76 77 78 80 81 82 84 87 88 90 92 94 95 96 97 98 99 101 103 104 105 106 107 108 109 110 111 112 113 114 119 120
47 523 48 49 50 51 52 53 54 55 56 57 58 59 60 61 62 63 64 65 66 67 68 69 70 71 72 73 74 75 76 77 78 79 80 81 82 83 84 85 86 87 88 89 90 91 92 93 94 95 96 97 98 99 100 101 102 103 104 105 106 107 108 109 110 111 112 113 114 115 116 117 118 119 120
48 578 50 51 55 56 57 58 59 60 62 65 66 68 69 70 71 72 74 75 76 77 78 80 81 82 84 87 88 89 90 92 94 95 96 97 98 99 101 103 104 105 106 107 108 109 110 111 112 113 114 118 119 120
49 1165 50 55 58 59 62 65 68 69 70 71 72 76 78 80 81 84 87 88 90 92 95 96 97 98 99 104 106 107 108 109 110 111 112 113 114 120
50 744 51 52 53 54 55 56 57 58 59 60 61 62 63 64 65 66 67 68 69 70 71 72 73 74 75 76 77 78 79 80 81 82 83 84 85 86 87 88 89 90 91 92 93 94 95 96 97 98 99 100 101 102 103 104 105 106 107 108 109 110 111 112 113 114 115 116 117 118 119 120
51 1249 52 53 54 55 56 57 58 59 60 61 62 63 65 66 67 68 69 70 71 72 73 74 75 76 77 78 79 80 81 82 83 84 85 86 87 88 89 90 91 92 94 95 96 97 98 99 101 102 103 104 105 106 107 108 109 110 111 112 113 114 115 116 117 118 119 120
52 888 55 57 58 59 60 62 65 66 68 69 70 71 72 76 77 78 80 81 82 84 87 88 89 90 92 94 95 96 97 98 99 101 103 104 105 106 107 108 109 110 111 112 113 114 118 119 120
53 1270 55 57 58 59 60 62 65 68 69 70 71 72 76 77 78 80 81 82 84 87 88 89 90 92 94 95 96 97 98 99 101 103 104 105 106 107 108 109 110 111 112 113 114 118 119 120
54 1962 55 57 58 59 60 62 65 66 68 69 70 71 72 76 77 78 80 81 82 84 87 88 89 90 92 94 95 96 97 98 99 101 103 104 105 106 107 108 109 110 111 112 113 114 118 119 120
55 1999 56 57 58 59 60 61 62 63 64 65 66 67 68 69 70 71 72 73 74 75 76 77 78 79 80 81 82 83 84 85 86 87 88 89 90 91 92 93 94 95 96 97 98 99 100 101 102 103 104 105 106 107 108 109 110 111 112 113 114 115 116 117 118 119 120
56 1059 57 58 59 60 62 65 66 68 69 70 71 72 73 74 75 76 77 78 80 81 82 84 85 87 88 89 90 92 94 95 96 97 98 99 101 103 104 105 106 107 108 109 110 111 112 113 114 117 118 119 120
57 966 58 59 60 61 62 63 65 66 67 68 69 70 71 72 73 74 75 76 77 78 79 80 81 82 83 84 85 86 87 88 89 90 91 92 93 94 95 96 97 98 99 101 102 103 104 105 106 107 108 109 110 111 112 113 114 115 116 117 118 119 120
58 1209 59 60 61 62 63 64 65 66 67 68 69 70 71 72 73 74 75 76 77 78 79 80 81 82 83 84 85 86 87 88 89 90 91 92 93 94 95 96 97 98 99 100 101 102 103 104 105 106 107 108 109 110 111 112 113 114 115 116 117 118 119 120
59 1182 60 61 62 63 64 65 66 67 68 69 70 71 72 73 74 75 76 77 78 79 80 81 82 83 84 85 86 87 88 89 90 91 92 93 94 95 96 97 98 99 100 101 102 103 104 105 106 107 108 109 110 111 112 113 114 115 116 117 118 119 120
60 1372 61 62 63 64 65 66 67 68 69 70 71 72 73 74 75 76 77 78 79 80 81 82 83 84 85 86 87 88 89 90 91 92 93 94 95 96 97 98 99 101 102 103 104 105 106 107 108 109 110 111 112 113 114 115 116 117 118 119 120
61 2415 62 65 68 69 70 71 72 76 77 78 80 81 82 84 87 88 90 92 94 95 96 97 98 99 101 103 104 105 106 107 108 109 110 111 112 113 114 119 120
62 1813 63 64 65 66 67 68 69 70 71 72 73 74 75 76 77 78 79 80 81 82 83 84 85 86 87 88 89 90 91 92 93 94 95 96 97 98 99 100 101 102 103 104 105 106 107 108 109 110 111 112 113 114 115 116 117 118 119 120
63 510 65 68 69 70 71 72 76 77 78 80 81 82 84 87 88 90 92 94 95 96 97 98 99 103 104 106 107 108 109 110 111 112 113 114 120
64 2114 65 68 69 70 71 72 76 78 80 81 84 87 88 90 92 94 95 96 97 98 99 103 104 106 107 108 109 110 111 112 113 114 120
65 558 66 67 68 69 70 71 72 73 74 75 76 77 78 79 80 81 82 83 84 85 86 87 88 89 90 91 92 93 94 95 96 97 98 99 100 101 102 103 104 105 106 107 108 109 110 111 112 113 114 115 116 117 118 119 120
66 2152 68 69 70 71 72 73 74 75 76 77 78 80 81 82 84 85 87 88 89 90 92 94 95 96 97 98 99 101 103 104 105 106 107 108 109 110 111 112 113 114 117 118 119 120
67 1387 68 69 70 71 72 76 77 78 80 81 82 84 87 88 89 90 92 94 95 96 97 98 99 101 103 104 105 106 107 108 109 110 111 112 113 114 118 119 120
68 1334 69 70 71 72 73 74 75 76 77 78 79 80 81 82 83 84 85 86 87 88 89 90 91 92 93 94 95 96 97 98 99 100 101 102 103 104 105 106 107 108 109 110 111 112 113 114 115 116 117 118 119 120
69 2409 70 71 72 73 74 75 76 77 78 79 80 81 82 83 84 85 86 87 88 89 90 91 92 93 94 95 96 97 98 99 100 101 102 103 104 105 106 107 108 109 110 111 112 113 114 115 116 117 118 119 120
70 1764 71 72 73 74 75 76 77 78 79 80 81 82 83 84 85 86 87 88 89 90 91 92 93 94 95 96 97 98 99 100 101 102 103 104 105 106 107 108 109 110 111 112 113 114 115 116 117 118 119 120
71 2240 72 73 74 75 76 77 78 79 80 81 82 83 84 85 86 87 88 89 90 91 92 93 94 95 96 97 98 99 100 101 102 103 104 105 106 107 108 109 110 111 112 113 114 115 116 117 118 119 120
72 1733 73 74 75 76 77 78 79 80 81 82 83 84 85 86 87 88 89 90 91 92 93 94 95 96 97 98 99 100 101 102 103 104 105 106 107 108 109 110 111 112 113 114 115 116 117 118 119 120
73 1915 74 75 76 77 78 80 81 82 84 87 88 89 90 92 94 95 96 97 98 99 101 103 104 105 106 107 108 109 110 111 112 113 114 118 119 120
74 1999 75 76 77 78 80 81 82 84 85 87 88 89 90 92 94 95 96 97 98 99 101 103 104 105 106 107 108 109 110 111 112 113 114 117 118 119 120
75 1097 76 77 78 80 81 82 84 85 87 88 89 90 92 94 95 96 97 98 99 101 103 104 105 106 107 108 109 110 111 112 113 114 117 118 119 120
76 693 77 78 79 80 81 82 83 84 85 86 87 88 89 90 91 92 93 94 95 96 97 98 99 100 101 102 103 104 105 106 107 108 109 110 111 112 113 114 115 116 117 118 119 120
77 1384 78 79 80 81 82 83 84 85 86 87 88 89 90 91 92 93 94 95 96 97 98 99 101 102 103 104 105 106 107 108 109 110 111 112 113 114 115 116 117 118 119 120
78 1970 79 80 81 82 83 84 85 86 87 88 89 90 91 92 93 94 95 96 97 98 99 100 101 102 103 104 105 106 107 108 109 110 111 112 113 114 115 116 117 118 119 120
79 1190 80 81 82 84 87 88 90 92 94 95 96 97 98 99 101 103 104 105 106 107 108 109 110 111 112 113 114 119 120
80 567 81 82 83 84 85 86 87 88 89 90 91 92 93 94 95 96 97 98 99 100 101 102 103 104 105 106 107 108 109 110 111 112 113 114 115 116 117 118 119 120
81 1116 82 83 84 85 86 87 88 89 90 91 92 93 94 95 96 97 98 99 100 101 102 103 104 105 106 107 108 109 110 111 112 113 114 115 116 117 118 119 120
82 2316 83 84 85 86 87 88 89 90 91 92 94 95 96 97 98 99 101 102 103 104 105 106 107 108 109 110 111 112 113 114 115 116 117 118 119 120
83 1322 84 87 88 90 92 94 95 96 97 98 99 103 104 106 107 108 109 110 111 112 113 114 120
84 516 85 86 87 88 89 90 91 92 93 94 95 96 97 98 99 100 101 102 103 104 105 106 107 108 109 110 111 112 113 114 115 116 117 118 119 120
85 763 87 88 89 90 92 94 95 96 97 98 99 101 103 104 105 106 107 108 109 110 111 112 113 114 118 119 120
86 713 87 88 89 90 92 94 95 96 97 98 99 101 103 104 105 106 107 108 109 110 111 112 113 114 118 119 120
87 1555 88 89 90 91 92 93 94 95 96 97 98 99 100 101 102 103 104 105 106 107 108 109 110 111 112 113 114 115 116 117 118 119 120
88 1527 89 90 91 92 93 94 95 96 97 98 99 100 101 102 103 104 105 106 107 108 109 110 111 112 113 114 115 116 117 118 119 120
89 2318 90 92 94 95 96 97 98 99 101 103 104 105 106 107 108 109 110 111 112 113 114 117 118 119 120
90 581 91 92 93 94 95 96 97 98 99 100 101 102 103 104 105 106 107 108 109 110 111 112 113 114 115 116 117 118 119 120
91 648 92 94 95 96 97 98 99 103 104 106 107 108 109 110 111 112 113 114 120
92 2136 93 94 95 96 97 98 99 100 101 102 103 104 105 106 107 108 109 110 111 112 113 114 115 116 117 118 119 120
93 977 94 95 96 97 98 99 103 104 106 107 108 109 110 111 112 113 114 120
94 2320 95 96 97 98 99 101 102 103 104 105 106 107 108 109 110 111 112 113 114 115 116 117 118 119 120
95 936 96 97 98 99 100 101 102 103 104 105 106 107 108 109 110 111 112 113 114 115 116 117 118 119 120
96 2172 97 98 99 100 101 102 103 104 105 106 107 108 109 110 111 112 113 114 115 116 117 118 119 120
97 958 98 99 100 101 102 103 104 105 106 107 108 109 110 111 112 113 114 115 116 117 118 119 120
98 1639 99 100 101 102 103 104 105 106 107 108 109 110 111 112 113 114 115 116 117 118 119 120
99 1778 100 101 102 103 104 105 106 107 108 109 110 111 112 113 114 115 116 117 118 119 120
100 1956 104 106 107 108 109 110 111 112 113 114 120
101 2164 103 104 105 106 107 108 109 110 111 112 113 114 116 117 118 119 120
102 940 103 104 106 107 108 109 110 111 112 113 114 120
103 1248 104 105 106 107 108 109 110 111 112 113 114 115 116 117 118 119 120
104 1708 105 106 107 108 109 110 111 112 113 114 115 116 117 118 119 120
105 1817 106 107 108 109 110 111 112 113 114 115 116 117 118 119 120
106 1425 107 108 109 110 111 112 113 114 115 116 117 118 119 120
107 1295 108 109 110 111 112 113 114 115 116 117 118 119 120
108 2486 109 110 111 112 113 114 115 116 117 118 119 120
109 1537 110 111 112 113 114 115 116 117 118 119 120
110 1915 111 112 113 114 115 116 117 118 119 120
111 913 112 113 114 115 116 117 118 119 120
112 1692 113 114 115 116 117 118 119 120
113 1066 114 115 116 117 118 119 120
114 2086 115 116 117 118 119 120
115 2496 120
116 1215 119 120
117 949 118 119 120
118 1119 119 120
119 1209 120
120 1236
