120 10000
1 2325 4 35 36 40 67 106 111 119
2 1699
3 1031
4 1772 20 25 27 29 35 36 40 41 43 44 59 67 105 106 111 115 119
5 510
6 961
7 1712
8 1496
9 2170
10 2151
11 1044 40 111
12 1081
13 2234
14 1736
15 1670
16 1419
17 2400
18 784
19 945
20 561 35 36 40 41 59 67 106 111 119
21 2373
22 2265
23 1677
24 772
25 1134 35 40 67 111
26 2089
27 2408 40 67 111
28 1959
29 1545 40 67 111
30 1996
31 1954
32 1638
33 2035
34 2125
35 699 36 40 41 44 59 67 105 106 111 115 119
36 1346 40 41 44 59 67 105 106 111 119
37 1480
38 2437
39 2478
40 2080 41 43 44 59 65 67 69 79 105 106 111 115 117 119
41 1249 67 106 111 119
42 1359
43 1298 67 111
44 740 67 106 111 119
45 871
46 2174
47 1391
48 2122
49 2175
50 973
51 2264
52 1518
53 503
54 1305
55 1995
56 688
57 922
58 636
59 1690 67 106 111 119
60 2424
61 2483
62 2363
63 1646
64 843
65 995
66 1592
67 802 105 106 111 115 119
68 1701
69 1859
70 2212
71 909
72 1792
73 1971
74 1862
75 1833
76 1775
77 2370
78 1653
79 1897 111
80 1351
81 850
82 2170
83 1116
84 2411
85 960
86 1499
87 2305
88 1569
89 990
90 1020
91 2454
92 2500
93 1969
94 2292
95 1213
96 504
97 1216
98 614
99 1427
100 2143
101 1401
102 2367
103 1357
104 989
105 686 106 111 119
106 1145 111 119
107 676
108 2487
109 1473
110 2285
111 1226 115 119
112 633
113 1287
114 771
115 780
116 985
117 775
118 648
119 2119
120 1059
