500 10000
1 1503 6 7 15 16 28 30 33 42 43 44 45 46 47 51 53 55 56 60 61 64 67 76 78 79 84 86 87 88 89 91 92 96 100 101 102 105 107 115 117 118 119 121 122 127 137 138 141 142 144 145 148 149 153 155 158 159 161 163 165 167 168 170 173 178 181 182 183 185 186 187 189 193 203 207 209 210 212 215 216 217 219 220 225 227 228 229 230 234 236 243 244 246 247 248 253 254 258 260 262 266 268 270 272 278 280 281 284 286 290 304 306 311 312 315 320 329 330 335 338 339 341 342 343 345 348 354 357 358 359 360 364 367 371 372 373 377 378 380 382 386 388 389 390 396 398 400 408 413 417 423 424 425 426 429 432 434 436 438 443 444 445 455 457 458 461 463 467 478 481 482 483 489 493 496 498 499 500
2 1366
3 879
4 545
5 1896
6 583 15 16 28 42 43 44 45 46 51 55 56 60 64 67 78 88 91 92 100 101 102 105 115 117 118 119 121 122 127 137 142 144 149 153 158 163 165 167 168 170 173 178 181 182 183 185 187 203 207 215 216 217 225 228 229 234 236 244 247 248 253 254 258 260 266 268 272 280 281 284 286 290 311 312 315 320 329 330 335 338 341 343 345 348 354 359 360 364 380 382 389 396 398 400 408 413 432 438 443 444 445 455 457 458 481 483 496 500
7 2322 42 43 51 60 92 101 102 105 118 121 122 153 163 167 170 182 183 203 217 228 234 236 244 248 253 260 280 284 286 290 311 320 330 338 364 396 438 444 445 457 458 496
8 1710
9 2118
10 2136
11 2187
12 789
13 1664
14 1973
15 725 28 42 43 44 45 46 51 55 56 60 64 88 91 92 100 101 102 105 115 118 119 121 122 127 142 144 149 153 158 163 165 167 168 170 173 178 181 182 183 185 187 203 207 215 217 225 228 229 234 236 244 247 248 253 254 258 260 266 268 280 281 284 286 290 311 312 315 320 329 330 335 338 341 343 345 348 354 359 360 364 380 382 389 396 398 400 408 413 432 438 443 444 445 455 457 458 481 483 496 500
16 858 42 43 51 55 60 91 92 100 101 102 105 118 119 121 122 127 142 149 153 158 163 165 167 168 170 173 178 182 183 185 187 203 207 215 217 225 228 234 236 244 247 248 253 258 260 280 281 284 286 290 311 312 315 320 329 330 338 341 343 345 348 354 359 360 364 382 396 398 400 413 438 443 444 445 455 457 458 481 483 496
17 1566
18 2291
19 2254
20 969
21 1196
22 1778
23 633
24 604
25 2493
26 961
27 705
28 1159 42 43 44 45 46 51 55 56 60 64 78 88 91 92 100 101 102 105 115 118 119 121 122 127 142 144 149 153 158 163 165 167 168 170 173 178 181 182 183 185 187 203 207 215 217 225 228 229 234 236 244 247 248 253 254 258 260 266 268 280 281 284 286 290 311 312 315 320 329 330 335 338 341 343 345 348 354 359 360 364 380 382 389 396 398 400 408 413 432 438 443 444 445 455 457 458 481 483 496 500
29 2134
30 853 42 43 51 60 92 101 105 118 121 122 153 163 167 170 182 183 203 217 228 234 236 244 248 253 260 280 284 286 311 320 330 338 364 396 438 444 445 457 458 496
31 2286
32 672
33 2453 42 43 51 60 92 101 118 121 122 153 163 167 170 182 183 203 228 234 236 244 248 253 260 284 286 311 330 338 364 396 438 444 445 457 458 496
34 1697
35 1407
36 2385
37 780
38 1327
39 1893
40 869
41 626
42 989 43 44 45 46 51 53 55 56 60 61 64 67 78 86 87 88 91 92 100 101 102 105 107 115 117 118 119 121 122 127 137 138 142 144 145 149 153 155 158 159 161 163 165 167 168 170 173 178 181 182 183 185 187 193 203 207 209 215 216 217 220 225 227 228 229 230 234 236 244 247 248 253 254 258 260 262 266 268 270 272 278 280 281 284 286 290 311 312 315 320 329 330 335 338 339 341 342 343 345 348 354 358 359 360 364 367 371 373 377 380 382 386 389 396 398 400 408 413 417 424 432 438 443 444 445 455 457 458 461 463 467 478 481 483 489 496 500
43 1830 44 45 46 47 51 53 55 56 60 61 64 67 76 78 79 84 86 87 88 89 91 92 96 100 101 102 105 107 115 117 118 119 121 122 127 137 138 141 142 144 145 148 149 153 155 158 159 161 163 165 167 168 170 173 178 181 182 183 185 186 187 189 190 193 203 207 209 210 212 215 216 217 219 220 225 227 228 229 230 234 236 241 243 244 246 247 248 253 254 258 260 262 266 268 270 272 278 280 281 284 286 290 295 304 306 311 312 315 320 329 330 332 335 338 339 340 341 342 343 345 348 354 357 358 359 360 364 367 371 372 373 377 378 380 382 386 388 389 390 396 398 400 408 413 417 423 424 425 426 429 432 434 436 438 443 444 445 455 457 458 461 463 467 478 481 482 483 489 493 496 498 499 500
44 1570 45 46 51 55 56 60 64 78 88 91 92 100 101 102 105 115 118 119 121 122 127 142 144 149 153 158 163 165 167 168 170 173 178 181 182 183 185 187 203 207 215 217 225 228 229 234 236 244 247 248 253 254 258 260 266 268 280 281 284 286 290 311 312 315 320 329 330 335 338 341 343 345 348 354 359 360 364 380 382 389 396 398 400 408 413 432 438 443 444 445 455 457 458 481 483 496 500
45 1304 51 55 56 60 64 88 91 92 100 101 102 105 115 118 119 121 122 127 142 144 149 153 158 163 165 167 168 170 173 178 181 182 183 185 187 203 207 215 217 225 228 229 234 236 244 247 248 253 258 260 266 268 280 281 284 286 290 311 312 315 320 329 330 335 338 341 343 345 348 354 359 360 364 380 382 389 396 398 400 408 413 432 438 443 444 445 455 457 458 481 483 496 500
46 1138 51 55 56 60 64 88 91 92 100 101 102 105 115 118 119 121 122 127 142 144 149 153 158 163 165 167 168 170 173 178 181 182 183 185 187 203 207 215 217 225 228 229 234 236 244 247 248 253 258 260 266 268 280 281 284 286 290 311 312 315 320 329 330 335 338 341 343 345 348 354 359 360 364 380 382 389 396 398 400 408 413 432 438 443 444 445 455 457 458 481 483 496 500
47 2460 51 92 101 118 153 163 167 170 183 203 228 234 244 248 253 260 284 311 330 338 364 396 438 444 445 458
48 2417
49 719
50 2112
51 1250 53 55 56 60 61 64 66 67 76 78 79 84 86 87 88 89 91 92 96 100 101 102 105 107 114 115 117 118 119 121 122 127 137 138 141 142 144 145 148 149 153 155 158 159 161 163 165 167 168 170 173 178 181 182 183 185 186 187 189 190 193 194 203 205 207 209 210 212 215 216 217 219 220 225 227 228 229 230 234 236 241 243 244 246 247 248 253 254 258 260 262 266 268 270 272 278 280 281 284 286 290 295 304 306 311 312 315 320 329 330 332 335 338 339 340 341 342 343 345 348 354 357 358 359 360 364 367 370 371 372 373 376 377 378 380 382 386 387 388 389 390 396 398 400 404 408 413 417 423 424 425 426 429 432 434 436 438 440 443 444 445 455 457 458 461 463 467 478 480 481 482 483 489 493 496 498 499 500
52 723
53 650 60 92 100 101 102 105 118 121 122 149 153 163 165 167 168 170 173 178 182 183 185 187 203 215 217 225 228 234 236 244 247 248 253 260 280 281 284 286 290 311 315 320 330 338 341 343 345 359 364 396 398 438 443 444 445 455 457 458 483 496
54 968
55 1245 56 60 64 67 78 88 91 92 100 101 102 105 115 117 118 119 121 122 127 137 138 142 144 149 153 158 161 163 165 167 168 170 173 178 181 182 183 185 187 203 207 215 216 217 225 228 229 234 236 244 247 248 253 254 258 260 262 266 268 272 280 281 284 286 290 311 312 315 320 329 330 335 338 341 343 345 348 354 358 359 360 364 377 380 382 389 396 398 400 408 413 432 438 443 444 445 455 457 458 461 478 481 483 496 500
56 2388 60 64 78 88 91 92 100 101 102 105 115 118 119 121 122 127 142 144 149 153 158 163 165 167 168 170 173 178 181 182 183 185 187 203 207 215 217 225 228 229 234 236 244 247 248 253 254 258 260 266 268 280 281 284 286 290 311 312 315 320 329 330 335 338 341 343 345 348 354 359 360 364 380 382 389 396 398 400 408 413 432 438 443 444 445 455 457 458 481 483 496 500
57 1422
58 2340
59 1556
60 1726 61 64 67 76 78 86 87 88 91 92 100 101 102 105 107 115 117 118 119 121 122 127 137 138 142 144 145 149 153 155 158 159 161 163 165 167 168 170 173 178 181 182 183 185 187 193 203 207 209 215 216 217 220 225 227 228 229 230 234 236 244 247 248 253 254 258 260 262 266 268 270 272 278 280 281 284 286 290 311 312 315 320 329 330 335 338 339 341 342 343 345 348 354 358 359 360 364 367 371 373 377 380 382 386 389 396 398 400 408 413 417 423 424 429 432 438 443 444 445 455 457 458 461 463 467 478 481 483 489 496 500
61 2110 92 101 102 105 118 121 122 153 163 167 170 182 183 203 217 228 234 236 244 248 253 260 280 284 286 290 311 320 330 338 364 396 438 444 445 457 458 496
62 2297
63 2460
64 2393 78 88 91 92 100 101 102 105 115 118 119 121 122 127 142 144 149 153 158 163 165 167 168 170 173 178 181 182 183 185 187 203 207 215 217 225 228 229 234 236 244 247 248 253 254 258 260 266 268 280 281 284 286 290 311 312 315 320 329 330 335 338 341 343 345 348 354 359 360 364 380 382 389 396 398 400 408 413 432 438 443 444 445 455 457 458 481 483 496 500
65 2499
66 1129 92 203
67 1079 91 92 100 101 102 105 118 119 121 122 127 142 149 153 158 163 165 167 168 170 173 178 182 183 185 187 203 207 215 217 225 228 234 236 244 247 248 253 258 260 266 280 281 284 286 290 311 312 315 320 329 330 338 341 343 345 348 354 359 360 364 382 396 398 400 413 438 443 444 445 455 457 458 481 483 496
68 744
69 1223
70 645
71 1158
72 1689
73 1962
74 1797
75 1473
76 1968 92 101 118 121 122 153 163 167 170 182 183 203 228 234 236 244 248 253 260 284 286 311 330 338 364 396 438 444 445 457 458 496
77 2087
78 818 91 92 100 101 102 105 115 118 119 121 122 127 142 149 153 158 163 165 167 168 170 173 178 182 183 185 187 203 207 215 217 225 228 234 236 244 247 248 253 258 260 266 268 280 281 284 286 290 311 312 315 320 329 330 338 341 343 345 348 354 359 360 364 382 396 398 400 413 432 438 443 444 445 455 457 458 481 483 496
79 1606 92 101 118 203 228 234 244 260 284 396 458
80 2482
81 1733
82 1427
83 641
84 1646 92 101 118 163 183 203 228 234 244 260 284 330 396 438 458
85 1345
86 500 92 100 101 102 105 118 121 122 153 163 167 168 170 178 182 183 187 203 217 225 228 234 236 244 248 253 260 280 281 284 286 290 311 320 330 338 341 343 359 364 396 438 444 445 457 458 496
87 1051 92 101 102 105 118 121 122 153 163 167 170 182 183 203 217 228 234 236 244 248 253 260 280 284 286 290 311 320 330 338 364 396 438 444 445 457 458 496
88 1054 91 92 100 101 102 105 115 118 119 121 122 127 142 144 149 153 158 163 165 167 168 170 173 178 181 182 183 185 187 203 207 215 217 225 228 229 234 236 244 247 248 253 254 258 260 266 268 280 281 284 286 290 311 312 315 320 329 330 335 338 341 343 345 348 354 359 360 364 380 382 389 396 398 400 408 413 432 438 443 444 445 455 457 458 481 483 496 500
89 2214 92 101 118 203 228 234 244 260 284 396 458
90 1955
91 2060 92 100 101 102 105 115 117 118 119 121 122 127 137 138 142 144 149 153 158 161 163 165 167 168 170 173 178 181 182 183 185 187 203 207 215 216 217 225 228 229 234 236 244 247 248 253 254 258 260 266 268 272 280 281 284 286 290 311 312 315 320 329 330 335 338 341 343 345 348 354 358 359 360 364 377 380 382 389 396 398 400 408 413 432 438 443 444 445 455 457 458 461 481 483 496 500
92 1449 96 100 101 102 105 107 114 115 117 118 119 121 122 127 137 138 141 142 144 145 148 149 153 155 158 159 161 163 165 167 168 170 173 178 181 182 183 185 186 187 189 190 193 194 203 205 207 209 210 212 215 216 217 219 220 225 227 228 229 230 234 236 241 243 244 246 247 248 253 254 258 260 262 266 268 270 272 278 280 281 284 286 290 295 304 306 311 312 315 320 329 330 332 335 338 339 340 341 342 343 345 348 354 357 358 359 360 364 367 370 371 372 373 376 377 378 380 382 386 387 388 389 390 396 398 400 404 408 413 417 423 424 425 426 429 432 434 436 438 440 443 444 445 455 457 458 461 463 467 478 480 481 482 483 489 493 496 498 499 500
93 1182
94 1189
95 1819
96 1719 101 118 153 163 167 183 203 228 234 244 248 260 284 330 338 364 396 438 444 458
97 1542
98 1062
99 1232
100 1502 101 102 105 107 115 117 118 119 121 122 127 137 138 142 144 145 149 153 158 159 161 163 165 167 168 170 173 178 181 182 183 185 187 193 203 207 209 215 216 217 220 225 227 228 229 230 234 236 244 247 248 253 254 258 260 262 266 268 270 272 280 281 284 286 290 311 312 315 320 329 330 335 338 339 341 342 343 345 348 354 358 359 360 364 367 371 373 377 380 382 386 389 396 398 400 408 413 417 424 432 438 443 444 445 455 457 458 461 478 481 483 496 500
101 1242 102 105 107 115 117 118 119 121 122 127 137 138 141 142 144 145 148 149 153 155 158 159 161 163 165 167 168 170 173 178 181 182 183 185 186 187 189 190 193 194 203 207 209 210 212 215 216 217 219 220 225 227 228 229 230 234 236 241 243 244 246 247 248 253 254 258 260 262 266 268 270 272 278 280 281 284 286 290 295 304 306 311 312 315 320 329 330 332 335 338 339 340 341 342 343 345 348 354 357 358 359 360 364 367 370 371 372 373 376 377 378 380 382 386 388 389 390 396 398 400 404 408 413 417 423 424 425 426 429 432 434 436 438 440 443 444 445 455 457 458 461 463 467 478 481 482 483 489 493 496 498 499 500
102 2379 105 107 115 117 118 119 121 122 127 137 138 142 144 145 149 153 155 158 159 161 163 165 167 168 170 173 178 181 182 183 185 187 193 203 207 209 215 216 217 220 225 227 228 229 230 234 236 244 247 248 253 254 258 260 262 266 268 270 272 280 281 284 286 290 311 312 315 320 329 330 335 338 339 341 342 343 345 348 354 358 359 360 364 367 371 373 377 380 382 386 389 396 398 400 408 413 417 424 432 438 443 444 445 455 457 458 461 463 478 481 483 489 496 500
103 1196
104 1560
105 968 107 115 117 118 119 121 122 127 137 138 142 144 145 149 153 155 158 159 161 163 165 167 168 170 173 178 181 182 183 185 187 193 203 207 209 215 216 217 220 225 227 228 229 230 234 236 244 247 248 253 254 258 260 262 266 268 270 272 280 281 284 286 290 311 312 315 320 329 330 335 338 339 341 342 343 345 348 354 358 359 360 364 367 371 373 377 380 382 386 389 396 398 400 408 413 417 424 432 438 443 444 445 455 457 458 461 463 467 478 481 483 489 496 500
106 2474
107 1227 118 121 122 142 149 153 158 163 165 167 168 170 173 178 182 183 185 187 203 215 217 225 228 234 236 244 247 248 253 260 280 281 284 286 290 311 315 320 330 338 341 343 345 348 359 364 396 398 400 438 443 444 445 455 457 458 483 496
108 923
109 586
110 2476
111 1234
112 732
113 2424
114 1039 203 234
115 639 118 119 121 122 127 142 144 149 153 158 163 165 167 168 170 173 178 181 182 183 185 187 203 207 215 217 225 228 229 234 236 244 247 248 253 254 258 260 266 268 280 281 284 286 290 311 312 315 320 329 330 335 338 341 343 345 348 354 359 360 364 380 382 389 396 398 400 408 413 432 438 443 444 445 455 457 458 481 483 496 500
116 1678
117 2436 118 119 121 122 142 149 153 158 163 165 167 168 170 173 178 182 183 185 187 203 207 215 217 225 228 234 236 244 247 248 253 258 260 280 281 284 286 290 311 312 315 320 329 330 338 341 343 345 348 354 359 364 382 396 398 400 438 443 444 445 455 457 458 481 483 496
118 1465 119 121 122 127 137 138 141 142 144 145 148 149 153 155 158 159 161 163 165 167 168 170 173 178 181 182 183 185 186 187 189 190 193 203 207 209 210 212 215 216 217 219 220 225 227 228 229 230 234 236 241 243 244 246 247 248 253 254 258 260 262 266 268 270 272 278 280 281 284 286 290 295 304 306 311 312 315 320 329 330 335 338 339 341 342 343 345 348 354 357 358 359 360 364 367 371 372 373 377 378 380 382 386 388 389 390 396 398 400 408 413 417 423 424 425 426 429 432 434 436 438 443 444 445 455 457 458 461 463 467 478 481 482 483 489 493 496 498 499 500
119 1491 121 122 127 137 138 142 144 149 153 158 161 163 165 167 168 170 173 178 181 182 183 185 187 203 207 215 216 217 225 228 229 234 236 244 247 248 253 254 258 260 262 266 268 272 280 281 284 286 290 311 312 315 320 329 330 335 338 341 343 345 348 354 358 359 360 364 377 380 382 389 396 398 400 408 413 432 438 443 444 445 455 457 458 461 478 481 483 496 500
120 1124
121 1977 122 127 137 138 141 142 144 145 149 153 155 158 159 161 163 165 167 168 170 173 178 181 182 183 185 187 189 193 203 207 209 215 216 217 220 225 227 228 229 230 234 236 244 246 247 248 253 254 258 260 262 266 268 270 272 278 280 281 284 286 290 311 312 315 320 329 330 335 338 339 341 342 343 345 348 354 358 359 360 364 367 371 373 377 378 380 382 386 389 396 398 400 408 413 417 423 424 429 432 436 438 443 444 445 455 457 458 461 463 467 478 481 483 489 496 500
122 1125 127 137 138 142 144 145 149 153 155 158 159 161 163 165 167 168 170 173 178 181 182 183 185 187 193 203 207 209 215 216 217 220 225 227 228 229 230 234 236 244 247 248 253 254 258 260 262 266 268 270 272 278 280 281 284 286 290 311 312 315 320 329 330 335 338 339 341 342 343 345 348 354 358 359 360 364 367 371 373 377 380 382 386 389 396 398 400 408 413 417 424 432 438 443 444 445 455 457 458 461 463 467 478 481 483 489 496 500
123 1305
124 1787
125 638
126 2236
127 1577 137 142 144 149 153 158 163 165 167 168 170 173 178 181 182 183 185 187 203 207 215 216 217 225 228 229 234 236 244 247 248 253 254 258 260 266 268 272 280 281 284 286 290 311 312 315 320 329 330 335 338 341 343 345 348 354 359 360 364 380 382 389 396 398 400 408 413 432 438 443 444 445 455 457 458 481 483 496 500
128 1647
129 2436
130 2192
131 1308
132 1357
133 623
134 1692
135 1899
136 1232
137 1897 142 149 153 158 163 165 167 168 170 173 178 182 183 185 187 203 207 215 217 225 228 234 236 244 247 248 253 258 260 266 280 281 284 286 290 311 312 315 320 329 330 338 341 343 345 348 354 359 360 364 382 396 398 400 413 438 443 444 445 455 457 458 481 483 496
138 1840 142 149 153 158 163 165 167 168 170 173 178 182 183 185 187 203 207 215 217 225 228 234 236 244 247 248 253 258 260 280 281 284 286 290 311 312 315 320 329 330 338 341 343 345 348 354 359 364 382 396 398 400 438 443 444 445 455 457 458 481 483 496
139 1819
140 1848
141 710 153 163 167 170 183 203 228 234 244 248 253 260 284 311 330 338 364 396 438 444 445 458
142 2390 144 145 149 153 158 159 161 163 165 167 168 170 173 178 181 182 183 185 187 203 207 209 215 216 217 225 228 229 234 236 244 247 248 253 254 258 260 262 266 268 272 280 281 284 286 290 311 312 315 320 329 330 335 338 339 341 343 345 348 354 358 359 360 364 367 373 377 380 382 386 389 396 398 400 408 413 417 432 438 443 444 445 455 457 458 461 478 481 483 496 500
143 2332
144 1337 149 153 158 163 165 167 168 170 173 178 181 182 183 185 187 203 207 215 217 225 228 229 234 236 244 247 248 253 254 258 260 266 268 280 281 284 286 290 311 312 315 320 329 330 335 338 341 343 345 348 354 359 360 364 380 382 389 396 398 400 408 413 432 438 443 444 445 455 457 458 481 483 496 500
145 583 149 153 158 163 165 167 168 170 173 178 182 183 185 187 203 215 217 225 228 234 236 244 247 248 253 260 280 281 284 286 290 311 315 320 330 338 341 343 345 348 359 364 396 398 400 438 443 444 445 455 457 458 481 483 496
146 2123
147 1772
148 2412 203 228 234 244 260 284 396 458
149 2147 153 158 159 161 163 165 167 168 170 173 178 181 182 183 185 187 193 203 207 209 215 216 217 220 225 228 229 234 236 244 247 248 253 254 258 260 262 266 268 272 280 281 284 286 290 311 312 315 320 329 330 335 338 339 341 343 345 348 354 358 359 360 364 367 373 377 380 382 386 389 396 398 400 408 413 417 432 438 443 444 445 455 457 458 461 478 481 483 496 500
150 1284
151 526
152 646
153 1034 155 158 159 161 163 165 167 168 170 173 178 181 182 183 185 187 189 193 203 207 209 210 215 216 217 220 225 227 228 229 230 234 236 243 244 246 247 248 253 254 258 260 262 266 268 270 272 278 280 281 284 286 290 306 311 312 315 320 329 330 335 338 339 341 342 343 345 348 354 357 358 359 360 364 367 371 373 377 378 380 382 386 388 389 396 398 400 408 413 417 423 424 426 429 432 434 436 438 443 444 445 455 457 458 461 463 467 478 481 483 489 493 496 500
154 1721
155 560 163 167 170 182 183 203 217 228 234 236 244 248 253 260 280 284 286 290 311 320 330 338 364 396 438 444 445 457 458 496
156 1011
157 2129
158 1339 159 161 163 165 167 168 170 173 178 181 182 183 185 187 193 203 207 209 215 216 217 225 228 229 234 236 244 247 248 253 254 258 260 262 266 268 272 280 281 284 286 290 311 312 315 320 329 330 335 338 339 341 343 345 348 354 358 359 360 364 367 373 377 380 382 386 389 396 398 400 408 413 417 432 438 443 444 445 455 457 458 461 478 481 483 496 500
159 2444 163 165 167 168 170 173 178 182 183 185 187 203 215 217 225 228 234 236 244 247 248 253 260 280 281 284 286 290 311 315 320 330 338 341 343 345 348 359 364 396 398 400 438 443 444 445 455 457 458 481 483 496
160 649
161 943 163 165 167 168 170 173 178 182 183 185 187 203 207 215 217 225 228 234 236 244 247 248 253 258 260 280 281 284 286 290 311 312 315 320 329 330 338 341 343 345 348 354 359 364 382 396 398 400 438 443 444 445 455 457 458 481 483 496
162 1238
163 2227 165 167 168 170 173 178 181 182 183 185 187 189 193 203 207 209 210 215 216 217 219 220 225 227 228 229 230 234 236 243 244 246 247 248 253 254 258 260 262 266 268 270 272 278 280 281 284 286 290 304 306 311 312 315 320 329 330 335 338 339 341 342 343 345 348 354 357 358 359 360 364 367 371 373 377 378 380 382 386 388 389 396 398 400 408 413 417 423 424 425 426 429 432 434 436 438 443 444 445 455 457 458 461 463 467 478 481 482 483 489 493 496 499 500
164 2490
165 1318 167 168 170 173 178 181 182 183 185 187 193 203 207 209 215 216 217 220 225 228 229 234 236 244 247 248 253 254 258 260 262 266 268 272 280 281 284 286 290 311 312 315 320 329 330 335 338 339 341 343 345 348 354 358 359 360 364 367 373 377 380 382 386 389 396 398 400 408 413 417 432 438 443 444 445 455 457 458 461 478 481 483 496 500
166 2357
167 1901 168 170 173 178 181 182 183 185 187 189 193 203 207 209 210 215 216 217 220 225 227 228 229 230 234 236 243 244 246 247 248 253 254 258 260 262 266 268 270 272 278 280 281 284 286 290 311 312 315 320 329 330 335 338 339 341 342 343 345 348 354 357 358 359 360 364 367 371 373 377 378 380 382 386 388 389 396 398 400 408 413 417 423 424 426 429 432 434 436 438 443 444 445 455 457 458 461 463 467 478 481 483 489 493 496 500
168 2081 170 173 178 181 182 183 185 187 193 203 207 209 215 216 217 220 225 227 228 229 230 234 236 244 247 248 253 254 258 260 262 266 268 270 272 280 281 284 286 290 311 312 315 320 329 330 335 338 339 341 342 343 345 348 354 358 359 360 364 367 371 373 377 380 382 386 389 396 398 400 408 413 417 424 432 438 443 444 445 455 457 458 461 478 481 483 496 500
169 579
170 690 173 178 181 182 183 185 187 189 193 203 207 209 210 215 216 217 220 225 227 228 229 230 234 236 244 246 247 248 253 254 258 260 262 266 268 270 272 278 280 281 284 286 290 311 312 315 320 329 330 335 338 339 341 342 343 345 348 354 357 358 359 360 364 367 371 373 377 378 380 382 386 388 389 396 398 400 408 413 417 423 424 429 432 436 438 443 444 445 455 457 458 461 463 467 478 481 483 489 496 500
171 828
172 1853
173 894 178 181 182 183 185 187 193 203 207 209 215 216 217 220 225 228 229 234 236 244 247 248 253 254 258 260 262 266 268 272 280 281 284 286 290 311 312 315 320 329 330 335 338 339 341 343 345 348 354 358 359 360 364 367 373 377 380 382 386 389 396 398 400 408 413 417 432 438 443 444 445 455 457 458 461 478 481 483 496 500
174 984
175 1666
176 541
177 2001
178 1785 181 182 183 185 187 193 203 207 209 215 216 217 220 225 227 228 229 230 234 236 244 247 248 253 254 258 260 262 266 268 270 272 280 281 284 286 290 311 312 315 320 329 330 335 338 339 341 342 343 345 348 354 358 359 360 364 367 371 373 377 380 382 386 389 396 398 400 408 413 417 424 432 438 443 444 445 455 457 458 461 478 481 483 496 500
179 1344
180 2266
181 1151 182 183 185 187 203 207 215 217 225 228 229 234 236 244 247 248 253 254 258 260 266 268 280 281 284 286 290 311 312 315 320 329 330 335 338 341 343 345 348 354 359 360 364 380 382 389 396 398 400 408 413 432 438 443 444 445 455 457 458 481 483 496 500
182 2158 183 185 187 193 203 207 209 215 216 217 220 225 227 228 229 230 234 236 244 247 248 253 254 258 260 262 266 268 270 272 278 280 281 284 286 290 311 312 315 320 329 330 335 338 339 341 342 343 345 348 354 358 359 360 364 367 371 373 377 380 382 386 389 396 398 400 408 413 417 424 429 432 438 443 444 445 455 457 458 461 463 467 478 481 483 489 496 500
183 1886 185 187 189 193 203 207 209 210 215 216 217 219 220 225 227 228 229 230 234 236 243 244 246 247 248 253 254 258 260 262 266 268 270 272 278 280 281 284 286 290 306 311 312 315 320 329 330 335 338 339 341 342 343 345 348 354 357 358 359 360 364 367 371 373 377 378 380 382 386 388 389 396 398 400 408 413 417 423 424 425 426 429 432 434 436 438 443 444 445 455 457 458 461 463 467 478 481 482 483 489 493 496 499 500
184 1285
185 730 187 193 203 207 209 215 216 217 220 225 228 229 234 236 244 247 248 253 254 258 260 262 266 268 272 280 281 284 286 290 311 312 315 320 329 330 335 338 339 341 343 345 348 354 358 359 360 364 367 373 377 380 382 386 389 396 398 400 408 413 417 432 438 443 444 445 455 457 458 461 478 481 483 496 500
186 708 203 228 234 244 260 284 396 458
187 1944 193 203 207 209 215 216 217 220 225 227 228 229 230 234 236 244 247 248 253 254 258 260 262 266 268 270 272 280 281 284 286 290 311 312 315 320 329 330 335 338 339 341 342 343 345 348 354 358 359 360 364 367 371 373 377 380 382 386 389 396 398 400 408 413 417 424 432 438 443 444 445 455 457 458 461 478 481 483 496 500
188 716
189 1359 203 228 234 244 248 253 260 284 311 330 338 364 396 438 444 445 458
190 772 203 228 234 244 260 396 458
191 2314
192 540
193 2328 203 215 217 225 228 234 236 244 247 248 253 260 280 281 284 286 290 311 315 320 330 338 341 343 345 348 359 364 396 398 438 443 444 445 455 457 458 483 496
194 1569 203 228 234 260 458
195 2047
196 665
197 636
198 542
199 763
200 2431
201 2099
202 2408
203 1624 205 207 209 210 212 215 216 217 219 220 225 227 228 229 230 234 236 241 243 244 246 247 248 253 254 258 260 262 266 268 270 272 278 280 281 284 286 290 295 304 306 311 312 315 320 329 330 332 335 338 339 340 341 342 343 345 348 354 357 358 359 360 364 367 370 371 372 373 376 377 378 380 382 386 387 388 389 390 396 398 400 404 408 413 417 423 424 425 426 429 432 434 436 438 440 443 444 445 455 457 458 461 463 467 478 480 481 482 483 489 493 496 498 499 500
204 504
205 1684 234
206 1256
207 2141 209 215 216 217 225 228 229 234 236 244 247 248 253 254 258 260 262 266 268 272 280 281 284 286 290 311 312 315 320 329 330 335 338 339 341 343 345 348 354 358 359 360 364 373 377 380 382 386 389 396 398 400 408 413 432 438 443 444 445 455 457 458 461 478 481 483 496 500
208 1235
209 1916 215 217 225 228 234 236 244 247 248 253 260 280 281 284 286 290 311 315 320 330 338 341 343 345 348 359 364 396 398 400 438 443 444 445 455 457 458 481 483 496
210 799 228 234 244 248 253 260 284 311 330 338 364 396 438 444 445 458
211 1362
212 1827 228 234 244 260 284 396 458
213 1174
214 652
215 1209 216 217 220 225 228 229 234 236 244 247 248 253 254 258 260 262 266 268 272 280 281 284 286 290 311 312 315 320 329 330 335 338 339 341 343 345 348 354 358 359 360 364 367 373 377 380 382 386 389 396 398 400 408 413 417 432 438 443 444 445 455 457 458 461 478 481 483 496 500
216 1154 217 225 228 234 236 244 247 248 253 258 260 266 280 281 284 286 290 311 312 315 320 329 330 338 341 343 345 348 354 359 360 364 382 396 398 400 413 438 443 444 445 455 457 458 481 483 496
217 1489 220 225 227 228 229 230 234 236 244 247 248 253 254 258 260 262 266 268 270 272 280 281 284 286 290 311 312 315 320 329 330 335 338 339 341 342 343 345 348 354 358 359 360 364 367 371 373 377 380 382 386 389 396 398 400 408 413 417 424 432 438 443 444 445 455 457 458 461 463 478 481 483 489 496 500
218 1944
219 2374 228 234 244 260 284 396 438 458
220 587 225 228 234 236 244 247 248 253 260 280 281 284 286 290 311 315 320 330 338 341 343 345 359 364 396 398 438 443 444 445 455 457 458 483 496
221 1698
222 839
223 1255
224 2279
225 1821 227 228 229 230 234 236 244 247 248 253 254 258 260 262 266 268 272 280 281 284 286 290 311 312 315 320 329 330 335 338 339 341 342 343 345 348 354 358 359 360 364 367 371 373 377 380 382 386 389 396 398 400 408 413 417 424 432 438 443 444 445 455 457 458 461 478 481 483 496 500
226 2128
227 2406 228 234 236 244 248 253 260 280 281 284 286 290 311 320 330 338 341 343 359 364 396 438 444 445 455 457 458 496
228 1025 229 230 234 236 241 243 244 246 247 248 253 254 258 260 262 266 268 270 272 278 280 281 284 286 290 295 304 306 311 312 315 320 329 330 332 335 338 339 340 341 342 343 345 348 354 357 358 359 360 364 367 371 372 373 376 377 378 380 382 386 388 389 390 396 398 400 408 413 417 423 424 425 426 429 432 434 436 438 440 443 444 445 455 457 458 461 463 467 478 481 482 483 489 493 496 498 499 500
229 2008 234 236 244 247 248 253 254 258 260 266 268 280 281 284 286 290 311 312 315 320 329 330 335 338 341 343 345 348 354 359 360 364 380 382 389 396 398 400 408 413 432 438 443 444 445 455 457 458 481 483 496 500
230 562 234 236 244 248 253 260 280 281 284 286 290 311 320 330 338 341 343 359 364 396 438 444 445 455 457 458 496
231 1407
232 1695
233 572
234 611 236 241 243 244 246 247 248 253 254 258 260 262 266 268 270 272 278 280 281 284 286 290 295 304 306 311 312 315 320 329 330 332 335 338 339 340 341 342 343 345 348 354 357 358 359 360 364 367 370 371 372 373 376 377 378 380 382 386 387 388 389 390 396 398 400 404 408 413 417 423 424 425 426 429 432 434 436 438 440 443 444 445 455 457 458 461 463 467 478 481 482 483 489 493 496 498 499 500
235 1800
236 2014 244 247 248 253 254 258 260 262 266 268 270 272 278 280 281 284 286 290 311 312 315 320 329 330 335 338 339 341 342 343 345 348 354 358 359 360 364 367 371 373 377 380 382 386 389 396 398 400 408 413 417 423 424 429 432 438 443 444 445 455 457 458 461 463 467 478 481 483 489 496 500
237 2090
238 1070
239 1803
240 811
241 596 244 260 458
242 543
243 1311 244 248 260 284 311 330 338 364 396 438 444 458
244 1212 246 247 248 253 254 258 260 262 266 268 270 272 278 280 281 284 286 290 295 304 306 311 312 315 320 329 330 335 338 339 340 341 342 343 345 348 354 357 358 359 360 364 367 371 372 373 377 378 380 382 386 388 389 390 396 398 400 408 413 417 423 424 425 426 429 432 434 436 438 443 444 445 455 457 458 461 463 467 478 481 482 483 489 493 496 498 499 500
245 1891
246 1818 248 253 260 284 311 330 338 364 396 438 444 445 458
247 944 248 253 254 258 260 262 266 268 272 280 281 284 286 290 311 312 315 320 329 330 335 338 339 341 342 343 345 348 354 358 359 360 364 367 371 373 377 380 382 386 389 396 398 400 408 413 417 432 438 443 444 445 455 457 458 461 478 481 483 496 500
248 2421 253 254 258 260 262 266 268 270 272 278 280 281 284 286 290 306 311 312 315 320 329 330 335 338 339 341 342 343 345 348 354 357 358 359 360 364 367 371 373 377 378 380 382 386 388 389 396 398 400 408 413 417 423 424 426 429 432 434 436 438 443 444 445 455 457 458 461 463 467 478 481 483 489 493 496 499 500
249 1093
250 1561
251 1231
252 1016
253 568 254 258 260 262 266 268 270 272 278 280 281 284 286 290 311 312 315 320 329 330 335 338 339 341 342 343 345 348 354 357 358 359 360 364 367 371 373 377 378 380 382 386 388 389 396 398 400 408 413 417 423 424 429 432 434 436 438 443 444 445 455 457 458 461 463 467 478 481 483 489 496 500
254 1521 258 260 266 268 280 281 284 286 290 311 312 315 320 329 330 335 338 341 343 345 348 354 359 360 364 380 382 389 396 398 400 408 413 432 438 443 444 445 455 457 458 481 483 496 500
255 1539
256 1272
257 806
258 926 260 266 268 272 280 281 284 286 290 311 312 315 320 329 330 335 338 341 343 345 348 354 359 360 364 380 382 389 396 398 400 408 413 432 438 443 444 445 455 457 458 481 483 496 500
259 2489
260 717 262 266 268 270 272 278 280 281 284 286 290 295 304 306 311 312 315 320 329 330 332 335 338 339 340 341 342 343 345 348 354 357 358 359 360 364 367 371 372 373 376 377 378 380 382 386 388 389 390 396 398 400 408 413 417 423 424 425 426 429 432 434 436 438 443 444 445 455 457 458 461 463 467 478 481 482 483 489 493 496 498 499 500
261 1892
262 1127 280 281 284 286 290 311 315 320 330 338 341 343 345 348 359 364 396 398 400 438 443 444 445 455 457 458 481 483 496
263 1866
264 1176
265 1480
266 758 268 280 281 284 286 290 311 312 315 320 329 330 335 338 341 343 345 348 354 359 360 364 380 382 389 396 398 400 408 413 432 438 443 444 445 455 457 458 481 483 496 500
267 1685
268 1838 280 281 284 286 290 311 312 315 320 329 330 335 338 341 343 345 348 354 359 360 364 380 382 389 396 398 400 408 413 432 438 443 444 445 455 457 458 481 483 496 500
269 1759
270 742 280 284 286 290 311 320 330 338 341 343 359 364 396 438 444 445 457 458 496
271 2443
272 947 280 281 284 286 290 311 312 315 320 329 330 338 341 343 345 348 354 359 360 364 382 396 398 400 413 438 443 444 445 455 457 458 481 483 496
273 613
274 1612
275 1882
276 2004
277 2010
278 2100 280 284 286 311 330 338 364 396 438 444 445 457 458 496
279 2204
280 1140 281 284 286 290 311 312 315 320 329 330 335 338 339 341 342 343 345 348 354 358 359 360 364 367 371 373 377 380 382 386 389 396 398 400 408 413 417 424 432 438 443 444 445 455 457 458 461 463 467 478 481 483 489 496 500
281 766 284 286 290 311 312 315 320 329 330 335 338 339 341 342 343 345 348 354 358 359 360 364 367 371 373 377 380 382 386 389 396 398 400 408 413 417 424 432 438 443 444 445 455 457 458 461 478 481 483 496 500
282 2112
283 2177
284 812 286 290 304 306 311 312 315 320 329 330 335 338 339 341 342 343 345 348 354 357 358 359 360 364 367 371 372 373 377 378 380 382 386 388 389 390 396 398 400 408 413 417 423 424 425 426 429 432 434 436 438 443 444 445 455 457 458 461 463 467 478 481 482 483 489 493 496 498 499 500
285 2398
286 1000 290 311 312 315 320 329 330 335 338 339 341 342 343 345 348 354 358 359 360 364 367 371 373 377 380 382 386 389 396 398 400 408 413 417 423 424 429 432 438 443 444 445 455 457 458 461 463 467 478 481 483 489 496 500
287 2038
288 743
289 1366
290 2359 311 312 315 320 329 330 335 338 339 341 342 343 345 348 354 358 359 360 364 367 371 373 377 380 382 386 389 396 398 400 408 413 417 424 432 438 443 444 445 455 457 458 461 478 481 483 489 496 500
291 508
292 1998
293 2013
294 1208
295 553 396 458
296 1811
297 2102
298 954
299 1078
300 1882
301 674
302 907
303 1712
304 1754 396 458
305 1063
306 2140 330 364 396 438 444 458
307 846
308 1099
309 1437
310 1399
311 1524 312 315 320 329 330 335 338 339 341 342 343 345 348 354 357 358 359 360 364 367 371 373 377 378 380 382 386 388 389 396 398 400 408 413 417 423 424 426 429 432 434 436 438 443 444 445 455 457 458 461 463 467 478 481 483 489 493 496 500
312 1744 315 320 329 330 335 338 341 343 345 348 354 358 359 360 364 377 380 382 389 396 398 400 408 413 432 438 443 444 445 455 457 458 481 483 496 500
313 1486
314 672
315 1484 320 329 330 335 338 339 341 342 343 345 348 354 358 359 360 364 367 371 373 377 380 382 386 389 396 398 400 408 413 417 432 438 443 444 445 455 457 458 461 478 481 483 496 500
316 2294
317 1427
318 2473
319 2353
320 862 329 330 335 338 339 341 342 343 345 348 354 358 359 360 364 367 371 373 377 380 382 386 389 396 398 400 408 413 417 424 432 438 443 444 445 455 457 458 461 463 467 478 481 483 489 496 500
321 2273
322 2178
323 596
324 871
325 1166
326 1480
327 2074
328 1155
329 662 330 335 338 341 343 345 348 354 359 360 364 380 382 389 396 398 400 408 413 432 438 443 444 445 455 457 458 481 483 496 500
330 1822 335 338 339 341 342 343 345 348 354 357 358 359 360 364 367 371 373 377 378 380 382 386 388 389 396 398 400 408 413 417 423 424 426 429 432 434 436 438 443 444 445 455 457 458 461 463 467 478 481 483 489 493 496 499 500
331 535
332 920 458
333 810
334 1713
335 1101 338 341 343 345 348 354 359 360 364 380 382 389 396 398 400 408 413 432 438 443 444 445 455 457 458 481 483 496 500
336 2202
337 1162
338 2067 339 341 342 343 345 348 354 357 358 359 360 364 367 371 373 377 378 380 382 386 388 389 396 398 400 408 413 417 423 424 426 429 432 434 436 438 443 444 445 455 457 458 461 463 467 478 481 483 489 493 496 500
339 527 341 343 345 348 359 364 396 398 400 438 443 444 445 455 457 458 481 483 496
340 1214 458
341 609 342 343 345 348 354 358 359 360 364 367 371 373 377 380 382 386 389 396 398 400 408 413 417 424 432 438 443 444 445 455 457 458 461 478 481 483 496 500
342 2215 343 345 359 364 396 398 438 443 444 445 455 457 458 483 496
343 960 345 348 354 358 359 360 364 367 371 373 377 380 382 386 389 396 398 400 408 413 417 424 432 438 443 444 445 455 457 458 461 478 481 483 496 500
344 1729
345 2132 348 354 358 359 360 364 367 373 377 380 382 386 389 396 398 400 408 413 417 432 438 443 444 445 455 457 458 461 478 481 483 496 500
346 2493
347 1200
348 663 354 358 359 360 364 367 373 377 380 382 386 389 396 398 400 408 413 417 432 438 443 444 445 455 457 458 461 478 481 483 496 500
349 1965
350 1318
351 1565
352 592
353 2259
354 704 358 359 360 364 377 380 382 389 396 398 400 408 413 432 438 443 444 445 455 457 458 481 483 496 500
355 1166
356 1056
357 533 364 396 438 444 445 458
358 1343 359 364 382 396 398 400 438 443 444 445 455 457 458 481 483 496
359 1398 360 364 367 371 373 377 380 382 386 389 396 398 400 408 413 417 424 432 438 443 444 445 455 457 458 461 478 481 483 496 500
360 2107 364 380 382 389 396 398 400 408 413 432 438 443 444 445 455 457 458 481 483 496 500
361 2449
362 2054
363 1661
364 2097 367 371 373 377 378 380 382 386 388 389 396 398 400 408 413 417 423 424 426 429 432 434 436 438 443 444 445 455 457 458 461 463 467 478 481 483 489 493 496 499 500
365 2055
366 1487
367 711 396 398 400 438 443 444 445 455 457 458 483 496
368 601
369 2463
370 1598
371 1757 396 398 438 444 445 455 457 458 483 496
372 1234 396 458
373 2188 396 398 400 438 443 444 445 455 457 458 481 483 496
374 2301
375 1163
376 2237 458
377 836 382 396 398 400 438 443 444 445 455 457 458 481 483 496
378 2246 396 438 444 445 458
379 766
380 2296 382 389 396 398 400 408 413 432 438 443 444 445 455 457 458 481 483 496 500
381 1872
382 1034 389 396 398 400 408 413 432 438 443 444 445 455 457 458 481 483 496 500
383 1290
384 1275
385 1500
386 2288 396 398 400 438 443 444 445 455 457 458 481 483 496
387 1925
388 2261 396 438 444 445 458
389 985 396 398 400 408 413 432 438 443 444 445 455 457 458 481 483 496 500
390 851 396 458
391 2163
392 1086
393 1603
394 2347
395 1430
396 1245 398 400 408 413 417 423 424 425 426 429 432 434 436 438 443 444 445 455 457 458 461 463 467 478 481 482 483 489 493 496 498 499 500
397 2014
398 746 400 408 413 417 424 432 438 443 444 445 455 457 458 461 478 481 483 496 500
399 2112
400 1517 408 413 417 432 438 443 444 445 455 457 458 461 478 481 483 496 500
401 1834
402 1597
403 1146
404 2263
405 1663
406 584
407 1492
408 1611 413 432 438 443 444 445 455 457 458 481 483 496 500
409 2010
410 808
411 748
412 1314
413 1842 432 438 443 444 445 455 457 458 481 483 496 500
414 2346
415 2012
416 1978
417 1457 438 443 444 445 455 457 458 481 483 496
418 1949
419 672
420 2495
421 639
422 2214
423 615 438 444 445 457 458 496
424 2097 438 444 445 455 457 458 483 496
425 1745 438 458
426 1867 438 444 458
427 1144
428 1854
429 724 438 444 445 457 458 496
430 1151
431 1375
432 1271 438 443 444 445 455 457 458 481 483 496 500
433 819
434 1726 438 444 445 458
435 1099
436 557 438 444 445 458
437 1118
438 2053 443 444 445 455 457 458 461 463 467 478 481 482 483 489 493 496 499 500
439 1292
440 1536 458
441 895
442 1198
443 1535 444 445 455 457 458 461 478 481 483 496 500
444 1382 445 455 457 458 461 463 467 478 481 483 489 493 496 500
445 1821 455 457 458 461 463 467 478 481 483 489 493 496 500
446 935
447 1981
448 650
449 2439
450 539
451 855
452 1611
453 1030
454 2220
455 2100 457 458 461 478 481 483 496 500
456 552
457 1340 458 461 463 467 478 481 483 489 496 500
458 2429 461 463 467 478 481 482 483 489 493 496 498 499 500
459 1416
460 593
461 1260 481 483 496
462 1522
463 1050 496
464 1181
465 1752
466 2388
467 1489 496
468 1331
469 864
470 1477
471 767
472 1995
473 502
474 2435
475 2486
476 1767
477 1590
478 1925 481 483 496
479 1286
480 1747
481 1824 483 496 500
482 1442
483 1003 496 500
484 1844
485 2169
486 1594
487 1270
488 972
489 2125 496
490 806
491 2105
492 522
493 2139
494 626
495 1999
496 772 500
497 2202
498 2167
499 584
500 609
