250 10000
1 523 3 4 5 6 8 9 10 11 13 14 15 16 17 18 22 23 24 25 26 27 29 32 33 34 35 37 38 40 41 42 43 44 45 47 48 51 52 53 55 57 59 60 62 63 67 68 70 71 75 76 79 80 81 82 85 87 88 89 90 91 93 94 96 97 98 99 101 104 105 107 108 109 111 112 115 117 119 120 122 123 126 127 128 129 130 134 136 137 138 139 143 144 147 148 149 151 152 155 157 158 161 162 165 166 167 169 171 173 175 177 178 180 182 185 189 190 191 194 195 197 199 200 201 202 204 205 207 210 213 214 215 218 219 221 222 225 226 227 229 234 235 239 240 242 244 246 247 250
2 1920 3 4 5 6 8 9 11 13 14 15 16 17 18 22 23 24 25 26 29 32 33 34 35 37 38 40 41 43 44 45 48 57 59 60 62 63 67 70 71 76 79 81 87 88 89 96 97 98 99 101 104 105 107 109 111 112 115 117 119 120 122 123 126 127 129 136 137 138 139 143 144 147 148 151 157 158 161 162 165 166 167 169 173 175 178 185 189 191 194 195 197 200 201 202 204 207 210 213 214 215 218 219 221 222 225 226 229 234 235 239 240 246
3 916 4 5 6 7 8 9 10 11 12 13 14 15 16 17 18 19 20 21 22 23 24 25 26 27 28 29 30 31 32 33 34 35 36 37 38 40 41 42 43 44 45 47 48 49 50 51 52 53 54 55 56 57 58 59 60 61 62 63 65 67 68 69 70 71 72 73 74 75 76 77 78 79 80 81 82 83 84 85 86 87 88 89 90 91 92 93 94 95 96 97 98 99 101 102 103 104 105 106 107 108 109 110 111 112 113 114 115 116 117 118 119 120 121 122 123 124 125 126 127 128 129 130 131 132 133 134 135 136 137 138 139 140 142 143 144 145 147 148 149 150 151 152 153 154 155 156 157 158 159 160 161 162 163 164 165 166 167 168 169 170 171 173 174 175 176 177 178 179 180 181 182 183 184 185 186 187 188 189 190 191 192 194 195 196 197 198 199 200 201 202 203 204 205 206 207 208 210 211 212 213 214 215 216 217 218 219 220 221 222 223 224 225 226 227 229 230 231 232 233 234 235 236 237 238 239 240 241 242 243 244 245 246 247 248 249 250
4 1048 5 6 8 9 10 11 13 14 15 16 17 18 19 22 23 24 25 26 27 29 32 33 34 35 36 37 38 40 41 42 43 44 45 47 48 49 51 52 53 55 57 59 60 62 63 67 68 69 70 71 72 73 75 76 77 79 80 81 82 85 87 88 89 90 91 93 94 95 96 97 98 99 101 102 104 105 107 108 109 111 112 115 117 119 120 122 123 124 126 127 128 129 130 131 132 134 136 137 138 139 143 144 145 147 148 149 151 152 155 157 158 161 162 165 166 167 169 170 171 173 175 177 178 180 182 184 185 186 188 189 190 191 194 195 197 198 199 200 201 202 204 205 207 210 213 214 215 216 218 219 221 222 225 226 227 229 232 233 234 235 237 239 240 242 244 246 247 250
5 2385 6 7 8 9 10 11 13 14 15 16 17 18 19 20 21 22 23 24 25 26 27 28 29 30 31 32 33 34 35 36 37 38 40 41 42 43 44 45 47 48 49 50 51 52 53 54 55 57 59 60 61 62 63 65 67 68 69 70 71 72 73 75 76 77 78 79 80 81 82 83 85 87 88 89 90 91 92 93 94 95 96 97 98 99 101 102 103 104 105 106 107 108 109 111 112 113 115 116 117 119 120 121 122 123 124 126 127 128 129 130 131 132 133 134 136 137 138 139 140 142 143 144 145 147 148 149 150 151 152 153 154 155 156 157 158 159 161 162 164 165 166 167 168 169 170 171 173 174 175 177 178 179 180 181 182 184 185 186 187 188 189 190 191 192 194 195 196 197 198 199 200 201 202 203 204 205 206 207 210 211 212 213 214 215 216 217 218 219 220 221 222 224 225 226 227 229 230 231 232 233 234 235 236 237 238 239 240 241 242 244 245 246 247 248 250
6 2309 7 8 9 10 11 12 13 14 15 16 17 18 19 20 21 22 23 24 25 26 27 28 29 30 31 32 33 34 35 36 37 38 40 41 42 43 44 45 47 48 49 50 51 52 53 54 55 56 57 58 59 60 61 62 63 65 67 68 69 70 71 72 73 74 75 76 77 78 79 80 81 82 83 84 85 86 87 88 89 90 91 92 93 94 95 96 97 98 99 101 102 103 104 105 106 107 108 109 110 111 112 113 114 115 116 117 118 119 120 121 122 123 124 125 126 127 128 129 130 131 132 133 134 135 136 137 138 139 140 142 143 144 145 147 148 149 150 151 152 153 154 155 156 157 158 159 160 161 162 163 164 165 166 167 168 169 170 171 173 174 175 176 177 178 179 180 181 182 183 184 185 186 187 188 189 190 191 192 194 195 196 197 198 199 200 201 202 203 204 205 206 207 208 209 210 211 212 213 214 215 216 217 218 219 220 221 222 223 224 225 226 227 229 230 231 232 233 234 235 236 237 238 239 240 241 242 243 244 245 246 247 248 249 250
7 1892 9 11 15 18 22 23 26 32 35 37 38 40 43 44 45 48 59 62 63 70 71 87 88 97 98 101 107 109 117 122 126 127 129 137 138 139 144 151 158 162 165 167 169 178 189 191 197 200 201 207 210 214 215 218 219 221 226 229 239
8 1994 9 10 11 13 14 15 16 17 18 22 23 24 25 26 27 29 32 33 34 35 37 38 40 41 42 43 44 45 47 48 51 52 53 55 57 59 60 62 63 67 68 70 71 75 76 79 80 81 82 85 87 88 89 90 91 93 94 95 96 97 98 99 101 104 105 107 108 109 111 112 115 117 119 120 122 123 126 127 128 129 130 134 136 137 138 139 143 144 147 148 149 151 152 155 157 158 161 162 165 166 167 169 170 171 173 175 177 178 180 182 185 188 189 190 191 194 195 197 198 199 200 201 202 204 205 207 210 213 214 215 218 219 221 222 225 226 227 229 233 234 235 239 240 242 244 246 247 250
9 1598 10 11 12 13 14 15 16 17 18 19 20 21 22 23 24 25 26 27 28 29 30 31 32 33 34 35 36 37 38 40 41 42 43 44 45 47 48 49 50 51 52 53 54 55 56 57 58 59 60 61 62 63 65 67 68 69 70 71 72 73 75 76 77 78 79 80 81 82 83 84 85 86 87 88 89 90 91 92 93 94 95 96 97 98 99 101 102 103 104 105 106 107 108 109 111 112 113 114 115 116 117 118 119 120 121 122 123 124 126 127 128 129 130 131 132 133 134 136 137 138 139 140 142 143 144 145 147 148 149 150 151 152 153 154 155 156 157 158 159 161 162 164 165 166 167 168 169 170 171 173 174 175 176 177 178 179 180 181 182 183 184 185 186 187 188 189 190 191 192 194 195 196 197 198 199 200 201 202 203 204 205 206 207 208 210 211 212 213 214 215 216 217 218 219 220 221 222 224 225 226 227 229 230 231 232 233 234 235 236 237 238 239 240 241 242 244 245 246 247 248 250
10 1152 11 13 14 15 16 17 18 22 23 24 25 26 27 29 32 33 34 35 37 38 40 41 43 44 45 47 48 51 53 55 57 59 60 62 63 67 68 70 71 75 76 79 80 81 82 85 87 88 89 90 91 93 94 96 97 98 99 101 104 105 107 109 111 112 115 117 119 120 122 123 126 127 128 129 130 134 136 137 138 139 143 144 147 148 149 151 152 155 157 158 161 162 165 166 167 169 171 173 175 177 178 180 182 185 189 191 194 195 197 199 200 201 202 204 205 207 210 213 214 215 218 219 221 222 225 226 227 229 234 235 239 240 242 244 246 247 250
11 1977 13 14 15 16 17 18 19 20 22 23 24 25 26 27 28 29 30 31 32 33 34 35 36 37 38 40 41 42 43 44 45 47 48 49 50 51 52 53 54 55 57 59 60 61 62 63 65 67 68 69 70 71 72 73 75 76 77 79 80 81 82 83 85 87 88 89 90 91 92 93 94 95 96 97 98 99 101 102 103 104 105 106 107 108 109 111 112 113 115 116 117 119 120 122 123 124 126 127 128 129 130 131 132 133 134 136 137 138 139 140 142 143 144 145 147 148 149 150 151 152 153 154 155 156 157 158 159 161 162 165 166 167 168 169 170 171 173 174 175 177 178 179 180 181 182 184 185 186 187 188 189 190 191 192 194 195 197 198 199 200 201 202 203 204 205 206 207 210 211 213 214 215 216 217 218 219 220 221 222 224 225 226 227 229 230 231 232 233 234 235 236 237 238 239 240 241 242 244 245 246 247 248 250
12 1398 15 18 32 35 37 40 44 62 63 70 71 87 88 97 98 101 107 109 117 122 127 138 144 151 158 162 165 167 178 189 197 200 201 207 210 218 226 229 239
13 2040 14 15 16 17 18 22 23 24 25 26 27 29 32 33 34 35 36 37 38 40 41 42 43 44 45 47 48 51 52 53 55 57 59 60 62 63 67 68 70 71 75 76 77 79 80 81 82 85 87 88 89 90 91 93 94 95 96 97 98 99 101 104 105 107 108 109 111 112 115 117 119 120 122 123 126 127 128 129 130 131 134 136 137 138 139 143 144 147 148 149 151 152 155 157 158 161 162 165 166 167 169 170 171 173 175 177 178 180 182 185 188 189 190 191 194 195 197 198 199 200 201 202 204 205 207 210 213 214 215 216 218 219 221 222 225 226 227 229 232 233 234 235 237 239 240 242 244 246 247 250
14 2299 15 16 17 18 19 22 23 24 25 26 27 29 32 33 34 35 36 37 38 40 41 42 43 44 45 47 48 49 51 52 53 55 57 59 60 62 63 67 68 69 70 71 72 73 75 76 77 79 80 81 82 85 87 88 89 90 91 93 94 95 96 97 98 99 101 102 103 104 105 107 108 109 111 112 115 117 119 120 122 123 124 126 127 128 129 130 131 132 134 136 137 138 139 143 144 145 147 148 149 151 152 155 157 158 161 162 165 166 167 168 169 170 171 173 175 177 178 180 182 184 185 186 188 189 190 191 194 195 197 198 199 200 201 202 204 205 207 210 211 213 214 215 216 217 218 219 221 222 225 226 227 229 232 233 234 235 237 239 240 242 244 246 247 250
15 2355 16 17 18 19 20 21 22 23 24 25 26 27 28 29 30 31 32 33 34 35 36 37 38 40 41 42 43 44 45 47 48 49 50 51 52 53 54 55 56 57 58 59 60 61 62 63 65 67 68 69 70 71 72 73 75 76 77 78 79 80 81 82 83 84 85 86 87 88 89 90 91 92 93 94 95 96 97 98 99 101 102 103 104 105 106 107 108 109 110 111 112 113 114 115 116 117 118 119 120 121 122 123 124 125 126 127 128 129 130 131 132 133 134 135 136 137 138 139 140 142 143 144 145 147 148 149 150 151 152 153 154 155 156 157 158 159 160 161 162 163 164 165 166 167 168 169 170 171 173 174 175 176 177 178 179 180 181 182 183 184 185 186 187 188 189 190 191 192 194 195 196 197 198 199 200 201 202 203 204 205 206 207 208 210 211 212 213 214 215 216 217 218 219 220 221 222 223 224 225 226 227 229 230 231 232 233 234 235 236 237 238 239 240 241 242 243 244 245 246 247 248 250
16 1436 17 18 19 22 23 24 25 26 27 28 29 31 32 33 34 35 36 37 38 40 41 42 43 44 45 47 48 49 50 51 52 53 54 55 57 59 60 61 62 63 67 68 69 70 71 72 73 75 76 77 79 80 81 82 85 87 88 89 90 91 92 93 94 95 96 97 98 99 101 102 103 104 105 106 107 108 109 111 112 115 116 117 119 120 122 123 124 126 127 128 129 130 131 132 134 136 137 138 139 140 142 143 144 145 147 148 149 150 151 152 155 157 158 159 161 162 165 166 167 168 169 170 171 173 174 175 177 178 179 180 181 182 184 185 186 187 188 189 190 191 194 195 197 198 199 200 201 202 203 204 205 207 210 211 213 214 215 216 217 218 219 221 222 225 226 227 229 230 231 232 233 234 235 236 237 239 240 242 244 245 246 247 248 250
17 1859 18 19 22 23 24 25 26 27 29 32 33 34 35 36 37 38 40 41 42 43 44 45 47 48 49 51 52 53 55 57 59 60 62 63 67 68 69 70 71 72 73 75 76 77 79 80 81 82 85 87 88 89 90 91 93 94 95 96 97 98 99 101 102 103 104 105 107 108 109 111 112 115 117 119 120 122 123 124 126 127 128 129 130 131 132 134 136 137 138 139 143 144 145 147 148 149 151 152 155 157 158 159 161 162 165 166 167 168 169 170 171 173 175 177 178 180 182 184 185 186 188 189 190 191 194 195 197 198 199 200 201 202 203 204 205 207 210 211 213 214 215 216 217 218 219 221 222 225 226 227 229 232 233 234 235 236 237 239 240 242 244 246 247 250
18 837 19 20 21 22 23 24 25 26 27 28 29 30 31 32 33 34 35 36 37 38 39 40 41 42 43 44 45 47 48 49 50 51 52 53 54 55 56 57 58 59 60 61 62 63 64 65 67 68 69 70 71 72 73 74 75 76 77 78 79 80 81 82 83 84 85 86 87 88 89 90 91 92 93 94 95 96 97 98 99 101 102 103 104 105 106 107 108 109 110 111 112 113 114 115 116 117 118 119 120 121 122 123 124 125 126 127 128 129 130 131 132 133 134 135 136 137 138 139 140 142 143 144 145 147 148 149 150 151 152 153 154 155 156 157 158 159 160 161 162 163 164 165 166 167 168 169 170 171 172 173 174 175 176 177 178 179 180 181 182 183 184 185 186 187 188 189 190 191 192 194 195 196 197 198 199 200 201 202 203 204 205 206 207 208 209 210 211 212 213 214 215 216 217 218 219 220 221 222 223 224 225 226 227 229 230 231 232 233 234 235 236 237 238 239 240 241 242 243 244 245 246 247 248 249 250
19 788 22 23 24 25 26 29 32 33 34 35 37 38 40 41 43 44 45 48 57 59 60 62 63 67 70 71 76 79 81 87 88 89 96 97 98 99 101 105 107 109 111 112 115 117 119 120 122 123 126 127 129 136 137 138 139 143 144 147 148 151 158 161 162 165 166 167 169 173 175 178 185 189 191 194 195 197 200 201 202 204 207 210 213 214 215 218 219 221 222 225 226 229 234 235 239 246
20 1244 22 23 26 32 35 37 38 40 43 44 45 48 59 62 63 70 71 87 88 97 98 101 107 109 117 122 123 126 127 129 137 138 139 144 147 151 158 162 165 167 169 175 178 189 191 197 200 201 202 207 210 214 215 218 219 221 226 229 239
21 570 32 35 37 38 40 44 48 59 62 63 70 71 87 88 97 98 101 107 109 117 122 127 138 144 151 158 162 165 167 178 189 197 200 201 207 210 218 226 229 239
22 1486 23 24 25 26 27 28 29 30 31 32 33 34 35 36 37 38 40 41 42 43 44 45 47 48 49 50 51 52 53 54 55 57 59 60 61 62 63 65 67 68 69 70 71 72 73 75 76 77 79 80 81 82 83 85 87 88 89 90 91 92 93 94 95 96 97 98 99 101 102 103 104 105 106 107 108 109 111 112 113 115 116 117 119 120 122 123 124 126 127 128 129 130 131 132 133 134 136 137 138 139 140 142 143 144 145 147 148 149 150 151 152 153 154 155 156 157 158 159 161 162 165 166 167 168 169 170 171 173 174 175 177 178 179 180 181 182 184 185 186 187 188 189 190 191 192 194 195 197 198 199 200 201 202 203 204 205 206 207 210 211 213 214 215 216 217 218 219 220 221 222 224 225 226 227 229 230 231 232 233 234 235 236 237 238 239 240 241 242 244 245 246 247 248 250
23 1213 24 25 26 27 28 29 31 32 33 34 35 36 37 38 40 41 42 43 44 45 47 48 49 50 51 52 53 54 55 57 59 60 61 62 63 65 67 68 69 70 71 72 73 75 76 77 79 80 81 82 85 87 88 89 90 91 92 93 94 95 96 97 98 99 101 102 103 104 105 106 107 108 109 111 112 115 116 117 119 120 122 123 124 126 127 128 129 130 131 132 134 136 137 138 139 140 142 143 144 145 147 148 149 150 151 152 155 156 157 158 159 161 162 165 166 167 168 169 170 171 173 174 175 177 178 179 180 181 182 184 185 186 187 188 189 190 191 192 194 195 197 198 199 200 201 202 203 204 205 207 210 211 213 214 215 216 217 218 219 220 221 222 224 225 226 227 229 230 231 232 233 234 235 236 237 238 239 240 242 244 245 246 247 248 250
24 665 25 26 27 29 32 33 34 35 36 37 38 40 41 42 43 44 45 47 48 49 51 52 53 55 57 59 60 61 62 63 67 68 69 70 71 72 73 75 76 77 79 80 81 82 85 87 88 89 90 91 92 93 94 95 96 97 98 99 101 102 103 104 105 107 108 109 111 112 115 117 119 120 122 123 124 126 127 128 129 130 131 132 134 136 137 138 139 142 143 144 145 147 148 149 151 152 155 157 158 159 161 162 165 166 167 168 169 170 171 173 175 177 178 180 182 184 185 186 188 189 190 191 194 195 197 198 199 200 201 202 203 204 205 207 210 211 213 214 215 216 217 218 219 221 222 225 226 227 229 232 233 234 235 236 237 239 240 242 244 246 247 250
25 888 26 27 28 29 31 32 33 34 35 36 37 38 40 41 42 43 44 45 47 48 49 50 51 52 53 54 55 57 59 60 61 62 63 65 67 68 69 70 71 72 73 75 76 77 79 80 81 82 85 87 88 89 90 91 92 93 94 95 96 97 98 99 101 102 103 104 105 106 107 108 109 111 112 115 116 117 119 120 122 123 124 126 127 128 129 130 131 132 134 136 137 138 139 140 142 143 144 145 147 148 149 150 151 152 155 157 158 159 161 162 165 166 167 168 169 170 171 173 174 175 177 178 179 180 181 182 184 185 186 187 188 189 190 191 194 195 197 198 199 200 201 202 203 204 205 207 210 211 213 214 215 216 217 218 219 220 221 222 225 226 227 229 230 231 232 233 234 235 236 237 239 240 242 244 245 246 247 248 250
26 2125 27 28 29 30 31 32 33 34 35 36 37 38 40 41 42 43 44 45 47 48 49 50 51 52 53 54 55 57 59 60 61 62 63 65 67 68 69 70 71 72 73 75 76 77 79 80 81 82 85 87 88 89 90 91 92 93 94 95 96 97 98 99 101 102 103 104 105 106 107 108 109 111 112 115 116 117 119 120 122 123 124 126 127 128 129 130 131 132 134 136 137 138 139 140 142 143 144 145 147 148 149 150 151 152 153 155 156 157 158 159 161 162 165 166 167 168 169 170 171 173 174 175 177 178 179 180 181 182 184 185 186 187 188 189 190 191 192 194 195 197 198 199 200 201 202 203 204 205 207 210 211 213 214 215 216 217 218 219 220 221 222 224 225 226 227 229 230 231 232 233 234 235 236 237 238 239 240 242 244 245 246 247 248 250
27 1645 29 32 33 34 35 37 38 40 41 43 44 45 48 51 53 57 59 60 62 63 67 68 70 71 76 79 81 82 87 88 89 90 93 96 97 98 99 101 104 105 107 109 111 112 115 117 119 120 122 123 126 127 129 134 136 137 138 139 143 144 147 148 151 155 157 158 161 162 165 166 167 169 171 173 175 177 178 185 189 191 194 195 197 199 200 201 202 204 205 207 210 213 214 215 218 219 221 222 225 226 229 234 235 239 240 244 246
28 2053 32 35 37 38 40 43 44 45 48 57 59 62 63 67 70 71 76 79 81 87 88 89 96 97 98 101 107 109 111 117 120 122 123 126 127 129 137 138 139 144 147 151 158 162 165 167 169 173 175 178 185 189 191 195 197 200 201 202 207 210 214 215 218 219 221 225 226 229 235 239
29 1223 32 33 34 35 36 37 38 40 41 42 43 44 45 47 48 49 51 52 53 55 57 59 60 62 63 67 68 69 70 71 72 73 75 76 77 79 80 81 82 85 87 88 89 90 91 93 94 95 96 97 98 99 101 102 103 104 105 107 108 109 111 112 115 117 119 120 122 123 124 126 127 128 129 130 131 132 134 136 137 138 139 143 144 145 147 148 149 151 152 155 157 158 161 162 165 166 167 169 170 171 173 175 177 178 180 182 184 185 186 188 189 190 191 194 195 197 198 199 200 201 202 204 205 207 210 213 214 215 216 217 218 219 221 222 225 226 227 229 232 233 234 235 237 239 240 242 244 246 247 250
30 2238 32 35 37 38 40 43 44 45 48 59 62 63 70 71 87 88 97 98 101 107 109 117 122 127 129 137 138 144 151 158 162 165 167 178 189 191 197 200 201 207 210 214 215 218 219 221 226 229 239
31 2071 32 35 37 38 40 43 44 45 48 57 59 62 63 67 70 71 76 79 87 88 89 96 97 98 101 107 109 111 117 122 123 126 127 129 137 138 139 144 147 151 158 162 165 167 169 173 175 178 185 189 191 195 197 200 201 202 207 210 214 215 218 219 221 226 229 235 239
32 1882 33 34 35 36 37 38 40 41 42 43 44 45 47 48 49 50 51 52 53 54 55 56 57 58 59 60 61 62 63 65 67 68 69 70 71 72 73 75 76 77 78 79 80 81 82 83 84 85 86 87 88 89 90 91 92 93 94 95 96 97 98 99 101 102 103 104 105 106 107 108 109 111 112 113 114 115 116 117 118 119 120 121 122 123 124 126 127 128 129 130 131 132 133 134 136 137 138 139 140 142 143 144 145 147 148 149 150 151 152 153 154 155 156 157 158 159 161 162 163 164 165 166 167 168 169 170 171 173 174 175 176 177 178 179 180 181 182 183 184 185 186 187 188 189 190 191 192 194 195 196 197 198 199 200 201 202 203 204 205 206 207 208 210 211 212 213 214 215 216 217 218 219 220 221 222 224 225 226 227 229 230 231 232 233 234 235 236 237 238 239 240 241 242 244 245 246 247 248 250
33 2010 34 35 36 37 38 40 41 42 43 44 45 47 48 49 51 52 53 55 57 59 60 62 63 67 68 69 70 71 72 73 75 76 77 79 80 81 82 85 87 88 89 90 91 93 94 95 96 97 98 99 101 102 104 105 107 108 109 111 112 115 117 119 120 122 123 124 126 127 128 129 130 131 132 134 136 137 138 139 143 144 145 147 148 149 151 152 155 157 158 161 162 165 166 167 169 170 171 173 175 177 178 180 182 184 185 186 188 189 190 191 194 195 197 198 199 200 201 202 204 205 207 210 213 214 215 216 218 219 221 222 225 226 227 229 232 233 234 235 237 239 240 242 244 246 247 250
34 1846 35 36 37 38 40 41 42 43 44 45 47 48 49 51 52 53 55 57 59 60 61 62 63 67 68 69 70 71 72 73 75 76 77 79 80 81 82 85 87 88 89 90 91 92 93 94 95 96 97 98 99 101 102 103 104 105 107 108 109 111 112 115 117 119 120 122 123 124 126 127 128 129 130 131 132 134 136 137 138 139 142 143 144 145 147 148 149 151 152 155 157 158 159 161 162 165 166 167 168 169 170 171 173 175 177 178 180 182 184 185 186 188 189 190 191 194 195 197 198 199 200 201 202 203 204 205 207 210 211 213 214 215 216 217 218 219 221 222 225 226 227 229 232 233 234 235 236 237 239 240 242 244 246 247 250
35 1586 36 37 38 39 40 41 42 43 44 45 47 48 49 50 51 52 53 54 55 56 57 58 59 60 61 62 63 64 65 67 68 69 70 71 72 73 74 75 76 77 78 79 80 81 82 83 84 85 86 87 88 89 90 91 92 93 94 95 96 97 98 99 100 101 102 103 104 105 106 107 108 109 110 111 112 113 114 115 116 117 118 119 120 121 122 123 124 125 126 127 128 129 130 131 132 133 134 135 136 137 138 139 140 142 143 144 145 147 148 149 150 151 152 153 154 155 156 157 158 159 160 161 162 163 164 165 166 167 168 169 170 171 172 173 174 175 176 177 178 179 180 181 182 183 184 185 186 187 188 189 190 191 192 193 194 195 196 197 198 199 200 201 202 203 204 205 206 207 208 209 210 211 212 213 214 215 216 217 218 219 220 221 222 223 224 225 226 227 228 229 230 231 232 233 234 235 236 237 238 239 240 241 242 243 244 245 246 247 248 249 250
36 1384 37 38 40 41 43 44 45 48 57 59 60 62 63 67 70 71 76 79 81 87 88 89 96 97 98 99 101 104 105 107 109 111 112 115 117 119 120 122 123 126 127 129 136 137 138 139 143 144 147 148 151 158 161 162 165 166 167 169 173 175 178 185 189 191 194 195 197 200 201 202 204 207 210 213 214 215 218 219 221 222 225 226 229 234 235 239 240 246
37 624 38 40 41 42 43 44 45 47 48 49 50 51 52 53 54 55 56 57 58 59 60 61 62 63 65 67 68 69 70 71 72 73 74 75 76 77 78 79 80 81 82 83 84 85 86 87 88 89 90 91 92 93 94 95 96 97 98 99 101 102 103 104 105 106 107 108 109 110 111 112 113 114 115 116 117 118 119 120 121 122 123 124 125 126 127 128 129 130 131 132 133 134 135 136 137 138 139 140 142 143 144 145 147 148 149 150 151 152 153 154 155 156 157 158 159 160 161 162 163 164 165 166 167 168 169 170 171 173 174 175 176 177 178 179 180 181 182 183 184 185 186 187 188 189 190 191 192 194 195 196 197 198 199 200 201 202 203 204 205 206 207 208 209 210 211 212 213 214 215 216 217 218 219 220 221 222 223 224 225 226 227 229 230 231 232 233 234 235 236 237 238 239 240 241 242 243 244 245 246 247 248 249 250
38 906 40 41 42 43 44 45 47 48 49 50 51 52 53 54 55 57 58 59 60 61 62 63 65 67 68 69 70 71 72 73 75 76 77 78 79 80 81 82 83 85 87 88 89 90 91 92 93 94 95 96 97 98 99 101 102 103 104 105 106 107 108 109 111 112 113 115 116 117 118 119 120 121 122 123 124 126 127 128 129 130 131 132 133 134 136 137 138 139 140 142 143 144 145 147 148 149 150 151 152 153 154 155 156 157 158 159 161 162 164 165 166 167 168 169 170 171 173 174 175 177 178 179 180 181 182 183 184 185 186 187 188 189 190 191 192 194 195 196 197 198 199 200 201 202 203 204 205 206 207 208 210 211 212 213 214 215 216 217 218 219 220 221 222 224 225 226 227 229 230 231 232 233 234 235 236 237 238 239 240 241 242 244 245 246 247 248 250
39 1225 63 71 87 109 162 165 197
40 1929 41 42 43 44 45 47 48 49 50 51 52 53 54 55 56 57 58 59 60 61 62 63 65 67 68 69 70 71 72 73 74 75 76 77 78 79 80 81 82 83 84 85 86 87 88 89 90 91 92 93 94 95 96 97 98 99 101 102 103 104 105 106 107 108 109 110 111 112 113 114 115 116 117 118 119 120 121 122 123 124 125 126 127 128 129 130 131 132 133 134 135 136 137 138 139 140 142 143 144 145 147 148 149 150 151 152 153 154 155 156 157 158 159 160 161 162 163 164 165 166 167 168 169 170 171 173 174 175 176 177 178 179 180 181 182 183 184 185 186 187 188 189 190 191 192 194 195 196 197 198 199 200 201 202 203 204 205 206 207 208 209 210 211 212 213 214 215 216 217 218 219 220 221 222 223 224 225 226 227 229 230 231 232 233 234 235 236 237 238 239 240 241 242 243 244 245 246 247 248 249 250
41 1894 42 43 44 45 47 48 49 51 52 53 55 57 59 60 62 63 67 68 69 70 71 72 73 75 76 77 79 80 81 82 85 87 88 89 90 91 93 94 95 96 97 98 99 101 102 104 105 107 108 109 111 112 115 117 119 120 122 123 124 126 127 128 129 130 131 132 134 136 137 138 139 143 144 145 147 148 149 151 152 155 157 158 161 162 165 166 167 169 170 171 173 175 177 178 180 182 184 185 186 188 189 190 191 194 195 197 198 199 200 201 202 204 205 207 210 213 214 215 216 218 219 221 222 225 226 227 229 232 233 234 235 237 239 240 242 244 246 247 250
42 1220 43 44 45 48 57 59 60 62 63 67 70 71 76 79 81 87 88 89 96 97 98 99 101 104 105 107 109 111 112 115 117 119 120 122 123 126 127 129 136 137 138 139 143 144 147 148 151 157 158 161 162 165 166 167 169 173 175 178 185 189 191 194 195 197 200 201 202 204 207 210 213 214 215 218 219 221 222 225 226 229 234 235 239 240 246
43 2117 44 45 47 48 49 50 51 52 53 54 55 57 59 60 61 62 63 65 67 68 69 70 71 72 73 75 76 77 79 80 81 82 85 87 88 89 90 91 92 93 94 95 96 97 98 99 101 102 103 104 105 106 107 108 109 111 112 115 116 117 119 120 122 123 124 126 127 128 129 130 131 132 134 136 137 138 139 140 142 143 144 145 147 148 149 150 151 152 153 155 156 157 158 159 161 162 165 166 167 168 169 170 171 173 174 175 177 178 179 180 181 182 184 185 186 187 188 189 190 191 192 194 195 197 198 199 200 201 202 203 204 205 207 210 211 213 214 215 216 217 218 219 220 221 222 224 225 226 227 229 230 231 232 233 234 235 236 237 238 239 240 241 242 244 245 246 247 248 250
44 1174 45 47 48 49 50 51 52 53 54 55 56 57 58 59 60 61 62 63 65 67 68 69 70 71 72 73 75 76 77 78 79 80 81 82 83 84 85 86 87 88 89 90 91 92 93 94 95 96 97 98 99 101 102 103 104 105 106 107 108 109 111 112 113 114 115 116 117 118 119 120 121 122 123 124 126 127 128 129 130 131 132 133 134 136 137 138 139 140 142 143 144 145 147 148 149 150 151 152 153 154 155 156 157 158 159 161 162 164 165 166 167 168 169 170 171 173 174 175 177 178 179 180 181 182 183 184 185 186 187 188 189 190 191 192 194 195 196 197 198 199 200 201 202 203 204 205 206 207 208 210 211 212 213 214 215 216 217 218 219 220 221 222 224 225 226 227 229 230 231 232 233 234 235 236 237 238 239 240 241 242 244 245 246 247 248 250
45 961 47 48 49 50 51 52 53 54 55 57 59 60 61 62 63 65 67 68 69 70 71 72 73 75 76 77 79 80 81 82 83 85 87 88 89 90 91 92 93 94 95 96 97 98 99 101 102 103 104 105 106 107 108 109 111 112 113 115 116 117 119 120 122 123 124 126 127 128 129 130 131 132 133 134 136 137 138 139 140 142 143 144 145 147 148 149 150 151 152 153 154 155 156 157 158 159 161 162 165 166 167 168 169 170 171 173 174 175 177 178 179 180 181 182 184 185 186 187 188 189 190 191 192 194 195 197 198 199 200 201 202 203 204 205 206 207 210 211 213 214 215 216 217 218 219 220 221 222 224 225 226 227 229 230 231 232 233 234 235 236 237 238 239 240 241 242 244 245 246 247 248 250
46 2155
47 1892 48 51 53 57 59 60 62 63 67 70 71 76 79 81 82 87 88 89 90 96 97 98 99 101 104 105 107 109 111 112 115 117 119 120 122 123 126 127 129 134 136 137 138 139 143 144 147 148 151 157 158 161 162 165 166 167 169 171 173 175 177 178 185 189 191 194 195 197 200 201 202 204 205 207 210 213 214 215 218 219 221 222 225 226 229 234 235 239 240 244 246
48 1440 49 50 51 52 53 54 55 57 59 60 61 62 63 65 67 68 69 70 71 72 73 75 76 77 79 80 81 82 83 85 87 88 89 90 91 92 93 94 95 96 97 98 99 101 102 103 104 105 106 107 108 109 111 112 113 115 116 117 119 120 121 122 123 124 126 127 128 129 130 131 132 133 134 136 137 138 139 140 142 143 144 145 147 148 149 150 151 152 153 154 155 156 157 158 159 161 162 164 165 166 167 168 169 170 171 173 174 175 177 178 179 180 181 182 184 185 186 187 188 189 190 191 192 194 195 197 198 199 200 201 202 203 204 205 206 207 210 211 212 213 214 215 216 217 218 219 220 221 222 224 225 226 227 229 230 231 232 233 234 235 236 237 238 239 240 241 242 244 245 246 247 248 250
49 1230 57 59 60 62 63 67 70 71 76 79 81 87 88 89 96 97 98 101 107 109 111 117 119 120 122 123 126 127 129 136 137 138 139 144 147 151 158 161 162 165 166 167 169 173 175 178 185 189 191 194 195 197 200 201 202 207 210 213 214 215 218 219 221 222 225 226 229 234 235 239 246
50 2263 57 59 62 63 67 70 71 76 87 88 89 96 97 98 101 107 109 111 117 122 123 126 127 129 137 138 139 144 147 151 158 162 165 167 169 173 175 178 189 191 195 197 200 201 202 207 210 214 215 218 219 221 226 229 239
51 1214 53 55 57 59 60 62 63 67 68 70 71 75 76 79 80 81 82 85 87 88 89 90 91 93 94 96 97 98 99 101 104 105 107 109 111 112 115 117 119 120 122 123 126 127 128 129 130 134 136 137 138 139 143 144 147 148 149 151 152 155 157 158 161 162 165 166 167 169 171 173 175 177 178 180 182 185 189 191 194 195 197 199 200 201 202 204 205 207 210 213 214 215 218 219 221 222 225 226 227 229 234 235 239 240 242 244 246 247
52 2011 57 59 60 62 63 67 70 71 76 79 81 87 88 89 96 97 98 99 101 104 105 107 109 111 112 115 117 119 120 122 123 126 127 129 136 137 138 139 143 144 147 148 151 157 158 161 162 165 166 167 169 173 175 178 185 189 191 194 195 197 200 201 202 204 207 210 213 214 215 218 219 221 222 225 226 229 234 235 239 240 246
53 1453 55 57 59 60 62 63 67 68 70 71 76 79 80 81 82 87 88 89 90 91 93 94 96 97 98 99 101 104 105 107 109 111 112 115 117 119 120 122 123 126 127 129 130 134 136 137 138 139 143 144 147 148 149 151 152 155 157 158 161 162 165 166 167 169 171 173 175 177 178 180 182 185 189 191 194 195 197 199 200 201 202 204 205 207 210 213 214 215 218 219 221 222 225 226 227 229 234 235 239 240 244 246 247
54 735 57 59 62 63 67 70 71 76 79 87 88 89 96 97 98 101 107 109 111 117 122 123 126 127 129 137 138 139 144 147 151 158 162 165 167 169 173 175 178 189 191 195 197 200 201 202 207 210 214 215 218 219 221 226 229 239
55 2497 57 59 60 62 63 67 68 70 71 76 79 81 82 87 88 89 90 93 96 97 98 99 101 104 105 107 109 111 112 115 117 119 120 122 123 126 127 129 134 136 137 138 139 143 144 147 148 151 155 157 158 161 162 165 166 167 169 171 173 175 177 178 185 189 191 194 195 197 199 200 201 202 204 205 207 210 213 214 215 218 219 221 222 225 226 229 234 235 239 240 244 246
56 891 62 63 70 71 87 88 97 98 101 107 109 117 122 127 138 144 151 158 162 165 167 178 189 197 200 201 207 210 218 226 229 239
57 1419 59 60 61 62 63 65 67 68 69 70 71 72 73 75 76 77 79 80 81 82 85 87 88 89 90 91 92 93 94 95 96 97 98 99 101 102 103 104 105 106 107 108 109 111 112 115 116 117 119 120 122 123 124 126 127 128 129 130 131 132 134 136 137 138 139 140 142 143 144 145 147 148 149 150 151 152 155 157 158 159 161 162 165 166 167 168 169 170 171 173 174 175 177 178 179 180 181 182 184 185 186 187 188 189 190 191 194 195 197 198 199 200 201 202 203 204 205 207 210 211 213 214 215 216 217 218 219 220 221 222 224 225 226 227 229 230 231 232 233 234 235 236 237 238 239 240 242 244 245 246 247 248 250
58 1632 62 63 70 71 87 88 97 98 101 107 109 117 122 127 138 144 151 158 162 165 167 178 189 197 200 201 207 210 218 226 229 239
59 961 60 61 62 63 65 67 68 69 70 71 72 73 75 76 77 78 79 80 81 82 83 85 87 88 89 90 91 92 93 94 95 96 97 98 99 101 102 103 104 105 106 107 108 109 111 112 113 115 116 117 119 120 121 122 123 124 126 127 128 129 130 131 132 133 134 136 137 138 139 140 142 143 144 145 147 148 149 150 151 152 153 154 155 156 157 158 159 161 162 164 165 166 167 168 169 170 171 173 174 175 177 178 179 180 181 182 184 185 186 187 188 189 190 191 192 194 195 196 197 198 199 200 201 202 203 204 205 206 207 210 211 212 213 214 215 216 217 218 219 220 221 222 224 225 226 227 229 230 231 232 233 234 235 236 237 238 239 240 241 242 244 245 246 247 248 250
60 846 61 62 63 67 68 69 70 71 72 73 75 76 77 79 80 81 82 85 87 88 89 90 91 92 93 94 95 96 97 98 99 101 102 103 104 105 107 108 109 111 112 115 117 119 120 122 123 124 126 127 128 129 130 131 132 134 136 137 138 139 142 143 144 145 147 148 149 151 152 155 157 158 159 161 162 165 166 167 168 169 170 171 173 175 177 178 180 182 184 185 186 188 189 190 191 194 195 197 198 199 200 201 202 203 204 205 207 210 211 213 214 215 216 217 218 219 221 222 225 226 227 229 232 233 234 235 236 237 239 240 242 244 246 247 250
61 1392 62 63 67 70 71 76 79 81 87 88 89 96 97 98 101 107 109 111 117 120 122 123 126 127 129 136 137 138 139 144 147 151 158 162 165 166 167 169 173 175 178 185 189 191 195 197 200 201 202 207 210 214 215 218 219 221 225 226 229 234 235 239 246
62 1803 63 65 67 68 69 70 71 72 73 75 76 77 78 79 80 81 82 83 84 85 86 87 88 89 90 91 92 93 94 95 96 97 98 99 101 102 103 104 105 106 107 108 109 111 112 113 114 115 116 117 118 119 120 121 122 123 124 125 126 127 128 129 130 131 132 133 134 136 137 138 139 140 142 143 144 145 147 148 149 150 151 152 153 154 155 156 157 158 159 161 162 163 164 165 166 167 168 169 170 171 173 174 175 176 177 178 179 180 181 182 183 184 185 186 187 188 189 190 191 192 194 195 196 197 198 199 200 201 202 203 204 205 206 207 208 210 211 212 213 214 215 216 217 218 219 220 221 222 224 225 226 227 229 230 231 232 233 234 235 236 237 238 239 240 241 242 243 244 245 246 247 248 250
63 1764 64 65 67 68 69 70 71 72 73 74 75 76 77 78 79 80 81 82 83 84 85 86 87 88 89 90 91 92 93 94 95 96 97 98 99 100 101 102 103 104 105 106 107 108 109 110 111 112 113 114 115 116 117 118 119 120 121 122 123 124 125 126 127 128 129 130 131 132 133 134 135 136 137 138 139 140 142 143 144 145 147 148 149 150 151 152 153 154 155 156 157 158 159 160 161 162 163 164 165 166 167 168 169 170 171 172 173 174 175 176 177 178 179 180 181 182 183 184 185 186 187 188 189 190 191 192 193 194 195 196 197 198 199 200 201 202 203 204 205 206 207 208 209 210 211 212 213 214 215 216 217 218 219 220 221 222 223 224 225 226 227 228 229 230 231 232 233 234 235 236 237 238 239 240 241 242 243 244 245 246 247 248 249 250
64 2021 71 87 109 162 165 197 207
65 550 67 70 71 87 88 89 97 98 101 107 109 111 117 122 123 126 127 129 137 138 139 144 147 151 158 162 165 167 169 173 175 178 189 191 197 200 201 202 207 210 214 215 218 219 221 226 229 239
66 906
67 1597 68 69 70 71 72 73 75 76 77 79 80 81 82 85 87 88 89 90 91 92 93 94 95 96 97 98 99 101 102 103 104 105 106 107 108 109 111 112 115 116 117 119 120 122 123 124 126 127 128 129 130 131 132 134 136 137 138 139 140 142 143 144 145 147 148 149 150 151 152 155 157 158 159 161 162 165 166 167 168 169 170 171 173 174 175 177 178 179 180 181 182 184 185 186 187 188 189 190 191 194 195 197 198 199 200 201 202 203 204 205 207 210 211 213 214 215 216 217 218 219 220 221 222 225 226 227 229 230 231 232 233 234 235 236 237 239 240 242 244 245 246 247 248 250
68 800 70 71 76 79 80 81 82 87 88 89 90 91 93 94 96 97 98 99 101 104 105 107 109 111 112 115 117 119 120 122 123 126 127 129 130 134 136 137 138 139 143 144 147 148 149 151 152 155 157 158 161 162 165 166 167 169 171 173 175 177 178 180 182 185 189 191 194 195 197 199 200 201 202 204 205 207 210 213 214 215 218 219 221 222 225 226 227 229 234 235 239 240 244 246 247
69 2249 70 71 76 79 81 87 88 89 96 97 98 99 101 107 109 111 112 115 117 119 120 122 123 126 127 129 136 137 138 139 144 147 151 158 161 162 165 166 167 169 173 175 178 185 189 191 194 195 197 200 201 202 204 207 210 213 214 215 218 219 221 222 225 226 229 234 235 239 246
70 1045 71 72 73 75 76 77 78 79 80 81 82 83 84 85 86 87 88 89 90 91 92 93 94 95 96 97 98 99 101 102 103 104 105 106 107 108 109 111 112 113 114 115 116 117 118 119 120 121 122 123 124 126 127 128 129 130 131 132 133 134 136 137 138 139 140 142 143 144 145 147 148 149 150 151 152 153 154 155 156 157 158 159 161 162 164 165 166 167 168 169 170 171 173 174 175 177 178 179 180 181 182 183 184 185 186 187 188 189 190 191 192 194 195 196 197 198 199 200 201 202 203 204 205 206 207 208 210 211 212 213 214 215 216 217 218 219 220 221 222 224 225 226 227 229 230 231 232 233 234 235 236 237 238 239 240 241 242 244 245 246 247 248 250
71 679 72 73 74 75 76 77 78 79 80 81 82 83 84 85 86 87 88 89 90 91 92 93 94 95 96 97 98 99 100 101 102 103 104 105 106 107 108 109 110 111 112 113 114 115 116 117 118 119 120 121 122 123 124 125 126 127 128 129 130 131 132 133 134 135 136 137 138 139 140 142 143 144 145 147 148 149 150 151 152 153 154 155 156 157 158 159 160 161 162 163 164 165 166 167 168 169 170 171 172 173 174 175 176 177 178 179 180 181 182 183 184 185 186 187 188 189 190 191 192 194 195 196 197 198 199 200 201 202 203 204 205 206 207 208 209 210 211 212 213 214 215 216 217 218 219 220 221 222 223 224 225 226 227 229 230 231 232 233 234 235 236 237 238 239 240 241 242 243 244 245 246 247 248 249 250
72 1222 76 79 81 87 88 89 96 97 98 99 101 105 107 109 111 112 115 117 119 120 122 123 126 127 129 136 137 138 139 143 144 147 148 151 158 161 162 165 166 167 169 173 175 178 185 189 191 194 195 197 200 201 202 204 207 210 213 214 215 218 219 221 222 225 226 229 234 235 239 246
73 2493 76 79 81 87 88 89 96 97 98 99 101 105 107 109 111 112 115 117 119 120 122 123 126 127 129 136 137 138 139 143 144 147 148 151 158 161 162 165 166 167 169 173 175 178 185 189 191 194 195 197 200 201 202 204 207 210 213 214 215 218 219 221 222 225 226 229 234 235 239 240 246
74 1911 87 88 97 109 127 138 151 158 162 165 167 178 189 197 201 207 210 229
75 767 76 79 81 87 88 89 90 96 97 98 99 101 104 105 107 109 111 112 115 117 119 120 122 123 126 127 129 134 136 137 138 139 143 144 147 148 151 157 158 161 162 165 166 167 169 171 173 175 178 185 189 191 194 195 197 200 201 202 204 205 207 210 213 214 215 218 219 221 222 225 226 229 234 235 239 240 246
76 1123 77 79 80 81 82 85 87 88 89 90 91 92 93 94 95 96 97 98 99 101 102 103 104 105 106 107 108 109 111 112 115 116 117 119 120 122 123 124 126 127 128 129 130 131 132 134 136 137 138 139 140 142 143 144 145 147 148 149 150 151 152 155 157 158 159 161 162 165 166 167 168 169 170 171 173 174 175 177 178 179 180 181 182 184 185 186 187 188 189 190 191 194 195 197 198 199 200 201 202 203 204 205 207 210 211 213 214 215 216 217 218 219 221 222 225 226 227 229 230 231 232 233 234 235 236 237 239 240 242 244 245 246 247 248 250
77 1638 79 81 87 88 89 96 97 98 99 101 105 107 109 111 112 115 117 119 120 122 123 126 127 129 136 137 138 139 143 144 147 148 151 158 161 162 165 166 167 169 173 175 178 185 189 191 194 195 197 200 201 202 204 207 210 213 214 215 218 219 221 222 225 226 229 234 235 239 240 246
78 2424 87 88 97 98 101 107 109 117 122 127 138 144 151 158 162 165 167 178 189 197 200 201 207 210 218 226 229 239
79 1854 80 81 82 85 87 88 89 90 91 92 93 94 95 96 97 98 99 101 102 103 104 105 106 107 108 109 111 112 115 116 117 119 120 122 123 124 126 127 128 129 130 131 132 134 136 137 138 139 140 142 143 144 145 147 148 149 150 151 152 155 157 158 159 161 162 165 166 167 168 169 170 171 173 174 175 177 178 180 181 182 184 185 186 187 188 189 190 191 194 195 197 198 199 200 201 202 203 204 205 207 210 211 213 214 215 216 217 218 219 221 222 225 226 227 229 230 232 233 234 235 236 237 239 240 242 244 245 246 247 248 250
80 1583 81 82 87 88 89 90 91 93 94 96 97 98 99 101 104 105 107 109 111 112 115 117 119 120 122 123 126 127 129 134 136 137 138 139 143 144 147 148 149 151 152 155 157 158 161 162 165 166 167 169 171 173 175 177 178 180 185 189 191 194 195 197 199 200 201 202 204 205 207 210 213 214 215 218 219 221 222 225 226 227 229 234 235 239 240 244 246 247
81 2172 82 85 87 88 89 90 91 92 93 94 95 96 97 98 99 101 102 103 104 105 106 107 108 109 111 112 115 116 117 119 120 122 123 124 126 127 128 129 130 131 132 134 136 137 138 139 142 143 144 145 147 148 149 151 152 155 157 158 159 161 162 165 166 167 168 169 170 171 173 175 177 178 180 182 184 185 186 188 189 190 191 194 195 197 198 199 200 201 202 203 204 205 207 210 211 213 214 215 216 217 218 219 221 222 225 226 227 229 232 233 234 235 236 237 239 240 242 244 246 247 250
82 1862 87 88 89 90 91 93 94 96 97 98 99 101 104 105 107 109 111 112 115 117 119 120 122 123 126 127 129 130 134 136 137 138 139 143 144 147 148 149 151 152 155 157 158 161 162 165 166 167 169 171 173 175 177 178 180 182 185 189 191 194 195 197 199 200 201 202 204 205 207 210 213 214 215 218 219 221 222 225 226 227 229 234 235 239 240 244 246 247
83 2490 87 88 97 98 101 107 109 117 122 127 129 138 144 151 158 162 165 167 178 189 191 197 200 201 207 210 214 215 218 219 221 226 229 239
84 1527 87 88 97 98 101 107 109 117 122 127 138 144 151 158 162 165 167 178 189 197 200 201 207 210 226 229 239
85 2129 87 88 89 90 96 97 98 99 101 104 105 107 109 111 112 115 117 119 120 122 123 126 127 129 134 136 137 138 139 143 144 147 148 151 157 158 161 162 165 166 167 169 171 173 175 178 185 189 191 194 195 197 200 201 202 204 205 207 210 213 214 215 218 219 221 222 225 226 229 234 235 239 240 244 246
86 568 87 88 97 98 101 107 109 117 122 127 138 144 151 158 162 165 167 178 189 197 200 201 207 210 218 226 229 239
87 937 88 89 90 91 92 93 94 95 96 97 98 99 101 102 103 104 105 106 107 108 109 110 111 112 113 114 115 116 117 118 119 120 121 122 123 124 125 126 127 128 129 130 131 132 133 134 135 136 137 138 139 140 142 143 144 145 147 148 149 150 151 152 153 154 155 156 157 158 159 160 161 162 163 164 165 166 167 168 169 170 171 172 173 174 175 176 177 178 179 180 181 182 183 184 185 186 187 188 189 190 191 192 194 195 196 197 198 199 200 201 202 203 204 205 206 207 208 209 210 211 212 213 214 215 216 217 218 219 220 221 222 223 224 225 226 227 229 230 231 232 233 234 235 236 237 238 239 240 241 242 243 244 245 246 247 248 249 250
88 1446 89 90 91 92 93 94 95 96 97 98 99 101 102 103 104 105 106 107 108 109 110 111 112 113 114 115 116 117 118 119 120 121 122 123 124 125 126 127 128 129 130 131 132 133 134 135 136 137 138 139 140 142 143 144 145 147 148 149 150 151 152 153 154 155 156 157 158 159 160 161 162 163 164 165 166 167 168 169 170 171 173 174 175 176 177 178 179 180 181 182 183 184 185 186 187 188 189 190 191 192 194 195 196 197 198 199 200 201 202 203 204 205 206 207 208 210 211 212 213 214 215 216 217 218 219 220 221 222 223 224 225 226 227 229 230 231 232 233 234 235 236 237 238 239 240 241 242 243 244 245 246 247 248 249 250
89 2157 90 91 92 93 94 95 96 97 98 99 101 102 103 104 105 106 107 108 109 111 112 115 116 117 119 120 122 123 124 126 127 128 129 130 131 132 134 136 137 138 139 140 142 143 144 145 147 148 149 150 151 152 155 157 158 159 161 162 165 166 167 168 169 170 171 173 174 175 177 178 179 180 181 182 184 185 186 187 188 189 190 191 194 195 197 198 199 200 201 202 203 204 205 207 210 211 213 214 215 216 217 218 219 220 221 222 224 225 226 227 229 230 231 232 233 234 235 236 237 238 239 240 242 244 245 246 247 248 250
90 1513 91 93 94 96 97 98 99 101 104 105 107 109 111 112 115 117 119 120 122 123 126 127 128 129 130 134 136 137 138 139 143 144 147 148 149 151 152 155 157 158 161 162 165 166 167 169 171 173 175 177 178 180 182 185 189 191 194 195 197 199 200 201 202 204 205 207 210 213 214 215 218 219 221 222 225 226 227 229 234 235 239 240 242 244 246 247 250
91 618 93 94 96 97 98 99 101 104 105 107 109 111 112 115 117 119 120 122 123 126 127 129 134 136 137 138 139 143 144 147 148 149 151 155 157 158 161 162 165 166 167 169 171 173 175 177 178 180 185 189 191 194 195 197 199 200 201 202 204 205 207 210 213 214 215 218 219 221 222 225 226 227 229 234 235 239 240 244 246 247
92 596 96 97 98 101 107 109 111 117 120 122 123 126 127 129 136 137 138 139 144 147 151 158 162 165 166 167 169 173 175 178 185 189 191 195 197 200 201 202 207 210 214 215 218 219 221 225 226 229 234 235 239 246
93 2024 94 96 97 98 99 101 104 105 107 109 111 112 115 117 119 120 122 123 126 127 129 130 134 136 137 138 139 143 144 147 148 149 151 152 155 157 158 161 162 165 166 167 169 171 173 175 177 178 180 182 185 189 191 194 195 197 199 200 201 202 204 205 207 210 213 214 215 218 219 221 222 225 226 227 229 234 235 239 240 244 246 247
94 1458 96 97 98 99 101 104 105 107 109 111 112 115 117 119 120 122 123 126 127 129 134 136 137 138 139 143 144 147 148 149 151 152 155 157 158 161 162 165 166 167 169 171 173 175 177 178 180 182 185 189 191 194 195 197 199 200 201 202 204 205 207 210 213 214 215 218 219 221 222 225 226 227 229 234 235 239 240 244 246 247
95 2360 96 97 98 99 101 104 105 107 109 111 112 115 117 119 120 122 123 126 127 129 136 137 138 139 143 144 147 148 151 158 161 162 165 166 167 169 173 175 178 185 189 191 194 195 197 200 201 202 204 207 210 213 214 215 218 219 221 222 225 226 229 234 235 239 240 246
96 748 97 98 99 101 102 103 104 105 106 107 108 109 111 112 115 116 117 119 120 122 123 124 126 127 128 129 130 131 132 134 136 137 138 139 140 142 143 144 145 147 148 149 150 151 152 155 157 158 159 161 162 165 166 167 168 169 170 171 173 174 175 177 178 179 180 181 182 184 185 186 187 188 189 190 191 194 195 197 198 199 200 201 202 203 204 205 207 210 211 213 214 215 216 217 218 219 221 222 225 226 227 229 230 231 232 233 234 235 236 237 239 240 242 244 245 246 247 248 250
97 2058 98 99 101 102 103 104 105 106 107 108 109 110 111 112 113 114 115 116 117 118 119 120 121 122 123 124 125 126 127 128 129 130 131 132 133 134 135 136 137 138 139 140 142 143 144 145 147 148 149 150 151 152 153 154 155 156 157 158 159 160 161 162 163 164 165 166 167 168 169 170 171 173 174 175 176 177 178 179 180 181 182 183 184 185 186 187 188 189 190 191 192 194 195 196 197 198 199 200 201 202 203 204 205 206 207 208 210 211 212 213 214 215 216 217 218 219 220 221 222 223 224 225 226 227 229 230 231 232 233 234 235 236 237 238 239 240 241 242 243 244 245 246 247 248 249 250
98 1263 99 101 102 103 104 105 106 107 108 109 110 111 112 113 114 115 116 117 118 119 120 121 122 123 124 125 126 127 128 129 130 131 132 133 134 135 136 137 138 139 140 142 143 144 145 147 148 149 150 151 152 153 154 155 156 157 158 159 160 161 162 163 164 165 166 167 168 169 170 171 173 174 175 176 177 178 179 180 181 182 183 184 185 186 187 188 189 190 191 192 194 195 196 197 198 199 200 201 202 203 204 205 206 207 208 210 211 212 213 214 215 216 217 218 219 220 221 222 223 224 225 226 227 229 230 231 232 233 234 235 236 237 238 239 240 241 242 243 244 245 246 247 248 249 250
99 2454 101 104 105 107 108 109 111 112 115 117 119 120 122 123 124 126 127 128 129 130 131 132 134 136 137 138 139 143 144 145 147 148 149 151 152 155 157 158 161 162 165 166 167 169 170 171 173 175 177 178 180 182 185 188 189 190 191 194 195 197 198 199 200 201 202 204 205 207 210 213 214 215 216 218 219 221 222 225 226 227 229 232 233 234 235 237 239 240 242 244 246 247 250
100 1233 109 165 197
101 1192 102 103 104 105 106 107 108 109 111 112 113 114 115 116 117 118 119 120 121 122 123 124 126 127 128 129 130 131 132 133 134 136 137 138 139 140 142 143 144 145 147 148 149 150 151 152 153 154 155 156 157 158 159 161 162 164 165 166 167 168 169 170 171 173 174 175 177 178 179 180 181 182 183 184 185 186 187 188 189 190 191 192 194 195 196 197 198 199 200 201 202 203 204 205 206 207 208 210 211 212 213 214 215 216 217 218 219 220 221 222 224 225 226 227 229 230 231 232 233 234 235 236 237 238 239 240 241 242 244 245 246 247 248 250
102 1130 107 109 111 112 115 117 119 120 122 123 126 127 129 136 137 138 139 144 147 151 158 161 162 165 166 167 169 173 175 178 185 189 191 194 195 197 200 201 202 204 207 210 213 214 215 218 219 221 222 225 226 229 234 235 239 246
103 2164 107 109 111 117 119 120 122 123 126 127 129 136 137 138 139 144 147 151 158 161 162 165 166 167 169 173 175 178 185 189 191 195 197 200 201 202 207 210 214 215 218 219 221 225 226 229 234 235 239 246
104 2124 105 107 108 109 111 112 115 117 119 120 122 123 126 127 128 129 130 134 136 137 138 139 143 144 147 148 149 151 152 155 157 158 161 162 165 166 167 169 170 171 173 175 177 178 180 182 185 188 189 190 191 194 195 197 198 199 200 201 202 204 205 207 210 213 214 215 218 219 221 222 225 226 227 229 232 233 234 235 239 240 242 244 246 247 250
105 1671 107 108 109 111 112 115 117 119 120 122 123 124 126 127 128 129 130 131 132 134 136 137 138 139 143 144 145 147 148 149 151 152 155 157 158 161 162 165 166 167 169 170 171 173 175 177 178 180 182 185 188 189 190 191 194 195 197 198 199 200 201 202 204 205 207 210 213 214 215 216 218 219 221 222 225 226 227 229 232 233 234 235 237 239 240 242 244 246 247 250
106 1156 107 109 111 117 120 122 123 126 127 129 137 138 139 144 147 151 158 162 165 167 169 173 175 178 185 189 191 195 197 200 201 202 207 210 214 215 218 219 221 225 226 229 235 239 246
107 1484 108 109 111 112 113 114 115 116 117 118 119 120 121 122 123 124 126 127 128 129 130 131 132 133 134 136 137 138 139 140 142 143 144 145 147 148 149 150 151 152 153 154 155 156 157 158 159 161 162 163 164 165 166 167 168 169 170 171 173 174 175 176 177 178 179 180 181 182 183 184 185 186 187 188 189 190 191 192 194 195 196 197 198 199 200 201 202 203 204 205 206 207 208 210 211 212 213 214 215 216 217 218 219 220 221 222 224 225 226 227 229 230 231 232 233 234 235 236 237 238 239 240 241 242 244 245 246 247 248 250
108 543 109 111 112 115 117 119 120 122 123 126 127 129 136 137 138 139 143 144 147 148 151 157 158 161 162 165 166 167 169 173 175 178 185 189 191 194 195 197 200 201 202 204 207 210 213 214 215 218 219 221 222 225 226 229 234 235 239 240 246
109 2267 110 111 112 113 114 115 116 117 118 119 120 121 122 123 124 125 126 127 128 129 130 131 132 133 134 135 136 137 138 139 140 142 143 144 145 147 148 149 150 151 152 153 154 155 156 157 158 159 160 161 162 163 164 165 166 167 168 169 170 171 172 173 174 175 176 177 178 179 180 181 182 183 184 185 186 187 188 189 190 191 192 193 194 195 196 197 198 199 200 201 202 203 204 205 206 207 208 209 210 211 212 213 214 215 216 217 218 219 220 221 222 223 224 225 226 227 228 229 230 231 232 233 234 235 236 237 238 239 240 241 242 243 244 245 246 247 248 249 250
110 1648 117 127 138 144 151 158 162 165 167 178 189 197 201 207 210 229
111 684 112 115 116 117 119 120 122 123 124 126 127 128 129 130 131 132 134 136 137 138 139 140 142 143 144 145 147 148 149 150 151 152 155 157 158 159 161 162 165 166 167 168 169 170 171 173 174 175 177 178 179 180 181 182 184 185 186 187 188 189 190 191 194 195 197 198 199 200 201 202 203 204 205 207 210 211 213 214 215 216 217 218 219 220 221 222 225 226 227 229 230 231 232 233 234 235 236 237 239 240 242 244 245 246 247 248 250
112 797 115 117 119 120 122 123 124 126 127 128 129 130 131 132 134 136 137 138 139 143 144 145 147 148 149 151 152 155 157 158 161 162 165 166 167 169 170 171 173 175 177 178 180 182 184 185 188 189 190 191 194 195 197 198 199 200 201 202 204 205 207 210 213 214 215 216 218 219 221 222 225 226 227 229 232 233 234 235 237 239 240 242 244 246 247 250
113 935 117 122 127 129 138 144 151 158 162 165 167 178 189 191 197 200 201 207 210 214 215 218 219 221 226 229 239
114 1505 117 122 127 138 144 151 158 162 165 167 178 189 197 200 201 207 210 226 229 239
115 1834 117 119 120 122 123 124 126 127 128 129 130 131 132 134 136 137 138 139 143 144 145 147 148 149 151 152 155 157 158 161 162 165 166 167 169 170 171 173 175 177 178 180 182 184 185 188 189 190 191 194 195 197 198 199 200 201 202 204 205 207 210 213 214 215 216 218 219 221 222 225 226 227 229 232 233 234 235 237 239 240 242 244 246 247 250
116 1549 117 120 122 123 126 127 129 137 138 139 144 147 151 158 162 165 167 169 173 175 178 185 189 191 195 197 200 201 202 207 210 214 215 218 219 221 225 226 229 235 239 246
117 1179 118 119 120 121 122 123 124 125 126 127 128 129 130 131 132 133 134 135 136 137 138 139 140 142 143 144 145 147 148 149 150 151 152 153 154 155 156 157 158 159 160 161 162 163 164 165 166 167 168 169 170 171 173 174 175 176 177 178 179 180 181 182 183 184 185 186 187 188 189 190 191 192 194 195 196 197 198 199 200 201 202 203 204 205 206 207 208 210 211 212 213 214 215 216 217 218 219 220 221 222 223 224 225 226 227 229 230 231 232 233 234 235 236 237 238 239 240 241 242 243 244 245 246 247 248 250
118 2149 122 127 138 144 151 158 162 165 167 178 189 197 200 201 207 210 218 226 229 239
119 2207 120 122 123 124 126 127 128 129 130 131 132 134 136 137 138 139 143 144 145 147 148 149 151 152 155 157 158 159 161 162 165 166 167 168 169 170 171 173 175 177 178 180 182 184 185 186 188 189 190 191 194 195 197 198 199 200 201 202 204 205 207 210 211 213 214 215 216 217 218 219 221 222 225 226 227 229 232 233 234 235 236 237 239 240 242 244 246 247 250
120 2030 122 123 124 126 127 128 129 130 131 132 134 136 137 138 139 140 142 143 144 145 147 148 149 151 152 155 157 158 159 161 162 165 166 167 168 169 170 171 173 175 177 178 180 182 184 185 186 188 189 190 191 194 195 197 198 199 200 201 202 203 204 205 207 210 211 213 214 215 216 217 218 219 221 222 225 226 227 229 230 232 233 234 235 236 237 239 240 242 244 246 247 250
121 984 122 127 138 144 151 158 162 165 167 178 189 197 200 201 207 210 218 226 229 239
122 2224 123 124 126 127 128 129 130 131 132 133 134 136 137 138 139 140 142 143 144 145 147 148 149 150 151 152 153 154 155 156 157 158 159 161 162 164 165 166 167 168 169 170 171 173 174 175 177 178 179 180 181 182 183 184 185 186 187 188 189 190 191 192 194 195 196 197 198 199 200 201 202 203 204 205 206 207 208 210 211 212 213 214 215 216 217 218 219 220 221 222 224 225 226 227 229 230 231 232 233 234 235 236 237 238 239 240 241 242 244 245 246 247 248 250
123 2434 124 126 127 128 129 130 131 132 134 136 137 138 139 140 142 143 144 145 147 148 149 150 151 152 155 157 158 159 161 162 165 166 167 168 169 170 171 173 174 175 177 178 179 180 181 182 184 185 186 187 188 189 190 191 194 195 197 198 199 200 201 202 203 204 205 207 210 211 213 214 215 216 217 218 219 220 221 222 224 225 226 227 229 230 231 232 233 234 235 236 237 238 239 240 242 244 245 246 247 248 250
124 1667 126 127 129 136 137 138 139 143 144 147 148 151 158 161 162 165 166 167 169 173 175 178 185 189 191 194 195 197 200 201 202 204 207 210 213 214 215 218 219 221 222 225 226 229 234 235 239 246
125 741 127 138 144 151 158 162 165 167 178 189 197 200 201 207 210 229
126 1413 127 128 129 130 131 132 134 136 137 138 139 140 142 143 144 145 147 148 149 150 151 152 153 155 156 157 158 159 161 162 165 166 167 168 169 170 171 173 174 175 177 178 179 180 181 182 184 185 186 187 188 189 190 191 192 194 195 197 198 199 200 201 202 203 204 205 207 210 211 213 214 215 216 217 218 219 220 221 222 224 225 226 227 229 230 231 232 233 234 235 236 237 238 239 240 242 244 245 246 247 248 250
127 2473 128 129 130 131 132 133 134 135 136 137 138 139 140 142 143 144 145 147 148 149 150 151 152 153 154 155 156 157 158 159 160 161 162 163 164 165 166 167 168 169 170 171 173 174 175 176 177 178 179 180 181 182 183 184 185 186 187 188 189 190 191 192 194 195 196 197 198 199 200 201 202 203 204 205 206 207 208 210 211 212 213 214 215 216 217 218 219 220 221 222 223 224 225 226 227 229 230 231 232 233 234 235 236 237 238 239 240 241 242 243 244 245 246 247 248 249 250
128 1068 129 136 137 138 139 143 144 147 148 151 157 158 161 162 165 166 167 169 171 173 175 178 185 189 191 194 195 197 200 201 202 204 205 207 210 213 214 215 218 219 221 222 225 226 229 234 235 239 240 246
129 1720 130 131 132 133 134 136 137 138 139 140 142 143 144 145 147 148 149 150 151 152 153 154 155 156 157 158 159 161 162 165 166 167 168 169 170 171 173 174 175 177 178 179 180 181 182 184 185 186 187 188 189 190 191 192 194 195 197 198 199 200 201 202 203 204 205 206 207 210 211 213 214 215 216 217 218 219 220 221 222 224 225 226 227 229 230 231 232 233 234 235 236 237 238 239 240 241 242 244 245 246 247 248 250
130 1255 134 136 137 138 139 143 144 147 148 149 151 155 157 158 161 162 165 166 167 169 171 173 175 177 178 185 189 191 194 195 197 199 200 201 202 204 205 207 210 213 214 215 218 219 221 222 225 226 229 234 235 239 240 244 246
131 2031 136 137 138 139 143 144 147 148 151 158 161 162 165 166 167 169 173 175 178 185 189 191 194 195 197 200 201 202 204 207 210 213 214 215 218 219 221 222 225 226 229 234 235 239 240 246
132 869 136 137 138 139 143 144 147 148 151 158 161 162 165 166 167 169 173 175 178 185 189 191 194 195 197 200 201 202 204 207 210 213 214 215 218 219 221 222 225 226 229 234 235 239 240 246
133 1516 138 144 151 158 162 165 167 178 189 191 197 200 201 207 210 214 215 218 219 221 226 229 239
134 650 136 137 138 139 143 144 147 148 149 151 152 155 157 158 161 162 165 166 167 169 171 173 175 177 178 180 182 185 189 191 194 195 197 199 200 201 202 204 205 207 210 213 214 215 218 219 221 222 225 226 227 229 234 235 239 240 244 246 247
135 1168 138 144 151 158 162 165 167 178 189 197 201 207 210 229
136 1632 137 138 139 142 143 144 145 147 148 149 151 152 155 157 158 159 161 162 165 166 167 168 169 170 171 173 175 177 178 180 182 184 185 186 188 189 190 191 194 195 197 198 199 200 201 202 203 204 205 207 210 211 213 214 215 216 217 218 219 221 222 225 226 227 229 232 233 234 235 236 237 239 240 242 244 246 247 250
137 1472 138 139 140 142 143 144 145 147 148 149 150 151 152 153 155 156 157 158 159 161 162 165 166 167 168 169 170 171 173 174 175 177 178 179 180 181 182 184 185 186 187 188 189 190 191 192 194 195 197 198 199 200 201 202 203 204 205 207 210 211 213 214 215 216 217 218 219 220 221 222 224 225 226 227 229 230 231 232 233 234 235 236 237 238 239 240 242 244 245 246 247 248 250
138 564 139 140 142 143 144 145 147 148 149 150 151 152 153 154 155 156 157 158 159 160 161 162 163 164 165 166 167 168 169 170 171 173 174 175 176 177 178 179 180 181 182 183 184 185 186 187 188 189 190 191 192 194 195 196 197 198 199 200 201 202 203 204 205 206 207 208 210 211 212 213 214 215 216 217 218 219 220 221 222 223 224 225 226 227 229 230 231 232 233 234 235 236 237 238 239 240 241 242 243 244 245 246 247 248 249 250
139 988 140 142 143 144 145 147 148 149 150 151 152 153 155 156 157 158 159 161 162 165 166 167 168 169 170 171 173 174 175 177 178 179 180 181 182 184 185 186 187 188 189 190 191 192 194 195 197 198 199 200 201 202 203 204 205 207 210 211 213 214 215 216 217 218 219 220 221 222 224 225 226 227 229 230 231 232 233 234 235 236 237 238 239 240 242 244 245 246 247 248 250
140 1323 144 147 151 158 162 165 167 169 173 175 178 185 189 191 195 197 200 201 202 207 210 214 215 218 219 221 226 229 235 239
141 877
142 1927 144 147 151 158 162 165 166 167 169 173 175 178 185 189 191 195 197 200 201 202 207 210 214 215 218 219 221 225 226 229 234 235 239 246
143 1789 144 145 147 148 149 151 152 155 157 158 161 162 165 166 167 169 170 171 173 175 177 178 180 182 185 188 189 190 191 194 195 197 198 199 200 201 202 204 205 207 210 213 214 215 216 218 219 221 222 225 226 227 229 232 233 234 235 237 239 240 242 244 246 247 250
144 1957 145 147 148 149 150 151 152 153 154 155 156 157 158 159 160 161 162 163 164 165 166 167 168 169 170 171 173 174 175 176 177 178 179 180 181 182 183 184 185 186 187 188 189 190 191 192 194 195 196 197 198 199 200 201 202 203 204 205 206 207 208 210 211 212 213 214 215 216 217 218 219 220 221 222 223 224 225 226 227 229 230 231 232 233 234 235 236 237 238 239 240 241 242 243 244 245 246 247 248 250
145 1116 147 148 151 158 161 162 165 166 167 169 173 175 178 185 189 191 194 195 197 200 201 202 204 207 210 213 214 215 218 219 221 222 225 226 229 234 235 239 246
146 2241
147 1101 148 149 150 151 152 155 157 158 159 161 162 165 166 167 168 169 170 171 173 174 175 177 178 179 180 181 182 184 185 186 187 188 189 190 191 192 194 195 197 198 199 200 201 202 203 204 205 207 210 211 213 214 215 216 217 218 219 220 221 222 224 225 226 227 229 230 231 232 233 234 235 236 237 238 239 240 242 244 245 246 247 248 250
148 1538 149 151 152 155 157 158 161 162 165 166 167 169 170 171 173 175 177 178 180 182 185 188 189 190 191 194 195 197 198 199 200 201 202 204 205 207 210 213 214 215 216 218 219 221 222 225 226 227 229 232 233 234 235 237 239 240 242 244 246 247 250
149 1233 151 152 155 157 158 161 162 165 166 167 169 171 173 175 177 178 180 182 185 189 191 194 195 197 199 200 201 202 204 205 207 210 213 214 215 218 219 221 222 225 226 227 229 234 235 239 240 244 246 247
150 1239 151 158 162 165 167 169 173 175 178 189 191 195 197 200 201 202 207 210 214 215 218 219 221 226 229 239
151 2418 152 153 154 155 156 157 158 159 160 161 162 163 164 165 166 167 168 169 170 171 173 174 175 176 177 178 179 180 181 182 183 184 185 186 187 188 189 190 191 192 194 195 196 197 198 199 200 201 202 203 204 205 206 207 208 210 211 212 213 214 215 216 217 218 219 220 221 222 223 224 225 226 227 229 230 231 232 233 234 235 236 237 238 239 240 241 242 243 244 245 246 247 248 249 250
152 551 155 157 158 161 162 165 166 167 169 171 173 175 177 178 180 185 189 191 194 195 197 199 200 201 202 204 205 207 210 213 214 215 218 219 221 222 225 226 227 229 234 235 239 240 244 246 247
153 1793 158 162 165 167 178 189 191 197 200 201 207 210 214 215 218 219 221 226 229 239
154 2176 158 162 165 167 178 189 191 197 200 201 207 210 214 215 218 219 221 226 229 239
155 2390 157 158 161 162 165 166 167 169 171 173 175 177 178 180 182 185 189 191 194 195 197 199 200 201 202 204 205 207 210 213 214 215 218 219 221 222 225 226 227 229 234 235 239 240 244 246 247
156 1648 158 162 165 167 169 178 189 191 197 200 201 207 210 214 215 218 219 221 226 229 239
157 1799 158 161 162 165 166 167 169 170 171 173 175 177 178 180 182 185 189 190 191 194 195 197 199 200 201 202 204 205 207 210 213 214 215 218 219 221 222 225 226 227 229 234 235 239 240 242 244 246 247 250
158 656 159 160 161 162 163 164 165 166 167 168 169 170 171 173 174 175 176 177 178 179 180 181 182 183 184 185 186 187 188 189 190 191 192 194 195 196 197 198 199 200 201 202 203 204 205 206 207 208 209 210 211 212 213 214 215 216 217 218 219 220 221 222 223 224 225 226 227 229 230 231 232 233 234 235 236 237 238 239 240 241 242 243 244 245 246 247 248 249 250
159 1441 162 165 166 167 169 173 175 178 185 189 191 195 197 200 201 202 207 210 214 215 218 219 221 225 226 229 234 235 239 246
160 547 162 165 167 178 189 197 201 207 210 229
161 1653 162 165 166 167 169 170 171 173 175 177 178 180 182 184 185 186 188 189 190 191 194 195 197 198 199 200 201 202 204 205 207 210 213 214 215 216 218 219 221 222 225 226 227 229 232 233 234 235 237 239 240 242 244 246 247 250
162 1880 163 164 165 166 167 168 169 170 171 172 173 174 175 176 177 178 179 180 181 182 183 184 185 186 187 188 189 190 191 192 194 195 196 197 198 199 200 201 202 203 204 205 206 207 208 209 210 211 212 213 214 215 216 217 218 219 220 221 222 223 224 225 226 227 229 230 231 232 233 234 235 236 237 238 239 240 241 242 243 244 245 246 247 248 249 250
163 601 165 167 178 189 197 200 201 207 210 229
164 2118 165 167 178 189 191 197 200 201 207 210 218 226 229 239
165 2309 166 167 168 169 170 171 172 173 174 175 176 177 178 179 180 181 182 183 184 185 186 187 188 189 190 191 192 194 195 196 197 198 199 200 201 202 203 204 205 206 207 208 209 210 211 212 213 214 215 216 217 218 219 220 221 222 223 224 225 226 227 228 229 230 231 232 233 234 235 236 237 238 239 240 241 242 243 244 245 246 247 248 249 250
166 905 167 168 169 170 171 173 175 177 178 180 182 184 185 186 188 189 190 191 194 195 197 198 199 200 201 202 203 204 205 207 210 211 213 214 215 216 217 218 219 221 222 225 226 227 229 232 233 234 235 236 237 239 240 242 244 246 247 250
167 1328 168 169 170 171 173 174 175 176 177 178 179 180 181 182 183 184 185 186 187 188 189 190 191 192 194 195 196 197 198 199 200 201 202 203 204 205 206 207 208 209 210 211 212 213 214 215 216 217 218 219 220 221 222 223 224 225 226 227 229 230 231 232 233 234 235 236 237 238 239 240 241 242 243 244 245 246 247 248 249 250
168 1073 169 173 175 178 185 189 191 195 197 200 201 202 207 210 214 215 218 219 221 225 226 229 234 235 239 246
169 609 170 171 173 174 175 177 178 179 180 181 182 184 185 186 187 188 189 190 191 192 194 195 197 198 199 200 201 202 203 204 205 207 210 211 213 214 215 216 217 218 219 220 221 222 224 225 226 227 229 230 231 232 233 234 235 236 237 238 239 240 242 244 245 246 247 248 250
170 2410 173 175 178 185 189 191 194 195 197 200 201 202 204 207 210 213 214 215 218 219 221 222 225 226 229 234 235 239 240 246
171 1549 173 175 177 178 180 182 185 189 191 194 195 197 199 200 201 202 204 205 207 210 213 214 215 218 219 221 222 225 226 227 229 234 235 239 240 242 244 246 247 250
172 1321 197 207
173 1565 174 175 177 178 179 180 181 182 184 185 186 187 188 189 190 191 194 195 197 198 199 200 201 202 203 204 205 207 210 211 213 214 215 216 217 218 219 220 221 222 225 226 227 229 230 231 232 233 234 235 236 237 239 240 242 244 245 246 247 248 250
174 2108 175 178 185 189 191 195 197 200 201 202 207 210 214 215 218 219 221 226 229 235 239
175 1216 177 178 179 180 181 182 184 185 186 187 188 189 190 191 192 194 195 197 198 199 200 201 202 203 204 205 207 210 211 213 214 215 216 217 218 219 220 221 222 224 225 226 227 229 230 231 232 233 234 235 236 237 238 239 240 242 244 245 246 247 248 250
176 2145 178 189 197 200 201 207 210 229
177 1350 178 180 182 185 189 191 194 195 197 199 200 201 202 204 205 207 210 213 214 215 218 219 221 222 225 226 227 229 234 235 239 240 244 246 247
178 615 179 180 181 182 183 184 185 186 187 188 189 190 191 192 194 195 196 197 198 199 200 201 202 203 204 205 206 207 208 210 211 212 213 214 215 216 217 218 219 220 221 222 223 224 225 226 227 229 230 231 232 233 234 235 236 237 238 239 240 241 242 243 244 245 246 247 248 249 250
179 1803 189 191 197 200 201 202 207 210 214 215 218 219 221 226 229 239
180 972 185 189 191 194 195 197 199 200 201 202 204 205 207 210 213 214 215 218 219 221 222 225 226 227 229 234 235 239 240 244 246 247
181 2482 189 191 195 197 200 201 202 207 210 214 215 218 219 221 226 229 239
182 1939 185 189 191 194 195 197 199 200 201 202 204 205 207 210 213 214 215 218 219 221 222 225 226 229 234 235 239 240 244 246
183 1956 189 197 200 201 207 210 218 226 229 239
184 1327 185 189 191 194 195 197 200 201 202 204 207 210 213 214 215 218 219 221 222 225 226 229 234 235 239 246
185 1258 186 188 189 190 191 194 195 197 198 199 200 201 202 203 204 205 207 210 211 213 214 215 216 217 218 219 221 222 225 226 227 229 230 232 233 234 235 236 237 239 240 242 244 245 246 247 248 250
186 1398 189 191 194 195 197 200 201 202 207 210 213 214 215 218 219 221 222 225 226 229 234 235 239 246
187 1610 189 191 195 197 200 201 202 207 210 214 215 218 219 221 226 229 239
188 1271 189 191 194 195 197 200 201 202 204 207 210 213 214 215 218 219 221 222 225 226 229 234 235 239 240 246
189 2207 190 191 192 194 195 196 197 198 199 200 201 202 203 204 205 206 207 208 209 210 211 212 213 214 215 216 217 218 219 220 221 222 223 224 225 226 227 229 230 231 232 233 234 235 236 237 238 239 240 241 242 243 244 245 246 247 248 249 250
190 530 191 194 195 197 200 201 202 204 207 210 213 214 215 218 219 221 222 225 226 229 234 235 239 240 246
191 1030 192 194 195 197 198 199 200 201 202 203 204 205 206 207 210 211 213 214 215 216 217 218 219 220 221 222 224 225 226 227 229 230 231 232 233 234 235 236 237 238 239 240 241 242 244 245 246 247 248 250
192 1810 197 200 201 207 210 214 215 218 219 221 226 229 239
193 1497
194 2047 195 197 198 199 200 201 202 204 205 207 210 213 214 215 216 218 219 221 222 225 226 227 229 232 233 234 235 237 239 240 242 244 246 247 250
195 1716 197 198 199 200 201 202 203 204 205 207 210 211 213 214 215 216 217 218 219 221 222 225 226 227 229 230 232 233 234 235 236 237 239 240 242 244 245 246 247 248 250
196 989 197 200 201 207 210 218 226 229 239
197 895 198 199 200 201 202 203 204 205 206 207 208 209 210 211 212 213 214 215 216 217 218 219 220 221 222 223 224 225 226 227 228 229 230 231 232 233 234 235 236 237 238 239 240 241 242 243 244 245 246 247 248 249 250
198 2473 200 201 202 204 207 210 213 214 215 218 219 221 222 225 226 229 234 235 239 240 246
199 850 200 201 202 204 205 207 210 213 214 215 218 219 221 222 225 226 227 229 234 235 239 240 244 246 247
200 1067 201 202 203 204 205 206 207 208 210 211 212 213 214 215 216 217 218 219 220 221 222 223 224 225 226 227 229 230 231 232 233 234 235 236 237 238 239 240 241 242 243 244 245 246 247 248 250
201 1032 202 203 204 205 206 207 208 209 210 211 212 213 214 215 216 217 218 219 220 221 222 223 224 225 226 227 229 230 231 232 233 234 235 236 237 238 239 240 241 242 243 244 245 246 247 248 249 250
202 733 203 204 205 207 210 211 213 214 215 216 217 218 219 220 221 222 224 225 226 227 229 230 231 232 233 234 235 236 237 238 239 240 242 244 245 246 247 248 250
203 2064 207 210 214 215 218 219 221 225 226 229 234 235 239 246
204 736 205 207 210 213 214 215 216 218 219 221 222 225 226 227 229 232 233 234 235 237 239 240 242 244 246 247 250
205 1561 207 210 213 214 215 218 219 221 222 225 226 227 229 234 235 239 240 242 244 246 247
206 1211 207 210 214 215 218 219 221 226 229 239
207 2122 208 209 210 211 212 213 214 215 216 217 218 219 220 221 222 223 224 225 226 227 229 230 231 232 233 234 235 236 237 238 239 240 241 242 243 244 245 246 247 248 249 250
208 2269 210 218 226 229 239
209 2334 210
210 1123 211 212 213 214 215 216 217 218 219 220 221 222 223 224 225 226 227 229 230 231 232 233 234 235 236 237 238 239 240 241 242 243 244 245 246 247 248 249 250
211 1542 214 215 218 219 221 225 226 229 234 235 239 246
212 945 218 226 229 239
213 1638 214 215 216 218 219 221 222 225 226 227 229 232 233 234 235 237 239 240 242 244 246 247 250
214 720 215 216 217 218 219 220 221 222 224 225 226 227 229 230 231 232 233 234 235 236 237 238 239 240 241 242 244 245 246 247 248 250
215 1177 216 217 218 219 220 221 222 224 225 226 227 229 230 231 232 233 234 235 236 237 238 239 240 241 242 244 245 246 247 248 250
216 2318 218 219 221 222 225 226 229 234 235 239 240 246
217 993 218 219 221 225 226 229 234 235 239 246
218 1809 219 220 221 222 224 225 226 227 229 230 231 232 233 234 235 236 237 238 239 240 241 242 244 245 246 247 248 250
219 2077 220 221 222 224 225 226 227 229 230 231 232 233 234 235 236 237 238 239 240 241 242 244 245 246 247 248 250
220 1449 221 226 229 239
221 731 222 224 225 226 227 229 230 231 232 233 234 235 236 237 238 239 240 241 242 244 245 246 247 248 250
222 520 225 226 227 229 232 233 234 235 237 239 240 242 244 246 247 250
223 626 229
224 920 226 229 239
225 1346 226 227 229 232 233 234 235 236 237 239 240 242 244 246 247 250
226 882 227 229 230 231 232 233 234 235 236 237 238 239 240 241 242 244 245 246 247 248 250
227 2355 229 234 235 239 240 244 246 247
228 1979
229 1518 230 231 232 233 234 235 236 237 238 239 240 241 242 243 244 245 246 247 248 249 250
230 2059 235 239
231 1560 239
232 953 234 235 239 240 246
233 917 234 235 239 240 246
234 504 235 236 237 239 240 242 244 246 247 250
235 903 236 237 239 240 242 244 245 246 247 248 250
236 2109 239 246
237 1807 239 240 246
238 1828 239
239 2015 240 241 242 244 245 246 247 248 250
240 2443 242 244 246 247 250
241 2284
242 2124 246
243 2188
244 1061 246 247
245 2153
246 2411 247 250
247 1335
248 2143
249 2395
250 728
