120 10000
1 897 2 3 4 5 6 7 8 9 10 11 12 13 14 15 16 17 18 19 20 21 22 23 24 25 26 27 28 29 30 31 32 33 34 35 36 37 38 39 40 41 42 43 44 45 46 47 48 49 50 51 52 53 54 55 56 57 58 59 60 61 62 63 64 65 66 67 68 69 70 71 72 73 74 75 76 77 78 79 80 81 82 83 84 85 86 87 88 89 90 91 92 93 94 95 96 97 98 99 100 101 102 103 104 105 106 107 108 109 110 111 112 113 114 115 116 117 118 119 120
2 2194 3 4 5 6 7 8 9 10 11 12 13 14 15 16 17 18 19 20 21 22 23 24 25 26 27 28 29 30 31 32 33 34 35 36 37 38 39 40 41 42 43 44 45 46 47 48 49 50 51 52 53 54 55 56 57 58 59 60 61 62 63 64 65 66 67 68 69 70 71 72 73 74 75 76 77 78 79 80 81 82 83 84 85 86 87 88 89 90 91 92 93 94 95 96 97 98 99 100 101 102 103 104 105 106 107 108 109 110 111 112 113 114 115 116 117 118 119 120
3 1512 4 5 6 7 8 9 10 11 12 13 14 15 16 17 18 19 20 21 22 23 24 25 26 27 28 29 30 31 32 33 34 35 36 37 38 39 40 41 42 43 44 45 46 47 48 49 50 51 52 53 54 55 56 57 58 59 60 61 62 63 64 65 66 67 68 69 70 71 72 73 74 75 76 77 78 79 80 81 82 83 84 85 86 87 88 89 90 91 92 93 94 95 96 97 98 99 100 101 102 103 104 105 106 107 108 109 110 111 112 113 114 115 116 117 118 119 120
4 1993 5 6 7 8 9 10 11 12 13 14 15 16 17 18 19 20 21 22 23 24 25 26 27 28 29 30 31 32 33 34 35 36 37 38 39 40 41 42 43 44 45 46 47 48 49 50 51 52 53 54 55 56 57 58 59 60 61 62 63 64 65 66 67 68 69 70 71 72 73 74 75 76 77 78 79 80 81 82 83 84 85 86 87 88 89 90 91 92 93 94 95 96 97 98 99 100 101 102 103 104 105 106 107 108 109 110 111 112 113 114 115 116 117 118 119 120
5 1825 6 7 8 9 10 11 12 13 14 15 17 18 19 20 21 23 24 25 26 27 28 29 31 32 33 34 35 36 37 38 39 40 41 42 44 45 46 47 48 49 50 51 52 53 54 55 56 58 59 60 62 63 64 65 66 67 68 69 70 71 73 77 79 80 81 82 83 87 88 89 90 91 92 94 96 97 98 99 100 101 102 103 104 105 106 107 108 109 110 111 112 113 114 115 116 117 118 119 120
6 2012 7 8 12 15 18 20 21 23 24 25 26 28 29 31 32 34 35 36 38 39 40 41 45 46 47 49 51 52 53 54 55 56 58 59 60 62 63 64 66 67 68 69 70 71 73 77 79 80 81 82 87 88 89 91 92 94 96 98 99 101 102 103 104 106 108 109 110 112 113 114 115 116 117 118 119 120
7 1459 8 9 10 11 12 13 14 15 16 17 18 19 20 21 22 23 24 25 26 27 28 29 30 31 32 33 34 35 36 37 38 39 40 41 42 43 44 45 46 47 48 49 50 51 52 53 54 55 56 57 58 59 60 61 62 63 64 65 66 67 68 69 70 71 72 73 74 75 76 77 78 79 80 81 82 83 84 85 86 87 88 89 90 91 92 93 94 95 96 97 98 99 100 101 102 103 104 105 106 107 108 109 110 111 112 113 114 115 116 117 118 119 120
8 1890 9 10 11 12 13 14 15 16 17 18 19 20 21 23 24 25 26 27 28 29 31 32 33 34 35 36 37 38 39 40 41 42 43 44 45 46 47 48 49 50 51 52 53 54 55 56 58 59 60 61 62 63 64 65 66 67 68 69 70 71 73 75 77 78 79 80 81 82 83 87 88 89 90 91 92 94 95 96 97 98 99 100 101 102 103 104 105 106 107 108 109 110 111 112 113 114 115 116 117 118 119 120
9 2168 12 13 15 17 18 20 21 23 24 25 26 28 29 31 32 34 35 36 37 38 39 40 41 42 45 46 47 48 49 51 52 53 54 55 56 58 59 60 62 63 64 66 67 68 69 70 71 73 77 79 80 81 82 87 88 89 91 92 94 96 97 98 99 101 102 103 104 106 108 109 110 112 113 114 115 116 117 118 119 120
10 2314 12 15 18 20 21 23 24 25 26 28 29 31 32 34 35 36 37 38 39 40 41 42 45 46 47 49 51 52 53 54 55 56 58 59 60 62 63 64 66 67 68 69 70 71 73 77 79 80 81 82 87 88 89 91 92 94 96 98 99 101 102 103 104 106 108 109 110 112 113 114 115 116 117 118 119 120
11 2496 12 13 14 15 17 18 20 21 23 24 25 26 27 28 29 31 32 34 35 36 37 38 39 40 41 42 44 45 46 47 48 49 51 52 53 54 55 56 58 59 60 62 63 64 66 67 68 69 70 71 73 77 79 80 81 82 87 88 89 91 92 94 96 97 98 99 101 102 103 104 105 106 107 108 109 110 112 113 114 115 116 117 118 119 120
12 911 13 14 15 16 17 18 19 20 21 22 23 24 25 26 27 28 29 30 31 32 33 34 35 36 37 38 39 40 41 42 43 44 45 46 47 48 49 50 51 52 53 54 55 56 57 58 59 60 61 62 63 64 65 66 67 68 69 70 71 72 73 74 75 76 77 78 79 80 81 82 83 84 85 86 87 88 89 90 91 92 93 94 95 96 97 98 99 100 101 102 103 104 105 106 107 108 109 110 111 112 113 114 115 116 117 118 119 120
13 2330 14 15 17 18 20 21 23 24 25 26 27 28 29 31 32 34 35 36 37 38 39 40 41 42 44 45 46 47 48 49 51 52 53 54 55 56 58 59 60 62 63 64 66 67 68 69 70 71 73 77 79 80 81 82 87 88 89 91 92 94 96 97 98 99 100 101 102 103 104 105 106 107 108 109 110 112 113 114 115 116 117 118 119 120
14 619 15 17 18 20 21 23 24 25 26 28 29 31 32 34 35 36 37 38 39 40 41 42 44 45 46 47 48 49 51 52 53 54 55 56 58 59 60 62 63 64 66 67 68 69 70 71 73 77 79 80 81 82 87 88 89 91 92 94 96 97 98 99 101 102 103 104 105 106 108 109 110 112 113 114 115 116 117 118 119 120
15 2351 16 17 18 19 20 21 22 23 24 25 26 27 28 29 30 31 32 33 34 35 36 37 38 39 40 41 42 43 44 45 46 47 48 49 50 51 52 53 54 55 56 57 58 59 60 61 62 63 64 65 66 67 68 69 70 71 72 73 74 75 76 77 78 79 80 81 82 83 84 85 86 87 88 89 90 91 92 93 94 95 96 97 98 99 100 101 102 103 104 105 106 107 108 109 110 111 112 113 114 115 116 117 118 119 120
16 768 18 20 21 24 25 26 28 29 31 32 34 35 38 39 40 41 45 46 47 49 51 52 53 54 55 58 59 60 62 63 64 66 67 68 69 70 71 73 77 79 80 81 82 87 88 89 91 92 94 96 98 99 101 102 103 104 106 108 110 112 113 114 115 116 117 118 119 120
17 1694 18 19 20 21 23 24 25 26 27 28 29 31 32 34 35 36 37 38 39 40 41 42 44 45 46 47 48 49 51 52 53 54 55 56 58 59 60 62 63 64 65 66 67 68 69 70 71 73 77 79 80 81 82 83 87 88 89 91 92 94 96 97 98 99 100 101 102 103 104 105 106 107 108 109 110 112 113 114 115 116 117 118 119 120
18 605 19 20 21 22 23 24 25 26 27 28 29 30 31 32 33 34 35 36 37 38 39 40 41 42 43 44 45 46 47 48 49 50 51 52 53 54 55 56 57 58 59 60 61 62 63 64 65 66 67 68 69 70 71 72 73 74 75 76 77 78 79 80 81 82 83 84 85 86 87 88 89 90 91 92 93 94 95 96 97 98 99 100 101 102 103 104 105 106 107 108 109 110 111 112 113 114 115 116 117 118 119 120
19 2318 20 21 23 24 25 26 28 29 31 32 34 35 36 37 38 39 40 41 42 45 46 47 48 49 51 52 53 54 55 56 58 59 60 62 63 64 66 67 68 69 70 71 73 77 79 80 81 82 87 88 89 91 92 94 96 98 99 101 102 103 104 106 108 109 110 112 113 114 115 116 117 118 119 120
20 1838 21 22 23 24 25 26 27 28 29 30 31 32 33 34 35 36 37 38 39 40 41 42 43 44 45 46 47 48 49 50 51 52 53 54 55 56 57 58 59 60 61 62 63 64 65 66 67 68 69 70 71 72 73 74 75 76 77 78 79 80 81 82 83 84 85 86 87 88 89 90 91 92 93 94 95 96 97 98 99 100 101 102 103 104 105 106 107 108 109 110 111 112 113 114 115 116 117 118 119 120
21 1886 23 24 25 26 27 28 29 31 32 33 34 35 36 37 38 39 40 41 42 43 44 45 46 47 48 49 50 51 52 53 54 55 56 58 59 60 61 62 63 64 65 66 67 68 69 70 71 73 75 77 78 79 80 81 82 83 87 88 89 90 91 92 94 95 96 97 98 99 100 101 102 103 104 105 106 107 108 109 110 111 112 113 114 115 116 117 118 119 120
22 845 24 25 26 28 29 31 32 34 35 38 39 40 41 45 46 47 49 51 52 53 54 55 58 59 60 62 63 64 66 67 68 69 70 71 73 77 79 80 81 82 87 88 89 91 92 94 96 98 99 102 103 104 106 108 110 112 113 114 115 116 117 118 119 120
23 1947 24 25 26 27 28 29 31 32 33 34 35 36 37 38 39 40 41 42 43 44 45 46 47 48 49 50 51 52 53 54 55 56 58 59 60 62 63 64 65 66 67 68 69 70 71 73 75 77 78 79 80 81 82 83 87 88 89 90 91 92 94 95 96 97 98 99 100 101 102 103 104 105 106 107 108 109 110 111 112 113 114 115 116 117 118 119 120
24 2005 25 26 27 28 29 30 31 32 33 34 35 36 37 38 39 40 41 42 43 44 45 46 47 48 49 50 51 52 53 54 55 56 57 58 59 60 61 62 63 64 65 66 67 68 69 70 71 72 73 74 75 76 77 78 79 80 81 82 83 84 85 86 87 88 89 90 91 92 93 94 95 96 97 98 99 100 101 102 103 104 105 106 107 108 109 110 111 112 113 114 115 116 117 118 119 120
25 1788 26 27 28 29 30 31 32 33 34 35 36 37 38 39 40 41 42 43 44 45 46 47 48 49 50 51 52 53 54 55 56 57 58 59 60 61 62 63 64 65 66 67 68 69 70 71 72 73 74 75 76 77 78 79 80 81 82 83 84 85 86 87 88 89 90 91 92 93 94 95 96 97 98 99 100 101 102 103 104 105 106 107 108 109 110 111 112 113 114 115 116 117 118 119 120
26 510 27 28 29 30 31 32 33 34 35 36 37 38 39 40 41 42 43 44 45 46 47 48 49 50 51 52 53 54 55 56 57 58 59 60 61 62 63 64 65 66 67 68 69 70 71 72 73 74 75 76 77 78 79 80 81 82 83 84 85 86 87 88 89 90 91 92 93 94 95 96 97 98 99 100 101 102 103 104 105 106 107 108 109 110 111 112 113 114 115 116 117 118 119 120
27 729 28 29 31 32 34 35 36 37 38 39 40 41 42 44 45 46 47 48 49 51 52 53 54 55 56 58 59 60 62 63 64 66 67 68 69 70 71 73 77 79 80 81 82 87 88 89 91 92 94 96 97 98 99 101 102 103 104 105 106 108 109 110 112 113 114 115 116 117 118 119 120
28 985 29 30 31 32 33 34 35 36 37 38 39 40 41 42 43 44 45 46 47 48 49 50 51 52 53 54 55 56 57 58 59 60 61 62 63 64 65 66 67 68 69 70 71 72 73 74 75 76 77 78 79 80 81 82 83 84 85 86 87 88 89 90 91 92 93 94 95 96 97 98 99 100 101 102 103 104 105 106 107 108 109 110 111 112 113 114 115 116 117 118 119 120
29 1108 30 31 32 33 34 35 36 37 38 39 40 41 42 43 44 45 46 47 48 49 50 51 52 53 54 55 56 57 58 59 60 61 62 63 64 65 66 67 68 69 70 71 72 73 74 75 76 77 78 79 80 81 82 83 84 85 86 87 88 89 90 91 92 93 94 95 96 97 98 99 100 101 102 103 104 105 106 107 108 109 110 111 112 113 114 115 116 117 118 119 120
30 563 31 32 34 35 38 39 40 41 45 46 47 49 52 53 54 55 58 59 60 63 64 66 67 68 69 70 71 73 77 79 80 81 82 87 88 89 92 94 96 98 99 102 103 104 106 108 110 112 113 114 116 117 118 119 120
31 1581 32 33 34 35 36 37 38 39 40 41 42 43 44 45 46 47 48 49 50 51 52 53 54 55 56 57 58 59 60 61 62 63 64 65 66 67 68 69 70 71 72 73 74 75 76 77 78 79 80 81 82 83 84 85 86 87 88 89 90 91 92 93 94 95 96 97 98 99 100 101 102 103 104 105 106 107 108 109 110 111 112 113 114 115 116 117 118 119 120
32 775 33 34 35 36 37 38 39 40 41 42 43 44 45 46 47 48 49 50 51 52 53 54 55 56 57 58 59 60 61 62 63 64 65 66 67 68 69 70 71 72 73 74 75 76 77 78 79 80 81 82 83 84 85 86 87 88 89 90 91 92 93 94 95 96 97 98 99 100 101 102 103 104 105 106 107 108 109 110 111 112 113 114 115 116 117 118 119 120
33 1264 34 35 36 38 39 40 41 45 46 47 49 51 52 53 54 55 56 58 59 60 62 63 64 66 67 68 69 70 71 73 77 79 80 81 82 87 88 89 91 92 94 96 98 99 101 102 103 104 106 108 109 110 112 113 114 115 116 117 118 119 120
34 2279 35 36 37 38 39 40 41 42 43 44 45 46 47 48 49 50 51 52 53 54 55 56 57 58 59 60 61 62 63 64 65 66 67 68 69 70 71 72 73 74 75 76 77 78 79 80 81 82 83 84 85 86 87 88 89 90 91 92 93 94 95 96 97 98 99 100 101 102 103 104 105 106 107 108 109 110 111 112 113 114 115 116 117 118 119 120
35 533 36 37 38 39 40 41 42 43 44 45 46 47 48 49 50 51 52 53 54 55 56 57 58 59 60 61 62 63 64 65 66 67 68 69 70 71 72 73 74 75 76 77 78 79 80 81 82 83 84 85 86 87 88 89 90 91 92 93 94 95 96 97 98 99 100 101 102 103 104 105 106 107 108 109 110 111 112 113 114 115 116 117 118 119 120
36 1468 37 38 39 40 41 42 43 44 45 46 47 48 49 50 51 52 53 54 55 56 58 59 60 62 63 64 65 66 67 68 69 70 71 73 75 77 78 79 80 81 82 83 87 88 89 90 91 92 94 95 96 97 98 99 100 101 102 103 104 105 106 107 108 109 110 111 112 113 114 115 116 117 118 119 120
37 2168 38 39 40 41 42 44 45 46 47 48 49 51 52 53 54 55 56 58 59 60 62 63 64 65 66 67 68 69 70 71 73 77 79 80 81 82 83 87 88 89 91 92 94 96 97 98 99 100 101 102 103 104 105 106 107 108 109 110 111 112 113 114 115 116 117 118 119 120
38 1436 39 40 41 42 43 44 45 46 47 48 49 50 51 52 53 54 55 56 57 58 59 60 61 62 63 64 65 66 67 68 69 70 71 72 73 74 75 76 77 78 79 80 81 82 83 84 85 86 87 88 89 90 91 92 93 94 95 96 97 98 99 100 101 102 103 104 105 106 107 108 109 110 111 112 113 114 115 116 117 118 119 120
39 1934 40 41 42 43 44 45 46 47 48 49 50 51 52 53 54 55 56 57 58 59 60 61 62 63 64 65 66 67 68 69 70 71 72 73 74 75 76 77 78 79 80 81 82 83 84 85 86 87 88 89 90 91 92 93 94 95 96 97 98 99 100 101 102 103 104 105 106 107 108 109 110 111 112 113 114 115 116 117 118 119 120
40 2235 41 42 43 44 45 46 47 48 49 50 51 52 53 54 55 56 57 58 59 60 61 62 63 64 65 66 67 68 69 70 71 72 73 74 75 76 77 78 79 80 81 82 83 84 85 86 87 88 89 90 91 92 93 94 95 96 97 98 99 100 101 102 103 104 105 106 107 108 109 110 111 112 113 114 115 116 117 118 119 120
41 1062 42 43 44 45 46 47 48 49 50 51 52 53 54 55 56 57 58 59 60 61 62 63 64 65 66 67 68 69 70 71 72 73 74 75 76 77 78 79 80 81 82 83 84 85 86 87 88 89 90 91 92 93 94 95 96 97 98 99 100 101 102 103 104 105 106 107 108 109 110 111 112 113 114 115 116 117 118 119 120
42 1897 44 45 46 47 48 49 51 52 53 54 55 56 58 59 60 62 63 64 65 66 67 68 69 70 71 73 77 79 80 81 82 83 87 88 89 91 92 94 96 97 98 99 100 101 102 103 104 105 106 107 108 109 110 111 112 113 114 115 116 117 118 119 120
43 2166 45 46 47 49 51 52 53 54 55 58 59 60 62 63 64 66 67 68 69 70 71 73 77 79 80 81 82 87 88 89 91 92 94 96 98 99 101 102 103 104 106 108 110 112 113 114 115 116 117 118 119 120
44 1926 45 46 47 48 49 51 52 53 54 55 56 58 59 60 62 63 64 66 67 68 69 70 71 73 77 79 80 81 82 87 88 89 91 92 94 96 97 98 99 101 102 103 104 105 106 107 108 109 110 112 113 114 115 116 117 118 119 120
45 2225 46 47 48 49 50 51 52 53 54 55 56 57 58 59 60 61 62 63 64 65 66 67 68 69 70 71 72 73 74 75 76 77 78 79 80 81 82 83 84 85 86 87 88 89 90 91 92 93 94 95 96 97 98 99 100 101 102 103 104 105 106 107 108 109 110 111 112 113 114 115 116 117 118 119 120
46 989 47 48 49 50 51 52 53 54 55 56 57 58 59 60 61 62 63 64 65 66 67 68 69 70 71 72 73 74 75 76 77 78 79 80 81 82 83 84 85 86 87 88 89 90 91 92 93 94 95 96 97 98 99 100 101 102 103 104 105 106 107 108 109 110 111 112 113 114 115 116 117 118 119 120
47 1644 48 49 50 51 52 53 54 55 56 57 58 59 60 61 62 63 64 65 66 67 68 69 70 71 72 73 74 75 76 77 78 79 80 81 82 83 84 85 86 87 88 89 90 91 92 93 94 95 96 97 98 99 100 101 102 103 104 105 106 107 108 109 110 111 112 113 114 115 116 117 118 119 120
48 2389 49 51 52 53 54 55 56 58 59 60 62 63 64 66 67 68 69 70 71 73 77 79 80 81 82 87 88 89 91 92 94 96 97 98 99 100 101 102 103 104 105 106 107 108 109 110 112 113 114 115 116 117 118 119 120
49 2049 50 51 52 53 54 55 56 57 58 59 60 61 62 63 64 65 66 67 68 69 70 71 72 73 74 75 76 77 78 79 80 81 82 83 84 85 86 87 88 89 90 91 92 93 94 95 96 97 98 99 100 101 102 103 104 105 106 107 108 109 110 111 112 113 114 115 116 117 118 119 120
50 1186 51 52 53 54 55 56 58 59 60 62 63 64 66 67 68 69 70 71 73 77 79 80 81 82 87 88 89 91 92 94 96 98 99 101 102 103 104 106 108 109 110 112 113 114 115 116 117 118 119 120
51 2107 52 53 54 55 56 57 58 59 60 61 62 63 64 65 66 67 68 69 70 71 73 74 75 77 78 79 80 81 82 83 86 87 88 89 90 91 92 93 94 95 96 97 98 99 100 101 102 103 104 105 106 107 108 109 110 111 112 113 114 115 116 117 118 119 120
52 1296 53 54 55 56 57 58 59 60 61 62 63 64 65 66 67 68 69 70 71 72 73 74 75 76 77 78 79 80 81 82 83 84 85 86 87 88 89 90 91 92 93 94 95 96 97 98 99 100 101 102 103 104 105 106 107 108 109 110 111 112 113 114 115 116 117 118 119 120
53 719 54 55 56 57 58 59 60 61 62 63 64 65 66 67 68 69 70 71 72 73 74 75 76 77 78 79 80 81 82 83 84 85 86 87 88 89 90 91 92 93 94 95 96 97 98 99 100 101 102 103 104 105 106 107 108 109 110 111 112 113 114 115 116 117 118 119 120
54 526 55 56 57 58 59 60 61 62 63 64 65 66 67 68 69 70 71 72 73 74 75 76 77 78 79 80 81 82 83 84 85 86 87 88 89 90 91 92 93 94 95 96 97 98 99 100 101 102 103 104 105 106 107 108 109 110 111 112 113 114 115 116 117 118 119 120
55 2296 56 57 58 59 60 61 62 63 64 65 66 67 68 69 70 71 72 73 74 75 76 77 78 79 80 81 82 83 84 85 86 87 88 89 90 91 92 93 94 95 96 97 98 99 100 101 102 103 104 105 106 107 108 109 110 111 112 113 114 115 116 117 118 119 120
56 2379 58 59 60 62 63 64 65 66 67 68 69 70 71 73 75 77 78 79 80 81 82 83 87 88 89 90 91 92 94 96 97 98 99 100 101 102 103 104 105 106 107 108 109 110 111 112 113 114 115 116 117 118 119 120
57 1566 58 59 60 62 63 64 66 67 68 69 70 71 73 77 79 80 81 82 87 88 89 91 92 94 96 98 99 102 103 104 106 108 110 112 113 114 115 116 117 118 119 120
58 1351 59 60 61 62 63 64 65 66 67 68 69 70 71 72 73 74 75 76 77 78 79 80 81 82 83 84 85 86 87 88 89 90 91 92 93 94 95 96 97 98 99 100 101 102 103 104 105 106 107 108 109 110 111 112 113 114 115 116 117 118 119 120
59 2072 60 61 62 63 64 65 66 67 68 69 70 71 72 73 74 75 76 77 78 79 80 81 82 83 84 85 86 87 88 89 90 91 92 93 94 95 96 97 98 99 100 101 102 103 104 105 106 107 108 109 110 111 112 113 114 115 116 117 118 119 120
60 1529 61 62 63 64 65 66 67 68 69 70 71 72 73 74 75 76 77 78 79 80 81 82 83 84 85 86 87 88 89 90 91 92 93 94 95 96 97 98 99 100 101 102 103 104 105 106 107 108 109 110 111 112 113 114 115 116 117 118 119 120
61 1556 62 63 64 66 67 68 69 70 71 73 77 79 80 81 82 87 88 89 91 92 94 96 98 99 101 102 103 104 106 108 110 112 113 114 115 116 117 118 119 120
62 1297 63 64 65 66 67 68 69 70 71 72 73 74 75 76 77 78 79 80 81 82 83 84 85 86 87 88 89 90 91 92 93 94 95 96 97 98 99 100 101 102 103 104 105 106 107 108 109 110 111 112 113 114 115 116 117 118 119 120
63 1717 64 65 66 67 68 69 70 71 72 73 74 75 76 77 78 79 80 81 82 83 84 85 86 87 88 89 90 91 92 93 94 95 96 97 98 99 100 101 102 103 104 105 106 107 108 109 110 111 112 113 114 115 116 117 118 119 120
64 1432 65 66 67 68 69 70 71 72 73 74 75 76 77 78 79 80 81 82 83 84 85 86 87 88 89 90 91 92 93 94 95 96 97 98 99 100 101 102 103 104 105 106 107 108 109 110 111 112 113 114 115 116 117 118 119 120
65 1033 66 67 68 69 70 71 73 77 79 80 81 82 87 88 89 91 92 94 96 98 99 101 102 103 104 106 108 109 110 112 113 114 115 116 117 118 119 120
66 726 67 68 69 70 71 72 73 74 75 76 77 78 79 80 81 82 83 84 85 86 87 88 89 90 91 92 93 94 95 96 97 98 99 100 101 102 103 104 105 106 107 108 109 110 111 112 113 114 115 116 117 118 119 120
67 650 68 69 70 71 72 73 74 75 76 77 78 79 80 81 82 83 84 85 86 87 88 89 90 91 92 93 94 95 96 97 98 99 100 101 102 103 104 105 106 107 108 109 110 111 112 113 114 115 116 117 118 119 120
68 558 69 70 71 72 73 74 75 76 77 78 79 80 81 82 83 84 85 86 87 88 89 90 91 92 93 94 95 96 97 98 99 100 101 102 103 104 105 106 107 108 109 110 111 112 113 114 115 116 117 118 119 120
69 1673 70 71 72 73 74 75 76 77 78 79 80 81 82 83 84 85 86 87 88 89 90 91 92 93 94 95 96 97 98 99 100 101 102 103 104 105 106 107 108 109 110 111 112 113 114 115 116 117 118 119 120
70 1611 71 72 73 74 75 76 77 78 79 80 81 82 83 84 85 86 87 88 89 90 91 92 93 94 95 96 97 98 99 100 101 102 103 104 105 106 107 108 109 110 111 112 113 114 115 116 117 118 119 120
71 2444 72 73 74 75 76 77 78 79 80 81 82 83 84 85 86 87 88 89 90 91 92 93 94 95 96 97 98 99 100 101 102 103 104 105 106 107 108 109 110 111 112 113 114 115 116 117 118 119 120
72 2483 73 77 79 80 81 82 87 88 89 92 94 96 98 99 102 103 104 106 108 110 112 113 114 115 116 117 118 119 120
73 591 74 75 76 77 78 79 80 81 82 83 84 85 86 87 88 89 90 91 92 93 94 95 96 97 98 99 100 101 102 103 104 105 106 107 108 109 110 111 112 113 114 115 116 117 118 119 120
74 1628 77 79 80 81 82 87 88 89 91 92 94 96 98 99 102 103 104 106 108 110 112 113 114 115 116 117 118 119 120
75 1340 77 79 80 81 82 87 88 89 91 92 94 96 98 99 101 102 103 104 106 108 110 112 113 114 115 116 117 118 119 120
76 2021 77 79 80 81 82 87 88 89 92 94 96 98 99 102 103 104 106 108 110 112 113 114 116 117 118 119 120
77 719 78 79 80 81 82 83 84 85 86 87 88 89 90 91 92 93 94 95 96 97 98 99 100 101 102 103 104 105 106 107 108 109 110 111 112 113 114 115 116 117 118 119 120
78 1081 79 80 81 82 87 88 89 91 92 94 96 98 99 101 102 103 104 106 108 110 112 113 114 115 116 117 118 119 120
79 2391 80 81 82 83 84 85 86 87 88 89 90 91 92 93 94 95 96 97 98 99 100 101 102 103 104 105 106 107 108 109 110 111 112 113 114 115 116 117 118 119 120
80 1334 81 82 83 84 85 86 87 88 89 90 91 92 93 94 95 96 97 98 99 100 101 102 103 104 105 106 107 108 109 110 111 112 113 114 115 116 117 118 119 120
81 607 82 83 84 85 86 87 88 89 90 91 92 93 94 95 96 97 98 99 100 101 102 103 104 105 106 107 108 109 110 111 112 113 114 115 116 117 118 119 120
82 2304 83 84 85 86 87 88 89 90 91 92 93 94 95 96 97 98 99 100 101 102 103 104 105 106 107 108 109 110 111 112 113 114 115 116 117 118 119 120
83 2020 87 88 89 91 92 94 96 98 99 101 102 103 104 106 108 109 110 112 113 114 115 116 117 118 119 120
84 2064 87 88 89 92 94 96 98 99 102 103 104 106 108 110 112 113 114 115 116 117 118 119 120
85 2390 87 88 89 92 94 96 98 99 102 103 104 106 108 110 112 113 114 116 117 118 119 120
86 1726 87 88 89 91 92 94 96 98 99 102 103 104 106 108 110 112 113 114 115 116 117 118 119 120
87 1450 88 89 90 91 92 93 94 95 96 97 98 99 100 101 102 103 104 105 106 107 108 109 110 111 112 113 114 115 116 117 118 119 120
88 1849 89 90 91 92 93 94 95 96 97 98 99 100 101 102 103 104 105 106 107 108 109 110 111 112 113 114 115 116 117 118 119 120
89 1815 90 91 92 93 94 95 96 97 98 99 100 101 102 103 104 105 106 107 108 109 110 111 112 113 114 115 116 117 118 119 120
90 1785 91 92 94 96 98 99 101 102 103 104 106 108 109 110 112 113 114 115 116 117 118 119 120
91 1625 92 93 94 95 96 97 98 99 100 101 102 103 104 105 106 107 108 109 110 111 112 113 114 115 116 117 118 119 120
92 1494 93 94 95 96 97 98 99 100 101 102 103 104 105 106 107 108 109 110 111 112 113 114 115 116 117 118 119 120
93 2219 94 96 98 99 102 103 104 106 108 110 112 113 114 115 116 117 118 119 120
94 1315 95 96 97 98 99 100 101 102 103 104 105 106 107 108 109 110 111 112 113 114 115 116 117 118 119 120
95 983 96 98 99 101 102 103 104 106 108 110 112 113 114 115 116 117 118 119 120
96 2002 97 98 99 100 101 102 103 104 105 106 107 108 109 110 111 112 113 114 115 116 117 118 119 120
97 1536 98 99 100 101 102 103 104 105 106 107 108 109 110 112 113 114 115 116 117 118 119 120
98 1802 99 100 101 102 103 104 105 106 107 108 109 110 111 112 113 114 115 116 117 118 119 120
99 742 100 101 102 103 104 105 106 107 108 109 110 111 112 113 114 115 116 117 118 119 120
100 1800 101 102 103 104 106 108 109 110 112 113 114 115 116 117 118 119 120
101 1678 102 103 104 105 106 107 108 109 110 111 112 113 114 115 116 117 118 119 120
102 1135 103 104 105 106 107 108 109 110 111 112 113 114 115 116 117 118 119 120
103 765 104 105 106 107 108 109 110 111 112 113 114 115 116 117 118 119 120
104 718 105 106 107 108 109 110 111 112 113 114 115 116 117 118 119 120
105 1501 106 107 108 109 110 112 113 114 115 116 117 118 119 120
106 1566 107 108 109 110 111 112 113 114 115 116 117 118 119 120
107 1182 108 109 110 112 113 114 115 116 117 118 119 120
108 1550 109 110 111 112 113 114 115 116 117 118 119 120
109 853 110 111 112 113 114 115 116 117 118 119 120
110 963 111 112 113 114 115 116 117 118 119 120
111 866 112 113 114 115 116 117 118 119 120
112 1830 113 114 115 116 117 118 119 120
113 842 114 115 116 117 118 119 120
114 1851 115 116 117 118 119 120
115 1431 116 117 118 119 120
116 1524 117 118 119 120
117 2403 118 119 120
118 1459 119 120
119 727 120
120 552
