120 10000
1 597 4 8 9 10 13 51 56 59 68 69 74 80 81 88 98 108
2 1573 4 5 8 9 10 13 14 20 38 46 51 54 56 57 59 66 68 69 73 74 75 78 80 81 88 94 97 98 106 108 119
3 2332 4 5 7 8 9 10 11 13 14 20 25 33 35 38 45 46 47 51 54 56 57 59 61 66 68 69 72 73 74 75 78 80 81 86 88 92 94 95 97 98 101 106 108 111 114 116 118 119
4 1766 5 6 7 8 9 10 11 12 13 14 15 16 17 18 19 20 21 22 23 24 25 26 27 29 30 31 32 33 34 35 36 37 38 39 41 42 43 44 45 46 47 48 49 50 51 53 54 56 57 58 59 60 61 62 64 65 66 67 68 69 70 71 72 73 74 75 76 78 79 80 81 82 83 85 86 87 88 89 90 91 92 93 94 95 96 97 98 99 100 101 102 105 106 107 108 109 111 112 113 114 115 116 117 118 119 120
5 1844 6 7 8 9 10 11 12 13 14 15 16 17 18 19 20 21 22 23 24 25 26 27 29 30 31 32 33 34 35 36 37 38 39 41 42 43 44 45 46 47 48 49 50 51 53 54 56 57 58 59 61 65 66 67 68 69 70 72 73 74 75 76 78 79 80 81 82 83 86 87 88 89 90 91 92 93 94 95 96 97 98 99 100 101 102 105 106 108 109 111 112 113 114 115 116 118 119 120
6 579 7 8 9 10 11 13 14 19 20 25 33 35 38 44 45 46 47 51 54 56 57 58 59 61 66 68 69 72 73 74 75 78 80 81 86 88 90 92 94 95 97 98 101 105 106 108 111 114 116 118 119
7 1570 8 9 10 11 12 13 14 15 19 20 21 23 25 26 27 30 31 32 33 34 35 36 37 38 39 41 43 44 45 46 47 48 49 50 51 53 54 56 57 58 59 61 65 66 67 68 69 70 72 73 74 75 76 78 79 80 81 82 83 86 87 88 90 91 92 93 94 95 97 98 99 100 101 102 105 106 108 109 111 112 113 114 115 116 118 119 120
8 573 9 10 11 12 13 14 15 16 17 18 19 20 21 22 23 24 25 26 27 28 29 30 31 32 33 34 35 36 37 38 39 40 41 42 43 44 45 46 47 48 49 50 51 52 53 54 55 56 57 58 59 60 61 62 63 64 65 66 67 68 69 70 71 72 73 74 75 76 77 78 79 80 81 82 83 85 86 87 88 89 90 91 92 93 94 95 96 97 98 99 100 101 102 103 104 105 106 107 108 109 111 112 113 114 115 116 117 118 119 120
9 2384 10 11 12 13 14 15 16 17 18 19 20 21 22 23 24 25 26 27 28 29 30 31 32 33 34 35 36 37 38 39 40 41 42 43 44 45 46 47 48 49 50 51 52 53 54 55 56 57 58 59 60 61 62 63 64 65 66 67 68 69 70 71 72 73 74 75 76 77 78 79 80 81 82 83 85 86 87 88 89 90 91 92 93 94 95 96 97 98 99 100 101 102 103 104 105 106 107 108 109 110 111 112 113 114 115 116 117 118 119 120
10 2208 11 12 13 14 15 16 17 18 19 20 21 22 23 24 25 26 27 28 29 30 31 32 33 34 35 36 37 38 39 40 41 42 43 44 45 46 47 48 49 50 51 52 53 54 55 56 57 58 59 60 61 62 63 64 65 66 67 68 69 70 71 72 73 74 75 76 77 78 79 80 81 82 83 85 86 87 88 89 90 91 92 93 94 95 96 97 98 99 100 101 102 103 104 105 106 107 108 109 110 111 112 113 114 115 116 117 118 119 120
11 1172 12 13 14 15 19 20 21 23 25 26 27 30 32 33 34 35 36 37 38 39 41 43 44 45 46 47 48 49 50 51 53 54 56 57 58 59 61 65 66 67 68 69 70 72 73 74 75 76 78 79 80 81 82 86 87 88 90 91 92 93 94 95 97 98 99 100 101 102 105 106 108 109 111 112 113 114 115 116 118 119 120
12 1324 13 14 20 25 33 35 38 45 46 47 51 54 56 57 59 61 66 68 69 72 73 74 75 78 80 81 86 88 92 94 95 97 98 101 106 108 111 114 116 118 119
13 1290 14 15 16 17 18 19 20 21 22 23 24 25 26 27 29 30 31 32 33 34 35 36 37 38 39 41 42 43 44 45 46 47 48 49 50 51 53 54 56 57 58 59 60 61 62 64 65 66 67 68 69 70 71 72 73 74 75 76 78 79 80 81 82 83 86 87 88 89 90 91 92 93 94 95 96 97 98 99 100 101 102 105 106 108 109 111 112 113 114 115 116 117 118 119 120
14 1576 15 16 19 20 21 23 25 26 27 30 31 32 33 34 35 36 37 38 39 41 42 43 44 45 46 47 48 49 50 51 53 54 56 57 58 59 61 65 66 67 68 69 70 72 73 74 75 76 78 79 80 81 82 83 86 87 88 89 90 91 92 93 94 95 97 98 99 100 101 102 105 106 108 109 111 112 113 114 115 116 118 119 120
15 2139 20 25 35 38 45 46 51 54 56 57 59 61 66 68 69 72 73 74 75 78 80 81 86 88 92 94 97 98 101 106 108 114 116 118 119
16 1730 20 38 46 51 54 56 57 59 61 66 68 69 73 74 75 78 80 81 88 92 94 97 98 106 108 119
17 1603 46 51 56 59 68 69 73 74 80 81 88 94 98 108 119
18 704 20 46 51 56 57 59 68 69 73 74 78 80 81 88 94 98 108 119
19 2069 20 23 25 26 27 33 34 35 37 38 41 44 45 46 47 48 51 54 56 57 58 59 61 66 67 68 69 70 72 73 74 75 78 79 80 81 86 88 90 91 92 93 94 95 97 98 101 102 105 106 108 109 111 112 113 114 116 118 119
20 2496 21 23 25 26 27 29 30 31 32 33 34 35 36 37 38 39 41 42 43 44 45 46 47 48 49 50 51 53 54 56 57 58 59 61 65 66 67 68 69 70 72 73 74 75 76 78 79 80 81 82 83 86 87 88 89 90 91 92 93 94 95 97 98 99 100 101 102 105 106 108 109 111 112 113 114 115 116 118 119 120
21 2230 25 35 38 45 46 51 54 56 57 59 61 66 68 69 73 74 75 78 80 81 86 88 92 94 97 98 101 106 108 114 118 119
22 2470 46 51 56 57 59 68 69 73 74 80 81 88 94 98 108 119
23 1865 25 26 27 33 35 37 38 41 44 45 46 47 51 54 56 57 58 59 61 66 67 68 69 72 73 74 75 78 79 80 81 86 88 90 92 93 94 95 97 98 101 105 106 108 109 111 114 116 118 119
24 1653 46 51 56 57 59 68 69 73 74 80 81 88 94 98 108 119
25 724 26 27 32 33 34 35 37 38 39 41 43 44 45 46 47 48 49 50 51 53 54 56 57 58 59 61 65 66 67 68 69 70 72 73 74 75 76 78 79 80 81 82 86 87 88 90 91 92 93 94 95 97 98 99 100 101 102 105 106 108 109 111 112 113 114 115 116 118 119 120
26 694 27 33 35 37 38 41 44 45 46 47 48 51 54 56 57 58 59 61 66 67 68 69 72 73 74 75 78 79 80 81 86 88 90 91 92 93 94 95 97 98 101 105 106 108 109 111 114 116 118 119
27 1830 33 35 37 38 41 44 45 46 47 51 54 56 57 58 59 61 66 67 68 69 72 73 74 75 78 79 80 81 86 88 90 92 93 94 95 97 98 101 105 106 108 109 111 114 116 118 119
28 740 69 80 81 108
29 2429 46 51 56 57 59 68 69 73 74 78 80 81 88 94 98 108 119
30 1563 35 38 46 51 54 56 57 59 61 66 68 69 73 74 75 78 80 81 86 88 92 94 97 98 101 106 108 114 118 119
31 2275 38 46 51 54 56 57 59 61 66 68 69 73 74 75 78 80 81 88 92 94 97 98 101 106 108 114 119
32 1459 35 38 45 46 51 54 56 57 59 61 66 68 69 73 74 75 78 80 81 86 88 92 94 97 98 101 106 108 114 118 119
33 902 34 35 37 38 41 44 45 46 47 48 49 51 54 56 57 58 59 61 65 66 67 68 69 70 72 73 74 75 76 78 79 80 81 86 87 88 90 91 92 93 94 95 97 98 100 101 102 105 106 108 109 111 112 113 114 115 116 118 119 120
34 1596 35 38 44 45 46 47 51 54 56 57 58 59 61 66 68 69 72 73 74 75 78 80 81 86 88 90 92 94 95 97 98 101 105 106 108 111 114 116 118 119
35 1831 36 37 38 39 41 43 44 45 46 47 48 49 50 51 53 54 56 57 58 59 61 65 66 67 68 69 70 72 73 74 75 76 78 79 80 81 82 86 87 88 90 91 92 93 94 95 97 98 99 100 101 102 105 106 108 109 111 112 113 114 115 116 118 119 120
36 957 38 46 51 54 56 57 59 61 66 68 69 73 74 75 78 80 81 86 88 92 94 97 98 101 106 108 114 118 119
37 2470 38 41 44 45 46 47 51 54 56 57 58 59 61 66 67 68 69 72 73 74 75 78 79 80 81 86 88 90 92 93 94 95 97 98 101 105 106 108 109 111 114 116 118 119
38 1034 39 41 42 43 44 45 46 47 48 49 50 51 53 54 56 57 58 59 61 65 66 67 68 69 70 72 73 74 75 76 78 79 80 81 82 83 86 87 88 89 90 91 92 93 94 95 97 98 99 100 101 102 105 106 108 109 111 112 113 114 115 116 118 119 120
39 1493 45 46 51 54 56 57 59 61 66 68 69 73 74 75 78 80 81 86 88 92 94 97 98 101 106 108 114 118 119
40 1352 69 81 108
41 2065 44 45 46 47 51 54 56 57 58 59 61 66 67 68 69 72 73 74 75 78 79 80 81 86 88 90 92 93 94 95 97 98 101 105 106 108 109 111 114 116 118 119
42 2471 46 51 54 56 57 59 61 66 68 69 73 74 75 78 80 81 88 92 94 97 98 106 108 119
43 2466 45 46 51 54 56 57 59 61 66 68 69 72 73 74 75 78 80 81 86 88 92 94 97 98 101 106 108 114 116 118 119
44 1558 45 46 47 48 51 54 56 57 58 59 61 66 67 68 69 72 73 74 75 78 79 80 81 86 88 90 91 92 93 94 95 97 98 101 102 105 106 108 109 111 114 116 118 119
45 2279 46 47 48 49 50 51 53 54 56 57 58 59 61 65 66 67 68 69 70 72 73 74 75 76 78 79 80 81 82 86 87 88 90 91 92 93 94 95 97 98 99 100 101 102 105 106 108 109 111 112 113 114 115 116 118 119 120
46 972 47 48 49 50 51 53 54 56 57 58 59 61 65 66 67 68 69 70 72 73 74 75 76 78 79 80 81 82 83 86 87 88 89 90 91 92 93 94 95 96 97 98 99 100 101 102 105 106 108 109 111 112 113 114 115 116 118 119 120
47 843 48 51 54 56 57 58 59 61 66 67 68 69 70 72 73 74 75 76 78 79 80 81 86 88 90 91 92 93 94 95 97 98 100 101 102 105 106 108 109 111 112 113 114 115 116 118 119
48 1312 51 54 56 57 58 59 61 66 68 69 72 73 74 75 78 80 81 86 88 90 92 94 95 97 98 101 105 106 108 111 114 116 118 119
49 2380 51 54 56 57 59 61 66 68 69 72 73 74 75 78 80 81 86 88 92 94 95 97 98 101 106 108 111 114 116 118 119
50 1067 51 54 56 57 59 61 66 68 69 73 74 75 78 80 81 86 88 92 94 97 98 101 106 108 114 118 119
51 1873 53 54 56 57 58 59 60 61 62 64 65 66 67 68 69 70 71 72 73 74 75 76 78 79 80 81 82 83 86 87 88 89 90 91 92 93 94 95 96 97 98 99 100 101 102 105 106 108 109 111 112 113 114 115 116 117 118 119 120
52 774 69 80 81 108
53 2399 54 56 57 59 61 66 68 69 72 73 74 75 78 80 81 86 88 92 94 97 98 101 106 108 114 116 118 119
54 1602 56 57 58 59 61 65 66 67 68 69 70 72 73 74 75 76 78 79 80 81 82 83 86 87 88 89 90 91 92 93 94 95 97 98 99 100 101 102 105 106 108 109 111 112 113 114 115 116 118 119 120
55 2281 69 80 81 108
56 2100 57 58 59 60 61 62 64 65 66 67 68 69 70 71 72 73 74 75 76 78 79 80 81 82 83 86 87 88 89 90 91 92 93 94 95 96 97 98 99 100 101 102 105 106 108 109 111 112 113 114 115 116 117 118 119 120
57 844 58 59 61 65 66 67 68 69 70 72 73 74 75 76 78 79 80 81 82 83 86 87 88 89 90 91 92 93 94 95 96 97 98 99 100 101 102 105 106 108 109 111 112 113 114 115 116 118 119 120
58 862 59 61 66 67 68 69 70 72 73 74 75 78 79 80 81 86 88 90 91 92 93 94 95 97 98 101 102 105 106 108 109 111 112 114 116 118 119
59 1144 60 61 62 64 65 66 67 68 69 70 71 72 73 74 75 76 78 79 80 81 82 83 86 87 88 89 90 91 92 93 94 95 96 97 98 99 100 101 102 105 106 108 109 111 112 113 114 115 116 117 118 119 120
60 2224 68 69 74 80 81 88 98 108
61 1274 65 66 67 68 69 70 72 73 74 75 76 78 79 80 81 82 83 86 87 88 90 91 92 93 94 95 97 98 99 100 101 102 105 106 108 109 111 112 113 114 115 116 118 119 120
62 528 68 69 74 80 81 88 98 108
63 878 69 80 81 108
64 909 68 69 74 80 81 88 98 108
65 2248 66 68 69 72 73 74 75 78 80 81 86 88 92 94 95 97 98 101 106 108 111 114 116 118 119
66 2071 67 68 69 70 72 73 74 75 76 78 79 80 81 82 83 86 87 88 89 90 91 92 93 94 95 97 98 99 100 101 102 105 106 108 109 111 112 113 114 115 116 118 119 120
67 2492 68 69 72 73 74 75 78 79 80 81 86 88 90 92 93 94 95 97 98 101 105 106 108 109 111 114 116 118 119
68 1036 69 70 71 72 73 74 75 76 78 79 80 81 82 83 86 87 88 89 90 91 92 93 94 95 96 97 98 99 100 101 102 105 106 108 109 111 112 113 114 115 116 117 118 119 120
69 1651 70 71 72 73 74 75 76 77 78 79 80 81 82 83 85 86 87 88 89 90 91 92 93 94 95 96 97 98 99 100 101 102 103 104 105 106 107 108 109 111 112 113 114 115 116 117 118 119 120
70 876 72 73 74 75 78 80 81 86 88 90 92 94 95 97 98 101 106 108 111 114 116 118 119
71 1015 74 80 81 88 98 108
72 1774 73 74 75 76 78 79 80 81 86 87 88 90 91 92 93 94 95 97 98 100 101 102 105 106 108 109 111 112 113 114 115 116 118 119 120
73 1121 74 75 76 78 79 80 81 82 83 86 87 88 89 90 91 92 93 94 95 96 97 98 99 100 101 102 105 106 108 109 111 112 113 114 115 116 118 119 120
74 2275 75 76 78 79 80 81 82 83 86 87 88 89 90 91 92 93 94 95 96 97 98 99 100 101 102 105 106 108 109 111 112 113 114 115 116 117 118 119 120
75 1478 76 78 79 80 81 82 83 86 87 88 89 90 91 92 93 94 95 97 98 99 100 101 102 105 106 108 109 111 112 113 114 115 116 118 119 120
76 2246 78 80 81 86 88 92 94 95 97 98 101 106 108 111 114 116 118 119
77 1058 81 108
78 2201 79 80 81 82 83 86 87 88 89 90 91 92 93 94 95 97 98 99 100 101 102 105 106 108 109 111 112 113 114 115 116 118 119 120
79 1586 80 81 86 88 90 92 93 94 95 97 98 101 105 106 108 109 111 114 116 118 119
80 1522 81 82 83 85 86 87 88 89 90 91 92 93 94 95 96 97 98 99 100 101 102 103 104 105 106 107 108 109 111 112 113 114 115 116 117 118 119 120
81 1574 82 83 85 86 87 88 89 90 91 92 93 94 95 96 97 98 99 100 101 102 103 104 105 106 107 108 109 111 112 113 114 115 116 117 118 119 120
82 2494 86 88 92 94 97 98 101 106 108 114 116 118 119
83 2476 86 88 92 94 97 98 101 106 108 114 119
84 1265 108
85 1994 108
86 1439 87 88 90 91 92 93 94 95 97 98 99 100 101 102 105 106 108 109 111 112 113 114 115 116 118 119 120
87 2062 88 92 94 95 97 98 101 106 108 111 114 116 118 119
88 1627 89 90 91 92 93 94 95 96 97 98 99 100 101 102 105 106 108 109 111 112 113 114 115 116 117 118 119 120
89 844 94 97 98 108 119
90 992 91 92 93 94 95 97 98 101 102 105 106 108 109 111 112 113 114 116 118 119
91 1784 92 94 95 97 98 101 105 106 108 111 114 116 118 119
92 1105 93 94 95 97 98 99 100 101 102 105 106 108 109 111 112 113 114 115 116 118 119 120
93 1947 94 95 97 98 101 105 106 108 109 111 114 116 118 119
94 1906 95 96 97 98 99 100 101 102 105 106 108 109 111 112 113 114 115 116 118 119 120
95 1605 97 98 100 101 102 105 106 108 109 111 112 113 114 115 116 118 119 120
96 1250 98 108 119
97 1635 98 99 100 101 102 105 106 108 109 111 112 113 114 115 116 118 119 120
98 1719 99 100 101 102 105 106 108 109 111 112 113 114 115 116 117 118 119 120
99 1487 101 106 108 114 118 119
100 1936 101 106 108 111 114 116 118 119
101 760 102 105 106 108 109 111 112 113 114 115 116 118 119 120
102 2388 105 106 108 111 114 116 118 119
103 708 108
104 1407 108
105 1352 106 108 109 111 114 116 118 119
106 531 108 109 111 112 113 114 115 116 118 119 120
107 1458 108
108 800 109 110 111 112 113 114 115 116 117 118 119 120
109 1713 111 114 116 118 119
110 2364
111 513 112 113 114 115 116 118 119 120
112 1971 114 116 118 119
113 2337 114 116 118 119
114 933 115 116 118 119 120
115 1874 116 118 119
116 609 118 119 120
117 1300
118 1792 119 120
119 1081 120
120 1963
