500 10000
1 1973 68 97 118 176 186 215 266 381 423 426 445 476
2 1465
3 1263 9 25 33 34 54 55 68 69 73 86 88 97 103 116 118 123 132 134 135 168 170 176 178 186 189 190 193 206 209 215 227 245 247 266 298 328 375 381 388 400 408 412 419 423 426 428 445 447 449 460 464 474 476 483 488
4 2481 5 8 9 19 22 25 28 33 34 37 40 41 47 51 54 55 66 68 69 73 86 88 89 91 97 99 103 109 116 118 123 125 127 132 134 135 148 150 158 164 165 168 170 172 173 176 178 181 186 188 189 190 193 199 201 206 208 209 210 215 227 234 236 245 247 250 251 266 269 288 293 298 301 309 310 319 325 327 328 364 369 375 381 382 386 388 400 408 412 413 417 419 421 422 423 424 426 428 429 445 446 447 449 459 460 462 464 470 472 474 476 483 488 498
5 2466 8 9 10 14 19 20 22 25 28 31 33 34 37 39 40 41 47 48 51 54 55 66 68 69 73 80 81 86 88 89 91 97 99 103 108 109 115 116 118 120 121 123 124 125 127 132 134 135 138 148 150 154 158 160 164 165 168 170 172 173 176 178 181 186 188 189 190 193 199 201 206 208 209 210 215 227 233 234 236 241 242 245 247 250 251 261 265 266 269 272 279 288 291 293 298 301 302 309 310 312 318 319 321 325 327 328 331 340 364 366 367 369 375 381 382 386 388 394 400 407 408 410 412 413 417 419 421 422 423 424 426 428 429 432 433 436 440 445 446 447 449 455 459 460 462 464 467 470 471 472 473 474 475 476 483 488 498 500
6 961 8 9 19 22 25 28 33 34 37 40 41 47 51 54 55 66 68 69 73 86 88 89 91 97 99 103 109 116 118 123 125 127 132 134 135 150 164 165 168 170 172 173 176 178 186 188 189 190 193 199 201 206 208 209 210 215 227 234 236 245 247 250 251 266 269 288 298 301 310 319 325 327 328 364 369 375 381 382 388 400 408 412 413 417 419 421 422 423 426 428 445 446 447 449 459 460 462 464 470 472 474 476 483 488 498
7 1569
8 1749 9 10 14 19 20 22 25 28 30 31 33 34 37 39 40 41 47 48 51 54 55 66 68 69 73 79 80 81 86 88 89 91 95 97 99 101 103 108 109 114 115 116 118 120 121 123 124 125 127 132 134 135 138 141 148 150 153 154 158 160 162 164 165 168 170 171 172 173 176 177 178 181 186 188 189 190 193 199 201 203 206 208 209 210 212 215 219 221 227 233 234 236 238 241 242 245 247 250 251 261 265 266 269 272 279 288 290 291 293 298 301 302 309 310 312 318 319 321 323 325 327 328 331 332 338 340 346 355 357 358 361 363 364 366 367 368 369 375 376 378 381 382 386 388 394 400 407 408 410 412 413 417 419 420 421 422 423 424 426 428 429 430 432 433 436 440 445 446 447 449 455 458 459 460 462 464 467 470 471 472 473 474 475 476 483 488 498 499 500
9 1726 10 14 19 20 22 25 28 30 31 33 34 35 37 38 39 40 41 45 47 48 51 54 55 61 66 68 69 73 76 79 80 81 82 83 86 88 89 91 95 97 99 101 103 104 108 109 114 115 116 118 120 121 123 124 125 127 132 134 135 136 138 140 141 148 150 153 154 156 158 160 162 164 165 168 169 170 171 172 173 176 177 178 181 182 185 186 188 189 190 192 193 195 199 201 203 206 208 209 210 211 212 215 216 219 221 226 227 233 234 235 236 238 241 242 245 247 250 251 260 261 264 265 266 269 272 273 277 278 279 288 289 290 291 292 293 298 301 302 303 305 306 308 309 310 312 313 318 319 321 323 324 325 327 328 330 331 332 338 340 342 343 346 352 353 354 355 357 358 361 362 363 364 366 367 368 369 372 373 375 376 378 381 382 385 386 388 392 394 400 407 408 409 410 412 413 416 417 418 419 420 421 422 423 424 426 428 429 430 432 433 436 437 440 445 446 447 449 451 455 458 459 460 462 464 465 467 468 470 471 472 473 474 475 476 477 478 483 488 498 499 500
10 2304 14 19 22 25 28 33 34 37 40 41 47 51 54 55 66 68 69 73 86 88 89 91 97 99 103 108 109 116 118 123 125 127 132 134 135 148 150 158 160 164 165 168 170 172 173 176 178 181 186 188 189 190 193 199 201 206 208 209 210 215 227 234 236 245 247 250 251 266 269 279 288 293 298 301 309 310 312 318 319 325 327 328 364 366 369 375 381 382 386 388 394 400 408 412 413 417 419 421 422 423 424 426 428 429 433 436 440 445 446 447 449 459 460 462 464 470 472 474 475 476 483 488 498 500
11 2014
12 2314
13 2124
14 1516 19 20 22 25 28 31 33 34 37 39 40 41 47 48 51 54 55 66 68 69 73 86 88 89 91 97 99 103 108 109 115 116 118 123 125 127 132 134 135 138 148 150 158 160 164 165 168 170 172 173 176 178 181 186 188 189 190 193 199 201 206 208 209 210 215 227 234 236 241 242 245 247 250 251 261 266 269 279 288 293 298 301 309 310 312 318 319 321 325 327 328 331 340 364 366 367 369 375 381 382 386 388 394 400 407 408 412 413 417 419 421 422 423 424 426 428 429 432 433 436 440 445 446 447 449 455 459 460 462 464 470 471 472 473 474 475 476 483 488 498 500
15 1118 476
16 2137
17 1217 118 176 215 266 381 476
18 807
19 2215 20 22 25 28 30 31 33 34 37 39 40 41 47 48 51 54 55 66 68 69 73 80 81 86 88 89 91 97 99 101 103 108 109 114 115 116 118 120 121 123 124 125 127 132 134 135 138 148 150 154 158 160 162 164 165 168 170 171 172 173 176 177 178 181 186 188 189 190 193 199 201 203 206 208 209 210 215 221 227 233 234 236 238 241 242 245 247 250 251 261 265 266 269 272 279 288 290 291 293 298 301 302 309 310 312 318 319 321 325 327 328 331 332 338 340 355 358 361 364 366 367 368 369 375 381 382 386 388 394 400 407 408 410 412 413 417 419 420 421 422 423 424 426 428 429 430 432 433 436 440 445 446 447 449 455 459 460 462 464 467 470 471 472 473 474 475 476 483 488 498 499 500
20 1416 22 25 28 33 34 37 40 41 47 51 54 55 66 68 69 73 86 88 89 91 97 99 103 109 116 118 123 125 127 132 134 135 148 150 158 160 164 165 168 170 172 173 176 178 181 186 188 189 190 193 199 201 206 208 209 210 215 227 234 236 245 247 250 251 266 269 279 288 293 298 301 309 310 312 318 319 325 327 328 364 366 369 375 381 382 386 388 400 408 412 413 417 419 421 422 423 424 426 428 429 433 440 445 446 447 449 459 460 462 464 470 472 474 475 476 483 488 498 500
21 2234
22 2217 25 28 30 31 33 34 37 38 39 40 41 45 47 48 51 54 55 61 66 68 69 73 79 80 81 82 86 88 89 91 95 97 99 101 103 108 109 114 115 116 118 120 121 123 124 125 127 132 134 135 136 138 141 148 150 153 154 158 160 162 164 165 168 169 170 171 172 173 176 177 178 181 182 185 186 188 189 190 192 193 199 201 203 206 208 209 210 212 215 219 221 226 227 233 234 236 238 241 242 245 247 250 251 261 264 265 266 269 272 273 279 288 290 291 293 298 301 302 303 305 306 309 310 312 318 319 321 323 324 325 327 328 330 331 332 338 340 342 343 346 353 355 357 358 361 363 364 366 367 368 369 373 375 376 378 381 382 385 386 388 392 394 400 407 408 409 410 412 413 417 418 419 420 421 422 423 424 426 428 429 430 432 433 436 440 445 446 447 449 451 455 458 459 460 462 464 467 468 470 471 472 473 474 475 476 477 483 488 498 499 500
23 712
24 1387 34 68 69 86 97 118 134 135 176 178 186 209 215 266 298 381 423 426 445 447 449 474 476
25 1910 28 30 31 33 34 35 37 38 39 40 41 45 47 48 51 54 55 61 66 68 69 73 76 79 80 81 82 83 86 88 89 91 95 97 99 101 103 104 108 109 114 115 116 118 120 121 123 124 125 127 132 134 135 136 138 140 141 148 150 153 154 156 158 160 162 164 165 168 169 170 171 172 173 176 177 178 181 182 185 186 188 189 190 192 193 195 199 201 203 206 208 209 210 211 212 215 216 219 221 226 227 233 234 235 236 238 241 242 245 247 250 251 260 261 264 265 266 269 272 273 277 278 279 288 289 290 291 292 293 298 301 302 303 305 306 308 309 310 312 313 318 319 321 323 324 325 327 328 330 331 332 338 340 342 343 346 348 352 353 354 355 357 358 361 362 363 364 366 367 368 369 372 373 375 376 378 381 382 384 385 386 388 392 394 400 407 408 409 410 412 413 416 417 418 419 420 421 422 423 424 426 428 429 430 432 433 436 437 440 445 446 447 449 451 455 458 459 460 462 464 465 467 468 470 471 472 473 474 475 476 477 478 483 488 498 499 500
26 1120
27 1739
28 696 30 31 33 34 37 39 40 41 47 48 51 54 55 66 68 69 73 79 80 81 82 86 88 89 91 95 97 99 101 103 108 109 114 115 116 118 120 121 123 124 125 127 132 134 135 136 138 141 148 150 153 154 158 160 162 164 165 168 170 171 172 173 176 177 178 181 186 188 189 190 193 199 201 203 206 208 209 210 212 215 219 221 227 233 234 236 238 241 242 245 247 250 251 261 265 266 269 272 279 288 290 291 293 298 301 302 309 310 312 318 319 321 323 325 327 328 330 331 332 338 340 346 355 357 358 361 363 364 366 367 368 369 375 376 378 381 382 386 388 394 400 407 408 410 412 413 417 419 420 421 422 423 424 426 428 429 430 432 433 436 440 445 446 447 449 455 458 459 460 462 464 467 470 471 472 473 474 475 476 483 488 498 499 500
29 2262
30 1036 33 34 37 40 41 47 51 54 55 66 68 69 73 86 88 89 97 99 103 109 116 118 123 125 127 132 134 135 150 164 165 168 170 172 173 176 178 186 188 189 190 193 199 201 206 208 209 210 215 227 234 236 245 247 250 251 266 288 298 301 310 325 327 328 364 369 375 381 382 388 400 408 412 413 417 419 421 422 423 426 428 445 446 447 449 459 460 464 472 474 476 483 488 498
31 1888 33 34 37 40 41 47 51 54 55 66 68 69 73 86 88 89 91 97 99 103 109 116 118 123 125 127 132 134 135 148 150 158 160 164 165 168 170 172 173 176 178 181 186 188 189 190 193 199 201 206 208 209 210 215 227 234 236 245 247 250 251 266 269 279 288 293 298 301 309 310 312 318 319 325 327 328 364 366 369 375 381 382 386 388 400 408 412 413 417 419 421 422 423 424 426 428 429 433 440 445 446 447 449 459 460 462 464 470 472 474 475 476 483 488 498 500
32 2357
33 1194 34 35 37 38 39 40 41 45 47 48 51 54 55 61 63 66 68 69 73 76 77 79 80 81 82 83 86 88 89 91 94 95 97 99 101 103 104 108 109 114 115 116 118 120 121 122 123 124 125 127 132 134 135 136 138 140 141 148 150 153 154 156 158 160 162 164 165 168 169 170 171 172 173 176 177 178 181 182 185 186 188 189 190 192 193 195 199 201 203 206 207 208 209 210 211 212 215 216 219 221 226 227 229 233 234 235 236 238 241 242 245 247 250 251 260 261 264 265 266 268 269 272 273 277 278 279 280 288 289 290 291 292 293 298 301 302 303 305 306 308 309 310 312 313 318 319 321 323 324 325 327 328 330 331 332 337 338 340 342 343 346 348 352 353 354 355 357 358 361 362 363 364 365 366 367 368 369 372 373 374 375 376 378 381 382 384 385 386 388 392 394 399 400 401 407 408 409 410 412 413 416 417 418 419 420 421 422 423 424 426 428 429 430 432 433 436 437 440 442 445 446 447 449 450 451 455 458 459 460 462 464 465 466 467 468 470 471 472 473 474 475 476 477 478 483 484 488 490 494 498 499 500
34 2443 35 37 38 39 40 41 45 47 48 51 54 55 56 61 63 66 67 68 69 73 76 77 79 80 81 82 83 86 88 89 91 94 95 97 99 101 103 104 108 109 114 115 116 118 120 121 122 123 124 125 126 127 128 132 134 135 136 138 140 141 148 150 153 154 156 158 160 162 164 165 166 168 169 170 171 172 173 176 177 178 181 182 185 186 188 189 190 192 193 195 199 201 203 206 207 208 209 210 211 212 215 216 218 219 221 223 226 227 229 233 234 235 236 238 241 242 245 247 250 251 260 261 264 265 266 268 269 272 273 276 277 278 279 280 281 288 289 290 291 292 293 298 301 302 303 305 306 308 309 310 312 313 318 319 321 323 324 325 327 328 330 331 332 337 338 340 342 343 346 348 352 353 354 355 357 358 361 362 363 364 365 366 367 368 369 372 373 374 375 376 378 381 382 384 385 386 388 392 394 399 400 401 407 408 409 410 412 413 416 417 418 419 420 421 422 423 424 426 428 429 430 432 433 436 437 440 442 445 446 447 449 450 451 455 458 459 460 462 464 465 466 467 468 470 471 472 473 474 475 476 477 478 482 483 484 488 490 494 495 498 499 500
35 1738 54 55 68 69 73 86 88 97 103 116 118 123 132 134 135 168 170 176 178 186 189 190 193 206 209 215 227 245 247 266 298 328 375 381 388 400 408 412 419 423 426 428 445 447 449 460 464 474 476 483 488
36 1935 68 97 118 176 186 215 266 381 445 476
37 2407 38 39 40 41 47 48 51 54 55 66 68 69 73 79 80 81 82 86 88 89 91 95 97 99 101 103 108 109 114 115 116 118 120 121 123 124 125 127 132 134 135 136 138 141 148 150 153 154 158 160 162 164 165 168 169 170 171 172 173 176 177 178 181 182 186 188 189 190 192 193 199 201 203 206 208 209 210 212 215 219 221 226 227 233 234 236 238 241 242 245 247 250 251 261 265 266 269 272 273 279 288 290 291 293 298 301 302 306 309 310 312 318 319 321 323 324 325 327 328 330 331 332 338 340 343 346 355 357 358 361 363 364 366 367 368 369 375 376 378 381 382 385 386 388 394 400 407 408 410 412 413 417 418 419 420 421 422 423 424 426 428 429 430 432 433 436 440 445 446 447 449 455 458 459 460 462 464 467 468 470 471 472 473 474 475 476 477 483 488 498 499 500
38 1214 40 47 54 55 66 68 69 73 86 88 97 99 103 116 118 123 132 134 135 150 164 168 170 172 176 178 186 188 189 190 193 206 209 210 215 227 234 236 245 247 251 266 298 301 310 328 375 381 382 388 400 408 412 419 422 423 426 428 445 447 449 459 460 464 472 474 476 483 488 498
39 977 40 41 47 51 54 55 66 68 69 73 86 88 89 91 97 99 103 108 109 116 118 123 125 127 132 134 135 148 150 158 160 164 165 168 170 172 173 176 178 181 186 188 189 190 193 199 201 206 208 209 210 215 227 234 236 245 247 250 251 266 269 279 288 293 298 301 309 310 312 318 319 325 327 328 364 366 369 375 381 382 386 388 394 400 408 412 413 417 419 421 422 423 424 426 428 429 433 436 440 445 446 447 449 455 459 460 462 464 470 472 474 475 476 483 488 498 500
40 2217 41 45 47 48 51 54 55 61 66 68 69 73 76 79 80 81 82 86 88 89 91 95 97 99 101 103 104 108 109 114 115 116 118 120 121 123 124 125 127 132 134 135 136 138 140 141 148 150 153 154 156 158 160 162 164 165 168 169 170 171 172 173 176 177 178 181 182 185 186 188 189 190 192 193 195 199 201 203 206 208 209 210 211 212 215 216 219 221 226 227 233 234 236 238 241 242 245 247 250 251 261 264 265 266 269 272 273 277 278 279 288 290 291 292 293 298 301 302 303 305 306 309 310 312 318 319 321 323 324 325 327 328 330 331 332 338 340 342 343 346 353 355 357 358 361 362 363 364 366 367 368 369 372 373 375 376 378 381 382 385 386 388 392 394 400 407 408 409 410 412 413 416 417 418 419 420 421 422 423 424 426 428 429 430 432 433 436 437 440 445 446 447 449 451 455 458 459 460 462 464 465 467 468 470 471 472 473 474 475 476 477 483 488 498 499 500
41 1612 47 48 51 54 55 66 68 69 73 80 81 86 88 89 91 97 99 103 108 109 114 115 116 118 120 121 123 124 125 127 132 134 135 138 148 150 154 158 160 162 164 165 168 170 171 172 173 176 177 178 181 186 188 189 190 193 199 201 203 206 208 209 210 215 221 227 233 234 236 238 241 242 245 247 250 251 261 265 266 269 272 279 288 290 291 293 298 301 302 309 310 312 318 319 321 325 327 328 331 332 338 340 355 358 361 364 366 367 368 369 375 381 382 386 388 394 400 407 408 410 412 413 417 419 420 421 422 423 424 426 428 429 430 432 433 436 440 445 446 447 449 455 459 460 462 464 467 470 471 472 473 474 475 476 483 488 498 499 500
42 1278
43 1361
44 515
45 1638 47 54 55 66 68 69 73 86 88 97 99 103 116 118 123 132 134 135 168 170 176 178 186 189 190 193 206 209 215 227 234 236 245 247 266 298 301 310 328 375 381 388 400 408 412 419 422 423 426 428 445 447 449 460 464 472 474 476 483 488
46 819
47 889 48 51 54 55 61 66 68 69 73 76 79 80 81 82 86 88 89 91 95 97 99 101 103 104 108 109 114 115 116 118 120 121 123 124 125 127 132 134 135 136 138 140 141 148 150 153 154 156 158 160 162 164 165 168 169 170 171 172 173 176 177 178 181 182 185 186 188 189 190 192 193 195 199 201 203 206 208 209 210 211 212 215 216 219 221 226 227 233 234 236 238 241 242 245 247 250 251 261 264 265 266 269 272 273 277 278 279 288 290 291 292 293 298 301 302 303 305 306 309 310 312 318 319 321 323 324 325 327 328 330 331 332 338 340 342 343 346 353 355 357 358 361 362 363 364 366 367 368 369 372 373 375 376 378 381 382 385 386 388 392 394 400 407 408 409 410 412 413 416 417 418 419 420 421 422 423 424 426 428 429 430 432 433 436 437 440 445 446 447 449 451 455 458 459 460 462 464 465 467 468 470 471 472 473 474 475 476 477 483 488 498 499 500
48 1398 51 54 55 66 68 69 73 86 88 89 91 97 99 103 108 109 115 116 118 123 125 127 132 134 135 148 150 158 160 164 165 168 170 172 173 176 178 181 186 188 189 190 193 199 201 206 208 209 210 215 227 234 236 241 242 245 247 250 251 261 266 269 279 288 293 298 301 309 310 312 318 319 325 327 328 331 364 366 367 369 375 381 382 386 388 394 400 407 408 412 413 417 419 421 422 423 424 426 428 429 433 436 440 445 446 447 449 455 459 460 462 464 470 472 473 474 475 476 483 488 498 500
49 1839
50 1587 476
51 2063 54 55 66 68 69 73 80 81 86 88 89 91 97 99 101 103 108 109 114 115 116 118 120 121 123 124 125 127 132 134 135 138 141 148 150 154 158 160 162 164 165 168 170 171 172 173 176 177 178 181 186 188 189 190 193 199 201 203 206 208 209 210 215 221 227 233 234 236 238 241 242 245 247 250 251 261 265 266 269 272 279 288 290 291 293 298 301 302 309 310 312 318 319 321 323 325 327 328 331 332 338 340 346 355 358 361 364 366 367 368 369 375 376 378 381 382 386 388 394 400 407 408 410 412 413 417 419 420 421 422 423 424 426 428 429 430 432 433 436 440 445 446 447 449 455 458 459 460 462 464 467 470 471 472 473 474 475 476 483 488 498 499 500
52 1879
53 767 118 176 215 266 476
54 2108 55 61 66 68 69 73 76 79 80 81 82 83 86 88 89 91 95 97 99 101 103 104 108 109 114 115 116 118 120 121 123 124 125 127 132 134 135 136 138 140 141 148 150 153 154 156 158 160 162 164 165 168 169 170 171 172 173 176 177 178 181 182 185 186 188 189 190 192 193 195 199 201 203 206 208 209 210 211 212 215 216 219 221 226 227 233 234 235 236 238 241 242 245 247 250 251 260 261 264 265 266 269 272 273 277 278 279 288 289 290 291 292 293 298 301 302 303 305 306 308 309 310 312 313 318 319 321 323 324 325 327 328 330 331 332 338 340 342 343 346 352 353 354 355 357 358 361 362 363 364 366 367 368 369 372 373 375 376 378 381 382 385 386 388 392 394 400 407 408 409 410 412 413 416 417 418 419 420 421 422 423 424 426 428 429 430 432 433 436 437 440 445 446 447 449 451 455 458 459 460 462 464 465 467 468 470 471 472 473 474 475 476 477 478 483 488 498 499 500
55 2175 61 66 68 69 73 76 79 80 81 82 83 86 88 89 91 95 97 99 101 103 104 108 109 114 115 116 118 120 121 123 124 125 127 132 134 135 136 138 140 141 148 150 153 154 156 158 160 162 164 165 168 169 170 171 172 173 176 177 178 181 182 185 186 188 189 190 192 193 195 199 201 203 206 208 209 210 211 212 215 216 219 221 226 227 233 234 235 236 238 241 242 245 247 250 251 261 264 265 266 269 272 273 277 278 279 288 289 290 291 292 293 298 301 302 303 305 306 309 310 312 313 318 319 321 323 324 325 327 328 330 331 332 338 340 342 343 346 352 353 355 357 358 361 362 363 364 366 367 368 369 372 373 375 376 378 381 382 385 386 388 392 394 400 407 408 409 410 412 413 416 417 418 419 420 421 422 423 424 426 428 429 430 432 433 436 437 440 445 446 447 449 451 455 458 459 460 462 464 465 467 468 470 471 472 473 474 475 476 477 478 483 488 498 499 500
56 1505 68 69 86 97 116 118 134 135 176 178 186 209 215 245 266 298 381 400 423 426 445 447 449 474 476 483
57 1891
58 793
59 1007
60 1660
61 1293 66 68 69 73 86 88 97 99 103 116 118 123 132 134 135 164 168 170 176 178 186 189 190 193 206 209 210 215 227 234 236 245 247 251 266 298 301 310 328 375 381 382 388 400 408 412 419 422 423 426 428 445 447 449 460 464 472 474 476 483 488 498
62 2213
63 1599 68 69 86 97 116 118 134 135 176 178 186 193 209 215 245 266 298 381 400 408 419 423 426 445 447 449 474 476 483
64 923
65 2159
66 2103 68 69 73 76 79 80 81 82 86 88 89 91 95 97 99 101 103 104 108 109 114 115 116 118 120 121 123 124 125 127 132 134 135 136 138 140 141 148 150 153 154 156 158 160 162 164 165 168 169 170 171 172 173 176 177 178 181 182 185 186 188 189 190 192 193 199 201 203 206 208 209 210 211 212 215 216 219 221 226 227 233 234 236 238 241 242 245 247 250 251 261 264 265 266 269 272 273 278 279 288 290 291 292 293 298 301 302 303 305 306 309 310 312 318 319 321 323 324 325 327 328 330 331 332 338 340 342 343 346 353 355 357 358 361 363 364 366 367 368 369 373 375 376 378 381 382 385 386 388 392 394 400 407 408 409 410 412 413 416 417 418 419 420 421 422 423 424 426 428 429 430 432 433 436 437 440 445 446 447 449 451 455 458 459 460 462 464 465 467 468 470 471 472 473 474 475 476 477 483 488 498 499 500
67 1459 68 69 86 97 118 134 135 176 178 186 209 215 266 298 381 423 426 445 447 449 474 476 483
68 1245 69 73 76 77 79 80 81 82 83 86 88 89 91 94 95 96 97 99 101 103 104 108 109 114 115 116 118 120 121 122 123 124 125 126 127 128 132 134 135 136 138 140 141 148 150 153 154 156 158 160 162 164 165 166 168 169 170 171 172 173 176 177 178 181 182 185 186 188 189 190 192 193 195 199 201 203 206 207 208 209 210 211 212 215 216 218 219 221 223 226 227 229 233 234 235 236 238 241 242 245 247 250 251 260 261 264 265 266 268 269 272 273 275 276 277 278 279 280 281 288 289 290 291 292 293 298 301 302 303 305 306 308 309 310 312 313 318 319 321 323 324 325 327 328 330 331 332 337 338 340 342 343 345 346 348 351 352 353 354 355 357 358 361 362 363 364 365 366 367 368 369 372 373 374 375 376 378 381 382 384 385 386 388 392 394 399 400 401 407 408 409 410 412 413 416 417 418 419 420 421 422 423 424 425 426 428 429 430 432 433 434 436 437 440 442 445 446 447 449 450 451 455 458 459 460 462 464 465 466 467 468 470 471 472 473 474 475 476 477 478 482 483 484 487 488 490 494 495 498 499 500
69 1109 73 76 77 79 80 81 82 83 86 88 89 91 94 95 97 99 101 103 104 108 109 114 115 116 118 120 121 122 123 124 125 126 127 128 132 134 135 136 138 140 141 148 150 153 154 156 158 160 162 164 165 166 168 169 170 171 172 173 176 177 178 181 182 185 186 188 189 190 192 193 195 199 201 203 206 207 208 209 210 211 212 215 216 218 219 221 223 226 227 229 233 234 235 236 238 241 242 245 247 250 251 260 261 264 265 266 268 269 272 273 276 277 278 279 280 281 288 289 290 291 292 293 298 301 302 303 305 306 308 309 310 312 313 318 319 321 323 324 325 327 328 330 331 332 337 338 340 342 343 346 348 352 353 354 355 357 358 361 362 363 364 365 366 367 368 369 372 373 374 375 376 378 381 382 384 385 386 388 392 394 399 400 401 407 408 409 410 412 413 416 417 418 419 420 421 422 423 424 425 426 428 429 430 432 433 436 437 440 442 445 446 447 449 450 451 455 458 459 460 462 464 465 466 467 468 470 471 472 473 474 475 476 477 478 482 483 484 488 490 494 495 498 499 500
70 1797 476
71 573
72 543
73 2325 76 79 80 81 82 83 86 88 89 91 95 97 99 101 103 104 108 109 114 115 116 118 120 121 123 124 125 127 132 134 135 136 138 140 141 148 150 153 154 156 158 160 162 164 165 168 169 170 171 172 173 176 177 178 181 182 185 186 188 189 190 192 193 195 199 201 203 206 208 209 210 211 212 215 216 219 221 226 227 233 234 235 236 238 241 242 245 247 250 251 261 264 265 266 269 272 273 277 278 279 288 289 290 291 292 293 298 301 302 303 305 306 309 310 312 313 318 319 321 323 324 325 327 328 330 331 332 338 340 342 343 346 352 353 355 357 358 361 362 363 364 366 367 368 369 372 373 375 376 378 381 382 385 386 388 392 394 400 407 408 409 410 412 413 416 417 418 419 420 421 422 423 424 426 428 429 430 432 433 436 437 440 445 446 447 449 451 455 458 459 460 462 464 465 467 468 470 471 472 473 474 475 476 477 478 483 488 498 499 500
74 582
75 1617
76 572 86 88 97 103 116 118 123 132 134 135 168 170 176 178 186 189 190 193 206 209 215 227 234 236 245 247 266 298 301 328 375 381 388 400 408 412 419 423 426 428 445 447 449 460 464 472 474 476 483 488
77 900 86 97 116 118 132 134 135 170 176 178 186 193 209 215 227 245 247 266 298 375 381 388 400 408 419 423 426 445 447 449 460 464 474 476 483
78 579
79 1810 86 88 89 97 99 103 109 116 118 123 125 132 134 135 150 164 165 168 170 172 176 178 186 188 189 190 193 199 206 208 209 210 215 227 234 236 245 247 250 251 266 298 301 310 325 328 364 375 381 382 388 400 408 412 413 417 419 422 423 426 428 445 446 447 449 459 460 464 472 474 476 483 488 498
80 1808 86 88 89 91 97 99 103 109 116 118 123 125 127 132 134 135 148 150 158 160 164 165 168 170 172 173 176 178 181 186 188 189 190 193 199 201 206 208 209 210 215 227 234 236 245 247 250 251 266 269 288 293 298 301 309 310 319 325 327 328 364 369 375 381 382 386 388 400 408 412 413 417 419 421 422 423 424 426 428 429 445 446 447 449 459 460 462 464 470 472 474 476 483 488 498
81 712 86 88 89 91 97 99 103 109 116 118 123 125 127 132 134 135 148 150 158 160 164 165 168 170 172 173 176 178 181 186 188 189 190 193 199 201 206 208 209 210 215 227 234 236 245 247 250 251 266 269 288 293 298 301 309 310 319 325 327 328 364 369 375 381 382 386 388 400 408 412 413 417 419 421 422 423 424 426 428 429 445 446 447 449 459 460 462 464 470 472 474 476 483 488 498
82 1687 86 88 97 99 103 116 118 123 125 132 134 135 150 164 165 168 170 172 176 178 186 188 189 190 193 199 206 208 209 210 215 227 234 236 245 247 251 266 298 301 310 325 328 375 381 382 388 400 408 412 413 419 422 423 426 428 445 446 447 449 459 460 464 472 474 476 483 488 498
83 938 86 88 97 116 118 123 132 134 135 168 170 176 178 186 189 193 206 209 215 227 245 247 266 298 328 375 381 388 400 408 412 419 423 426 428 445 447 449 460 464 474 476 483
84 1238 476
85 1916
86 1476 88 89 91 94 95 97 99 101 103 104 108 109 114 115 116 118 120 121 122 123 124 125 126 127 128 132 134 135 136 138 140 141 148 150 153 154 156 158 160 162 164 165 166 168 169 170 171 172 173 176 177 178 181 182 185 186 188 189 190 192 193 195 199 201 203 206 207 208 209 210 211 212 215 216 218 219 221 223 226 227 229 233 234 235 236 238 241 242 245 247 250 251 260 261 264 265 266 268 269 272 273 276 277 278 279 280 281 288 289 290 291 292 293 298 301 302 303 305 306 308 309 310 312 313 318 319 321 323 324 325 327 328 330 331 332 337 338 340 342 343 345 346 348 352 353 354 355 357 358 361 362 363 364 365 366 367 368 369 372 373 374 375 376 378 381 382 384 385 386 388 392 394 399 400 401 407 408 409 410 412 413 416 417 418 419 420 421 422 423 424 425 426 428 429 430 432 433 436 437 440 442 445 446 447 449 450 451 455 458 459 460 462 464 465 466 467 468 470 471 472 473 474 475 476 477 478 482 483 484 487 488 490 494 495 498 499 500
87 2161
88 1653 89 91 95 97 99 101 103 104 108 109 114 115 116 118 120 121 123 124 125 127 132 134 135 136 138 140 141 148 150 153 154 156 158 160 162 164 165 168 169 170 171 172 173 176 177 178 181 182 185 186 188 189 190 192 193 195 199 201 203 206 208 209 210 211 212 215 216 219 221 226 227 233 234 235 236 238 241 242 245 247 250 251 261 264 265 266 269 272 273 277 278 279 288 289 290 291 292 293 298 301 302 303 305 306 308 309 310 312 313 318 319 321 323 324 325 327 328 330 331 332 338 340 342 343 346 352 353 355 357 358 361 362 363 364 366 367 368 369 372 373 375 376 378 381 382 385 386 388 392 394 400 407 408 409 410 412 413 416 417 418 419 420 421 422 423 424 426 428 429 430 432 433 436 437 440 445 446 447 449 451 455 458 459 460 462 464 465 467 468 470 471 472 473 474 475 476 477 478 483 488 498 499 500
89 765 91 97 99 101 103 108 109 114 115 116 118 120 121 123 124 125 127 132 134 135 138 141 148 150 153 154 158 160 162 164 165 168 170 171 172 173 176 177 178 181 186 188 189 190 193 199 201 203 206 208 209 210 212 215 219 221 227 233 234 236 238 241 242 245 247 250 251 261 265 266 269 272 279 288 290 291 293 298 301 302 309 310 312 318 319 321 323 325 327 328 331 332 338 340 346 355 357 358 361 363 364 366 367 368 369 375 376 378 381 382 386 388 394 400 407 408 410 412 413 417 419 420 421 422 423 424 426 428 429 430 432 433 436 440 445 446 447 449 455 458 459 460 462 464 467 470 471 472 473 474 475 476 483 488 498 499 500
90 1408
91 772 97 99 103 108 109 115 116 118 120 121 123 124 125 127 132 134 135 138 148 150 154 158 160 164 165 168 170 172 173 176 178 181 186 188 189 190 193 199 201 206 208 209 210 215 227 233 234 236 241 242 245 247 250 251 261 265 266 269 272 279 288 290 291 293 298 301 302 309 310 312 318 319 321 325 327 328 331 332 340 355 358 361 364 366 367 369 375 381 382 386 388 394 400 407 408 410 412 413 417 419 420 421 422 423 424 426 428 429 430 432 433 436 440 445 446 447 449 455 459 460 462 464 467 470 471 472 473 474 475 476 483 488 498 500
92 1293
93 1797
94 2395 97 116 118 132 134 135 170 176 178 186 193 209 215 227 245 247 266 298 375 381 388 400 408 419 423 426 445 447 449 460 464 474 476 483
95 1945 97 99 103 116 118 123 125 132 134 135 150 164 165 168 170 172 176 178 186 188 189 190 193 199 206 208 209 210 215 227 234 236 245 247 251 266 298 301 310 325 328 375 381 382 388 400 408 412 413 419 422 423 426 428 445 446 447 449 459 460 464 472 474 476 483 488 498
96 1887 97 118 176 186 215 266 381 423 426 445 476
97 2086 99 101 103 104 108 109 114 115 116 118 120 121 122 123 124 125 126 127 128 132 134 135 136 138 140 141 148 150 153 154 156 158 160 162 164 165 166 168 169 170 171 172 173 176 177 178 181 182 185 186 188 189 190 192 193 195 199 201 202 203 206 207 208 209 210 211 212 214 215 216 218 219 221 223 226 227 229 233 234 235 236 238 241 242 245 247 250 251 252 260 261 264 265 266 268 269 272 273 275 276 277 278 279 280 281 288 289 290 291 292 293 298 301 302 303 305 306 308 309 310 312 313 318 319 321 323 324 325 327 328 330 331 332 337 338 340 342 343 345 346 348 351 352 353 354 355 357 358 361 362 363 364 365 366 367 368 369 372 373 374 375 376 378 381 382 384 385 386 388 392 394 399 400 401 404 407 408 409 410 412 413 416 417 418 419 420 421 422 423 424 425 426 428 429 430 432 433 434 436 437 440 442 445 446 447 449 450 451 455 458 459 460 462 464 465 466 467 468 470 471 472 473 474 475 476 477 478 482 483 484 487 488 490 494 495 498 499 500
98 1805
99 1049 101 103 108 109 114 115 116 118 120 121 123 124 125 127 132 134 135 136 138 141 148 150 153 154 158 160 162 164 165 168 169 170 171 172 173 176 177 178 181 182 185 186 188 189 190 192 193 199 201 203 206 208 209 210 212 215 219 221 226 227 233 234 236 238 241 242 245 247 250 251 261 264 265 266 269 272 273 279 288 290 291 293 298 301 302 303 305 306 309 310 312 318 319 321 323 324 325 327 328 330 331 332 338 340 342 343 346 353 355 357 358 361 363 364 366 367 368 369 373 375 376 378 381 382 385 386 388 392 394 400 407 408 409 410 412 413 417 418 419 420 421 422 423 424 426 428 429 430 432 433 436 440 445 446 447 449 451 455 458 459 460 462 464 467 468 470 471 472 473 474 475 476 477 483 488 498 499 500
100 639
101 799 103 109 116 118 123 125 132 134 135 150 164 165 168 170 172 173 176 178 186 188 189 190 193 199 201 206 208 209 210 215 227 234 236 245 247 250 251 266 298 301 310 325 327 328 364 369 375 381 382 388 400 408 412 413 417 419 422 423 426 428 445 446 447 449 459 460 464 472 474 476 483 488 498
102 1264
103 719 104 108 109 114 115 116 118 120 121 123 124 125 127 132 134 135 136 138 140 141 148 150 153 154 156 158 160 162 164 165 168 169 170 171 172 173 176 177 178 181 182 185 186 188 189 190 192 193 195 199 201 203 206 208 209 210 211 212 215 216 219 221 226 227 233 234 236 238 241 242 245 247 250 251 261 264 265 266 269 272 273 277 278 279 288 289 290 291 292 293 298 301 302 303 305 306 309 310 312 318 319 321 323 324 325 327 328 330 331 332 338 340 342 343 346 352 353 355 357 358 361 362 363 364 366 367 368 369 372 373 375 376 378 381 382 385 386 388 392 394 400 407 408 409 410 412 413 416 417 418 419 420 421 422 423 424 426 428 429 430 432 433 436 437 440 445 446 447 449 451 455 458 459 460 462 464 465 467 468 470 471 472 473 474 475 476 477 478 483 488 498 499 500
104 758 116 118 123 132 134 135 168 170 176 178 186 189 190 193 206 209 215 227 234 236 245 247 266 298 301 328 375 381 388 400 408 412 419 423 426 428 445 447 449 460 464 472 474 476 483 488
105 665
106 834
107 1867
108 1468 109 115 116 118 123 125 127 132 134 135 138 148 150 158 160 164 165 168 170 172 173 176 178 181 186 188 189 190 193 199 201 206 208 209 210 215 227 234 236 241 242 245 247 250 251 261 266 269 279 288 293 298 301 309 310 312 318 319 325 327 328 331 364 366 367 369 375 381 382 386 388 394 400 407 408 412 413 417 419 421 422 423 424 426 428 429 432 433 436 440 445 446 447 449 455 459 460 462 464 470 472 473 474 475 476 483 488 498 500
109 2307 114 115 116 118 120 121 123 124 125 127 132 134 135 138 141 148 150 153 154 158 160 162 164 165 168 170 171 172 173 176 177 178 181 186 188 189 190 193 199 201 203 206 208 209 210 212 215 219 221 227 233 234 236 238 241 242 245 247 250 251 261 265 266 269 272 279 288 290 291 293 298 301 302 309 310 312 318 319 321 323 325 327 328 331 332 338 340 346 355 357 358 361 363 364 366 367 368 369 375 376 378 381 382 386 388 394 400 407 408 410 412 413 417 419 420 421 422 423 424 426 428 429 430 432 433 436 440 445 446 447 449 455 458 459 460 462 464 467 470 471 472 473 474 475 476 483 488 498 499 500
110 1687
111 2292 118 176 215 266 476
112 2265
113 1805
114 2260 116 118 123 125 127 132 134 135 150 164 165 168 170 172 173 176 178 186 188 189 190 193 199 201 206 208 209 210 215 227 234 236 245 247 250 251 266 298 301 310 325 327 328 364 369 375 381 382 388 400 408 412 413 417 419 422 423 426 428 445 446 447 449 459 460 464 472 474 476 483 488 498
115 2103 116 118 123 125 127 132 134 135 148 150 158 160 164 165 168 170 172 173 176 178 181 186 188 189 190 193 199 201 206 208 209 210 215 227 234 236 242 245 247 250 251 261 266 269 279 288 293 298 301 309 310 312 318 319 325 327 328 364 366 369 375 381 382 386 388 394 400 408 412 413 417 419 421 422 423 424 426 428 429 433 436 440 445 446 447 449 455 459 460 462 464 470 472 474 475 476 483 488 498 500
116 1033 118 120 121 122 123 124 125 126 127 132 134 135 136 138 140 141 148 150 153 154 156 158 160 162 164 165 168 169 170 171 172 173 176 177 178 181 182 185 186 188 189 190 192 193 195 199 201 203 206 207 208 209 210 211 212 215 216 219 221 223 226 227 229 233 234 235 236 238 241 242 245 247 250 251 260 261 264 265 266 268 269 272 273 277 278 279 280 281 288 289 290 291 292 293 298 301 302 303 305 306 308 309 310 312 313 318 319 321 323 324 325 327 328 330 331 332 337 338 340 342 343 346 348 352 353 354 355 357 358 361 362 363 364 365 366 367 368 369 372 373 374 375 376 378 381 382 384 385 386 388 392 394 399 400 401 407 408 409 410 412 413 416 417 418 419 420 421 422 423 424 426 428 429 430 432 433 436 437 440 442 445 446 447 449 450 451 455 458 459 460 462 464 465 466 467 468 470 471 472 473 474 475 476 477 478 482 483 484 488 490 494 495 498 499 500
117 1466
118 2097 120 121 122 123 124 125 126 127 128 132 134 135 136 138 140 141 148 149 150 153 154 156 158 160 162 164 165 166 168 169 170 171 172 173 176 177 178 181 182 185 186 188 189 190 192 193 195 199 201 202 203 206 207 208 209 210 211 212 214 215 216 218 219 221 223 226 227 229 233 234 235 236 238 241 242 245 247 250 251 252 260 261 264 265 266 268 269 272 273 275 276 277 278 279 280 281 288 289 290 291 292 293 296 298 301 302 303 305 306 308 309 310 312 313 316 318 319 321 323 324 325 327 328 330 331 332 337 338 340 342 343 345 346 348 351 352 353 354 355 357 358 361 362 363 364 365 366 367 368 369 372 373 374 375 376 378 381 382 384 385 386 388 392 394 399 400 401 404 407 408 409 410 412 413 414 416 417 418 419 420 421 422 423 424 425 426 428 429 430 432 433 434 436 437 440 442 445 446 447 449 450 451 455 458 459 460 462 464 465 466 467 468 470 471 472 473 474 475 476 477 478 482 483 484 487 488 490 494 495 498 499 500
119 1289
120 602 123 125 127 132 134 135 148 150 158 160 164 165 168 170 172 173 176 178 181 186 188 189 190 193 199 201 206 208 209 210 215 227 234 236 245 247 250 251 266 269 288 293 298 301 309 310 319 325 327 328 364 369 375 381 382 386 388 400 408 412 413 417 419 421 422 423 424 426 428 429 445 446 447 449 459 460 462 464 470 472 474 476 483 488 498
121 1263 123 125 127 132 134 135 148 150 158 164 165 168 170 172 173 176 178 181 186 188 189 190 193 199 201 206 208 209 210 215 227 234 236 245 247 250 251 266 269 288 293 298 301 309 310 319 325 327 328 364 369 375 381 382 386 388 400 408 412 413 417 419 421 422 423 424 426 428 429 445 446 447 449 459 460 462 464 470 472 474 476 483 488 498
122 2402 132 134 135 170 176 178 186 193 209 215 245 247 266 298 375 381 388 400 408 419 423 426 445 447 449 460 464 474 476 483
123 1208 124 125 127 132 134 135 136 138 140 141 148 150 153 154 156 158 160 162 164 165 168 169 170 171 172 173 176 177 178 181 182 185 186 188 189 190 192 193 195 199 201 203 206 208 209 210 211 212 215 216 219 221 226 227 233 234 235 236 238 241 242 245 247 250 251 260 261 264 265 266 269 272 273 277 278 279 288 289 290 291 292 293 298 301 302 303 305 306 308 309 310 312 313 318 319 321 323 324 325 327 328 330 331 332 338 340 342 343 346 352 353 354 355 357 358 361 362 363 364 366 367 368 369 372 373 375 376 378 381 382 385 386 388 392 394 400 407 408 409 410 412 413 416 417 418 419 420 421 422 423 424 426 428 429 430 432 433 436 437 440 445 446 447 449 451 455 458 459 460 462 464 465 467 468 470 471 472 473 474 475 476 477 478 483 488 498 499 500
124 2439 125 127 132 134 135 148 150 158 164 165 168 170 172 173 176 178 181 186 188 189 190 193 199 201 206 208 209 210 215 227 234 236 245 247 250 251 266 269 288 293 298 301 309 310 319 325 327 328 364 369 375 381 382 386 388 400 408 412 413 417 419 421 422 423 424 426 428 429 445 446 447 449 459 460 462 464 470 472 474 476 483 488 498
125 1940 127 132 134 135 138 141 148 150 153 154 158 160 162 164 165 168 170 171 172 173 176 177 178 181 186 188 189 190 193 199 201 203 206 208 209 210 212 215 219 221 227 233 234 236 238 241 242 245 247 250 251 261 265 266 269 272 279 288 290 291 293 298 301 302 309 310 312 318 319 321 323 325 327 328 330 331 332 338 340 346 355 357 358 361 363 364 366 367 368 369 375 376 378 381 382 386 388 394 400 407 408 410 412 413 417 419 420 421 422 423 424 426 428 429 430 432 433 436 440 445 446 447 449 455 458 459 460 462 464 467 470 471 472 473 474 475 476 483 488 498 499 500
126 1014 134 135 176 178 186 209 215 266 298 381 423 426 445 447 449 474 476 483
127 1134 132 134 135 138 148 150 154 158 160 162 164 165 168 170 171 172 173 176 177 178 181 186 188 189 190 193 199 201 203 206 208 209 210 215 221 227 233 234 236 238 241 242 245 247 250 251 261 265 266 269 272 279 288 290 291 293 298 301 302 309 310 312 318 319 321 325 327 328 331 332 338 340 355 358 361 364 366 367 368 369 375 381 382 386 388 394 400 407 408 410 412 413 417 419 420 421 422 423 424 426 428 429 430 432 433 436 440 445 446 447 449 455 459 460 462 464 467 470 471 472 473 474 475 476 483 488 498 499 500
128 2456 134 135 176 178 186 209 215 266 298 381 423 426 445 447 449 474 476 483
129 1142
130 1279 476
131 1368
132 1535 134 135 136 138 140 141 148 150 153 154 156 158 160 162 164 165 168 169 170 171 172 173 176 177 178 181 182 185 186 188 189 190 192 193 195 199 201 203 206 208 209 210 211 212 215 216 219 221 226 227 229 233 234 235 236 238 241 242 245 247 250 251 260 261 264 265 266 269 272 273 277 278 279 288 289 290 291 292 293 298 301 302 303 305 306 308 309 310 312 313 318 319 321 323 324 325 327 328 330 331 332 338 340 342 343 346 348 352 353 354 355 357 358 361 362 363 364 366 367 368 369 372 373 374 375 376 378 381 382 384 385 386 388 392 394 400 407 408 409 410 412 413 416 417 418 419 420 421 422 423 424 426 428 429 430 432 433 436 437 440 442 445 446 447 449 451 455 458 459 460 462 464 465 467 468 470 471 472 473 474 475 476 477 478 483 488 490 494 498 499 500
133 898
134 2104 135 136 138 140 141 148 150 153 154 156 158 160 162 164 165 166 168 169 170 171 172 173 176 177 178 181 182 185 186 188 189 190 192 193 195 199 201 203 206 207 208 209 210 211 212 215 216 218 219 221 223 226 227 229 233 234 235 236 238 241 242 245 247 250 251 260 261 264 265 266 268 269 272 273 276 277 278 279 280 281 288 289 290 291 292 293 298 301 302 303 305 306 308 309 310 312 313 318 319 321 323 324 325 327 328 330 331 332 337 338 340 342 343 345 346 348 352 353 354 355 357 358 361 362 363 364 365 366 367 368 369 372 373 374 375 376 378 381 382 384 385 386 388 392 394 399 400 401 407 408 409 410 412 413 416 417 418 419 420 421 422 423 424 425 426 428 429 430 432 433 436 437 440 442 445 446 447 449 450 451 455 458 459 460 462 464 465 466 467 468 470 471 472 473 474 475 476 477 478 482 483 484 487 488 490 494 495 498 499 500
135 1650 136 138 140 141 148 150 153 154 156 158 160 162 164 165 166 168 169 170 171 172 173 176 177 178 181 182 185 186 188 189 190 192 193 195 199 201 203 206 207 208 209 210 211 212 215 216 218 219 221 223 226 227 229 233 234 235 236 238 241 242 245 247 250 251 260 261 264 265 266 268 269 272 273 275 276 277 278 279 280 281 288 289 290 291 292 293 298 301 302 303 305 306 308 309 310 312 313 318 319 321 323 324 325 327 328 330 331 332 337 338 340 342 343 345 346 348 352 353 354 355 357 358 361 362 363 364 365 366 367 368 369 372 373 374 375 376 378 381 382 384 385 386 388 392 394 399 400 401 407 408 409 410 412 413 416 417 418 419 420 421 422 423 424 425 426 428 429 430 432 433 434 436 437 440 442 445 446 447 449 450 451 455 458 459 460 462 464 465 466 467 468 470 471 472 473 474 475 476 477 478 482 483 484 487 488 490 494 495 498 499 500
136 1799 150 164 168 170 172 176 178 186 188 189 190 193 199 206 209 210 215 227 234 236 245 247 251 266 298 301 310 325 328 375 381 382 388 400 408 412 419 422 423 426 428 445 446 447 449 459 460 464 472 474 476 483 488 498
137 553
138 847 148 150 158 160 164 165 168 170 172 173 176 178 181 186 188 189 190 193 199 201 206 208 209 210 215 227 234 236 245 247 250 251 266 269 279 288 293 298 301 309 310 312 318 319 325 327 328 364 366 369 375 381 382 386 388 394 400 408 412 413 417 419 421 422 423 424 426 428 429 433 436 440 445 446 447 449 455 459 460 462 464 470 472 474 475 476 483 488 498 500
139 1575
140 530 168 170 176 178 186 189 190 193 206 209 215 227 234 236 245 247 266 298 301 328 375 381 388 400 408 412 419 423 426 428 445 447 449 460 464 472 474 476 483 488
141 2183 150 164 165 168 170 172 173 176 178 186 188 189 190 193 199 206 208 209 210 215 227 234 236 245 247 250 251 266 298 301 310 325 328 364 375 381 382 388 400 408 412 413 417 419 422 423 426 428 445 446 447 449 459 460 464 472 474 476 483 488 498
142 2343
143 1731
144 1121
145 706
146 2309
147 1259
148 1913 150 154 158 160 164 165 168 170 172 173 176 178 181 186 188 189 190 193 199 201 206 208 209 210 215 227 234 236 241 242 245 247 250 251 261 265 266 269 272 279 288 293 298 301 302 309 310 312 318 319 321 325 327 328 331 340 364 366 367 369 375 381 382 386 388 394 400 407 408 410 412 413 417 419 421 422 423 424 426 428 429 432 433 436 440 445 446 447 449 455 459 460 462 464 467 470 471 472 473 474 475 476 483 488 498 500
149 1975 176 215 476
150 1326 153 154 158 160 162 164 165 168 170 171 172 173 176 177 178 181 186 188 189 190 192 193 199 201 203 206 208 209 210 212 215 219 221 226 227 233 234 236 238 241 242 245 247 250 251 261 265 266 269 272 273 279 288 290 291 293 298 301 302 306 309 310 312 318 319 321 323 325 327 328 330 331 332 338 340 346 355 357 358 361 363 364 366 367 368 369 375 376 378 381 382 386 388 394 400 407 408 410 412 413 417 418 419 420 421 422 423 424 426 428 429 430 432 433 436 440 445 446 447 449 455 458 459 460 462 464 467 468 470 471 472 473 474 475 476 477 483 488 498 499 500
151 2042
152 1792
153 1522 164 165 168 170 172 173 176 178 186 188 189 190 193 199 206 208 209 210 215 227 234 236 245 247 250 251 266 298 301 310 325 328 364 375 381 382 388 400 408 412 413 417 419 422 423 426 428 445 446 447 449 459 460 464 472 474 476 483 488 498
154 2496 158 160 164 165 168 170 172 173 176 178 181 186 188 189 190 193 199 201 206 208 209 210 215 227 234 236 245 247 250 251 266 269 279 288 293 298 301 309 310 312 319 325 327 328 364 366 369 375 381 382 386 388 400 408 412 413 417 419 421 422 423 424 426 428 429 440 445 446 447 449 459 460 462 464 470 472 474 476 483 488 498
155 2411
156 2300 168 170 176 178 186 189 190 193 206 209 215 227 234 236 245 247 266 298 301 328 375 381 388 400 408 412 419 423 426 428 445 447 449 460 464 472 474 476 483 488
157 1535
158 1221 160 164 165 168 170 172 173 176 178 181 186 188 189 190 193 199 201 206 208 209 210 215 227 233 234 236 241 242 245 247 250 251 261 265 266 269 272 279 288 293 298 301 302 309 310 312 318 319 321 325 327 328 331 340 364 366 367 369 375 381 382 386 388 394 400 407 408 410 412 413 417 419 421 422 423 424 426 428 429 432 433 436 440 445 446 447 449 455 459 460 462 464 467 470 471 472 473 474 475 476 483 488 498 500
159 638
160 1245 164 165 168 170 172 173 176 178 181 186 188 189 190 193 199 201 206 208 209 210 215 227 234 236 241 242 245 247 250 251 261 265 266 269 279 288 293 298 301 302 309 310 312 318 319 321 325 327 328 331 340 364 366 367 369 375 381 382 386 388 394 400 407 408 410 412 413 417 419 421 422 423 424 426 428 429 432 433 436 440 445 446 447 449 455 459 460 462 464 467 470 471 472 473 474 475 476 483 488 498 500
161 1905
162 2494 164 165 168 170 172 173 176 178 186 188 189 190 193 199 201 206 208 209 210 215 227 234 236 245 247 250 251 266 288 298 301 310 325 327 328 364 369 375 381 382 388 400 408 412 413 417 419 421 422 423 426 428 445 446 447 449 459 460 462 464 472 474 476 483 488 498
163 1729
164 1460 165 168 169 170 171 172 173 176 177 178 181 182 186 188 189 190 192 193 199 201 203 206 208 209 210 212 215 219 221 226 227 233 234 236 238 241 242 245 247 250 251 261 265 266 269 272 273 279 288 290 291 293 298 301 302 306 309 310 312 318 319 321 323 324 325 327 328 330 331 332 338 340 343 346 355 357 358 361 363 364 366 367 368 369 375 376 378 381 382 385 386 388 394 400 407 408 410 412 413 417 418 419 420 421 422 423 424 426 428 429 430 432 433 436 440 445 446 447 449 455 458 459 460 462 464 467 468 470 471 472 473 474 475 476 477 483 488 498 499 500
165 892 168 170 171 172 173 176 177 178 181 186 188 189 190 193 199 201 203 206 208 209 210 212 215 219 221 227 233 234 236 238 241 242 245 247 250 251 261 265 266 269 272 279 288 290 291 293 298 301 302 309 310 312 318 319 321 323 325 327 328 330 331 332 338 340 346 355 357 358 361 363 364 366 367 368 369 375 376 378 381 382 386 388 394 400 407 408 410 412 413 417 419 420 421 422 423 424 426 428 429 430 432 433 436 440 445 446 447 449 455 458 459 460 462 464 467 470 471 472 473 474 475 476 483 488 498 499 500
166 1177 176 178 186 209 215 266 298 381 423 426 445 474 476
167 803
168 1853 169 170 171 172 173 176 177 178 181 182 185 186 188 189 190 192 193 195 199 201 203 206 208 209 210 211 212 215 216 219 221 226 227 233 234 235 236 238 241 242 245 247 250 251 260 261 264 265 266 269 272 273 277 278 279 288 289 290 291 292 293 298 301 302 303 305 306 308 309 310 312 313 318 319 321 323 324 325 327 328 330 331 332 338 340 342 343 346 348 352 353 354 355 357 358 361 362 363 364 366 367 368 369 372 373 375 376 378 381 382 384 385 386 388 392 394 400 407 408 409 410 412 413 416 417 418 419 420 421 422 423 424 426 428 429 430 432 433 436 437 440 445 446 447 449 451 455 458 459 460 462 464 465 467 468 470 471 472 473 474 475 476 477 478 483 488 498 499 500
169 612 170 176 178 186 189 190 193 206 209 210 215 227 234 236 245 247 251 266 298 301 310 328 375 381 382 388 400 408 412 419 422 423 426 428 445 447 449 459 460 464 472 474 476 483 488 498
170 1200 171 172 173 176 177 178 181 182 185 186 188 189 190 192 193 195 199 201 203 206 208 209 210 211 212 215 216 219 221 226 227 229 233 234 235 236 238 241 242 245 247 250 251 260 261 264 265 266 269 272 273 277 278 279 288 289 290 291 292 293 298 301 302 303 305 306 308 309 310 312 313 318 319 321 323 324 325 327 328 330 331 332 338 340 342 343 346 348 352 353 354 355 357 358 361 362 363 364 366 367 368 369 372 373 374 375 376 378 381 382 384 385 386 388 392 394 400 407 408 409 410 412 413 416 417 418 419 420 421 422 423 424 426 428 429 430 432 433 436 437 440 442 445 446 447 449 451 455 458 459 460 462 464 465 467 468 470 471 472 473 474 475 476 477 478 483 488 490 494 498 499 500
171 746 172 173 176 178 186 188 189 190 193 199 201 206 208 209 210 215 227 234 236 245 247 250 251 266 288 298 301 310 325 327 328 364 369 375 381 382 388 400 408 412 413 417 419 421 422 423 426 428 445 446 447 449 459 460 464 472 474 476 483 488 498
172 1463 173 176 177 178 181 186 188 189 190 192 193 199 201 203 206 208 209 210 212 215 219 221 226 227 233 234 236 238 241 242 245 247 250 251 261 265 266 269 272 273 279 288 290 291 293 298 301 302 306 309 310 312 318 319 321 323 325 327 328 330 331 332 338 340 346 355 357 358 361 363 364 366 367 368 369 375 376 378 381 382 386 388 394 400 407 408 410 412 413 417 418 419 420 421 422 423 424 426 428 429 430 432 433 436 440 445 446 447 449 455 458 459 460 462 464 467 468 470 471 472 473 474 475 476 483 488 498 499 500
173 1820 176 177 178 181 186 188 189 190 193 199 201 203 206 208 209 210 215 219 221 227 233 234 236 238 241 242 245 247 250 251 261 265 266 269 272 279 288 290 291 293 298 301 302 309 310 312 318 319 321 323 325 327 328 331 332 338 340 346 355 358 361 364 366 367 368 369 375 376 378 381 382 386 388 394 400 407 408 410 412 413 417 419 420 421 422 423 424 426 428 429 430 432 433 436 440 445 446 447 449 455 458 459 460 462 464 467 470 471 472 473 474 475 476 483 488 498 499 500
174 1487
175 887
176 1940 177 178 181 182 185 186 188 189 190 192 193 195 199 201 202 203 206 207 208 209 210 211 212 214 215 216 218 219 221 223 226 227 229 233 234 235 236 238 241 242 245 247 250 251 252 260 261 264 265 266 268 269 272 273 275 276 277 278 279 280 281 288 289 290 291 292 293 298 301 302 303 305 306 308 309 310 312 313 316 318 319 321 323 324 325 327 328 330 331 332 337 338 340 342 343 345 346 348 351 352 353 354 355 357 358 361 362 363 364 365 366 367 368 369 372 373 374 375 376 378 381 382 384 385 386 388 392 394 399 400 401 404 407 408 409 410 412 413 414 416 417 418 419 420 421 422 423 424 425 426 428 429 430 432 433 434 436 437 440 442 445 446 447 449 450 451 455 458 459 460 462 464 465 466 467 468 470 471 472 473 474 475 476 477 478 482 483 484 487 488 490 494 495 498 499 500
177 2453 178 186 188 189 190 193 199 201 206 208 209 210 215 227 234 236 245 247 250 251 266 269 288 298 301 310 319 325 327 328 364 369 375 381 382 388 400 408 412 413 417 419 421 422 423 426 428 445 446 447 449 459 460 462 464 470 472 474 476 483 488 498
178 1015 181 182 185 186 188 189 190 192 193 195 199 201 203 206 207 208 209 210 211 212 215 216 218 219 221 223 226 227 229 233 234 235 236 238 241 242 245 247 250 251 260 261 264 265 266 268 269 272 273 276 277 278 279 280 281 288 289 290 291 292 293 298 301 302 303 305 306 308 309 310 312 313 318 319 321 323 324 325 327 328 330 331 332 337 338 340 342 343 345 346 348 352 353 354 355 357 358 361 362 363 364 365 366 367 368 369 372 373 374 375 376 378 381 382 384 385 386 388 392 394 399 400 401 407 408 409 410 412 413 416 417 418 419 420 421 422 423 424 425 426 428 429 430 432 433 436 437 440 442 445 446 447 449 450 451 455 458 459 460 462 464 465 466 467 468 470 471 472 473 474 475 476 477 478 482 483 484 487 488 490 494 495 498 499 500
179 2486
180 1463
181 1159 186 188 189 190 193 199 201 206 208 209 210 215 227 233 234 236 241 242 245 247 250 251 261 265 266 269 272 279 288 291 293 298 301 302 309 310 312 318 319 321 325 327 328 331 340 364 366 367 369 375 381 382 386 388 394 400 407 408 410 412 413 417 419 421 422 423 424 426 428 429 432 433 436 440 445 446 447 449 455 459 460 462 464 467 470 471 472 473 474 475 476 483 488 498 500
182 1585 186 189 190 193 206 209 210 215 227 234 236 245 247 251 266 298 301 310 328 375 381 382 388 400 408 412 419 422 423 426 428 445 447 449 459 460 464 472 474 476 483 488 498
183 1596
184 1152 476
185 748 186 189 190 193 206 209 215 227 234 236 245 247 251 266 298 301 310 328 375 381 382 388 400 408 412 419 422 423 426 428 445 447 449 460 464 472 474 476 483 488
186 1374 188 189 190 192 193 195 199 201 203 206 207 208 209 210 211 212 215 216 218 219 221 223 226 227 229 233 234 235 236 238 241 242 245 247 250 251 260 261 264 265 266 268 269 272 273 275 276 277 278 279 280 281 288 289 290 291 292 293 298 301 302 303 305 306 308 309 310 312 313 318 319 321 323 324 325 327 328 330 331 332 337 338 340 342 343 345 346 348 351 352 353 354 355 357 358 361 362 363 364 365 366 367 368 369 372 373 374 375 376 378 381 382 384 385 386 388 392 394 399 400 401 407 408 409 410 412 413 416 417 418 419 420 421 422 423 424 425 426 428 429 430 432 433 434 436 437 440 442 445 446 447 449 450 451 455 458 459 460 462 464 465 466 467 468 470 471 472 473 474 475 476 477 478 482 483 484 487 488 490 494 495 498 499 500
187 969
188 1663 189 190 192 193 199 201 203 206 208 209 210 212 215 219 221 226 227 233 234 236 238 241 242 245 247 250 251 261 265 266 269 272 279 288 290 291 293 298 301 302 306 309 310 312 318 319 321 323 325 327 328 330 331 332 338 340 346 355 357 358 361 363 364 366 367 368 369 375 376 378 381 382 386 388 394 400 407 408 410 412 413 417 418 419 420 421 422 423 424 426 428 429 430 432 433 436 440 445 446 447 449 455 458 459 460 462 464 467 470 471 472 473 474 475 476 483 488 498 499 500
189 1967 190 192 193 195 199 201 203 206 208 209 210 211 212 215 216 219 221 226 227 233 234 235 236 238 241 242 245 247 250 251 261 264 265 266 269 272 273 277 278 279 288 289 290 291 292 293 298 301 302 303 305 306 308 309 310 312 313 318 319 321 323 324 325 327 328 330 331 332 338 340 342 343 346 352 353 355 357 358 361 362 363 364 366 367 368 369 372 373 375 376 378 381 382 385 386 388 392 394 400 407 408 409 410 412 413 416 417 418 419 420 421 422 423 424 426 428 429 430 432 433 436 437 440 445 446 447 449 451 455 458 459 460 462 464 465 467 468 470 471 472 473 474 475 476 477 478 483 488 498 499 500
190 1333 192 193 195 199 201 203 206 208 209 210 211 212 215 216 219 221 226 227 233 234 235 236 238 241 242 245 247 250 251 261 264 265 266 269 272 273 277 278 279 288 289 290 291 292 293 298 301 302 303 305 306 309 310 312 313 318 319 321 323 324 325 327 328 330 331 332 338 340 342 343 346 352 353 355 357 358 361 362 363 364 366 367 368 369 372 373 375 376 378 381 382 385 386 388 392 394 400 407 408 409 410 412 413 416 417 418 419 420 421 422 423 424 426 428 429 430 432 433 436 437 440 445 446 447 449 451 455 458 459 460 462 464 465 467 468 470 471 472 473 474 475 476 477 478 483 488 498 499 500
191 2327
192 2020 193 206 209 210 215 227 234 236 245 247 251 266 298 301 310 328 375 381 382 388 400 408 412 419 422 423 426 428 445 447 449 459 460 464 472 474 476 483 488 498
193 875 195 199 201 203 206 207 208 209 210 211 212 215 216 219 221 226 227 229 233 234 235 236 238 241 242 245 247 250 251 260 261 264 265 266 268 269 272 273 277 278 279 280 288 289 290 291 292 293 298 301 302 303 305 306 308 309 310 312 313 318 319 321 323 324 325 327 328 330 331 332 337 338 340 342 343 346 348 352 353 354 355 357 358 361 362 363 364 365 366 367 368 369 372 373 374 375 376 378 381 382 384 385 386 388 392 394 399 400 401 407 408 409 410 412 413 416 417 418 419 420 421 422 423 424 426 428 429 430 432 433 436 437 440 442 445 446 447 449 450 451 455 458 459 460 462 464 465 466 467 468 470 471 472 473 474 475 476 477 478 483 484 488 490 494 498 499 500
194 831
195 832 206 209 215 227 234 245 247 266 298 328 375 381 388 400 408 412 419 423 426 428 445 447 449 460 464 474 476 483 488
196 1785
197 511
198 2329
199 566 201 203 206 208 209 210 212 215 219 221 226 227 233 234 236 238 241 242 245 247 250 251 261 265 266 269 272 279 288 290 291 293 298 301 302 309 310 312 318 319 321 323 325 327 328 330 331 332 338 340 346 355 357 358 361 363 364 366 367 368 369 375 376 378 381 382 386 388 394 400 407 408 410 412 413 417 419 420 421 422 423 424 426 428 429 430 432 433 436 440 445 446 447 449 455 458 459 460 462 464 467 470 471 472 473 474 475 476 483 488 498 499 500
200 2407
201 836 203 206 208 209 210 215 221 227 233 234 236 238 241 242 245 247 250 251 261 265 266 269 272 279 288 290 291 293 298 301 302 309 310 312 318 319 321 325 327 328 331 332 338 340 355 358 361 364 366 367 368 369 375 381 382 386 388 394 400 407 408 410 412 413 417 419 420 421 422 423 424 426 428 429 430 432 433 436 440 445 446 447 449 455 459 460 462 464 467 470 471 472 473 474 475 476 483 488 498 499 500
202 1365 215 266 381 476
203 1934 206 208 209 210 215 227 234 236 245 247 250 251 266 298 301 310 325 327 328 364 369 375 381 382 388 400 408 412 413 417 419 422 423 426 428 445 446 447 449 459 460 464 472 474 476 483 488 498
204 1318
205 1019
206 1032 208 209 210 211 212 215 216 219 221 226 227 233 234 235 236 238 241 242 245 247 250 251 260 261 264 265 266 269 272 273 277 278 279 288 289 290 291 292 293 298 301 302 303 305 306 308 309 310 312 313 318 319 321 323 324 325 327 328 330 331 332 338 340 342 343 346 348 352 353 354 355 357 358 361 362 363 364 366 367 368 369 372 373 375 376 378 381 382 384 385 386 388 392 394 400 407 408 409 410 412 413 416 417 418 419 420 421 422 423 424 426 428 429 430 432 433 436 437 440 445 446 447 449 451 455 458 459 460 462 464 465 467 468 470 471 472 473 474 475 476 477 478 483 488 498 499 500
207 2202 209 215 245 247 266 298 375 381 388 400 408 419 423 426 445 447 449 460 464 474 476 483
208 2399 209 210 212 215 219 221 227 233 234 236 238 241 242 245 247 250 251 261 265 266 269 272 279 288 290 291 293 298 301 302 309 310 312 318 319 321 323 325 327 328 330 331 332 338 340 346 355 357 358 361 363 364 366 367 368 369 375 376 378 381 382 386 388 394 400 407 408 410 412 413 417 419 420 421 422 423 424 426 428 429 430 432 433 436 440 445 446 447 449 455 458 459 460 462 464 467 470 471 472 473 474 475 476 483 488 498 499 500
209 2206 210 211 212 215 216 218 219 221 223 226 227 229 233 234 235 236 238 241 242 245 247 250 251 260 261 264 265 266 268 269 272 273 276 277 278 279 280 281 288 289 290 291 292 293 298 301 302 303 305 306 308 309 310 312 313 318 319 321 323 324 325 327 328 330 331 332 337 338 340 342 343 345 346 348 352 353 354 355 357 358 361 362 363 364 365 366 367 368 369 372 373 374 375 376 378 381 382 384 385 386 388 392 394 399 400 401 407 408 409 410 412 413 416 417 418 419 420 421 422 423 424 425 426 428 429 430 432 433 436 437 440 442 445 446 447 449 450 451 455 458 459 460 462 464 465 466 467 468 470 471 472 473 474 475 476 477 478 482 483 484 487 488 490 494 495 498 499 500
210 1798 212 215 219 221 226 227 233 234 236 238 241 242 245 247 250 251 261 265 266 269 272 273 279 288 290 291 293 298 301 302 306 309 310 312 318 319 321 323 324 325 327 328 330 331 332 338 340 343 346 355 357 358 361 363 364 366 367 368 369 375 376 378 381 382 385 386 388 394 400 407 408 410 412 413 417 418 419 420 421 422 423 424 426 428 429 430 432 433 436 440 445 446 447 449 455 458 459 460 462 464 467 468 470 471 472 473 474 475 476 477 483 488 498 499 500
211 1562 215 227 234 236 245 247 266 298 301 328 375 381 388 400 408 412 419 423 426 428 445 447 449 460 464 472 474 476 483 488
212 659 215 227 234 236 245 247 250 251 266 298 301 310 325 328 364 375 381 382 388 400 408 412 413 417 419 422 423 426 428 445 446 447 449 459 460 464 472 474 476 483 488 498
213 1921
214 1765 215 266 381 445 476
215 2292 216 218 219 221 223 226 227 229 233 234 235 236 238 241 242 245 247 250 251 252 260 261 264 265 266 268 269 272 273 275 276 277 278 279 280 281 288 289 290 291 292 293 298 301 302 303 305 306 308 309 310 312 313 316 318 319 321 323 324 325 327 328 330 331 332 337 338 340 342 343 345 346 348 351 352 353 354 355 357 358 361 362 363 364 365 366 367 368 369 372 373 374 375 376 378 381 382 384 385 386 388 392 394 399 400 401 404 407 408 409 410 412 413 414 416 417 418 419 420 421 422 423 424 425 426 428 429 430 432 433 434 436 437 440 442 445 446 447 449 450 451 455 458 459 460 462 464 465 466 467 468 470 471 472 473 474 475 476 477 478 482 483 484 487 488 490 494 495 498 499 500
216 2018 227 234 236 245 247 266 298 301 328 375 381 388 400 408 412 419 423 426 428 445 447 449 460 464 472 474 476 483 488
217 1180
218 2342 266 298 381 423 426 445 447 449 474 476 483
219 1448 227 234 236 245 247 250 251 266 298 301 310 325 328 364 375 381 382 388 400 408 412 413 417 419 422 423 426 428 445 446 447 449 459 460 464 472 474 476 483 488 498
220 542
221 1760 227 234 236 245 247 250 251 266 298 301 310 325 327 328 364 369 375 381 382 388 400 408 412 413 417 419 421 422 423 426 428 445 446 447 449 459 460 464 472 474 476 483 488 498
222 1483
223 2053 266 298 381 423 426 445 447 449 474 476 483
224 831
225 659
226 2199 227 234 236 245 247 251 266 298 301 310 325 328 375 381 382 388 400 408 412 419 422 423 426 428 445 446 447 449 459 460 464 472 474 476 483 488 498
227 2381 233 234 235 236 238 241 242 245 247 250 251 260 261 264 265 266 269 272 273 277 278 279 288 289 290 291 292 293 298 301 302 303 305 306 308 309 310 312 313 318 319 321 323 324 325 327 328 330 331 332 338 340 342 343 346 348 352 353 354 355 357 358 361 362 363 364 366 367 368 369 372 373 374 375 376 378 381 382 384 385 386 388 392 394 400 407 408 409 410 412 413 416 417 418 419 420 421 422 423 424 426 428 429 430 432 433 436 437 440 445 446 447 449 451 455 458 459 460 462 464 465 467 468 470 471 472 473 474 475 476 477 478 483 488 490 494 498 499 500
228 2106
229 1434 245 247 266 298 375 381 388 400 408 419 423 426 445 447 449 460 464 474 476 483
230 1892
231 1793 476
232 1487
233 1115 234 236 245 247 250 251 266 269 288 293 298 301 309 310 319 325 327 328 364 369 375 381 382 386 388 400 408 412 413 417 419 421 422 423 424 426 428 429 445 446 447 449 459 460 462 464 470 472 474 476 483 488 498
234 1546 236 238 241 242 245 247 250 251 261 264 265 266 269 272 273 277 278 279 288 290 291 292 293 298 301 302 303 305 306 309 310 312 318 319 321 323 324 325 327 328 330 331 332 338 340 342 343 346 353 355 357 358 361 362 363 364 366 367 368 369 372 373 375 376 378 381 382 385 386 388 392 394 400 407 408 409 410 412 413 416 417 418 419 420 421 422 423 424 426 428 429 430 432 433 436 437 440 445 446 447 449 451 455 458 459 460 462 464 465 467 468 470 471 472 473 474 475 476 477 478 483 488 498 499 500
235 1080 245 247 266 298 328 375 381 388 400 408 412 419 423 426 428 445 447 449 460 464 474 476 483
236 1072 238 241 242 245 247 250 251 261 264 265 266 269 272 273 277 278 279 288 290 291 292 293 298 301 302 303 305 306 309 310 312 318 319 321 323 324 325 327 328 330 331 332 338 340 342 343 346 353 355 357 358 361 362 363 364 366 367 368 369 372 373 375 376 378 381 382 385 386 388 392 394 400 407 408 409 410 412 413 416 417 418 419 420 421 422 423 424 426 428 429 430 432 433 436 437 440 445 446 447 449 451 455 458 459 460 462 464 465 467 468 470 471 472 473 474 475 476 477 483 488 498 499 500
237 2414
238 2006 245 247 250 251 266 298 301 310 325 327 328 364 369 375 381 382 388 400 408 412 413 417 419 422 423 426 428 445 446 447 449 459 460 464 472 474 476 483 488 498
239 1860
240 888
241 2199 245 247 250 251 266 269 279 288 293 298 301 309 310 312 318 319 325 327 328 364 366 369 375 381 382 386 388 394 400 408 412 413 417 419 421 422 423 424 426 428 429 433 436 440 445 446 447 449 455 459 460 462 464 470 472 474 475 476 483 488 498 500
242 1836 245 247 250 251 261 266 269 279 288 293 298 301 309 310 312 318 319 325 327 328 331 364 366 367 369 375 381 382 386 388 394 400 407 408 412 413 417 419 421 422 423 424 426 428 429 433 436 440 445 446 447 449 455 459 460 462 464 470 472 473 474 475 476 483 488 498 500
243 1377
244 1490
245 2460 247 250 251 260 261 264 265 266 268 269 272 273 277 278 279 280 288 289 290 291 292 293 298 301 302 303 305 306 308 309 310 312 313 318 319 321 323 324 325 327 328 330 331 332 337 338 340 342 343 346 348 352 353 354 355 357 358 361 362 363 364 365 366 367 368 369 372 373 374 375 376 378 381 382 384 385 386 388 392 394 399 400 401 407 408 409 410 412 413 416 417 418 419 420 421 422 423 424 426 428 429 430 432 433 436 437 440 442 445 446 447 449 450 451 455 458 459 460 462 464 465 466 467 468 470 471 472 473 474 475 476 477 478 482 483 484 488 490 494 495 498 499 500
246 1212
247 1268 250 251 260 261 264 265 266 268 269 272 273 277 278 279 280 288 289 290 291 292 293 298 301 302 303 305 306 308 309 310 312 313 318 319 321 323 324 325 327 328 330 331 332 337 338 340 342 343 346 348 352 353 354 355 357 358 361 362 363 364 365 366 367 368 369 372 373 374 375 376 378 381 382 384 385 386 388 392 394 400 407 408 409 410 412 413 416 417 418 419 420 421 422 423 424 426 428 429 430 432 433 436 437 440 442 445 446 447 449 450 451 455 458 459 460 462 464 465 466 467 468 470 471 472 473 474 475 476 477 478 483 488 490 494 498 499 500
248 2288
249 2199
250 1465 251 261 265 266 269 272 279 288 290 291 293 298 301 302 309 310 312 318 319 321 323 325 327 328 331 332 338 340 346 355 357 358 361 363 364 366 367 368 369 375 376 378 381 382 386 388 394 400 407 408 410 412 413 417 419 420 421 422 423 424 426 428 429 430 432 433 436 440 445 446 447 449 455 458 459 460 462 464 467 470 471 472 473 474 475 476 483 488 498 499 500
251 1335 261 265 266 269 272 273 279 288 290 291 293 298 301 302 306 309 310 312 318 319 321 323 324 325 327 328 330 331 332 338 340 343 346 353 355 357 358 361 363 364 366 367 368 369 375 376 378 381 382 385 386 388 394 400 407 408 409 410 412 413 417 418 419 420 421 422 423 424 426 428 429 430 432 433 436 440 445 446 447 449 455 458 459 460 462 464 467 468 470 471 472 473 474 475 476 477 483 488 498 499 500
252 685 266 381 445 476
253 1988
254 1258 476
255 1662
256 1954
257 2193
258 1635
259 2092
260 2263 266 298 328 375 381 388 400 408 412 419 423 426 428 445 447 449 460 464 474 476 483
261 2288 266 269 279 288 293 298 301 309 310 312 318 319 325 327 328 331 364 366 367 369 375 381 382 386 388 394 400 407 408 412 413 417 419 421 422 423 424 426 428 429 433 436 440 445 446 447 449 455 459 460 462 464 470 472 473 474 475 476 483 488 498 500
262 1983
263 1976
264 503 266 298 301 328 375 381 388 400 408 412 419 422 423 426 428 445 447 449 460 464 472 474 476 483 488
265 1283 266 269 279 288 293 298 301 309 310 312 318 319 325 327 328 364 366 369 375 381 382 386 388 400 408 412 413 417 419 421 422 423 424 426 428 429 440 445 446 447 449 459 460 462 464 470 472 474 475 476 483 488 498 500
266 2040 268 269 272 273 275 276 277 278 279 280 281 288 289 290 291 292 293 298 301 302 303 305 306 308 309 310 312 313 316 318 319 321 323 324 325 327 328 330 331 332 337 338 340 342 343 345 346 348 351 352 353 354 355 357 358 361 362 363 364 365 366 367 368 369 372 373 374 375 376 378 381 382 384 385 386 388 392 394 399 400 401 404 407 408 409 410 412 413 416 417 418 419 420 421 422 423 424 425 426 428 429 430 432 433 434 436 437 440 442 445 446 447 449 450 451 455 458 459 460 462 464 465 466 467 468 470 471 472 473 474 475 476 477 478 482 483 484 487 488 490 494 495 498 499 500
267 853
268 741 298 381 400 408 419 423 426 445 447 449 460 464 474 476 483
269 1893 272 279 288 290 291 293 298 301 302 309 310 312 318 319 321 325 327 328 331 332 340 355 358 361 364 366 367 369 375 381 382 386 388 394 400 407 408 410 412 413 417 419 420 421 422 423 424 426 428 429 430 432 433 436 440 445 446 447 449 455 459 460 462 464 467 470 471 472 473 474 475 476 483 488 498 500
270 1776
271 1673
272 1569 288 293 298 301 309 310 319 325 327 328 364 369 375 381 382 386 388 400 408 412 413 417 419 421 422 423 424 426 428 429 445 446 447 449 459 460 462 464 470 472 474 476 483 488 498
273 2247 298 301 310 328 375 381 382 388 400 408 412 419 422 423 426 428 445 447 449 459 460 464 472 474 476 483 488 498
274 1975
275 1179 298 381 423 426 445 474 476
276 1604 298 381 423 426 445 474 476
277 1577 298 328 375 381 388 400 408 412 419 423 426 428 445 447 449 460 464 474 476 483 488
278 1281 298 301 328 375 381 388 400 408 412 419 423 426 428 445 447 449 460 464 472 474 476 483 488
279 2152 288 293 298 301 309 310 312 318 319 321 325 327 328 331 340 364 366 367 369 375 381 382 386 388 394 400 407 408 410 412 413 417 419 421 422 423 424 426 428 429 432 433 436 440 445 446 447 449 455 459 460 462 464 467 470 471 472 473 474 475 476 483 488 498 500
280 812 298 381 400 408 419 423 426 445 447 449 460 464 474 476 483
281 600 298 381 400 423 426 445 447 449 474 476 483
282 1335
283 1339
284 1190
285 1632
286 1304
287 1407
288 509 290 291 293 298 301 302 309 310 312 318 319 321 325 327 328 331 332 340 355 358 361 364 366 367 369 375 381 382 386 388 394 400 407 408 410 412 413 417 419 420 421 422 423 424 426 428 429 430 432 433 436 440 445 446 447 449 455 459 460 462 464 467 470 471 472 473 474 475 476 483 488 498 500
289 1978 298 328 375 381 388 400 408 412 419 423 426 428 445 447 449 460 464 474 476 483 488
290 2210 298 301 310 319 325 327 328 364 369 375 381 382 388 400 408 412 413 417 419 421 422 423 426 428 445 446 447 449 459 460 462 464 470 472 474 476 483 488 498
291 906 293 298 301 309 310 319 325 327 328 364 369 375 381 382 386 388 400 408 412 413 417 419 421 422 423 426 428 429 445 446 447 449 459 460 462 464 470 472 474 476 483 488 498
292 2279 298 301 328 375 381 388 400 408 412 419 423 426 428 445 447 449 460 464 472 474 476 483 488
293 1674 298 301 302 309 310 312 318 319 321 325 327 328 331 332 340 355 364 366 367 369 375 381 382 386 388 394 400 407 408 410 412 413 417 419 420 421 422 423 424 426 428 429 432 433 436 440 445 446 447 449 455 459 460 462 464 467 470 471 472 473 474 475 476 483 488 498 500
294 1205
295 513
296 2122 476
297 1697
298 959 301 302 303 305 306 308 309 310 312 313 318 319 321 323 324 325 327 328 330 331 332 337 338 340 342 343 345 346 348 352 353 354 355 357 358 361 362 363 364 365 366 367 368 369 372 373 374 375 376 378 381 382 384 385 386 388 392 394 399 400 401 407 408 409 410 412 413 416 417 418 419 420 421 422 423 424 425 426 428 429 430 432 433 436 437 440 442 445 446 447 449 450 451 455 458 459 460 462 464 465 466 467 468 470 471 472 473 474 475 476 477 478 482 483 484 487 488 490 494 495 498 499 500
299 2465
300 1698
301 1853 302 303 305 306 309 310 312 318 319 321 323 324 325 327 328 330 331 332 338 340 342 343 346 353 355 357 358 361 363 364 366 367 368 369 373 375 376 378 381 382 385 386 388 392 394 400 407 408 409 410 412 413 416 417 418 419 420 421 422 423 424 426 428 429 430 432 433 436 437 440 445 446 447 449 451 455 458 459 460 462 464 467 468 470 471 472 473 474 475 476 477 483 488 498 499 500
302 2058 309 310 319 325 327 328 364 369 375 381 382 386 388 400 408 412 413 417 419 421 422 423 424 426 428 429 445 446 447 449 459 460 462 464 470 472 474 476 483 488 498
303 1601 328 375 381 388 400 408 412 419 422 423 426 428 445 447 449 460 464 472 474 476 483 488
304 1218
305 2272 328 375 381 388 400 408 412 419 423 426 428 445 447 449 460 464 472 474 476 483 488
306 707 310 328 375 381 382 388 400 408 412 419 422 423 426 428 445 447 449 459 460 464 472 474 476 483 488 498
307 1830
308 1904 328 375 381 388 400 408 412 419 423 426 428 445 447 449 460 464 474 476 483
309 963 310 312 318 319 321 325 327 328 331 340 364 366 367 369 375 381 382 386 388 394 400 407 408 410 412 413 417 419 421 422 423 424 426 428 429 432 433 436 440 445 446 447 449 455 459 460 462 464 467 470 471 472 473 474 475 476 483 488 498 500
310 2386 312 318 319 321 323 324 325 327 328 330 331 332 338 340 342 343 346 353 355 357 358 361 363 364 366 367 368 369 375 376 378 381 382 385 386 388 394 400 407 408 409 410 412 413 417 418 419 420 421 422 423 424 426 428 429 430 432 433 436 440 445 446 447 449 455 458 459 460 462 464 467 468 470 471 472 473 474 475 476 477 483 488 498 499 500
311 1682
312 2150 318 319 321 325 327 328 331 340 364 366 367 369 375 381 382 386 388 394 400 407 408 410 412 413 417 419 421 422 423 424 426 428 429 432 433 436 440 445 446 447 449 455 459 460 462 464 467 470 471 472 473 474 475 476 483 488 498 500
313 1941 328 375 381 388 400 408 412 419 423 426 428 445 447 449 460 464 474 476 483
314 2043
315 1024
316 1085 476
317 864
318 1776 319 321 325 327 328 331 340 364 366 367 369 375 381 382 386 388 394 400 407 408 412 413 417 419 421 422 423 424 426 428 429 432 433 436 440 445 446 447 449 455 459 460 462 464 470 471 472 473 474 475 476 483 488 498 500
319 2125 321 325 327 328 331 332 340 355 358 361 364 366 367 369 375 381 382 386 388 394 400 407 408 410 412 413 417 419 420 421 422 423 424 426 428 429 430 432 433 436 440 445 446 447 449 455 459 460 462 464 467 470 471 472 473 474 475 476 483 488 498 500
320 826
321 1907 325 327 328 364 366 369 375 381 382 386 388 400 408 412 413 417 419 421 422 423 424 426 428 429 440 445 446 447 449 459 460 462 464 470 472 474 475 476 483 488 498 500
322 1631
323 555 325 328 364 369 375 381 382 388 400 408 412 413 417 419 422 423 426 428 445 446 447 449 459 460 464 472 474 476 483 488 498
324 1565 328 375 381 382 388 400 408 412 419 422 423 426 428 445 447 449 460 464 472 474 476 483 488 498
325 1097 327 328 330 331 332 338 340 346 355 357 358 361 363 364 366 367 368 369 375 376 378 381 382 386 388 394 400 407 408 410 412 413 417 419 420 421 422 423 424 426 428 429 430 432 433 436 440 445 446 447 449 455 458 459 460 462 464 467 470 471 472 473 474 475 476 483 488 498 499 500
326 1873
327 1955 328 331 332 338 340 355 358 361 364 366 367 368 369 375 381 382 386 388 394 400 407 408 410 412 413 417 419 420 421 422 423 424 426 428 429 430 432 433 436 440 445 446 447 449 455 459 460 462 464 467 470 471 472 473 474 475 476 483 488 498 499 500
328 1476 330 331 332 338 340 342 343 346 348 352 353 354 355 357 358 361 362 363 364 366 367 368 369 372 373 375 376 378 381 382 385 386 388 392 394 400 407 408 409 410 412 413 416 417 418 419 420 421 422 423 424 426 428 429 430 432 433 436 437 440 445 446 447 449 451 455 458 459 460 462 464 465 467 468 470 471 472 473 474 475 476 477 478 483 488 498 499 500
329 1618
330 1261 375 381 382 388 400 408 412 413 419 422 423 426 428 445 446 447 449 459 460 464 472 474 476 483 488 498
331 1220 364 366 369 375 381 382 386 388 394 400 407 408 412 413 417 419 421 422 423 424 426 428 429 433 436 440 445 446 447 449 455 459 460 462 464 470 472 474 475 476 483 488 498 500
332 1005 364 369 375 381 382 388 400 408 412 413 417 419 421 422 423 426 428 445 446 447 449 459 460 462 464 470 472 474 476 483 488 498
333 1346
334 1366
335 1524
336 2168
337 1706 381 400 408 419 423 426 445 447 449 460 464 474 476 483
338 1175 364 369 375 381 382 388 400 408 412 413 417 419 422 423 426 428 445 446 447 449 459 460 464 472 474 476 483 488 498
339 776
340 1007 364 366 369 375 381 382 386 388 400 408 412 413 417 419 421 422 423 424 426 428 429 440 445 446 447 449 459 460 462 464 470 472 474 475 476 483 488 498 500
341 1273
342 1285 375 381 388 400 408 412 419 422 423 426 428 445 447 449 460 464 472 474 476 483 488
343 968 375 381 382 388 400 408 412 419 422 423 426 428 445 447 449 459 460 464 472 474 476 483 488 498
344 1556
345 2060 381 423 426 445 474 476
346 1397 364 375 381 382 388 400 408 412 413 417 419 422 423 426 428 445 446 447 449 459 460 464 472 474 476 483 488 498
347 559
348 1591 375 381 388 400 408 412 419 423 426 428 445 447 449 460 464 474 476 483
349 1365
350 2471
351 1358 381 445 476
352 2014 375 381 388 400 408 412 419 423 426 428 445 447 449 460 464 474 476 483 488
353 1698 375 381 382 388 400 408 412 419 422 423 426 428 445 447 449 460 464 472 474 476 483 488
354 1768 375 381 388 400 408 412 419 423 426 428 445 447 449 460 464 474 476 483
355 2014 364 369 375 381 382 388 400 408 412 413 417 419 421 422 423 426 428 445 446 447 449 459 460 462 464 470 472 474 476 483 488 498
356 664
357 958 364 375 381 382 388 400 408 412 413 417 419 422 423 426 428 445 446 447 449 459 460 464 472 474 476 483 488 498
358 2005 364 369 375 381 382 388 400 408 412 413 417 419 421 422 423 426 428 445 446 447 449 459 460 462 464 470 472 474 476 483 488 498
359 2161
360 2386
361 1902 364 369 375 381 382 388 400 408 412 413 417 419 421 422 423 426 428 445 446 447 449 459 460 462 464 470 472 474 476 483 488 498
362 2469 375 381 388 400 408 412 419 423 426 428 445 447 449 460 464 474 476 483 488
363 1767 364 375 381 382 388 400 408 412 413 417 419 422 423 426 428 445 446 447 449 459 460 464 472 474 476 483 488 498
364 921 366 367 368 369 375 376 378 381 382 386 388 394 400 407 408 410 412 413 417 419 420 421 422 423 424 426 428 429 430 432 433 436 440 445 446 447 449 455 458 459 460 462 464 467 470 471 472 473 474 475 476 483 488 498 499 500
365 1455 381 400 408 419 423 426 445 447 449 460 464 474 476 483
366 2078 367 369 375 381 382 386 388 394 400 407 408 410 412 413 417 419 421 422 423 424 426 428 429 432 433 436 440 445 446 447 449 455 459 460 462 464 467 470 471 472 473 474 475 476 483 488 498 500
367 2089 369 375 381 382 386 388 394 400 408 412 413 417 419 421 422 423 424 426 428 429 433 436 440 445 446 447 449 455 459 460 462 464 470 472 474 475 476 483 488 498 500
368 1510 369 375 381 382 388 400 408 412 413 417 419 421 422 423 426 428 445 446 447 449 459 460 464 472 474 476 483 488 498
369 2346 375 376 381 382 386 388 394 400 407 408 410 412 413 417 419 420 421 422 423 424 426 428 429 430 432 433 436 440 445 446 447 449 455 459 460 462 464 467 470 471 472 473 474 475 476 483 488 498 499 500
370 955
371 1004
372 1625 375 381 388 400 408 412 419 423 426 428 445 447 449 460 464 474 476 483 488
373 1726 375 381 388 400 408 412 419 422 423 426 428 445 447 449 460 464 472 474 476 483 488
374 794 375 381 388 400 408 419 423 426 428 445 447 449 460 464 474 476 483
375 1280 376 378 381 382 384 385 386 388 392 394 400 407 408 409 410 412 413 416 417 418 419 420 421 422 423 424 426 428 429 430 432 433 436 437 440 442 445 446 447 449 451 455 458 459 460 462 464 465 467 468 470 471 472 473 474 475 476 477 478 483 488 490 494 498 499 500
376 729 381 382 388 400 408 412 413 417 419 422 423 426 428 445 446 447 449 459 460 464 472 474 476 483 488 498
377 703
378 893 381 382 388 400 408 412 413 417 419 422 423 426 428 445 446 447 449 459 460 464 472 474 476 483 488 498
379 2206
380 640
381 1766 382 384 385 386 388 392 394 399 400 401 404 407 408 409 410 412 413 416 417 418 419 420 421 422 423 424 425 426 428 429 430 432 433 434 436 437 440 442 445 446 447 449 450 451 455 458 459 460 462 464 465 466 467 468 470 471 472 473 474 475 476 477 478 482 483 484 487 488 490 494 495 498 499 500
382 2319 385 386 388 394 400 407 408 409 410 412 413 417 418 419 420 421 422 423 424 426 428 429 430 432 433 436 440 445 446 447 449 455 458 459 460 462 464 467 468 470 471 472 473 474 475 476 477 483 488 498 499 500
383 1462
384 557 388 400 408 412 419 423 426 428 445 447 449 460 464 474 476 483
385 1378 388 400 408 412 419 422 423 426 428 445 447 449 459 460 464 472 474 476 483 488 498
386 965 388 394 400 407 408 410 412 413 417 419 421 422 423 424 426 428 429 432 433 436 440 445 446 447 449 455 459 460 462 464 467 470 471 472 473 474 475 476 483 488 498 500
387 1442
388 693 392 394 400 407 408 409 410 412 413 416 417 418 419 420 421 422 423 424 426 428 429 430 432 433 436 437 440 442 445 446 447 449 451 455 458 459 460 462 464 465 467 468 470 471 472 473 474 475 476 477 478 483 488 490 494 498 499 500
389 2297
390 1669
391 1031
392 520 400 408 412 419 423 426 428 445 447 449 460 464 472 474 476 483 488
393 1410
394 1446 400 407 408 412 413 417 419 421 422 423 424 426 428 429 432 433 436 440 445 446 447 449 455 459 460 462 464 470 472 473 474 475 476 483 488 498 500
395 1108
396 2315
397 878
398 1086
399 992 400 408 419 423 426 445 447 449 474 476 483
400 742 401 407 408 409 410 412 413 416 417 418 419 420 421 422 423 424 426 428 429 430 432 433 436 437 440 442 445 446 447 449 450 451 455 458 459 460 462 464 465 466 467 468 470 471 472 473 474 475 476 477 478 482 483 484 488 490 494 495 498 499 500
401 1494 408 419 423 426 445 447 449 464 474 476 483
402 2296
403 1622
404 811 445 476
405 1346
406 2033
407 1956 408 412 413 417 419 421 422 423 424 426 428 429 433 436 440 445 446 447 449 455 459 460 462 464 470 472 474 475 476 483 488 498 500
408 2347 409 410 412 413 416 417 418 419 420 421 422 423 424 426 428 429 430 432 433 436 437 440 442 445 446 447 449 450 451 455 458 459 460 462 464 465 466 467 468 470 471 472 473 474 475 476 477 478 483 484 488 490 494 498 499 500
409 2134 412 419 422 423 426 428 445 447 449 460 464 472 474 476 483 488 498
410 1103 412 413 417 419 421 422 423 424 426 428 429 440 445 446 447 449 459 460 462 464 470 472 474 475 476 483 488 498 500
411 1969
412 2335 413 416 417 418 419 420 421 422 423 424 426 428 429 430 432 433 436 437 440 445 446 447 449 451 455 458 459 460 462 464 465 467 468 470 471 472 473 474 475 476 477 478 483 488 498 499 500
413 1938 417 419 420 421 422 423 424 426 428 429 430 432 433 436 440 445 446 447 449 455 458 459 460 462 464 467 470 471 472 473 474 475 476 483 488 498 499 500
414 1268 476
415 1800
416 2168 419 423 426 428 445 447 449 460 464 472 474 476 483 488
417 691 419 420 421 422 423 424 426 428 429 430 432 433 436 440 445 446 447 449 455 458 459 460 462 464 467 470 471 472 473 474 475 476 483 488 498 499 500
418 2234 419 422 423 426 428 445 447 449 459 460 464 472 474 476 483 488 498
419 2482 420 421 422 423 424 426 428 429 430 432 433 436 437 440 442 445 446 447 449 450 451 455 458 459 460 462 464 465 466 467 468 470 471 472 473 474 475 476 477 478 483 484 488 490 494 498 499 500
420 1981 421 422 423 426 428 445 446 447 449 459 460 462 464 470 472 474 476 483 488 498
421 2249 422 423 424 426 428 429 430 432 433 436 440 445 446 447 449 455 459 460 462 464 467 470 471 472 473 474 475 476 483 488 498 499 500
422 2095 423 424 426 428 429 430 432 433 436 440 445 446 447 449 455 458 459 460 462 464 467 468 470 471 472 473 474 475 476 477 483 488 498 499 500
423 994 424 425 426 428 429 430 432 433 434 436 437 440 442 445 446 447 449 450 451 455 458 459 460 462 464 465 466 467 468 470 471 472 473 474 475 476 477 478 482 483 484 487 488 490 494 495 498 499 500
424 1284 426 428 429 432 433 436 440 445 446 447 449 455 459 460 462 464 467 470 471 472 473 474 475 476 483 488 498 500
425 741 426 445 474 476
426 659 428 429 430 432 433 434 436 437 440 442 445 446 447 449 450 451 455 458 459 460 462 464 465 466 467 468 470 471 472 473 474 475 476 477 478 482 483 484 487 488 490 494 495 498 499 500
427 2499
428 1205 429 430 432 433 436 437 440 445 446 447 449 451 455 458 459 460 462 464 465 467 468 470 471 472 473 474 475 476 477 478 483 488 490 494 498 499 500
429 1559 432 433 436 440 445 446 447 449 455 459 460 462 464 467 470 471 472 473 474 475 476 483 488 498 500
430 2206 445 446 447 449 459 460 462 464 470 472 474 476 483 488 498
431 1936
432 1827 433 436 440 445 446 447 449 459 460 462 464 470 472 474 475 476 483 488 498 500
433 1921 436 440 445 446 447 449 455 459 460 462 464 470 471 472 473 474 475 476 483 488 498 500
434 1722 445 474 476
435 609
436 1509 440 445 446 447 449 455 459 460 462 464 470 472 473 474 475 476 483 488 498 500
437 2165 445 447 449 460 464 472 474 476 483 488
438 2004
439 1946
440 1180 445 446 447 449 455 459 460 462 464 467 470 471 472 473 474 475 476 483 488 498 500
441 511
442 972 445 447 449 460 464 474 476 483
443 1325
444 1293
445 2405 446 447 449 450 451 455 458 459 460 462 464 465 466 467 468 470 471 472 473 474 475 476 477 478 482 483 484 487 488 490 494 495 498 499 500
446 1788 447 449 455 458 459 460 462 464 467 470 471 472 473 474 475 476 483 488 498 499 500
447 1589 449 450 451 455 458 459 460 462 464 465 466 467 468 470 471 472 473 474 475 476 477 478 482 483 484 488 490 494 495 498 499 500
448 1394
449 1979 450 451 455 458 459 460 462 464 465 466 467 468 470 471 472 473 474 475 476 477 478 482 483 484 488 490 494 495 498 499 500
450 2197 460 464 474 476 483
451 552 460 464 472 474 476 483 488
452 1042
453 2482
454 673
455 1451 459 460 462 464 470 472 473 474 475 476 483 488 498 500
456 1098
457 607
458 1667 459 460 464 472 474 476 483 488 498
459 1640 460 462 464 467 468 470 471 472 473 474 475 476 477 483 488 498 499 500
460 1899 462 464 465 466 467 468 470 471 472 473 474 475 476 477 478 483 488 490 494 498 499 500
461 764 476
462 1663 464 467 470 471 472 473 474 475 476 483 488 498 500
463 1550
464 2048 465 466 467 468 470 471 472 473 474 475 476 477 478 483 488 490 494 498 499 500
465 760 474 476 483 488
466 1585 474 476 483
467 1073 470 472 474 476 483 488 498
468 1908 472 474 476 483 488 498
469 2460
470 990 471 472 473 474 475 476 483 488 498 500
471 2086 472 474 475 476 483 488 498 500
472 1281 473 474 475 476 477 483 488 498 499 500
473 2134 474 475 476 483 488 498 500
474 556 475 476 477 478 482 483 484 487 488 490 494 495 498 499 500
475 1585 476 483 488 498 500
476 504 477 478 482 483 484 485 487 488 490 494 495 498 499 500
477 524 483 488 498
478 1568 483 488
479 778
480 2023
481 2420
482 1728 483
483 718 484 488 490 494 495 498 499 500
484 1189
485 1136
486 633
487 1926
488 2182 498 499 500
489 890
490 1669
491 1512
492 1845
493 1840
494 920
495 617
496 558
497 1348
498 1038 499 500
499 1852
500 1175
