250 10000
1 1508 4 9 12 17 20 22 28 32 37 42 46 48 50 51 54 58 59 66 69 81 83 93 97 103 106 114 115 121 128 130 137 146 148 157 163 164 167 169 172 186 200 202 212 215 217 218 224 226 228 235 236 238 239 241 245
2 733 3 4 6 8 9 12 13 16 17 20 22 24 25 27 28 32 35 37 38 39 40 42 43 46 48 50 51 54 55 57 58 59 66 68 69 71 78 81 83 86 87 88 90 93 97 99 100 101 103 105 106 107 113 114 115 121 126 127 128 130 133 136 137 144 146 148 149 150 155 157 158 159 162 163 164 166 167 169 172 174 186 187 194 197 200 202 206 207 209 212 214 215 217 218 224 226 227 228 229 232 235 236 237 238 239 240 241 243 245 247 250
3 1395 4 5 6 8 9 12 13 16 17 20 21 22 24 25 27 28 29 31 32 34 35 37 38 39 40 42 43 46 48 49 50 51 54 55 57 58 59 60 62 65 66 68 69 71 74 78 81 83 86 87 88 89 90 91 93 94 97 99 100 101 103 104 105 106 107 109 113 114 115 117 119 121 125 126 127 128 129 130 131 133 136 137 139 142 144 146 148 149 150 154 155 157 158 159 160 162 163 164 166 167 169 171 172 174 178 180 182 184 185 186 187 192 193 194 196 197 200 202 204 206 207 209 210 212 213 214 215 216 217 218 220 222 224 226 227 228 229 232 235 236 237 238 239 240 241 243 245 247 249 250
4 855 5 6 7 8 9 10 12 13 15 16 17 18 20 21 22 24 25 27 28 29 31 32 34 35 36 37 38 39 40 41 42 43 46 48 49 50 51 52 53 54 55 56 57 58 59 60 62 65 66 68 69 70 71 74 75 76 77 78 80 81 83 84 86 87 88 89 90 91 92 93 94 95 97 99 100 101 103 104 105 106 107 109 112 113 114 115 116 117 118 119 120 121 125 126 127 128 129 130 131 133 135 136 137 138 139 140 142 143 144 145 146 147 148 149 150 152 154 155 156 157 158 159 160 161 162 163 164 166 167 169 170 171 172 174 177 178 180 181 182 183 184 185 186 187 189 192 193 194 195 196 197 198 199 200 201 202 203 204 206 207 208 209 210 211 212 213 214 215 216 217 218 219 220 222 223 224 226 227 228 229 230 232 233 235 236 237 238 239 240 241 242 243 245 247 249 250
5 1810 6 8 9 12 13 16 17 20 22 25 27 28 32 35 37 38 39 40 42 43 46 48 50 51 54 55 57 58 59 66 68 69 78 81 83 86 87 88 90 93 97 99 100 103 105 106 107 113 114 115 121 127 128 130 133 136 137 144 146 148 149 150 155 157 158 159 162 163 164 166 167 169 172 174 186 187 194 197 200 202 206 207 209 212 214 215 217 218 224 226 227 228 229 232 235 236 237 238 239 241 243 245 247
6 736 7 8 9 10 12 13 15 16 17 18 20 21 22 24 25 27 28 29 31 32 34 35 36 37 38 39 40 41 42 43 46 48 49 50 51 52 53 54 55 56 57 58 59 60 62 65 66 68 69 70 71 74 76 77 78 80 81 83 84 86 87 88 89 90 91 92 93 94 95 97 99 100 101 103 104 105 106 107 109 112 113 114 115 117 119 120 121 125 126 127 128 129 130 131 133 135 136 137 139 142 144 145 146 147 148 149 150 152 154 155 157 158 159 160 161 162 163 164 166 167 169 170 171 172 174 178 180 181 182 183 184 185 186 187 189 192 193 194 195 196 197 198 199 200 201 202 203 204 206 207 209 210 211 212 213 214 215 216 217 218 219 220 222 224 226 227 228 229 230 232 233 235 236 237 238 239 240 241 242 243 245 247 249 250
7 1172 8 9 12 16 17 20 22 25 27 28 32 37 39 40 42 43 46 48 50 51 54 57 58 59 66 68 69 78 81 83 87 88 90 93 97 99 100 103 105 106 107 114 115 121 128 130 136 137 144 146 148 149 150 155 157 163 164 166 167 169 172 174 186 187 197 200 202 206 207 209 212 215 217 218 224 226 227 228 229 232 235 236 237 238 239 241 243 245 247
8 670 9 10 12 13 15 16 17 18 20 21 22 24 25 27 28 29 31 32 34 35 36 37 38 39 40 41 42 43 46 48 49 50 51 53 54 55 56 57 58 59 60 62 65 66 68 69 70 71 74 76 77 78 80 81 83 84 86 87 88 89 90 91 92 93 94 95 97 99 100 101 103 104 105 106 107 109 113 114 115 117 119 120 121 125 126 127 128 129 130 131 133 135 136 137 139 142 144 145 146 147 148 149 150 154 155 157 158 159 160 162 163 164 166 167 169 170 171 172 174 178 180 181 182 184 185 186 187 189 192 193 194 195 196 197 198 199 200 201 202 203 204 206 207 209 210 211 212 213 214 215 216 217 218 219 220 222 224 226 227 228 229 232 233 235 236 237 238 239 240 241 242 243 245 247 249 250
9 689 10 12 13 15 16 17 18 20 21 22 24 25 27 28 29 31 32 34 35 36 37 38 39 40 41 42 43 46 48 49 50 51 52 53 54 55 56 57 58 59 60 62 65 66 68 69 70 71 74 75 76 77 78 79 80 81 83 84 86 87 88 89 90 91 92 93 94 95 97 99 100 101 103 104 105 106 107 109 112 113 114 115 116 117 118 119 120 121 125 126 127 128 129 130 131 133 135 136 137 138 139 140 142 143 144 145 146 147 148 149 150 152 154 155 156 157 158 159 160 161 162 163 164 165 166 167 168 169 170 171 172 174 177 178 180 181 182 183 184 185 186 187 188 189 192 193 194 195 196 197 198 199 200 201 202 203 204 205 206 207 208 209 210 211 212 213 214 215 216 217 218 219 220 222 223 224 226 227 228 229 230 232 233 235 236 237 238 239 240 241 242 243 245 247 249 250
10 1421 12 16 17 20 22 25 27 28 32 37 42 43 46 48 50 51 54 58 59 66 69 78 81 83 88 90 93 97 100 103 105 106 107 114 115 121 128 130 137 144 146 148 150 155 157 163 164 167 169 172 174 186 187 200 202 206 212 215 217 218 224 226 228 235 236 237 238 239 241 245 247
11 849 20 37 46 48 51 54 59 66 69 81 83 97 114 121 130 137 163 169 212 215 224 226 238 245
12 1070 13 15 16 17 18 20 21 22 24 25 27 28 29 31 32 34 35 36 37 38 39 40 41 42 43 46 48 49 50 51 52 53 54 55 56 57 58 59 60 62 65 66 68 69 70 71 74 75 76 77 78 80 81 83 84 86 87 88 89 90 91 92 93 94 95 97 99 100 101 103 104 105 106 107 109 112 113 114 115 116 117 118 119 120 121 125 126 127 128 129 130 131 133 135 136 137 138 139 140 142 143 144 145 146 147 148 149 150 152 154 155 156 157 158 159 160 161 162 163 164 166 167 169 170 171 172 174 178 180 181 182 183 184 185 186 187 189 192 193 194 195 196 197 198 199 200 201 202 203 204 206 207 208 209 210 211 212 213 214 215 216 217 218 219 220 222 223 224 226 227 228 229 230 232 233 235 236 237 238 239 240 241 242 243 245 247 249 250
13 1902 16 17 20 21 22 24 25 27 28 29 31 32 34 35 37 38 39 40 42 43 46 48 49 50 51 54 55 57 58 59 60 62 65 66 68 69 71 74 78 81 83 86 87 88 89 90 91 93 94 97 99 100 101 103 104 105 106 107 109 113 114 115 117 119 121 125 126 127 128 129 130 131 133 136 137 139 142 144 146 148 149 150 154 155 157 158 159 160 162 163 164 166 167 169 171 172 174 178 180 182 184 185 186 187 192 193 194 196 197 200 202 204 206 207 209 210 212 213 214 215 216 217 218 220 222 224 226 227 228 229 232 235 236 237 238 239 240 241 243 245 247 249 250
14 2156 20 37 46 48 51 54 59 66 83 97 114 121 130 137 163 169 212 215 224 226 238 245
15 1183 16 17 20 22 25 27 28 32 37 39 42 43 46 48 50 51 54 57 58 59 66 68 69 78 81 83 87 88 90 93 97 99 100 103 105 106 107 114 115 121 128 130 136 137 144 146 148 150 155 157 163 164 166 167 169 172 174 186 187 200 202 206 207 212 215 217 218 224 226 227 228 235 236 237 238 239 241 245 247
16 2388 17 18 20 21 22 24 25 27 28 29 31 32 34 35 36 37 38 39 40 41 42 43 46 48 49 50 51 53 54 55 56 57 58 59 60 62 65 66 68 69 70 71 74 76 77 78 80 81 83 84 86 87 88 89 90 91 92 93 94 95 97 99 100 101 103 104 105 106 107 109 112 113 114 115 117 119 120 121 125 126 127 128 129 130 131 133 135 136 137 139 142 144 145 146 147 148 149 150 154 155 157 158 159 160 161 162 163 164 166 167 169 170 171 172 174 178 180 181 182 184 185 186 187 189 192 193 194 195 196 197 198 199 200 201 202 203 204 206 207 209 210 211 212 213 214 215 216 217 218 219 220 222 224 226 227 228 229 230 232 233 235 236 237 238 239 240 241 242 243 245 247 249 250
17 1907 18 20 21 22 24 25 27 28 29 31 32 34 35 36 37 38 39 40 41 42 43 46 48 49 50 51 52 53 54 55 56 57 58 59 60 62 65 66 68 69 70 71 74 76 77 78 80 81 83 84 86 87 88 89 90 91 92 93 94 95 97 99 100 101 103 104 105 106 107 109 112 113 114 115 116 117 118 119 120 121 125 126 127 128 129 130 131 133 135 136 137 138 139 140 142 143 144 145 146 147 148 149 150 152 154 155 157 158 159 160 161 162 163 164 166 167 169 170 171 172 174 178 180 181 182 183 184 185 186 187 189 192 193 194 195 196 197 198 199 200 201 202 203 204 206 207 208 209 210 211 212 213 214 215 216 217 218 219 220 222 223 224 226 227 228 229 230 232 233 235 236 237 238 239 240 241 242 243 245 247 249 250
18 1370 20 22 25 27 28 32 37 42 43 46 48 50 51 54 57 58 59 66 69 78 81 83 87 88 90 93 97 100 103 105 106 107 114 115 121 128 130 137 144 146 148 150 155 157 163 164 167 169 172 174 186 187 200 202 206 212 215 217 218 224 226 228 235 236 237 238 239 241 245 247
19 579 20 37 46 48 51 54 59 83 97 114 121 130 137 169 212 215 226 245
20 726 21 22 23 24 25 26 27 28 29 30 31 32 33 34 35 36 37 38 39 40 41 42 43 44 45 46 47 48 49 50 51 52 53 54 55 56 57 58 59 60 61 62 63 64 65 66 67 68 69 70 71 72 73 74 75 76 77 78 79 80 81 83 84 85 86 87 88 89 90 91 92 93 94 95 96 97 98 99 100 101 103 104 105 106 107 108 109 110 111 112 113 114 115 116 117 118 119 120 121 122 123 124 125 126 127 128 129 130 131 132 133 134 135 136 137 138 139 140 141 142 143 144 145 146 147 148 149 150 151 152 153 154 155 156 157 158 159 160 161 162 163 164 165 166 167 168 169 170 171 172 173 174 175 176 177 178 179 180 181 182 183 184 185 186 187 188 189 190 191 192 193 194 195 196 197 198 199 200 201 202 203 204 205 206 207 208 209 210 211 212 213 214 215 216 217 218 219 220 221 222 223 224 226 227 228 229 230 231 232 233 234 235 236 237 238 239 240 241 242 243 244 245 246 247 248 249 250
21 804 22 24 25 27 28 32 35 37 38 39 40 42 43 46 48 50 51 54 55 57 58 59 66 68 69 71 78 81 83 86 87 88 90 93 97 99 100 103 105 106 107 113 114 115 121 126 127 128 130 133 136 137 144 146 148 149 150 155 157 158 159 162 163 164 166 167 169 172 174 186 187 194 197 200 202 206 207 209 212 214 215 217 218 224 226 227 228 229 232 235 236 237 238 239 240 241 243 245 247
22 1915 24 25 27 28 29 31 32 34 35 36 37 38 39 40 41 42 43 46 48 49 50 51 52 53 54 55 56 57 58 59 60 62 65 66 68 69 70 71 74 75 76 77 78 80 81 83 84 86 87 88 89 90 91 92 93 94 95 97 99 100 101 103 104 105 106 107 109 112 113 114 115 116 117 118 119 120 121 125 126 127 128 129 130 131 133 135 136 137 138 139 140 142 143 144 145 146 147 148 149 150 152 154 155 156 157 158 159 160 161 162 163 164 166 167 168 169 170 171 172 174 177 178 180 181 182 183 184 185 186 187 189 192 193 194 195 196 197 198 199 200 201 202 203 204 205 206 207 208 209 210 211 212 213 214 215 216 217 218 219 220 222 223 224 226 227 228 229 230 232 233 235 236 237 238 239 240 241 242 243 245 247 249 250
23 1848 54 97 114 137 215
24 1188 25 27 28 29 31 32 34 35 37 38 39 40 42 43 46 48 49 50 51 54 55 57 58 59 60 62 65 66 68 69 71 74 78 81 83 86 87 88 89 90 91 93 94 97 99 100 101 103 104 105 106 107 109 113 114 115 117 119 121 125 126 127 128 129 130 131 133 136 137 139 142 144 146 148 149 150 154 155 157 158 159 160 162 163 164 166 167 169 171 172 174 178 182 184 186 187 192 193 194 196 197 200 202 204 206 207 209 210 212 213 214 215 216 217 218 220 222 224 226 227 228 229 232 235 236 237 238 239 240 241 243 245 247 249 250
25 2082 27 28 29 31 32 34 35 36 37 38 39 40 41 42 43 46 48 49 50 51 52 53 54 55 56 57 58 59 60 62 65 66 68 69 70 71 74 76 77 78 80 81 83 84 86 87 88 89 90 91 92 93 94 95 97 99 100 101 103 104 105 106 107 109 112 113 114 115 117 119 120 121 125 126 127 128 129 130 131 133 135 136 137 139 142 144 145 146 147 148 149 150 152 154 155 157 158 159 160 161 162 163 164 166 167 169 170 171 172 174 178 180 181 182 184 185 186 187 189 192 193 194 195 196 197 198 199 200 201 202 203 204 206 207 209 210 211 212 213 214 215 216 217 218 219 220 222 224 226 227 228 229 230 232 233 235 236 237 238 239 240 241 242 243 245 247 249 250
26 927 54 114 137 215
27 806 28 29 31 32 34 35 36 37 38 39 40 41 42 43 46 48 49 50 51 53 54 55 56 57 58 59 60 62 65 66 68 69 70 71 74 76 77 78 80 81 83 84 86 87 88 89 90 91 92 93 94 95 97 99 100 101 103 104 105 106 107 109 112 113 114 115 117 119 120 121 125 126 127 128 129 130 131 133 135 136 137 139 142 144 145 146 147 148 149 150 152 154 155 157 158 159 160 161 162 163 164 166 167 169 170 171 172 174 178 180 181 182 184 185 186 187 189 192 193 194 195 196 197 198 199 200 201 202 203 204 206 207 209 210 211 212 213 214 215 216 217 218 219 220 222 224 226 227 228 229 230 232 233 235 236 237 238 239 240 241 242 243 245 247 249 250
28 1401 29 31 32 33 34 35 36 37 38 39 40 41 42 43 46 48 49 50 51 52 53 54 55 56 57 58 59 60 62 64 65 66 68 69 70 71 74 75 76 77 78 79 80 81 83 84 85 86 87 88 89 90 91 92 93 94 95 97 99 100 101 103 104 105 106 107 109 112 113 114 115 116 117 118 119 120 121 124 125 126 127 128 129 130 131 132 133 135 136 137 138 139 140 142 143 144 145 146 147 148 149 150 151 152 153 154 155 156 157 158 159 160 161 162 163 164 165 166 167 168 169 170 171 172 173 174 176 177 178 179 180 181 182 183 184 185 186 187 188 189 190 192 193 194 195 196 197 198 199 200 201 202 203 204 205 206 207 208 209 210 211 212 213 214 215 216 217 218 219 220 222 223 224 226 227 228 229 230 231 232 233 235 236 237 238 239 240 241 242 243 244 245 247 248 249 250
29 2491 32 35 37 38 39 40 42 43 46 48 49 50 51 54 55 57 58 59 62 66 68 69 71 74 78 81 83 86 87 88 89 90 91 93 94 97 99 100 101 103 105 106 107 113 114 115 121 126 127 128 129 130 133 136 137 139 144 146 148 149 150 155 157 158 159 160 162 163 164 166 167 169 171 172 174 182 184 186 187 194 197 200 202 204 206 207 209 212 214 215 216 217 218 224 226 227 228 229 232 235 236 237 238 239 240 241 243 245 247 250
30 2435 37 48 54 59 83 97 114 121 130 137 212 215 245
31 684 32 35 37 38 39 40 42 43 46 48 50 51 54 55 57 58 59 66 68 69 71 78 81 83 86 87 88 90 93 97 99 100 103 105 106 107 113 114 115 121 127 128 130 133 136 137 144 146 148 149 150 155 157 158 159 162 163 164 166 167 169 172 174 186 187 194 197 200 202 206 207 209 212 214 215 217 218 224 226 227 228 229 232 235 236 237 238 239 241 243 245 247
32 1533 34 35 36 37 38 39 40 41 42 43 46 48 49 50 51 52 53 54 55 56 57 58 59 60 62 64 65 66 68 69 70 71 74 75 76 77 78 79 80 81 83 84 85 86 87 88 89 90 91 92 93 94 95 97 99 100 101 103 104 105 106 107 109 112 113 114 115 116 117 118 119 120 121 125 126 127 128 129 130 131 133 135 136 137 138 139 140 142 143 144 145 146 147 148 149 150 151 152 153 154 155 156 157 158 159 160 161 162 163 164 165 166 167 168 169 170 171 172 173 174 177 178 179 180 181 182 183 184 185 186 187 188 189 190 192 193 194 195 196 197 198 199 200 201 202 203 204 205 206 207 208 209 210 211 212 213 214 215 216 217 218 219 220 222 223 224 226 227 228 229 230 231 232 233 235 236 237 238 239 240 241 242 243 244 245 247 248 249 250
33 2044 37 46 48 51 54 58 59 66 69 81 83 97 114 121 130 137 163 169 172 212 215 224 226 238 241 245
34 1464 35 37 38 39 40 42 43 46 48 49 50 51 54 55 57 58 59 62 66 68 69 71 78 81 83 86 87 88 90 93 97 99 100 101 103 105 106 107 113 114 115 121 126 127 128 130 133 136 137 144 146 148 149 150 155 157 158 159 162 163 164 166 167 169 172 174 186 187 194 197 200 202 206 207 209 212 214 215 217 218 224 226 227 228 229 232 235 236 237 238 239 240 241 243 245 247 250
35 1027 37 38 39 40 42 43 46 48 49 50 51 54 55 57 58 59 60 62 65 66 68 69 70 71 74 78 81 83 86 87 88 89 90 91 93 94 97 99 100 101 103 104 105 106 107 109 113 114 115 117 119 120 121 125 126 127 128 129 130 131 133 135 136 137 139 142 144 146 148 149 150 154 155 157 158 159 160 162 163 164 166 167 169 170 171 172 174 178 180 182 184 185 186 187 192 193 194 196 197 200 202 204 206 207 209 210 211 212 213 214 215 216 217 218 220 222 224 226 227 228 229 232 235 236 237 238 239 240 241 243 245 247 249 250
36 1204 37 42 43 46 48 50 51 54 58 59 66 69 78 81 83 88 90 93 97 100 103 105 106 107 114 115 121 128 130 137 144 146 148 150 155 157 163 164 167 169 172 174 186 187 200 202 206 212 215 217 218 224 226 228 235 236 237 238 239 241 245 247
37 1361 38 39 40 41 42 43 45 46 47 48 49 50 51 52 53 54 55 56 57 58 59 60 62 63 64 65 66 67 68 69 70 71 72 73 74 75 76 77 78 79 80 81 83 84 85 86 87 88 89 90 91 92 93 94 95 97 98 99 100 101 103 104 105 106 107 108 109 110 112 113 114 115 116 117 118 119 120 121 124 125 126 127 128 129 130 131 132 133 134 135 136 137 138 139 140 142 143 144 145 146 147 148 149 150 151 152 153 154 155 156 157 158 159 160 161 162 163 164 165 166 167 168 169 170 171 172 173 174 175 176 177 178 179 180 181 182 183 184 185 186 187 188 189 190 191 192 193 194 195 196 197 198 199 200 201 202 203 204 205 206 207 208 209 210 211 212 213 214 215 216 217 218 219 220 221 222 223 224 226 227 228 229 230 231 232 233 235 236 237 238 239 240 241 242 243 244 245 246 247 248 249 250
38 541 39 40 42 43 46 48 49 50 51 54 55 57 58 59 60 62 65 66 68 69 71 74 78 81 83 86 87 88 89 90 91 93 94 97 99 100 101 103 104 105 106 107 109 113 114 115 117 119 121 125 126 127 128 129 130 131 133 136 137 139 142 144 146 148 149 150 154 155 157 158 159 160 162 163 164 166 167 169 171 172 174 178 180 182 184 185 186 187 192 193 194 196 197 200 202 204 206 207 209 210 212 213 214 215 216 217 218 220 222 224 226 227 228 229 232 235 236 237 238 239 240 241 243 245 247 249 250
39 1581 40 41 42 43 46 48 49 50 51 53 54 55 56 57 58 59 60 62 65 66 68 69 70 71 74 76 78 80 81 83 84 86 87 88 89 90 91 92 93 94 95 97 99 100 101 103 104 105 106 107 109 113 114 115 117 119 120 121 125 126 127 128 129 130 131 133 135 136 137 139 142 144 145 146 148 149 150 154 155 157 158 159 160 162 163 164 166 167 169 170 171 172 174 178 180 181 182 184 185 186 187 192 193 194 196 197 198 199 200 201 202 204 206 207 209 210 211 212 213 214 215 216 217 218 220 222 224 226 227 228 229 232 233 235 236 237 238 239 240 241 242 243 245 247 249 250
40 2007 42 43 46 48 49 50 51 54 55 56 57 58 59 60 62 65 66 68 69 70 71 74 76 78 80 81 83 86 87 88 89 90 91 93 94 95 97 99 100 101 103 104 105 106 107 109 113 114 115 117 119 120 121 125 126 127 128 129 130 131 133 135 136 137 139 142 144 146 148 149 150 154 155 157 158 159 160 162 163 164 166 167 169 170 171 172 174 178 180 182 184 185 186 187 192 193 194 196 197 198 199 200 201 202 204 206 207 209 210 211 212 213 214 215 216 217 218 220 222 224 226 227 228 229 232 235 236 237 238 239 240 241 242 243 245 247 249 250
41 991 42 43 46 48 50 51 54 57 58 59 66 69 78 81 83 87 88 90 93 97 100 103 105 106 107 114 115 121 128 130 137 144 146 148 150 155 157 163 164 166 167 169 172 174 186 187 200 202 206 207 212 215 217 218 224 226 227 228 235 236 237 238 239 241 245 247
42 1279 43 46 48 49 50 51 52 53 54 55 56 57 58 59 60 62 65 66 68 69 70 71 74 75 76 77 78 79 80 81 83 84 86 87 88 89 90 91 92 93 94 95 97 99 100 101 103 104 105 106 107 109 112 113 114 115 116 117 118 119 120 121 125 126 127 128 129 130 131 133 135 136 137 138 139 140 142 143 144 145 146 147 148 149 150 152 154 155 156 157 158 159 160 161 162 163 164 165 166 167 168 169 170 171 172 174 177 178 180 181 182 183 184 185 186 187 188 189 192 193 194 195 196 197 198 199 200 201 202 203 204 205 206 207 208 209 210 211 212 213 214 215 216 217 218 219 220 222 223 224 226 227 228 229 230 232 233 235 236 237 238 239 240 241 242 243 245 247 249 250
43 1426 46 48 49 50 51 52 53 54 55 56 57 58 59 60 62 65 66 68 69 70 71 74 76 77 78 80 81 83 84 86 87 88 89 90 91 92 93 94 95 97 99 100 101 103 104 105 106 107 109 112 113 114 115 117 119 120 121 125 126 127 128 129 130 131 133 135 136 137 139 142 144 145 146 147 148 149 150 152 154 155 157 158 159 160 161 162 163 164 166 167 169 170 171 172 174 178 180 181 182 184 185 186 187 189 192 193 194 195 196 197 198 199 200 201 202 203 204 206 207 209 210 211 212 213 214 215 216 217 218 219 220 222 224 226 227 228 229 230 232 233 235 236 237 238 239 240 241 242 243 245 247 249 250
44 2249 54 97 114 121 137 215
45 1309 48 54 59 83 97 114 121 130 137 169 212 215 245
46 2139 47 48 49 50 51 52 53 54 55 56 57 58 59 60 62 63 64 65 66 67 68 69 70 71 72 73 74 75 76 77 78 79 80 81 83 84 85 86 87 88 89 90 91 92 93 94 95 97 98 99 100 101 103 104 105 106 107 108 109 110 112 113 114 115 116 117 118 119 120 121 124 125 126 127 128 129 130 131 132 133 135 136 137 138 139 140 142 143 144 145 146 147 148 149 150 151 152 153 154 155 156 157 158 159 160 161 162 163 164 165 166 167 168 169 170 171 172 173 174 176 177 178 179 180 181 182 183 184 185 186 187 188 189 190 191 192 193 194 195 196 197 198 199 200 201 202 203 204 205 206 207 208 209 210 211 212 213 214 215 216 217 218 219 220 221 222 223 224 226 227 228 229 230 231 232 233 235 236 237 238 239 240 241 242 243 244 245 246 247 248 249 250
47 1433 48 51 54 59 66 69 81 83 97 114 121 130 137 163 169 212 215 224 226 238 245
48 1203 49 50 51 52 53 54 55 56 57 58 59 60 62 63 64 65 66 67 68 69 70 71 72 73 74 75 76 77 78 79 80 81 83 84 85 86 87 88 89 90 91 92 93 94 95 97 98 99 100 101 103 104 105 106 107 108 109 110 112 113 114 115 116 117 118 119 120 121 124 125 126 127 128 129 130 131 132 133 134 135 136 137 138 139 140 141 142 143 144 145 146 147 148 149 150 151 152 153 154 155 156 157 158 159 160 161 162 163 164 165 166 167 168 169 170 171 172 173 174 175 176 177 178 179 180 181 182 183 184 185 186 187 188 189 190 191 192 193 194 195 196 197 198 199 200 201 202 203 204 205 206 207 208 209 210 211 212 213 214 215 216 217 218 219 220 221 222 223 224 226 227 228 229 230 231 232 233 235 236 237 238 239 240 241 242 243 244 245 246 247 248 249 250
49 1425 50 51 54 55 57 58 59 62 66 68 69 71 74 78 81 83 86 87 88 89 90 91 93 94 97 99 100 101 103 104 105 106 107 109 113 114 115 117 119 121 125 126 127 128 129 130 133 136 137 139 144 146 148 149 150 154 155 157 158 159 160 162 163 164 166 167 169 171 172 174 182 184 186 187 192 193 194 197 200 202 204 206 207 209 210 212 214 215 216 217 218 220 222 224 226 227 228 229 232 235 236 237 238 239 240 241 243 245 247 250
50 1538 51 52 53 54 55 56 57 58 59 60 62 64 65 66 68 69 70 71 74 75 76 77 78 79 80 81 83 84 85 86 87 88 89 90 91 92 93 94 95 97 99 100 101 103 104 105 106 107 109 112 113 114 115 116 117 118 119 120 121 125 126 127 128 129 130 131 133 135 136 137 138 139 140 142 143 144 145 146 147 148 149 150 151 152 153 154 155 156 157 158 159 160 161 162 163 164 165 166 167 168 169 170 171 172 173 174 177 178 179 180 181 182 183 184 185 186 187 188 189 190 192 193 194 195 196 197 198 199 200 201 202 203 204 205 206 207 208 209 210 211 212 213 214 215 216 217 218 219 220 222 223 224 226 227 228 229 230 231 232 233 235 236 237 238 239 240 241 242 243 244 245 247 248 249 250
51 984 52 53 54 55 56 57 58 59 60 62 63 64 65 66 67 68 69 70 71 72 73 74 75 76 77 78 79 80 81 83 84 85 86 87 88 89 90 91 92 93 94 95 97 98 99 100 101 103 104 105 106 107 109 110 112 113 114 115 116 117 118 119 120 121 124 125 126 127 128 129 130 131 132 133 135 136 137 138 139 140 142 143 144 145 146 147 148 149 150 151 152 153 154 155 156 157 158 159 160 161 162 163 164 165 166 167 168 169 170 171 172 173 174 176 177 178 179 180 181 182 183 184 185 186 187 188 189 190 191 192 193 194 195 196 197 198 199 200 201 202 203 204 205 206 207 208 209 210 211 212 213 214 215 216 217 218 219 220 221 222 223 224 226 227 228 229 230 231 232 233 235 236 237 238 239 240 241 242 243 244 245 246 247 248 249 250
52 1688 54 58 59 66 69 78 81 83 90 93 97 100 103 105 106 114 115 121 128 130 137 144 146 148 155 157 163 164 167 169 172 174 186 187 200 202 212 215 217 218 224 226 228 235 236 237 238 239 241 245
53 2005 54 57 58 59 66 69 78 81 83 87 88 90 93 97 99 100 103 105 106 107 114 115 121 128 130 137 144 146 148 150 155 157 163 164 166 167 169 172 174 186 187 200 202 206 207 212 215 217 218 224 226 227 228 235 236 237 238 239 241 245 247
54 1341 55 56 57 58 59 60 61 62 63 64 65 66 67 68 69 70 71 72 73 74 75 76 77 78 79 80 81 82 83 84 85 86 87 88 89 90 91 92 93 94 95 96 97 98 99 100 101 102 103 104 105 106 107 108 109 110 111 112 113 114 115 116 117 118 119 120 121 122 123 124 125 126 127 128 129 130 131 132 133 134 135 136 137 138 139 140 141 142 143 144 145 146 147 148 149 150 151 152 153 154 155 156 157 158 159 160 161 162 163 164 165 166 167 168 169 170 171 172 173 174 175 176 177 178 179 180 181 182 183 184 185 186 187 188 189 190 191 192 193 194 195 196 197 198 199 200 201 202 203 204 205 206 207 208 209 210 211 212 213 214 215 216 217 218 219 220 221 222 223 224 225 226 227 228 229 230 231 232 233 234 235 236 237 238 239 240 241 242 243 244 245 246 247 248 249 250
55 2322 57 58 59 60 62 65 66 68 69 70 71 74 78 81 83 86 87 88 89 90 91 93 94 97 99 100 101 103 104 105 106 107 109 113 114 115 117 119 121 125 126 127 128 129 130 131 133 136 137 139 142 144 146 148 149 150 154 155 157 158 159 160 162 163 164 166 167 169 170 171 172 174 178 180 182 184 185 186 187 192 193 194 196 197 200 202 204 206 207 209 210 212 213 214 215 216 217 218 220 222 224 226 227 228 229 232 235 236 237 238 239 240 241 243 245 247 249 250
56 1384 57 58 59 66 68 69 78 81 83 87 88 90 93 97 99 100 103 105 106 107 114 115 121 128 130 136 137 144 146 148 149 150 155 157 163 164 166 167 169 172 174 186 187 197 200 202 206 207 209 212 215 217 218 224 226 227 228 229 232 235 236 237 238 239 241 243 245 247
57 1310 58 59 60 62 65 66 68 69 70 71 74 76 78 80 81 83 84 86 87 88 89 90 91 92 93 94 95 97 99 100 101 103 104 105 106 107 109 113 114 115 117 119 120 121 125 126 127 128 129 130 131 133 135 136 137 139 142 144 145 146 148 149 150 154 155 157 158 159 160 162 163 164 166 167 169 170 171 172 174 178 180 181 182 184 185 186 187 192 193 194 195 196 197 198 199 200 201 202 203 204 206 207 209 210 211 212 213 214 215 216 217 218 220 222 224 226 227 228 229 232 233 235 236 237 238 239 240 241 242 243 245 247 249 250
58 2312 59 60 62 64 65 66 68 69 70 71 74 75 76 77 78 79 80 81 83 84 85 86 87 88 89 90 91 92 93 94 95 97 99 100 101 103 104 105 106 107 109 112 113 114 115 116 117 118 119 120 121 124 125 126 127 128 129 130 131 133 135 136 137 138 139 140 142 143 144 145 146 147 148 149 150 151 152 153 154 155 156 157 158 159 160 161 162 163 164 165 166 167 168 169 170 171 172 173 174 177 178 179 180 181 182 183 184 185 186 187 188 189 190 192 193 194 195 196 197 198 199 200 201 202 203 204 205 206 207 208 209 210 211 212 213 214 215 216 217 218 219 220 222 223 224 226 227 228 229 230 231 232 233 235 236 237 238 239 240 241 242 243 244 245 247 248 249 250
59 926 60 62 63 64 65 66 67 68 69 70 71 72 73 74 75 76 77 78 79 80 81 83 84 85 86 87 88 89 90 91 92 93 94 95 97 98 99 100 101 103 104 105 106 107 108 109 110 112 113 114 115 116 117 118 119 120 121 124 125 126 127 128 129 130 131 132 133 134 135 136 137 138 139 140 141 142 143 144 145 146 147 148 149 150 151 152 153 154 155 156 157 158 159 160 161 162 163 164 165 166 167 168 169 170 171 172 173 174 175 176 177 178 179 180 181 182 183 184 185 186 187 188 189 190 191 192 193 194 195 196 197 198 199 200 201 202 203 204 205 206 207 208 209 210 211 212 213 214 215 216 217 218 219 220 221 222 223 224 226 227 228 229 230 231 232 233 235 236 237 238 239 240 241 242 243 244 245 246 247 248 249 250
60 2205 66 68 69 78 81 83 86 87 88 90 93 97 99 100 103 105 106 107 113 114 115 121 127 128 130 133 136 137 144 146 148 149 150 155 157 158 159 162 163 164 166 167 169 172 174 186 187 194 197 200 202 206 207 209 212 214 215 217 218 224 226 227 228 229 232 235 236 237 238 239 241 243 245 247
61 613 114 137 215
62 1481 66 68 69 71 74 78 81 83 86 87 88 89 90 91 93 94 97 99 100 101 103 104 105 106 107 109 113 114 115 117 119 121 125 126 127 128 129 130 131 133 136 137 139 144 146 148 149 150 154 155 157 158 159 160 162 163 164 166 167 169 171 172 174 182 184 186 187 192 193 194 197 200 202 204 206 207 209 210 212 214 215 216 217 218 220 222 224 226 227 228 229 232 235 236 237 238 239 240 241 243 245 247 250
63 1296 66 69 81 83 97 114 121 130 137 163 169 212 215 224 226 238 245
64 1684 66 69 81 83 93 97 103 114 115 121 128 130 137 148 157 163 164 167 169 172 186 200 212 215 217 224 226 236 238 241 245
65 1524 66 68 69 71 78 81 83 86 87 88 90 93 97 99 100 101 103 105 106 107 113 114 115 121 126 127 128 130 133 136 137 144 146 148 149 150 155 157 158 159 162 163 164 166 167 169 172 174 186 187 194 197 200 202 206 207 209 212 214 215 217 218 224 226 227 228 229 232 235 236 237 238 239 240 241 243 245 247 250
66 2410 67 68 69 70 71 72 73 74 75 76 77 78 79 80 81 83 84 85 86 87 88 89 90 91 92 93 94 95 97 98 99 100 101 103 104 105 106 107 109 112 113 114 115 116 117 118 119 120 121 124 125 126 127 128 129 130 131 132 133 135 136 137 138 139 140 142 143 144 145 146 147 148 149 150 151 152 153 154 155 156 157 158 159 160 161 162 163 164 165 166 167 168 169 170 171 172 173 174 176 177 178 179 180 181 182 183 184 185 186 187 188 189 190 191 192 193 194 195 196 197 198 199 200 201 202 203 204 205 206 207 208 209 210 211 212 213 214 215 216 217 218 219 220 221 222 223 224 226 227 228 229 230 231 232 233 235 236 237 238 239 240 241 242 243 244 245 246 247 248 249 250
67 1753 69 81 83 97 114 121 130 137 163 169 212 215 224 226 238 245
68 1896 69 70 71 74 76 78 80 81 83 86 87 88 89 90 91 93 94 95 97 99 100 101 103 104 105 106 107 109 113 114 115 117 119 120 121 125 126 127 128 129 130 131 133 135 136 137 139 142 144 146 148 149 150 154 155 157 158 159 160 162 163 164 166 167 169 170 171 172 174 178 180 182 184 185 186 187 192 193 194 196 197 198 199 200 201 202 204 206 207 209 210 211 212 213 214 215 216 217 218 220 222 224 226 227 228 229 232 233 235 236 237 238 239 240 241 242 243 245 247 249 250
69 1437 70 71 73 74 75 76 77 78 79 80 81 83 84 85 86 87 88 89 90 91 92 93 94 95 97 98 99 100 101 103 104 105 106 107 109 112 113 114 115 116 117 118 119 120 121 124 125 126 127 128 129 130 131 132 133 135 136 137 138 139 140 142 143 144 145 146 147 148 149 150 151 152 153 154 155 156 157 158 159 160 161 162 163 164 165 166 167 168 169 170 171 172 173 174 176 177 178 179 180 181 182 183 184 185 186 187 188 189 190 191 192 193 194 195 196 197 198 199 200 201 202 203 204 205 206 207 208 209 210 211 212 213 214 215 216 217 218 219 220 222 223 224 226 227 228 229 230 231 232 233 235 236 237 238 239 240 241 242 243 244 245 246 247 248 249 250
70 2382 78 81 83 86 87 88 90 93 97 99 100 103 105 106 107 113 114 115 121 127 128 130 136 137 144 146 148 149 150 155 157 158 159 162 163 164 166 167 169 172 174 186 187 197 200 202 206 207 209 212 215 217 218 224 226 227 228 229 232 235 236 237 238 239 241 243 245 247
71 1823 74 78 81 83 86 87 88 89 90 91 93 94 97 99 100 101 103 104 105 106 107 109 113 114 115 117 119 121 125 126 127 128 129 130 131 133 136 137 139 142 144 146 148 149 150 154 155 157 158 159 160 162 163 164 166 167 169 171 172 174 182 184 186 187 192 193 194 196 197 200 202 204 206 207 209 210 212 213 214 215 216 217 218 220 222 224 226 227 228 229 232 235 236 237 238 239 240 241 243 245 247 250
72 1622 81 83 97 114 121 130 137 163 169 212 215 224 226 238 245
73 1535 81 83 97 114 121 130 137 163 169 212 215 224 226 238 245
74 1898 78 81 83 86 87 88 89 90 91 93 94 97 99 100 101 103 104 105 106 107 109 113 114 115 119 121 126 127 128 129 130 133 136 137 139 144 146 148 149 150 155 157 158 159 160 162 163 164 166 167 169 171 172 174 182 184 186 187 194 197 200 202 204 206 207 209 210 212 214 215 216 217 218 224 226 227 228 229 232 235 236 237 238 239 240 241 243 245 247 250
75 1530 81 83 93 97 103 106 114 115 121 128 130 137 146 148 157 163 164 167 169 172 186 200 202 212 215 217 218 224 226 228 236 238 239 241 245
76 1591 78 81 83 87 88 90 93 97 99 100 103 105 106 107 114 115 121 128 130 136 137 144 146 148 149 150 155 157 163 164 166 167 169 172 174 186 187 197 200 202 206 207 209 212 215 217 218 224 226 227 228 229 232 235 236 237 238 239 241 243 245 247
77 1497 78 81 83 88 90 93 97 100 103 105 106 114 115 121 128 130 137 144 146 148 150 155 157 163 164 167 169 172 174 186 187 200 202 206 212 215 217 218 224 226 228 235 236 237 238 239 241 245 247
78 732 80 81 83 84 86 87 88 89 90 91 92 93 94 95 97 99 100 101 103 104 105 106 107 109 112 113 114 115 117 119 120 121 125 126 127 128 129 130 131 133 135 136 137 139 142 144 145 146 147 148 149 150 152 154 155 157 158 159 160 161 162 163 164 166 167 169 170 171 172 174 178 180 181 182 184 185 186 187 189 192 193 194 195 196 197 198 199 200 201 202 203 204 206 207 209 210 211 212 213 214 215 216 217 218 219 220 222 224 226 227 228 229 230 232 233 235 236 237 238 239 240 241 242 243 245 247 249 250
79 1252 81 83 93 97 103 114 115 121 128 130 137 148 157 163 164 167 169 172 186 200 202 212 215 217 224 226 228 236 238 241 245
80 762 81 83 87 88 90 93 97 99 100 103 105 106 107 114 115 121 128 130 136 137 144 146 148 149 150 155 157 163 164 166 167 169 172 174 186 187 197 200 202 206 207 209 212 215 217 218 224 226 227 228 229 232 235 236 237 238 239 241 243 245 247
81 2421 83 84 85 86 87 88 89 90 91 92 93 94 95 97 98 99 100 101 103 104 105 106 107 109 112 113 114 115 116 117 118 119 120 121 124 125 126 127 128 129 130 131 132 133 135 136 137 138 139 140 142 143 144 145 146 147 148 149 150 151 152 153 154 155 156 157 158 159 160 161 162 163 164 165 166 167 168 169 170 171 172 173 174 176 177 178 179 180 181 182 183 184 185 186 187 188 189 190 191 192 193 194 195 196 197 198 199 200 201 202 203 204 205 206 207 208 209 210 211 212 213 214 215 216 217 218 219 220 222 223 224 226 227 228 229 230 231 232 233 235 236 237 238 239 240 241 242 243 244 245 246 247 248 249 250
82 1865 114 137
83 1642 84 85 86 87 88 89 90 91 92 93 94 95 97 98 99 100 101 103 104 105 106 107 108 109 110 112 113 114 115 116 117 118 119 120 121 124 125 126 127 128 129 130 131 132 133 134 135 136 137 138 139 140 142 143 144 145 146 147 148 149 150 151 152 153 154 155 156 157 158 159 160 161 162 163 164 165 166 167 168 169 170 171 172 173 174 175 176 177 178 179 180 181 182 183 184 185 186 187 188 189 190 191 192 193 194 195 196 197 198 199 200 201 202 203 204 205 206 207 208 209 210 211 212 213 214 215 216 217 218 219 220 221 222 223 224 226 227 228 229 230 231 232 233 235 236 237 238 239 240 241 242 243 244 245 246 247 248 249 250
84 2217 87 88 90 93 97 99 100 103 105 106 107 114 115 121 128 130 137 144 146 148 150 155 157 163 164 166 167 169 172 174 186 187 200 202 206 207 212 215 217 218 224 226 227 228 235 236 237 238 239 241 245 247
85 1197 93 97 103 114 115 121 128 130 137 148 157 163 164 167 169 172 186 200 212 215 217 224 226 236 238 241 245
86 1410 87 88 89 90 91 93 94 97 99 100 101 103 104 105 106 107 109 113 114 115 117 119 120 121 125 126 127 128 129 130 131 133 135 136 137 139 142 144 146 148 149 150 154 155 157 158 159 160 162 163 164 166 167 169 170 171 172 174 178 180 182 184 185 186 187 192 193 194 196 197 199 200 202 204 206 207 209 210 211 212 213 214 215 216 217 218 220 222 224 226 227 228 229 232 235 236 237 238 239 240 241 243 245 247 249 250
87 2491 88 89 90 91 92 93 94 95 97 99 100 101 103 104 105 106 107 109 113 114 115 117 119 120 121 125 126 127 128 129 130 131 133 135 136 137 139 142 144 145 146 148 149 150 154 155 157 158 159 160 162 163 164 166 167 169 170 171 172 174 178 180 181 182 184 185 186 187 192 193 194 195 196 197 198 199 200 201 202 203 204 206 207 209 210 211 212 213 214 215 216 217 218 220 222 224 226 227 228 229 232 233 235 236 237 238 239 240 241 242 243 245 247 249 250
88 1478 89 90 91 92 93 94 95 97 99 100 101 103 104 105 106 107 109 113 114 115 117 119 120 121 125 126 127 128 129 130 131 133 135 136 137 139 142 144 145 146 147 148 149 150 154 155 157 158 159 160 162 163 164 166 167 169 170 171 172 174 178 180 181 182 184 185 186 187 189 192 193 194 195 196 197 198 199 200 201 202 203 204 206 207 209 210 211 212 213 214 215 216 217 218 219 220 222 224 226 227 228 229 230 232 233 235 236 237 238 239 240 241 242 243 245 247 249 250
89 912 90 91 93 94 97 99 100 101 103 104 105 106 107 109 113 114 115 117 119 121 125 126 127 128 129 130 133 136 137 139 144 146 148 149 150 155 157 158 159 160 162 163 164 166 167 169 171 172 174 182 184 186 187 194 197 200 202 204 206 207 209 210 212 214 215 216 217 218 222 224 226 227 228 229 232 235 236 237 238 239 240 241 243 245 247 250
90 2157 91 92 93 94 95 97 99 100 101 103 104 105 106 107 109 112 113 114 115 117 119 120 121 125 126 127 128 129 130 131 133 135 136 137 139 142 144 145 146 147 148 149 150 152 154 155 157 158 159 160 161 162 163 164 166 167 169 170 171 172 174 178 180 181 182 184 185 186 187 189 192 193 194 195 196 197 198 199 200 201 202 203 204 206 207 209 210 211 212 213 214 215 216 217 218 219 220 222 224 226 227 228 229 230 232 233 235 236 237 238 239 240 241 242 243 245 247 249 250
91 1359 93 94 97 99 100 101 103 105 106 107 113 114 115 121 126 127 128 129 130 133 136 137 139 144 146 148 149 150 155 157 158 159 160 162 163 164 166 167 169 171 172 174 182 184 186 187 194 197 200 202 206 207 209 212 214 215 216 217 218 224 226 227 228 229 232 235 236 237 238 239 240 241 243 245 247 250
92 2373 93 97 99 100 103 105 106 107 114 115 121 128 130 137 144 146 148 150 155 157 163 164 166 167 169 172 174 186 187 200 202 206 207 212 215 217 218 224 226 227 228 235 236 237 238 239 241 245 247
93 959 94 95 97 99 100 101 103 104 105 106 107 109 112 113 114 115 116 117 118 119 120 121 125 126 127 128 129 130 131 133 135 136 137 138 139 140 142 143 144 145 146 147 148 149 150 151 152 153 154 155 156 157 158 159 160 161 162 163 164 165 166 167 168 169 170 171 172 173 174 177 178 179 180 181 182 183 184 185 186 187 188 189 190 192 193 194 195 196 197 198 199 200 201 202 203 204 205 206 207 208 209 210 211 212 213 214 215 216 217 218 219 220 222 223 224 226 227 228 229 230 231 232 233 235 236 237 238 239 240 241 242 243 244 245 247 248 249 250
94 1866 97 99 100 101 103 104 105 106 107 109 113 114 115 119 121 126 127 128 129 130 133 136 137 139 144 146 148 149 150 155 157 158 159 160 162 163 164 166 167 169 171 172 174 182 184 186 187 194 197 200 202 204 206 207 209 210 212 214 215 216 217 218 224 226 227 228 229 232 235 236 237 238 239 240 241 243 245 247 250
95 2280 97 99 100 103 105 106 107 114 115 121 128 130 136 137 144 146 148 150 155 157 163 164 166 167 169 172 174 186 187 197 200 202 206 207 209 212 215 217 218 224 226 227 228 229 232 235 236 237 238 239 241 243 245 247
96 771 97 114 121 137 215
97 1791 98 99 100 101 103 104 105 106 107 108 109 110 111 112 113 114 115 116 117 118 119 120 121 123 124 125 126 127 128 129 130 131 132 133 134 135 136 137 138 139 140 141 142 143 144 145 146 147 148 149 150 151 152 153 154 155 156 157 158 159 160 161 162 163 164 165 166 167 168 169 170 171 172 173 174 175 176 177 178 179 180 181 182 183 184 185 186 187 188 189 190 191 192 193 194 195 196 197 198 199 200 201 202 203 204 205 206 207 208 209 210 211 212 213 214 215 216 217 218 219 220 221 222 223 224 226 227 228 229 230 231 232 233 234 235 236 237 238 239 240 241 242 243 244 245 246 247 248 249 250
98 1752 114 121 130 137 163 169 212 215 224 226 238 245
99 2436 100 101 103 104 105 106 107 109 113 114 115 117 119 120 121 125 126 127 128 129 130 131 133 135 136 137 139 142 144 146 148 149 150 154 155 157 158 159 160 162 163 164 166 167 169 170 171 172 174 178 180 181 182 184 185 186 187 192 193 194 196 197 198 199 200 201 202 204 206 207 209 210 211 212 213 214 215 216 217 218 220 222 224 226 227 228 229 232 233 235 236 237 238 239 240 241 242 243 245 247 249 250
100 1771 101 103 104 105 106 107 109 112 113 114 115 117 119 120 121 125 126 127 128 129 130 131 133 135 136 137 139 142 144 145 146 147 148 149 150 152 154 155 157 158 159 160 161 162 163 164 166 167 169 170 171 172 174 178 180 181 182 184 185 186 187 189 192 193 194 195 196 197 198 199 200 201 202 203 204 206 207 209 210 211 212 213 214 215 216 217 218 219 220 222 224 226 227 228 229 230 232 233 235 236 237 238 239 240 241 242 243 245 247 249 250
101 1791 103 104 105 106 107 109 113 114 115 117 119 121 125 126 127 128 129 130 131 133 136 137 139 144 146 148 149 150 154 155 157 158 159 160 162 163 164 166 167 169 171 172 174 182 184 186 187 192 193 194 196 197 200 202 204 206 207 209 210 212 214 215 216 217 218 220 222 224 226 227 228 229 232 235 236 237 238 239 240 241 243 245 247 250
102 1199 114 137 215
103 1976 104 105 106 107 109 112 113 114 115 116 117 118 119 120 121 125 126 127 128 129 130 131 133 135 136 137 138 139 140 142 143 144 145 146 147 148 149 150 151 152 153 154 155 156 157 158 159 160 161 162 163 164 165 166 167 168 169 170 171 172 174 177 178 179 180 181 182 183 184 185 186 187 188 189 190 192 193 194 195 196 197 198 199 200 201 202 203 204 205 206 207 208 209 210 211 212 213 214 215 216 217 218 219 220 222 223 224 226 227 228 229 230 231 232 233 235 236 237 238 239 240 241 242 243 244 245 247 248 249 250
104 1064 105 106 107 113 114 115 121 126 127 128 129 130 133 136 137 144 146 148 149 150 155 157 158 159 160 162 163 164 166 167 169 171 172 174 182 184 186 187 194 197 200 202 206 207 209 212 214 215 217 218 224 226 227 228 229 232 235 236 237 238 239 240 241 243 245 247 250
105 1582 106 107 109 112 113 114 115 117 119 120 121 125 126 127 128 129 130 131 133 135 136 137 139 142 144 145 146 147 148 149 150 152 154 155 157 158 159 160 161 162 163 164 166 167 169 170 171 172 174 178 180 181 182 183 184 185 186 187 189 192 193 194 195 196 197 198 199 200 201 202 203 204 206 207 209 210 211 212 213 214 215 216 217 218 219 220 222 224 226 227 228 229 230 232 233 235 236 237 238 239 240 241 242 243 245 247 249 250
106 830 107 109 112 113 114 115 116 117 118 119 120 121 125 126 127 128 129 130 131 133 135 136 137 138 139 140 142 143 144 145 146 147 148 149 150 152 154 155 156 157 158 159 160 161 162 163 164 166 167 168 169 170 171 172 174 177 178 180 181 182 183 184 185 186 187 189 192 193 194 195 196 197 198 199 200 201 202 203 204 205 206 207 208 209 210 211 212 213 214 215 216 217 218 219 220 222 223 224 226 227 228 229 230 232 233 235 236 237 238 239 240 241 242 243 245 247 249 250
107 949 109 113 114 115 117 119 120 121 125 126 127 128 129 130 131 133 135 136 137 139 142 144 145 146 147 148 149 150 154 155 157 158 159 160 162 163 164 166 167 169 170 171 172 174 178 180 181 182 184 185 186 187 189 192 193 194 195 196 197 198 199 200 201 202 203 204 206 207 209 210 211 212 213 214 215 216 217 218 219 220 222 224 226 227 228 229 232 233 235 236 237 238 239 240 241 242 243 245 247 249 250
108 1139 114 121 130 137 169 212 215 226 245
109 657 113 114 115 121 126 127 128 129 130 133 136 137 144 146 148 149 150 155 157 158 159 160 162 163 164 166 167 169 171 172 174 182 184 186 187 194 197 200 202 206 207 209 212 214 215 217 218 224 226 227 228 229 232 235 236 237 238 239 240 241 243 245 247 250
110 1823 114 121 130 137 169 212 215 226 238 245
111 812 114 137 215
112 1697 114 115 121 128 130 137 144 146 148 155 157 163 164 167 169 172 174 186 187 200 202 212 215 217 218 224 226 228 235 236 237 238 239 241 245 247
113 2264 114 115 117 119 121 125 126 127 128 129 130 131 133 136 137 139 142 144 146 148 149 150 154 155 157 158 159 160 162 163 164 166 167 169 170 171 172 174 178 180 182 184 185 186 187 192 193 194 196 197 200 202 204 206 207 209 210 212 213 214 215 216 217 218 220 222 224 226 227 228 229 232 235 236 237 238 239 240 241 243 245 247 249 250
114 1068 115 116 117 118 119 120 121 122 123 124 125 126 127 128 129 130 131 132 133 134 135 136 137 138 139 140 141 142 143 144 145 146 147 148 149 150 151 152 153 154 155 156 157 158 159 160 161 162 163 164 165 166 167 168 169 170 171 172 173 174 175 176 177 178 179 180 181 182 183 184 185 186 187 188 189 190 191 192 193 194 195 196 197 198 199 200 201 202 203 204 205 206 207 208 209 210 211 212 213 214 215 216 217 218 219 220 221 222 223 224 226 227 228 229 230 231 232 233 234 235 236 237 238 239 240 241 242 243 244 245 246 247 248 249 250
115 1277 116 117 118 119 120 121 125 126 127 128 129 130 131 133 135 136 137 138 139 140 142 143 144 145 146 147 148 149 150 151 152 153 154 155 156 157 158 159 160 161 162 163 164 165 166 167 168 169 170 171 172 173 174 177 178 179 180 181 182 183 184 185 186 187 188 189 190 192 193 194 195 196 197 198 199 200 201 202 203 204 205 206 207 208 209 210 211 212 213 214 215 216 217 218 219 220 222 223 224 226 227 228 229 230 231 232 233 235 236 237 238 239 240 241 242 243 244 245 247 248 249 250
116 1045 121 128 130 137 146 148 155 157 163 164 167 169 172 186 187 200 202 212 215 217 218 224 226 228 235 236 238 239 241 245
117 520 121 126 127 128 130 133 136 137 144 146 148 149 150 155 157 158 159 160 162 163 164 166 167 169 172 174 182 184 186 187 194 197 200 202 206 207 209 212 214 215 217 218 224 226 227 228 229 232 235 236 237 238 239 240 241 243 245 247 250
118 546 121 128 130 137 146 148 157 163 164 167 169 172 186 200 202 212 215 217 218 224 226 228 235 236 238 239 241 245
119 2051 121 126 127 128 129 130 133 136 137 144 146 148 149 150 155 157 158 159 160 162 163 164 166 167 169 172 174 182 184 186 187 194 197 200 202 206 207 209 212 214 215 217 218 224 226 227 228 229 232 235 236 237 238 239 240 241 243 245 247 250
120 2158 121 128 130 136 137 144 146 148 149 150 155 157 158 163 164 166 167 169 172 174 186 187 197 200 202 206 207 209 212 215 217 218 224 226 227 228 229 232 235 236 237 238 239 241 243 245 247
121 635 123 124 125 126 127 128 129 130 131 132 133 134 135 136 137 138 139 140 141 142 143 144 145 146 147 148 149 150 151 152 153 154 155 156 157 158 159 160 161 162 163 164 165 166 167 168 169 170 171 172 173 174 175 176 177 178 179 180 181 182 183 184 185 186 187 188 189 190 191 192 193 194 195 196 197 198 199 200 201 202 203 204 205 206 207 208 209 210 211 212 213 214 215 216 217 218 219 220 221 222 223 224 226 227 228 229 230 231 232 233 234 235 236 237 238 239 240 241 242 243 244 245 246 247 248 249 250
122 695 137 215
123 530 137 215
124 970 130 137 163 169 172 212 215 224 226 238 241 245
125 1771 126 127 128 130 133 136 137 144 146 148 149 150 155 157 158 159 160 162 163 164 166 167 169 172 174 182 184 186 187 194 197 200 202 206 207 209 212 214 215 217 218 224 226 227 228 229 232 235 236 237 238 239 240 241 243 245 247 250
126 1555 127 128 129 130 131 133 136 137 139 144 146 148 149 150 154 155 157 158 159 160 162 163 164 166 167 169 171 172 174 182 184 186 187 192 193 194 196 197 200 202 204 206 207 209 210 212 214 215 216 217 218 220 222 224 226 227 228 229 232 235 236 237 238 239 240 241 243 245 247 250
127 2215 128 129 130 131 133 135 136 137 139 142 144 146 148 149 150 154 155 157 158 159 160 162 163 164 166 167 169 170 171 172 174 178 180 182 184 185 186 187 192 193 194 196 197 200 202 204 206 207 209 210 211 212 213 214 215 216 217 218 220 222 224 226 227 228 229 232 235 236 237 238 239 240 241 243 245 247 249 250
128 701 129 130 131 133 135 136 137 138 139 140 142 143 144 145 146 147 148 149 150 151 152 153 154 155 156 157 158 159 160 161 162 163 164 165 166 167 168 169 170 171 172 174 177 178 179 180 181 182 183 184 185 186 187 188 189 190 192 193 194 195 196 197 198 199 200 201 202 203 204 205 206 207 208 209 210 211 212 213 214 215 216 217 218 219 220 222 223 224 226 227 228 229 230 231 232 233 235 236 237 238 239 240 241 242 243 244 245 247 249 250
129 888 130 133 136 137 139 144 146 148 149 150 155 157 158 159 160 162 163 164 166 167 169 171 172 174 182 184 186 187 194 197 200 202 204 206 207 209 210 212 214 215 216 217 218 224 226 227 228 229 232 235 236 237 238 239 240 241 243 245 247 250
130 1182 131 132 133 134 135 136 137 138 139 140 141 142 143 144 145 146 147 148 149 150 151 152 153 154 155 156 157 158 159 160 161 162 163 164 165 166 167 168 169 170 171 172 173 174 175 176 177 178 179 180 181 182 183 184 185 186 187 188 189 190 191 192 193 194 195 196 197 198 199 200 201 202 203 204 205 206 207 208 209 210 211 212 213 214 215 216 217 218 219 220 221 222 223 224 226 227 228 229 230 231 232 233 235 236 237 238 239 240 241 242 243 244 245 246 247 248 249 250
131 534 133 136 137 144 146 148 149 150 155 157 158 159 162 163 164 166 167 169 172 174 186 187 194 197 200 202 206 207 209 212 214 215 217 218 224 226 227 228 229 232 235 236 237 238 239 240 241 243 245 247 250
132 849 137 163 169 172 212 215 224 226 238 241 245
133 1324 136 137 139 142 144 146 148 149 150 154 155 157 158 159 160 162 163 164 166 167 169 171 172 174 178 180 182 184 185 186 187 192 193 194 196 197 200 202 204 206 207 209 210 212 213 214 215 216 217 218 220 222 224 226 227 228 229 232 235 236 237 238 239 240 241 243 245 247 249 250
134 2333 137 169 212 215 245
135 1680 136 137 144 146 148 149 150 155 157 158 163 164 166 167 169 172 174 186 187 197 200 202 206 207 209 212 215 217 218 224 226 227 228 229 232 235 236 237 238 239 241 243 245 247
136 1284 137 139 142 144 146 148 149 150 154 155 157 158 159 160 162 163 164 166 167 169 170 171 172 174 178 180 182 184 185 186 187 192 193 194 196 197 198 199 200 201 202 204 206 207 209 210 211 212 213 214 215 216 217 218 220 222 224 226 227 228 229 232 233 235 236 237 238 239 240 241 242 243 245 247 249 250
137 2202 138 139 140 141 142 143 144 145 146 147 148 149 150 151 152 153 154 155 156 157 158 159 160 161 162 163 164 165 166 167 168 169 170 171 172 173 174 175 176 177 178 179 180 181 182 183 184 185 186 187 188 189 190 191 192 193 194 195 196 197 198 199 200 201 202 203 204 205 206 207 208 209 210 211 212 213 214 215 216 217 218 219 220 221 222 223 224 226 227 228 229 230 231 232 233 234 235 236 237 238 239 240 241 242 243 244 245 246 247 248 249 250
138 1939 146 148 155 157 163 164 167 169 172 186 187 200 202 212 215 217 218 224 226 228 235 236 238 239 241 245
139 521 144 146 148 149 150 155 157 158 159 160 162 163 164 166 167 169 171 172 174 182 184 186 187 194 197 200 202 204 206 207 209 212 214 215 216 217 218 224 226 227 228 229 232 235 236 237 238 239 240 241 243 245 247 250
140 2046 146 148 155 157 163 164 167 169 172 186 187 200 202 212 215 217 218 224 226 228 235 236 238 239 241 245
141 1542 212 215
142 2274 144 146 148 149 150 155 157 158 159 162 163 164 166 167 169 172 174 186 187 194 197 200 202 206 207 209 212 214 215 217 218 224 226 227 228 229 232 235 236 237 238 239 241 243 245 247
143 2476 146 148 155 157 163 164 167 169 172 186 187 200 202 212 215 217 218 224 226 228 235 236 238 239 241 245
144 993 145 146 147 148 149 150 152 154 155 157 158 159 160 161 162 163 164 166 167 169 170 171 172 174 178 180 181 182 184 185 186 187 189 192 193 194 195 196 197 198 199 200 201 202 203 204 206 207 209 210 211 212 213 214 215 216 217 218 219 220 222 224 226 227 228 229 230 232 233 235 236 237 238 239 240 241 242 243 245 247 249 250
145 1768 146 148 150 155 157 163 164 166 167 169 172 174 186 187 200 202 206 207 212 215 217 218 224 226 227 228 235 236 237 238 239 241 245 247
146 1365 147 148 149 150 152 154 155 156 157 158 159 160 161 162 163 164 166 167 169 170 171 172 174 177 178 180 181 182 183 184 185 186 187 189 192 193 194 195 196 197 198 199 200 201 202 203 204 206 207 208 209 210 211 212 213 214 215 216 217 218 219 220 222 223 224 226 227 228 229 230 232 233 235 236 237 238 239 240 241 242 243 245 247 249 250
147 2468 148 150 155 157 163 164 167 169 172 174 186 187 200 202 206 212 215 217 218 224 226 228 235 236 237 238 239 241 245 247
148 1335 149 150 151 152 153 154 155 156 157 158 159 160 161 162 163 164 165 166 167 168 169 170 171 172 174 177 178 179 180 181 182 183 184 185 186 187 188 189 192 193 194 195 196 197 198 199 200 201 202 203 204 205 206 207 208 209 210 211 212 213 214 215 216 217 218 219 220 222 223 224 226 227 228 229 230 231 232 233 235 236 237 238 239 240 241 242 243 245 247 249 250
149 1885 150 154 155 157 158 159 160 162 163 164 166 167 169 170 171 172 174 178 180 182 184 185 186 187 192 193 194 196 197 198 199 200 201 202 204 206 207 209 210 211 212 213 214 215 216 217 218 220 222 224 226 227 228 229 232 235 236 237 238 239 240 241 242 243 245 247 249 250
150 610 154 155 157 158 159 160 162 163 164 166 167 169 170 171 172 174 178 180 181 182 184 185 186 187 189 192 193 194 195 196 197 198 199 200 201 202 203 204 206 207 209 210 211 212 213 214 215 216 217 218 219 220 222 224 226 227 228 229 230 232 233 235 236 237 238 239 240 241 242 243 245 247 249 250
151 871 157 163 164 167 169 172 186 200 212 215 217 224 226 236 238 241 245
152 1810 155 157 163 164 167 169 172 174 186 187 200 202 212 215 217 218 224 226 228 235 236 237 238 239 241 245
153 1151 157 163 164 167 169 172 186 200 212 215 217 224 226 236 238 241 245
154 1549 155 157 158 159 162 163 164 166 167 169 172 174 186 187 194 197 200 202 206 207 209 212 214 215 217 218 224 226 227 228 229 232 235 236 237 238 239 240 241 243 245 247 250
155 943 157 158 159 160 161 162 163 164 166 167 169 170 171 172 174 178 180 181 182 183 184 185 186 187 189 192 193 194 195 196 197 198 199 200 201 202 203 204 206 207 208 209 210 211 212 213 214 215 216 217 218 219 220 222 223 224 226 227 228 229 230 232 233 235 236 237 238 239 240 241 242 243 245 247 249 250
156 1206 157 163 164 167 169 172 186 200 202 212 215 217 218 224 226 228 235 236 238 239 241 245
157 1562 158 159 160 161 162 163 164 165 166 167 168 169 170 171 172 174 177 178 179 180 181 182 183 184 185 186 187 188 189 192 193 194 195 196 197 198 199 200 201 202 203 204 205 206 207 208 209 210 211 212 213 214 215 216 217 218 219 220 222 223 224 226 227 228 229 230 231 232 233 235 236 237 238 239 240 241 242 243 245 247 249 250
158 1319 159 160 162 163 164 166 167 169 170 171 172 174 178 180 182 184 185 186 187 192 193 194 196 197 200 202 204 206 207 209 210 211 212 213 214 215 216 217 218 220 222 224 226 227 228 229 232 235 236 237 238 239 240 241 243 245 247 249 250
159 573 160 162 163 164 166 167 169 170 171 172 174 178 180 182 184 185 186 187 192 193 194 196 197 200 202 204 206 207 209 210 212 213 214 215 216 217 218 220 222 224 226 227 228 229 232 235 236 237 238 239 240 241 243 245 247 249 250
160 1513 162 163 164 166 167 169 171 172 174 182 184 186 187 192 194 197 200 202 204 206 207 209 210 212 214 215 216 217 218 220 222 224 226 227 228 229 232 235 236 237 238 239 240 241 243 245 247 250
161 1560 163 164 167 169 172 174 186 187 200 202 212 215 217 218 224 226 228 235 236 237 238 239 241 245 247
162 1456 163 164 166 167 169 170 171 172 174 178 180 182 184 185 186 187 192 193 194 196 197 200 202 204 206 207 209 210 212 213 214 215 216 217 218 220 222 224 226 227 228 229 232 235 236 237 238 239 240 241 243 245 247 249 250
163 1526 164 165 166 167 168 169 170 171 172 173 174 176 177 178 179 180 181 182 183 184 185 186 187 188 189 190 191 192 193 194 195 196 197 198 199 200 201 202 203 204 205 206 207 208 209 210 211 212 213 214 215 216 217 218 219 220 222 223 224 226 227 228 229 230 231 232 233 235 236 237 238 239 240 241 242 243 244 245 246 247 248 249 250
164 1941 165 166 167 168 169 170 171 172 173 174 177 178 179 180 181 182 183 184 185 186 187 188 189 190 192 193 194 195 196 197 198 199 200 201 202 203 204 205 206 207 208 209 210 211 212 213 214 215 216 217 218 219 220 222 223 224 226 227 228 229 230 231 232 233 235 236 237 238 239 240 241 242 243 244 245 247 248 249 250
165 2198 167 169 172 186 200 202 212 215 217 224 226 228 236 238 241 245
166 2349 167 169 170 171 172 174 178 180 181 182 184 185 186 187 192 193 194 196 197 198 199 200 201 202 204 206 207 209 210 211 212 213 214 215 216 217 218 220 222 224 226 227 228 229 232 233 235 236 237 238 239 240 241 242 243 245 247 249 250
167 1452 168 169 170 171 172 173 174 177 178 179 180 181 182 183 184 185 186 187 188 189 190 192 193 194 195 196 197 198 199 200 201 202 203 204 205 206 207 208 209 210 211 212 213 214 215 216 217 218 219 220 222 223 224 226 227 228 229 230 231 232 233 235 236 237 238 239 240 241 242 243 244 245 247 248 249 250
168 1580 169 172 186 200 202 212 215 217 218 224 226 228 236 238 241 245
169 1888 170 171 172 173 174 175 176 177 178 179 180 181 182 183 184 185 186 187 188 189 190 191 192 193 194 195 196 197 198 199 200 201 202 203 204 205 206 207 208 209 210 211 212 213 214 215 216 217 218 219 220 221 222 223 224 226 227 228 229 230 231 232 233 235 236 237 238 239 240 241 242 243 244 245 246 247 248 249 250
170 1048 172 174 186 187 197 200 202 206 207 209 212 215 217 218 224 226 227 228 229 232 235 236 237 238 239 241 243 245 247
171 776 172 174 182 184 186 187 194 197 200 202 204 206 207 209 210 212 214 215 216 217 218 224 226 227 228 229 232 235 236 237 238 239 240 241 243 245 247 250
172 2474 173 174 176 177 178 179 180 181 182 183 184 185 186 187 188 189 190 192 193 194 195 196 197 198 199 200 201 202 203 204 205 206 207 208 209 210 211 212 213 214 215 216 217 218 219 220 222 223 224 226 227 228 229 230 231 232 233 235 236 237 238 239 240 241 242 243 244 245 246 247 248 249 250
173 996 200 212 215 217 224 226 236 238 241 245
174 678 178 180 181 182 183 184 185 186 187 189 192 193 194 195 196 197 198 199 200 201 202 203 204 206 207 209 210 211 212 213 214 215 216 217 218 219 220 222 224 226 227 228 229 230 232 233 235 236 237 238 239 240 241 242 243 245 247 249 250
175 1164 212 215 245
176 1390 212 215 224 226 238 241 245
177 2403 186 200 202 212 215 217 218 224 226 228 236 238 241 245
178 1016 186 187 194 197 200 202 206 207 209 212 214 215 217 218 224 226 227 228 229 232 235 236 237 238 239 241 243 245 247
179 1948 186 200 212 215 217 224 226 236 238 241 245
180 1667 186 187 194 197 200 202 206 207 209 212 214 215 217 218 224 226 227 228 229 232 235 236 237 238 239 241 243 245 247
181 1436 186 187 200 202 206 207 212 215 217 218 224 226 227 228 235 236 237 238 239 241 245 247
182 809 184 186 187 192 193 194 197 200 202 204 206 207 209 210 212 214 215 216 217 218 220 222 224 226 227 228 229 232 235 236 237 238 239 240 241 243 245 247 250
183 1383 186 187 200 202 212 215 217 218 224 226 228 235 236 238 239 241 245
184 1646 186 187 194 197 200 202 204 206 207 209 210 212 214 215 216 217 218 222 224 226 227 228 229 232 235 236 237 238 239 240 241 243 245 247 250
185 1955 186 187 194 197 200 202 206 207 209 212 214 215 217 218 224 226 227 228 229 232 235 236 237 238 239 241 243 245 247
186 802 187 188 189 190 192 193 194 195 196 197 198 199 200 201 202 203 204 205 206 207 208 209 210 211 212 213 214 215 216 217 218 219 220 222 223 224 226 227 228 229 230 231 232 233 235 236 237 238 239 240 241 242 243 244 245 247 248 249 250
187 872 189 192 193 194 195 196 197 198 199 200 201 202 203 204 206 207 208 209 210 211 212 213 214 215 216 217 218 219 220 222 223 224 226 227 228 229 230 232 233 235 236 237 238 239 240 241 242 243 245 247 249 250
188 2480 200 212 215 217 224 226 236 238 241 245
189 2210 200 202 206 212 215 217 218 224 226 228 235 236 237 238 239 241 245 247
190 2359 200 212 215 217 224 226 236 238 241 245
191 874 212 215 224 226 238 245
192 593 194 197 200 202 206 207 209 212 214 215 217 218 224 226 227 228 229 232 235 236 237 238 239 240 241 243 245 247 250
193 1886 194 197 200 202 206 207 209 212 214 215 217 218 224 226 227 228 229 232 235 236 237 238 239 240 241 243 245 247 250
194 1373 196 197 200 202 204 206 207 209 210 212 213 214 215 216 217 218 220 222 224 226 227 228 229 232 235 236 237 238 239 240 241 243 245 247 249 250
195 1403 200 202 206 212 215 217 218 224 226 228 235 236 237 238 239 241 245 247
196 1875 197 200 202 206 207 209 212 214 215 217 218 224 226 227 228 229 232 235 236 237 238 239 240 241 243 245 247
197 1908 198 199 200 201 202 204 206 207 209 210 211 212 213 214 215 216 217 218 220 222 224 226 227 228 229 232 235 236 237 238 239 240 241 242 243 245 247 249 250
198 986 200 202 206 207 209 212 215 217 218 224 226 227 228 229 232 235 236 237 238 239 241 243 245 247
199 1689 200 202 206 207 209 212 215 217 218 224 226 227 228 229 232 235 236 237 238 239 241 243 245 247
200 907 201 202 203 204 205 206 207 208 209 210 211 212 213 214 215 216 217 218 219 220 222 223 224 226 227 228 229 230 231 232 233 235 236 237 238 239 240 241 242 243 244 245 247 248 249 250
201 1968 202 206 207 209 212 215 217 218 224 226 227 228 229 232 235 236 237 238 239 241 243 245 247
202 605 203 204 205 206 207 208 209 210 211 212 213 214 215 216 217 218 219 220 222 223 224 226 227 228 229 230 232 233 235 236 237 238 239 240 241 242 243 245 247 249 250
203 648 206 212 215 217 218 224 226 228 235 236 237 238 239 241 245 247
204 1622 206 207 209 212 214 215 216 217 218 224 226 227 228 229 232 235 236 237 238 239 240 241 243 245 247 250
205 900 212 215 217 218 224 226 228 236 238 241 245
206 977 207 209 210 211 212 213 214 215 216 217 218 219 220 222 224 226 227 228 229 230 232 233 235 236 237 238 239 240 241 242 243 245 247 249 250
207 1977 209 210 211 212 213 214 215 216 217 218 220 222 224 226 227 228 229 232 233 235 236 237 238 239 240 241 242 243 245 247 249 250
208 1366 212 215 217 218 224 226 228 235 236 238 239 241 245
209 1607 210 211 212 213 214 215 216 217 218 220 222 224 226 227 228 229 232 233 235 236 237 238 239 240 241 242 243 245 247 249 250
210 2179 212 214 215 216 217 218 224 226 227 228 229 232 235 236 237 238 239 240 241 243 245 247 250
211 1459 212 215 217 218 224 226 227 228 229 232 235 236 237 238 239 241 243 245 247
212 1695 213 214 215 216 217 218 219 220 221 222 223 224 226 227 228 229 230 231 232 233 235 236 237 238 239 240 241 242 243 244 245 246 247 248 249 250
213 548 214 215 217 218 224 226 227 228 229 232 235 236 237 238 239 241 243 245 247
214 1467 215 216 217 218 220 222 224 226 227 228 229 232 235 236 237 238 239 240 241 243 245 247 249 250
215 2446 216 217 218 219 220 221 222 223 224 226 227 228 229 230 231 232 233 234 235 236 237 238 239 240 241 242 243 244 245 246 247 248 249 250
216 1081 217 218 224 226 227 228 229 232 235 236 237 238 239 240 241 243 245 247 250
217 2308 218 219 220 222 223 224 226 227 228 229 230 231 232 233 235 236 237 238 239 240 241 242 243 244 245 247 248 249 250
218 2164 219 220 222 223 224 226 227 228 229 230 232 233 235 236 237 238 239 240 241 242 243 245 247 249 250
219 974 224 226 228 235 236 237 238 239 241 245 247
220 996 224 226 227 228 229 232 235 236 237 238 239 240 241 243 245 247 250
221 1131 226 238 245
222 1223 224 226 227 228 229 232 235 236 237 238 239 240 241 243 245 247 250
223 544 224 226 228 235 236 238 239 241 245
224 1870 226 227 228 229 230 231 232 233 235 236 237 238 239 240 241 242 243 244 245 246 247 248 249 250
225 1455
226 2468 227 228 229 230 231 232 233 235 236 237 238 239 240 241 242 243 244 245 246 247 248 249 250
227 577 228 229 232 233 235 236 237 238 239 240 241 242 243 245 247 249 250
228 1972 229 230 232 233 235 236 237 238 239 240 241 242 243 245 247 249 250
229 2096 232 235 236 237 238 239 240 241 242 243 245 247 249 250
230 2187 235 236 237 238 239 241 245 247
231 2089 236 238 241 245
232 899 235 236 237 238 239 240 241 242 243 245 247 249 250
233 1059 235 236 237 238 239 241 243 245 247
234 815
235 1729 236 237 238 239 240 241 242 243 245 247 249 250
236 562 237 238 239 240 241 242 243 244 245 247 248 249 250
237 1257 238 239 240 241 242 243 245 247 249 250
238 2309 239 240 241 242 243 244 245 246 247 248 249 250
239 2074 240 241 242 243 245 247 249 250
240 1405 241 243 245 247 250
241 1054 242 243 244 245 246 247 248 249 250
242 1060 243 245 247
243 699 245 247 249 250
244 1064 245
245 1896 246 247 248 249 250
246 1249
247 598 249 250
248 1498
249 1395
250 1124
