120 10000
1 2206 2 3 4 5 6 7 8 9 10 11 12 13 14 15 16 17 18 19 20 21 22 23 24 25 26 27 28 29 30 31 32 33 34 35 36 37 38 39 40 41 42 43 44 45 46 47 48 49 50 51 52 53 54 55 56 57 58 59 60 61 62 63 64 65 66 67 68 69 70 71 72 73 74 75 76 77 78 79 80 81 82 83 84 85 86 87 88 89 90 91 92 93 94 95 96 97 98 99 100 101 102 103 104 105 106 107 108 109 110 111 112 113 114 115 116 117 118 119 120
2 557 6 7 8 9 11 13 14 16 17 19 25 29 30 31 32 37 38 39 40 41 42 43 44 45 46 47 48 49 52 55 59 60 61 62 65 68 71 72 73 76 77 79 80 85 86 87 88 90 93 94 95 96 97 100 101 105 107 111 112 113 114 115 119
3 939 5 6 7 8 9 11 13 14 15 16 17 19 25 29 30 31 32 37 38 39 40 41 42 43 44 45 46 47 48 49 52 55 59 60 61 62 65 68 71 72 73 76 77 79 80 81 85 86 87 88 90 93 94 95 96 97 100 101 103 105 107 111 112 113 114 115 118 119
4 2168 6 7 8 9 11 13 14 16 17 19 25 29 30 31 32 37 38 39 40 41 42 43 44 45 46 47 48 49 52 55 59 60 61 65 68 71 72 73 76 77 79 80 85 86 87 90 93 94 95 96 97 100 101 105 107 111 112 113 114 115 119
5 1802 6 7 8 9 11 13 14 15 16 17 19 25 29 30 31 32 37 38 39 40 41 42 43 44 45 46 47 48 49 51 52 55 59 60 61 62 65 68 71 72 73 76 77 79 80 81 85 86 87 88 90 93 94 95 96 97 100 101 103 104 105 107 111 112 113 114 115 118 119
6 1179 7 8 9 10 11 12 13 14 15 16 17 18 19 20 21 22 23 24 25 26 27 28 29 30 31 32 33 34 35 36 37 38 39 40 41 42 43 44 45 46 47 48 49 50 51 52 53 54 55 56 57 58 59 60 61 62 63 64 65 66 67 68 69 70 71 72 73 74 75 76 77 78 79 80 81 82 83 84 85 86 87 88 89 90 91 92 93 94 95 96 97 98 99 100 101 102 103 104 105 106 107 108 109 110 111 112 113 114 115 116 117 118 119 120
7 621 8 9 11 12 13 14 15 16 17 18 19 21 24 25 26 29 30 31 32 34 35 36 37 38 39 40 41 42 43 44 45 46 47 48 49 50 51 52 55 59 60 61 62 63 64 65 68 69 71 72 73 74 75 76 77 79 80 81 85 86 87 88 89 90 92 93 94 95 96 97 100 101 103 104 105 106 107 109 111 112 113 114 115 117 118 119
8 1751 9 11 12 13 14 15 16 17 18 19 21 24 25 26 29 30 31 32 34 35 36 37 38 39 40 41 42 43 44 45 46 47 48 49 50 51 52 55 59 60 61 62 63 64 65 68 69 71 72 73 74 76 77 79 80 81 85 86 87 88 89 90 92 93 94 95 96 97 100 101 103 104 105 106 107 109 111 112 113 114 115 117 118 119
9 1986 10 11 12 13 14 15 16 17 18 19 20 21 22 23 24 25 26 27 28 29 30 31 32 33 34 35 36 37 38 39 40 41 42 43 44 45 46 47 48 49 50 51 52 53 54 55 56 57 58 59 60 61 62 63 64 65 66 67 68 69 70 71 72 73 74 75 76 77 78 79 80 81 82 83 84 85 86 87 88 89 90 91 92 93 94 95 96 97 98 99 100 101 102 103 104 105 106 107 108 109 110 111 112 113 114 115 116 117 118 119 120
10 1950 13 16 17 19 25 29 30 31 38 39 41 43 44 45 46 55 65 73 76 77 79 85 87 90 97 100 105 107 111 114 119
11 1366 12 13 14 15 16 17 18 19 21 22 24 25 26 29 30 31 32 34 35 36 37 38 39 40 41 42 43 44 45 46 47 48 49 50 51 52 55 59 60 61 62 63 64 65 68 69 71 72 73 74 75 76 77 79 80 81 84 85 86 87 88 89 90 91 92 93 94 95 96 97 100 101 103 104 105 106 107 109 111 112 113 114 115 117 118 119
12 1005 13 14 16 17 19 25 29 30 31 37 38 39 40 41 43 44 45 46 47 48 52 55 59 60 65 71 72 73 76 77 79 80 85 86 87 90 93 97 100 101 105 107 111 112 113 114 115 119
13 1857 14 15 16 17 18 19 20 21 22 23 24 25 26 27 28 29 30 31 32 33 34 35 36 37 38 39 40 41 42 43 44 45 46 47 48 49 50 51 52 53 54 55 56 57 58 59 60 61 62 63 64 65 66 67 68 69 70 71 72 73 74 75 76 77 78 79 80 81 82 83 84 85 86 87 88 89 90 91 92 93 94 95 96 97 98 99 100 101 102 103 104 105 106 107 108 109 110 111 112 113 114 115 116 117 118 119 120
14 945 15 16 17 18 19 24 25 29 30 31 32 34 35 37 38 39 40 41 42 43 44 45 46 47 48 49 50 51 52 55 59 60 61 62 63 65 68 69 71 72 73 74 76 77 79 80 81 85 86 87 88 89 90 92 93 94 95 96 97 100 101 103 104 105 106 107 109 111 112 113 114 115 117 118 119
15 1183 16 17 19 25 29 30 31 32 37 38 39 40 41 42 43 44 45 46 47 48 49 52 55 59 60 61 62 65 68 71 72 73 76 77 79 80 81 85 86 87 88 90 93 94 95 96 97 100 101 103 105 107 111 112 113 114 115 119
16 701 17 18 19 20 21 22 23 24 25 26 27 28 29 30 31 32 33 34 35 36 37 38 39 40 41 42 43 44 45 46 47 48 49 50 51 52 53 54 55 56 57 58 59 60 61 62 63 64 65 66 67 68 69 70 71 72 73 74 75 76 77 78 79 80 81 82 83 84 85 86 87 88 89 90 91 92 93 94 95 96 97 98 99 100 101 102 103 104 105 106 107 108 109 110 111 112 113 114 115 116 117 118 119 120
17 1432 18 19 20 21 22 23 24 25 26 27 28 29 30 31 32 33 34 35 36 37 38 39 40 41 42 43 44 45 46 47 48 49 50 51 52 53 54 55 56 57 58 59 60 61 62 63 64 65 66 67 68 69 70 71 72 73 74 75 76 77 78 79 80 81 82 83 84 85 86 87 88 89 90 91 92 93 94 95 96 97 98 99 100 101 102 103 104 105 106 107 108 109 110 111 112 113 114 115 116 117 118 119 120
18 1708 19 25 29 30 31 32 37 38 39 40 41 42 43 44 45 46 47 48 49 52 55 59 60 65 68 71 72 73 76 77 79 80 85 86 87 90 93 96 97 100 101 105 107 111 112 113 114 115 119
19 1681 20 21 22 23 24 25 26 27 28 29 30 31 32 33 34 35 36 37 38 39 40 41 42 43 44 45 46 47 48 49 50 51 52 53 54 55 56 57 58 59 60 61 62 63 64 65 66 67 68 69 70 71 72 73 74 75 76 77 78 79 80 81 82 83 84 85 86 87 88 89 90 91 92 93 94 95 96 97 98 99 100 101 102 103 104 105 106 107 108 109 110 111 112 113 114 115 116 117 118 119 120
20 978 25 29 31 39 41 43 46 55 65 73 76 79 85 87 90 97 100 105 119
21 1107 25 29 30 31 37 38 39 40 41 43 44 45 46 47 52 55 59 60 65 71 72 73 76 77 79 80 85 86 87 90 93 97 100 101 105 107 111 112 113 114 119
22 881 25 29 30 31 37 38 39 40 41 43 44 45 46 47 52 55 59 60 65 71 73 76 77 79 80 85 86 87 90 97 100 105 107 111 112 113 114 119
23 1722 25 29 30 31 39 41 43 44 45 46 55 65 73 76 77 79 85 87 90 97 100 105 107 111 119
24 683 25 29 30 31 32 37 38 39 40 41 42 43 44 45 46 47 48 49 52 55 59 60 65 68 71 72 73 76 77 79 80 85 86 87 90 93 96 97 100 101 105 107 111 112 113 114 115 119
25 1657 26 27 28 29 30 31 32 33 34 35 36 37 38 39 40 41 42 43 44 45 46 47 48 49 50 51 52 53 54 55 56 57 58 59 60 61 62 63 64 65 66 67 68 69 70 71 72 73 74 75 76 77 78 79 80 81 82 83 84 85 86 87 88 89 90 91 92 93 94 95 96 97 98 99 100 101 102 103 104 105 106 107 108 109 110 111 112 113 114 115 116 117 118 119 120
26 2454 29 30 31 37 38 39 40 41 43 44 45 46 47 52 55 59 60 65 71 72 73 76 77 79 80 85 86 87 90 93 97 100 101 105 107 111 112 113 114 119
27 1579 29 31 39 41 43 46 55 65 73 76 79 85 87 90 97 100 105 119
28 1275 29 30 31 38 39 41 43 44 45 46 55 65 73 76 77 79 85 87 90 97 100 105 107 111 114 119
29 2325 30 31 32 33 34 35 36 37 38 39 40 41 42 43 44 45 46 47 48 49 50 51 52 53 54 55 56 57 58 59 60 61 62 63 64 65 66 67 68 69 70 71 72 73 74 75 76 77 78 79 80 81 82 83 84 85 86 87 88 89 90 91 92 93 94 95 96 97 98 99 100 101 102 103 104 105 106 107 108 109 110 111 112 113 114 115 116 117 118 119 120
30 1606 31 32 34 35 36 37 38 39 40 41 42 43 44 45 46 47 48 49 50 51 52 54 55 56 57 59 60 61 62 63 64 65 66 67 68 69 70 71 72 73 74 75 76 77 78 79 80 81 82 83 84 85 86 87 88 89 90 91 92 93 94 95 96 97 98 99 100 101 102 103 104 105 106 107 108 109 110 111 112 113 114 115 116 117 118 119 120
31 1804 32 33 34 35 36 37 38 39 40 41 42 43 44 45 46 47 48 49 50 51 52 53 54 55 56 57 58 59 60 61 62 63 64 65 66 67 68 69 70 71 72 73 74 75 76 77 78 79 80 81 82 83 84 85 86 87 88 89 90 91 92 93 94 95 96 97 98 99 100 101 102 103 104 105 106 107 108 109 110 111 112 113 114 115 116 117 118 119 120
32 694 34 35 37 38 39 40 41 42 43 44 45 46 47 48 49 50 51 52 55 59 60 61 62 63 65 68 69 71 72 73 74 76 77 79 80 81 85 86 87 88 89 90 92 93 94 95 96 97 100 101 103 104 105 107 109 111 112 113 114 115 118 119
33 997 39 41 43 46 55 65 73 76 79 85 87 90 97 100 105 119
34 1636 37 38 39 40 41 42 43 44 45 46 47 48 49 52 55 59 60 65 68 71 72 73 76 77 79 80 85 86 87 90 93 96 97 100 101 105 107 111 112 113 114 115 119
35 1182 37 38 39 40 41 42 43 44 45 46 47 48 49 52 55 59 60 65 68 71 72 73 76 77 79 80 85 86 87 90 93 96 97 100 101 105 107 111 112 113 114 115 119
36 816 37 38 39 40 41 43 44 45 46 47 52 55 59 60 65 71 72 73 76 77 79 80 85 86 87 90 93 97 100 101 105 107 111 112 113 114 119
37 2469 38 39 40 41 42 43 44 45 46 47 48 49 50 51 52 55 59 60 61 62 63 64 65 68 69 71 72 73 74 75 76 77 79 80 81 82 84 85 86 87 88 89 90 91 92 93 94 95 96 97 98 100 101 103 104 105 106 107 109 111 112 113 114 115 117 118 119
38 765 39 40 41 42 43 44 45 46 47 48 49 50 51 52 55 59 60 61 62 63 64 65 66 67 68 69 70 71 72 73 74 75 76 77 79 80 81 82 83 84 85 86 87 88 89 90 91 92 93 94 95 96 97 98 99 100 101 102 103 104 105 106 107 108 109 110 111 112 113 114 115 116 117 118 119
39 1579 40 41 42 43 44 45 46 47 48 49 50 51 52 53 54 55 56 57 58 59 60 61 62 63 64 65 66 67 68 69 70 71 72 73 74 75 76 77 78 79 80 81 82 83 84 85 86 87 88 89 90 91 92 93 94 95 96 97 98 99 100 101 102 103 104 105 106 107 108 109 110 111 112 113 114 115 116 117 118 119 120
40 1956 41 42 43 44 45 46 47 48 49 50 51 52 55 59 60 61 62 63 64 65 68 69 71 72 73 74 75 76 77 79 80 81 82 83 84 85 86 87 88 89 90 91 92 93 94 95 96 97 98 99 100 101 103 104 105 106 107 109 110 111 112 113 114 115 117 118 119
41 2301 42 43 44 45 46 47 48 49 50 51 52 53 54 55 56 57 58 59 60 61 62 63 64 65 66 67 68 69 70 71 72 73 74 75 76 77 78 79 80 81 82 83 84 85 86 87 88 89 90 91 92 93 94 95 96 97 98 99 100 101 102 103 104 105 106 107 108 109 110 111 112 113 114 115 116 117 118 119 120
42 1758 43 44 45 46 47 48 49 50 51 52 55 59 60 61 62 63 65 68 71 72 73 74 76 77 79 80 81 85 86 87 88 89 90 92 93 94 95 96 97 100 101 103 104 105 107 109 111 112 113 114 115 118 119
43 1637 44 45 46 47 48 49 50 51 52 53 54 55 56 57 58 59 60 61 62 63 64 65 66 67 68 69 70 71 72 73 74 75 76 77 78 79 80 81 82 83 84 85 86 87 88 89 90 91 92 93 94 95 96 97 98 99 100 101 102 103 104 105 106 107 108 109 110 111 112 113 114 115 116 117 118 119 120
44 2389 45 46 47 48 49 50 51 52 54 55 56 57 59 60 61 62 63 64 65 66 67 68 69 70 71 72 73 74 75 76 77 78 79 80 81 82 83 84 85 86 87 88 89 90 91 92 93 94 95 96 97 98 99 100 101 102 103 104 105 106 107 108 109 110 111 112 113 114 115 116 117 118 119 120
45 1087 46 47 48 49 50 51 52 55 56 59 60 61 62 63 64 65 66 67 68 69 70 71 72 73 74 75 76 77 78 79 80 81 82 83 84 85 86 87 88 89 90 91 92 93 94 95 96 97 98 99 100 101 102 103 104 105 106 107 108 109 110 111 112 113 114 115 116 117 118 119 120
46 2161 47 48 49 50 51 52 53 54 55 56 57 58 59 60 61 62 63 64 65 66 67 68 69 70 71 72 73 74 75 76 77 78 79 80 81 82 83 84 85 86 87 88 89 90 91 92 93 94 95 96 97 98 99 100 101 102 103 104 105 106 107 108 109 110 111 112 113 114 115 116 117 118 119 120
47 924 48 49 50 51 52 55 59 60 61 62 63 64 65 68 69 71 72 73 74 75 76 77 79 80 81 84 85 86 87 88 89 90 91 92 93 94 95 96 97 100 101 103 104 105 106 107 109 111 112 113 114 115 117 118 119
48 2150 49 50 51 52 55 59 60 61 62 63 64 65 68 69 71 72 73 74 76 77 79 80 81 85 86 87 88 89 90 92 93 94 95 96 97 100 101 103 104 105 106 107 109 111 112 113 114 115 117 118 119
49 1342 50 51 52 55 59 60 61 62 63 65 68 71 72 73 74 76 77 79 80 81 85 86 87 88 89 90 92 93 94 95 96 97 100 101 103 104 105 107 109 111 112 113 114 115 118 119
50 956 52 55 59 60 61 65 68 71 72 73 76 77 79 80 85 86 87 90 93 94 95 96 97 100 101 105 107 111 112 113 114 115 119
51 2186 52 55 59 60 61 62 65 68 71 72 73 76 77 79 80 85 86 87 88 90 93 94 95 96 97 100 101 105 107 111 112 113 114 115 119
52 2081 55 59 60 61 62 63 64 65 68 69 71 72 73 74 75 76 77 79 80 81 82 83 84 85 86 87 88 89 90 91 92 93 94 95 96 97 98 99 100 101 103 104 105 106 107 109 110 111 112 113 114 115 117 118 119
53 1116 55 73 76 79 85 87 90 97 100 105 119
54 813 55 65 73 76 79 85 87 90 97 100 105 107 119
55 1488 56 57 58 59 60 61 62 63 64 65 66 67 68 69 70 71 72 73 74 75 76 77 78 79 80 81 82 83 84 85 86 87 88 89 90 91 92 93 94 95 96 97 98 99 100 101 102 103 104 105 106 107 108 109 110 111 112 113 114 115 116 117 118 119 120
56 2057 65 73 76 79 85 87 90 97 100 105 107 111 119
57 1275 65 73 76 79 85 87 90 97 100 105 107 111 119
58 866 65 73 76 79 85 87 90 97 100 105 119
59 844 60 61 62 63 64 65 68 69 71 72 73 74 75 76 77 79 80 81 82 83 84 85 86 87 88 89 90 91 92 93 94 95 96 97 98 99 100 101 103 104 105 106 107 109 110 111 112 113 114 115 117 118 119
60 2033 61 62 63 64 65 68 69 71 72 73 74 75 76 77 79 80 81 85 86 87 88 89 90 92 93 94 95 96 97 100 101 103 104 105 106 107 109 111 112 113 114 115 117 118 119
61 2315 62 65 68 71 72 73 74 76 77 79 80 81 85 86 87 88 89 90 92 93 94 95 96 97 100 101 103 104 105 107 109 111 112 113 114 115 118 119
62 2211 65 68 71 72 73 76 77 79 80 81 85 86 87 88 90 93 94 95 96 97 100 101 103 104 105 107 111 112 113 114 115 118 119
63 1644 65 68 71 72 73 76 77 79 80 85 86 87 90 93 96 97 100 101 105 107 111 112 113 114 115 119
64 1138 65 71 72 73 76 77 79 80 85 86 87 90 93 97 100 101 105 107 111 112 113 114 119
65 2068 66 67 68 69 70 71 72 73 74 75 76 77 78 79 80 81 82 83 84 85 86 87 88 89 90 91 92 93 94 95 96 97 98 99 100 101 102 103 104 105 106 107 108 109 110 111 112 113 114 115 116 117 118 119 120
66 1581 73 76 77 79 85 87 90 97 100 105 107 111 114 119
67 1261 73 76 77 79 85 87 90 97 100 105 107 111 119
68 1537 71 72 73 74 76 77 79 80 81 85 86 87 88 89 90 92 93 94 95 96 97 100 101 103 104 105 107 109 111 112 113 114 115 118 119
69 1038 71 72 73 76 77 79 80 85 86 87 90 93 96 97 100 101 105 107 111 112 113 114 115 119
70 1965 73 76 77 79 85 87 90 97 100 105 107 111 114 119
71 2247 72 73 74 75 76 77 79 80 81 84 85 86 87 88 89 90 91 92 93 94 95 96 97 100 101 103 104 105 106 107 109 111 112 113 114 115 117 118 119
72 1565 73 74 76 77 79 80 81 85 86 87 88 89 90 92 93 94 95 96 97 100 101 103 104 105 106 107 109 111 112 113 114 115 117 118 119
73 671 74 75 76 77 78 79 80 81 82 83 84 85 86 87 88 89 90 91 92 93 94 95 96 97 98 99 100 101 102 103 104 105 106 107 108 109 110 111 112 113 114 115 116 117 118 119 120
74 919 76 77 79 80 85 86 87 88 90 93 94 95 96 97 100 101 105 107 111 112 113 114 115 119
75 1905 76 77 79 80 85 86 87 90 97 100 101 105 107 111 112 113 114 119
76 1875 77 78 79 80 81 82 83 84 85 86 87 88 89 90 91 92 93 94 95 96 97 98 99 100 101 102 103 104 105 106 107 108 109 110 111 112 113 114 115 116 117 118 119 120
77 2154 79 80 81 82 83 84 85 86 87 88 89 90 91 92 93 94 95 96 97 98 99 100 101 102 103 104 105 106 107 108 109 110 111 112 113 114 115 116 117 118 119 120
78 784 79 85 87 90 97 100 105 107 111 119
79 2424 80 81 82 83 84 85 86 87 88 89 90 91 92 93 94 95 96 97 98 99 100 101 102 103 104 105 106 107 108 109 110 111 112 113 114 115 116 117 118 119 120
80 2150 81 82 84 85 86 87 88 89 90 91 92 93 94 95 96 97 98 100 101 103 104 105 106 107 109 111 112 113 114 115 117 118 119
81 602 85 86 87 88 90 93 94 95 96 97 100 101 103 105 107 111 112 113 114 115 118 119
82 1539 85 87 90 97 100 105 107 111 113 114 119
83 1635 85 87 90 97 100 105 107 111 114 119
84 1842 85 87 90 97 100 105 107 111 112 113 114 119
85 952 86 87 88 89 90 91 92 93 94 95 96 97 98 99 100 101 102 103 104 105 106 107 108 109 110 111 112 113 114 115 116 117 118 119 120
86 2491 87 88 89 90 92 93 94 95 96 97 100 101 103 104 105 106 107 109 111 112 113 114 115 117 118 119
87 960 88 89 90 91 92 93 94 95 96 97 98 99 100 101 102 103 104 105 106 107 108 109 110 111 112 113 114 115 116 117 118 119 120
88 552 90 93 94 95 96 97 100 101 103 104 105 107 111 112 113 114 115 118 119
89 2206 90 93 94 95 96 97 100 101 105 107 111 112 113 114 115 119
90 2200 91 92 93 94 95 96 97 98 99 100 101 102 103 104 105 106 107 108 109 110 111 112 113 114 115 116 117 118 119 120
91 1576 97 100 105 107 111 112 113 114 119
92 933 93 95 96 97 100 101 105 107 111 112 113 114 115 119
93 1721 94 95 96 97 100 101 103 104 105 106 107 109 111 112 113 114 115 117 118 119
94 1379 95 96 97 100 101 103 104 105 107 109 111 112 113 114 115 118 119
95 1006 96 97 100 101 103 104 105 107 109 111 112 113 114 115 118 119
96 1773 97 100 101 103 104 105 106 107 109 111 112 113 114 115 118 119
97 1190 98 99 100 101 102 103 104 105 106 107 108 109 110 111 112 113 114 115 116 117 118 119 120
98 890 100 105 107 111 113 114 119
99 514 100 105 107 111 113 114 119
100 715 101 102 103 104 105 106 107 108 109 110 111 112 113 114 115 116 117 118 119 120
101 721 103 104 105 106 107 109 111 112 113 114 115 117 118 119
102 1921 105 107 111 119
103 1764 105 107 111 112 113 114 115 118 119
104 1891 105 107 111 112 113 114 115 119
105 901 106 107 108 109 110 111 112 113 114 115 116 117 118 119 120
106 610 107 111 112 113 114 115 119
107 1232 108 109 110 111 112 113 114 115 116 117 118 119 120
108 1056 111 114 119
109 2317 111 112 113 114 115 119
110 2074 111 113 114 119
111 1012 112 113 114 115 116 117 118 119 120
112 1950 113 114 115 117 118 119
113 996 114 115 117 118 119
114 2060 115 117 118 119
115 2245 118 119
116 563 119
117 703 119
118 2214 119
119 2146 120
120 1453
